# boost_factor (sum of boost_factor from all patches except for one, different each time)
1.095788144087132876e+00 1.079222040227881596e+00 1.066175302670595126e+00 1.056247768319706681e+00 1.047229062056246551e+00 1.040164370598747334e+00 1.034581646222909823e+00 1.029643097758578429e+00 1.025541022130786351e+00 1.021767305110026891e+00 1.018481871230303648e+00 1.015568693962479285e+00 1.012806073772150706e+00 1.010400327250823516e+00 1.008427376108048890e+00 1.006744809127855023e+00 1.005357905441623956e+00 1.004352977330125185e+00 1.003761057190382777e+00 1.003383489547760909e+00
1.095666687943862128e+00 1.079183497717058682e+00 1.066117989403335464e+00 1.056203416735241429e+00 1.047167725235879088e+00 1.040085293272171363e+00 1.034494302329207915e+00 1.029595311311022332e+00 1.025541028456552484e+00 1.021771567362260713e+00 1.018505304532128619e+00 1.015588311626784757e+00 1.012844550696440082e+00 1.010442261825755805e+00 1.008456890248821125e+00 1.006799559480898054e+00 1.005411228395914902e+00 1.004367484606355276e+00 1.003778061698991086e+00 1.003413259176544559e+00
1.095805366157182492e+00 1.079220209534696773e+00 1.066218496144570205e+00 1.056234907163364101e+00 1.047231293604127922e+00 1.040168052296372769e+00 1.034575682574488287e+00 1.029652430299605070e+00 1.025563617871910083e+00 1.021773697236410650e+00 1.018479669924724273e+00 1.015551132042084026e+00 1.012800032767543046e+00 1.010389730381515472e+00 1.008392470482961656e+00 1.006718090737907412e+00 1.005331049214113426e+00 1.004313161472858429e+00 1.003718373074751202e+00 1.003330516331496503e+00
1.095840386675585032e+00 1.079229381815548505e+00 1.066193659941982785e+00 1.056221350231533407e+00 1.047234785858573991e+00 1.040124590884210054e+00 1.034530157987423982e+00 1.029555857997579649e+00 1.025484590203276092e+00 1.021713099704373517e+00 1.018430121384617859e+00 1.015509318181447407e+00 1.012750460369310046e+00 1.010338427563945318e+00 1.008356935690366996e+00 1.006711403082411138e+00 1.005345582407590976e+00 1.004346391097413083e+00 1.003766416514080051e+00 1.003414998244070988e+00
1.095822392294062642e+00 1.079329967493404707e+00 1.066268758282112206e+00 1.056293300681329983e+00 1.047281475977833498e+00 1.040239744187370752e+00 1.034604273076428882e+00 1.029673966951537567e+00 1.025570308128572750e+00 1.021802320440324596e+00 1.018504925990488807e+00 1.015573044857877694e+00 1.012816156516541888e+00 1.010416100126058536e+00 1.008431250052506334e+00 1.006761671346459996e+00 1.005382126707033308e+00 1.004362416234872324e+00 1.003780914498054067e+00 1.003411070206685629e+00
1.095724928304578683e+00 1.079143322587210241e+00 1.066169099573285983e+00 1.056220939030857675e+00 1.047173590507848751e+00 1.040088346282855181e+00 1.034465992188644101e+00 1.029529128151249528e+00 1.025432682166102838e+00 1.021691160624907058e+00 1.018430315671733366e+00 1.015527461897339556e+00 1.012781311905816661e+00 1.010401674922013493e+00 1.008449064390313454e+00 1.006793555755266079e+00 1.005408354498779078e+00 1.004372899817337128e+00 1.003761688793129103e+00 1.003391296840637992e+00
1.095709461479891900e+00 1.079098685920516276e+00 1.066048515268508190e+00 1.056107423140062895e+00 1.047107301154980741e+00 1.040028860381136511e+00 1.034426764653713748e+00 1.029468937297319586e+00 1.025392338531508685e+00 1.021637295292640024e+00 1.018372662958392239e+00 1.015464404681000188e+00 1.012716526710177867e+00 1.010328553246525818e+00 1.008360295678083052e+00 1.006715069135195817e+00 1.005344159473811061e+00 1.004332493971644258e+00 1.003754949217613213e+00 1.003408066107470464e+00
1.095813177291190765e+00 1.079145906948256961e+00 1.066143826845045162e+00 1.056273460153229538e+00 1.047210733283000295e+00 1.040141340525864821e+00 1.034504598006965148e+00 1.029584774830885729e+00 1.025474091199713556e+00 1.021692987327530666e+00 1.018395781453734106e+00 1.015495888337155872e+00 1.012741925780573871e+00 1.010338192203387164e+00 1.008368104356715644e+00 1.006714677685240478e+00 1.005337130023737702e+00 1.004326369285184040e+00 1.003738177782274921e+00 1.003365953319635073e+00
1.095635888213465359e+00 1.079147865480394763e+00 1.066109084696778231e+00 1.056187807966203707e+00 1.047216408322619863e+00 1.040193632099823073e+00 1.034603758000178342e+00 1.029645942154487015e+00 1.025560553033840305e+00 1.021752336533643835e+00 1.018460245614120074e+00 1.015568866055842179e+00 1.012833409441091348e+00 1.010444100416936442e+00 1.008472600843667744e+00 1.006838060176025618e+00 1.005476532560223291e+00 1.004499008206863664e+00 1.003969970770103748e+00 1.003671339945724439e+00
1.095711295834175036e+00 1.079073093185301646e+00 1.066080781105763764e+00 1.056131326810683335e+00 1.047145956158735292e+00 1.040061029241945656e+00 1.034476534221159261e+00 1.029556797084426822e+00 1.025472888882151157e+00 1.021693207913440204e+00 1.018399112794809325e+00 1.015489714927226839e+00 1.012741403114064687e+00 1.010343257232624303e+00 1.008366335522369095e+00 1.006721050465384515e+00 1.005336646962253333e+00 1.004311811262197152e+00 1.003718125705044928e+00 1.003344554236924147e+00
1.095604379004763373e+00 1.078952151438023144e+00 1.065986425742404986e+00 1.056077641132028067e+00 1.047039854775609458e+00 1.040003305377917631e+00 1.034389990402802439e+00 1.029435153192416186e+00 1.025378301493597322e+00 1.021615073720822719e+00 1.018362049862230334e+00 1.015435957579698734e+00 1.012679553499589380e+00 1.010279589043243664e+00 1.008299507297311104e+00 1.006654490097083077e+00 1.005302404086753310e+00 1.004302281609883440e+00 1.003736569158973690e+00 1.003409640938453196e+00
1.095252306126631048e+00 1.078740852787243076e+00 1.065672830051102471e+00 1.055863261728153146e+00 1.046900551151535907e+00 1.039913870693984332e+00 1.034358337464510447e+00 1.029454372860807654e+00 1.025397630078060951e+00 1.021654745643737705e+00 1.018417373057923792e+00 1.015517904197368093e+00 1.012771521041511358e+00 1.010398797961772788e+00 1.008430336230141222e+00 1.006749956118576206e+00 1.005366254941590265e+00 1.004351453713318909e+00 1.003747151078098865e+00 1.003382323850927849e+00
1.095792605458705271e+00 1.079201692614746522e+00 1.066240048964086862e+00 1.056290970124152517e+00 1.047271528117028838e+00 1.040177579960756660e+00 1.034563517823421375e+00 1.029620591475333802e+00 1.025539017298916500e+00 1.021768703855132410e+00 1.018471025368536731e+00 1.015551050779952780e+00 1.012788196858262380e+00 1.010382221258947055e+00 1.008409486333877725e+00 1.006749274715467157e+00 1.005362715959733144e+00 1.004325630995767105e+00 1.003733069693512725e+00 1.003383522387436555e+00
1.095879334754388257e+00 1.079316620979040575e+00 1.066275317019288460e+00 1.056320649222599384e+00 1.047314989252244199e+00 1.040212314003543970e+00 1.034619587912417815e+00 1.029659224859871047e+00 1.025564705352591588e+00 1.021814272721511152e+00 1.018536321842768544e+00 1.015609193105744712e+00 1.012837894115883763e+00 1.010429999697032510e+00 1.008449454331621142e+00 1.006781177710526887e+00 1.005395847694310341e+00 1.004370410195772667e+00 1.003787060718954960e+00 1.003439095661045943e+00
1.095592890738633640e+00 1.078958583498921486e+00 1.065964578898988435e+00 1.055982349858904934e+00 1.047038291087483142e+00 1.039988731429541513e+00 1.034391020029699293e+00 1.029463281675740305e+00 1.025363721624765745e+00 1.021586782182271724e+00 1.018327515468893107e+00 1.015401266859634832e+00 1.012645210381711181e+00 1.010253349050292737e+00 1.008300289212357148e+00 1.006654827517925455e+00 1.005278432362045171e+00 1.004296193948899463e+00 1.003728476716675866e+00 1.003398832090219628e+00
1.095803123772183474e+00 1.079301109701042760e+00 1.066281484749422859e+00 1.056267165837995625e+00 1.047236044120249066e+00 1.040198745022111293e+00 1.034595997162874426e+00 1.029655369812953802e+00 1.025612415236406560e+00 1.021806866839447769e+00 1.018491400853805740e+00 1.015563664165020974e+00 1.012822182813785110e+00 1.010427348778620615e+00 1.008458024039952550e+00 1.006785566168252100e+00 1.005404570544408793e+00 1.004380118573479974e+00 1.003767828827411668e+00 1.003400088073911567e+00
1.095757205605706996e+00 1.079092460678187537e+00 1.066037351017441903e+00 1.056095203582485542e+00 1.047072388401926180e+00 1.040082926409567454e+00 1.034441099002493258e+00 1.029537226619686718e+00 1.025439709419051715e+00 1.021659210631310488e+00 1.018403013053999384e+00 1.015456555759697510e+00 1.012728023599750671e+00 1.010328169028996026e+00 1.008362783874017010e+00 1.006719935946414957e+00 1.005361520347490156e+00 1.004351447895964755e+00 1.003780218144463499e+00 1.003414868219125067e+00
1.095710069093722927e+00 1.079209996404780769e+00 1.066204001398086909e+00 1.056268050913800494e+00 1.047241467153397609e+00 1.040220209401945040e+00 1.034610690006032563e+00 1.029665700530358441e+00 1.025566460987625383e+00 1.021789486262824509e+00 1.018502680501012669e+00 1.015565734276957954e+00 1.012811449864327917e+00 1.010400221862534531e+00 1.008394480355934597e+00 1.006709444260628583e+00 1.005307032501418396e+00 1.004283473060961107e+00 1.003693010684795439e+00 1.003377754928774790e+00
1.095679144152326145e+00 1.079164771710238835e+00 1.066142772040378217e+00 1.056159549089195515e+00 1.047207407197613627e+00 1.040102100508760508e+00 1.034513976922575518e+00 1.029564141567619773e+00 1.025457401670026636e+00 1.021692371505846575e+00 1.018405468094956801e+00 1.015489776765216678e+00 1.012719740732991092e+00 1.010304601014711201e+00 1.008344924174604307e+00 1.006689463337167023e+00 1.005304698562093924e+00 1.004270758776400374e+00 1.003675791501628334e+00 1.003284237352274566e+00
1.095811028683381760e+00 1.079247036204319832e+00 1.066147672640321842e+00 1.056229612481407454e+00 1.047263756665779866e+00 1.040141610246363868e+00 1.034532510256448656e+00 1.029617865529841136e+00 1.025493637999925101e+00 1.021733012550218866e+00 1.018438394626754340e+00 1.015508719386465586e+00 1.012759066950122966e+00 1.010346353538352115e+00 1.008373095233515926e+00 1.006717947095727261e+00 1.005350055908755369e+00 1.004350147755296518e+00 1.003768354370999871e+00 1.003403394468544318e+00
1.095790283608647053e+00 1.079241899814127104e+00 1.066261834706980771e+00 1.056288351746716758e+00 1.047280533575129846e+00 1.040235839515110339e+00 1.034631121923027752e+00 1.029691735243892348e+00 1.025592381165951750e+00 1.021811457252765010e+00 1.018511456280943861e+00 1.015594868724788880e+00 1.012840555137374476e+00 1.010431908041563576e+00 1.008435320568631610e+00 1.006772243495674068e+00 1.005384083072726753e+00 1.004350727705450419e+00 1.003735962016264249e+00 1.003345542016048197e+00
1.095616670773279289e+00 1.079099280853923259e+00 1.066068181372912482e+00 1.056163905270341541e+00 1.047136318950640410e+00 1.040081763188359876e+00 1.034461651919404312e+00 1.029531194946542438e+00 1.025414170798993219e+00 1.021633403845516375e+00 1.018384730474283240e+00 1.015480200209583739e+00 1.012746421424635335e+00 1.010362046389165158e+00 1.008412453215635551e+00 1.006751405220844164e+00 1.005361350305600254e+00 1.004336018849881773e+00 1.003737536425227672e+00 1.003349116590785073e+00
1.095669983764259836e+00 1.079074976872697267e+00 1.066065726809207526e+00 1.056104738161510515e+00 1.047130221531265448e+00 1.040053936949757007e+00 1.034416940791037298e+00 1.029492777421325833e+00 1.025390455866705075e+00 1.021611872384904363e+00 1.018316852307381337e+00 1.015367149399531987e+00 1.012614530518275657e+00 1.010192996020010225e+00 1.008203692472706470e+00 1.006519227631060831e+00 1.005109270706981972e+00 1.004047559693873160e+00 1.003400685432594530e+00 1.002981815940353849e+00
1.095199969322694367e+00 1.078606182088876153e+00 1.065653521362806888e+00 1.055680927512386180e+00 1.046696024094837307e+00 1.039635704223893731e+00 1.034073045297505322e+00 1.029150144314899373e+00 1.025050176597892770e+00 1.021348059013512444e+00 1.018077820442126802e+00 1.015182072506352950e+00 1.012431499401163837e+00 1.010048817237399810e+00 1.008090322782481563e+00 1.006494331671452969e+00 1.005145603835664092e+00 1.004158779569476634e+00 1.003582246853732096e+00 1.003190938679776156e+00
1.095695870160592555e+00 1.079245982571400475e+00 1.066114660950667536e+00 1.056187336833368962e+00 1.047158933516023849e+00 1.040110664742335711e+00 1.034488167046525575e+00 1.029565830495926759e+00 1.025479095375325667e+00 1.021707433484625005e+00 1.018438280987227218e+00 1.015541654938893812e+00 1.012800316506404341e+00 1.010387885895458027e+00 1.008421431956141312e+00 1.006783968203440072e+00 1.005394525144788220e+00 1.004359523160142986e+00 1.003787563386621562e+00 1.003398493657222001e+00
1.095621698373523634e+00 1.079048585018701267e+00 1.066007974976705075e+00 1.056072632750498119e+00 1.047059651611499165e+00 1.039994535124816988e+00 1.034379990701746577e+00 1.029456638023939830e+00 1.025348369264425630e+00 1.021571510338779021e+00 1.018294940478442490e+00 1.015383167060783798e+00 1.012648737042830982e+00 1.010253782838202774e+00 1.008285911439668503e+00 1.006634535427682442e+00 1.005278535700370623e+00 1.004286066142203948e+00 1.003735233559769569e+00 1.003416698189732781e+00
1.095655427132530946e+00 1.079139599024284024e+00 1.066074580977444564e+00 1.056145461482306924e+00 1.047149816986249204e+00 1.040103476270032523e+00 1.034458966706176097e+00 1.029534030483269635e+00 1.025420914330714250e+00 1.021664644481895312e+00 1.018412984441943836e+00 1.015484115369922336e+00 1.012737346415510054e+00 1.010317208191001459e+00 1.008320696984949638e+00 1.006649033390582426e+00 1.005265885636676071e+00 1.004256464903645174e+00 1.003669537945627965e+00 1.003297213870866678e+00
1.095780897557140365e+00 1.079135874855697841e+00 1.066155814523730205e+00 1.056129914481571008e+00 1.047160925018748356e+00 1.040101318875876979e+00 1.034497545325014700e+00 1.029599680946797768e+00 1.025482242212944373e+00 1.021712172747329506e+00 1.018421846760302341e+00 1.015497170812089900e+00 1.012739791784460941e+00 1.010316953129795081e+00 1.008304928778006593e+00 1.006614403570789351e+00 1.005226785329529138e+00 1.004187534563214967e+00 1.003605028364795482e+00 1.003239053021354632e+00
1.095866626476800887e+00 1.079252411742192219e+00 1.066249336968264849e+00 1.056303723847089371e+00 1.047224183840339773e+00 1.040160605459252041e+00 1.034580274283498191e+00 1.029637883741748583e+00 1.025535727757748816e+00 1.021741423211899757e+00 1.018467735497029514e+00 1.015538788969706285e+00 1.012792657085528791e+00 1.010378494544786676e+00 1.008399875457547390e+00 1.006741010142766735e+00 1.005346294693705289e+00 1.004291941728680415e+00 1.003692883996205598e+00 1.003349695565840083e+00
1.095713681466953693e+00 1.079256669577798977e+00 1.066203586572983308e+00 1.056251657041924030e+00 1.047248059022420907e+00 1.040152199544483125e+00 1.034517858608692054e+00 1.029594083885110978e+00 1.025513599102675810e+00 1.021764161076929023e+00 1.018458410792658864e+00 1.015549013326323857e+00 1.012790969830277499e+00 1.010400381014899596e+00 1.008415238677465853e+00 1.006763428320734288e+00 1.005393311717070581e+00 1.004399260805421745e+00 1.003807463360456786e+00 1.003427704312776614e+00
1.095750538250320316e+00 1.079170728106535915e+00 1.066153432733739637e+00 1.056236854301178196e+00 1.047261753977405840e+00 1.040180220640037900e+00 1.034608575242635720e+00 1.029647710704339802e+00 1.025574761361580656e+00 1.021780969341605561e+00 1.018473153271844289e+00 1.015541975299983468e+00 1.012789999824630360e+00 1.010378495655861686e+00 1.008398096756901285e+00 1.006712255783308141e+00 1.005298170694786331e+00 1.004256987690578917e+00 1.003636346630091714e+00 1.003266832786450902e+00
1.095796034393108798e+00 1.079229095325917598e+00 1.066229393771342071e+00 1.056298283679828476e+00 1.047228445626430915e+00 1.040180830763192787e+00 1.034578196365650626e+00 1.029648205114790604e+00 1.025567377526001911e+00 1.021765831622708287e+00 1.018474853304452754e+00 1.015544257962019303e+00 1.012781274946219501e+00 1.010360611002626197e+00 1.008397234483189298e+00 1.006747686147685616e+00 1.005367854547556838e+00 1.004361474415308875e+00 1.003776861652563079e+00 1.003393137354776421e+00
1.095838444934756906e+00 1.079231314152762078e+00 1.066190811025129248e+00 1.056275927001473880e+00 1.047224725723452599e+00 1.040143712803033083e+00 1.034567727999169406e+00 1.029658762800813587e+00 1.025554976710778998e+00 1.021747473635164827e+00 1.018492871577623582e+00 1.015562807474319484e+00 1.012795375109774021e+00 1.010398477069526679e+00 1.008410163738024279e+00 1.006749705362565139e+00 1.005351093464635248e+00 1.004333554477513823e+00 1.003735449950051706e+00 1.003360617836565716e+00
1.095851036704096337e+00 1.079220255370644699e+00 1.066150561939283481e+00 1.056209736660431719e+00 1.047223194419605097e+00 1.040134875864332509e+00 1.034536531993545339e+00 1.029619676774131021e+00 1.025556231521963291e+00 1.021768094832821827e+00 1.018480326190913665e+00 1.015569333630791160e+00 1.012808431198500170e+00 1.010409470557590117e+00 1.008438630654397095e+00 1.006769693455005221e+00 1.005385947522225321e+00 1.004355710704136095e+00 1.003748334169345835e+00 1.003374873001948053e+00
1.095853041337555345e+00 1.079282376379585129e+00 1.066222554143418488e+00 1.056291384300626968e+00 1.047240750655184627e+00 1.040217329127546275e+00 1.034589961658940904e+00 1.029660209685589800e+00 1.025554116008549954e+00 1.021784107776351425e+00 1.018490304104556765e+00 1.015566719349552560e+00 1.012817306369696135e+00 1.010415039905393941e+00 1.008440801863503600e+00 1.006781793617267384e+00 1.005392150751287739e+00 1.004359315360436655e+00 1.003769425494754230e+00 1.003399350115459221e+00
1.095558746038199693e+00 1.078905938362828554e+00 1.065950375353256430e+00 1.056015574328231121e+00 1.047032175471013904e+00 1.039965518824840673e+00 1.034379623755554034e+00 1.029439033646082136e+00 1.025346842276510406e+00 1.021594412921834394e+00 1.018321115029988677e+00 1.015438142275511879e+00 1.012746809575010509e+00 1.010376466382679972e+00 1.008408418526241634e+00 1.006746276322963984e+00 1.005348570449031920e+00 1.004338201582061885e+00 1.003765108959378427e+00 1.003416035442527665e+00
1.095646534214415713e+00 1.079143185882975642e+00 1.066075259368432837e+00 1.056171408902098818e+00 1.047166505354962585e+00 1.040085202014850774e+00 1.034471004751638556e+00 1.029552563623453043e+00 1.025454595720067363e+00 1.021679168386884884e+00 1.018382503130775163e+00 1.015491473533668421e+00 1.012744315227027236e+00 1.010351532149864173e+00 1.008375667634669792e+00 1.006719378761096184e+00 1.005343244210328502e+00 1.004334777329779715e+00 1.003760796093942975e+00 1.003417771856145446e+00
1.095743117579128789e+00 1.079164052936373297e+00 1.066083841178468772e+00 1.056231355959693197e+00 1.047195691063472767e+00 1.040104924212855053e+00 1.034520028280066617e+00 1.029581045616908552e+00 1.025516561375430680e+00 1.021765118299768238e+00 1.018462436954710837e+00 1.015546161315385110e+00 1.012801824530345618e+00 1.010415095620761816e+00 1.008457069674245199e+00 1.006800484298732146e+00 1.005415530468718233e+00 1.004393559954455117e+00 1.003798763047677012e+00 1.003442145659749096e+00
1.095607179406654863e+00 1.079059404468089234e+00 1.065960276207762458e+00 1.055996391264815593e+00 1.046984385133598261e+00 1.039930053806225718e+00 1.034312951908330946e+00 1.029374760177326653e+00 1.025294695533408795e+00 1.021541699508073053e+00 1.018267529221127843e+00 1.015354738462184825e+00 1.012591213712976002e+00 1.010208798567898691e+00 1.008221255650453507e+00 1.006560775198130031e+00 1.005203443818095232e+00 1.004205608930381022e+00 1.003665199568423594e+00 1.003367055500075544e+00
1.095716840278298188e+00 1.079088580173305001e+00 1.066097114588879569e+00 1.056162982826244434e+00 1.047188945864303777e+00 1.040104319222623364e+00 1.034463342752218962e+00 1.029511307242327645e+00 1.025426144763324166e+00 1.021657556157892000e+00 1.018405026138351710e+00 1.015475378605412926e+00 1.012719881829483803e+00 1.010319544963482530e+00 1.008346375843147236e+00 1.006671114789549071e+00 1.005288468564457194e+00 1.004273978833929215e+00 1.003690502474525736e+00 1.003357284802686822e+00
1.095667094387765550e+00 1.079088202901379745e+00 1.066030385474295850e+00 1.056103102617015788e+00 1.047138925167732104e+00 1.040099568933856133e+00 1.034506223438005801e+00 1.029587793246421690e+00 1.025495658440253033e+00 1.021738994035064740e+00 1.018464772757397885e+00 1.015545480188025484e+00 1.012804805816222009e+00 1.010400173656219369e+00 1.008428140223451175e+00 1.006772423545125417e+00 1.005415876002498266e+00 1.004451626565256550e+00 1.003886860793257174e+00 1.003529881148648162e+00
1.095667814763248815e+00 1.079051720580057827e+00 1.066069327739988415e+00 1.056109070223107516e+00 1.047093815428939978e+00 1.040083637600858646e+00 1.034454991959650405e+00 1.029526891247172005e+00 1.025432128410020738e+00 1.021715512187921560e+00 1.018420250782305247e+00 1.015487168257418027e+00 1.012731518331875469e+00 1.010314312530474101e+00 1.008324036701567117e+00 1.006653052923860425e+00 1.005248723423517898e+00 1.004229033395940940e+00 1.003648812573244342e+00 1.003275434075324712e+00
1.095627597551901422e+00 1.079080351234039892e+00 1.066081197372541478e+00 1.056141642867478581e+00 1.047111983426940895e+00 1.040084341514533550e+00 1.034500820870065008e+00 1.029557195092014155e+00 1.025478148141360846e+00 1.021730958136380929e+00 1.018462940248686444e+00 1.015561889323295830e+00 1.012816408732047924e+00 1.010418604201129611e+00 1.008453344447755695e+00 1.006782974719189427e+00 1.005385942808673994e+00 1.004359887388103889e+00 1.003769751754727491e+00 1.003398492554544053e+00
1.095781639594574530e+00 1.079243657667739109e+00 1.066194330508871912e+00 1.056235378735852271e+00 1.047202602149638784e+00 1.040158843055709603e+00 1.034532170754937530e+00 1.029610268508826421e+00 1.025500704715582190e+00 1.021732372915393983e+00 1.018452356073216158e+00 1.015535840102808729e+00 1.012784048498758915e+00 1.010386177846075650e+00 1.008410229181335271e+00 1.006748836250259460e+00 1.005365029833975576e+00 1.004348244693045844e+00 1.003759640287403831e+00 1.003405270429537310e+00
1.095718634255389512e+00 1.079123666231611489e+00 1.066140785291395554e+00 1.056214373035164966e+00 1.047184686069486670e+00 1.040115124857430517e+00 1.034537674341953872e+00 1.029619473548942787e+00 1.025520122642719745e+00 1.021758777915301675e+00 1.018482775082371283e+00 1.015580656803032111e+00 1.012841375491837947e+00 1.010436474935075601e+00 1.008462208361392776e+00 1.006790041943172120e+00 1.005395535997324785e+00 1.004359676290536685e+00 1.003733070522076609e+00 1.003323701853754857e+00
1.095806291691636680e+00 1.079219953126547615e+00 1.066167677634309641e+00 1.056254638167889004e+00 1.047253643126482281e+00 1.040194221684706655e+00 1.034608261995464851e+00 1.029657723376665945e+00 1.025554932292142896e+00 1.021793890772999536e+00 1.018510994635600575e+00 1.015563779579966130e+00 1.012811868269376969e+00 1.010393679451307092e+00 1.008416485616452807e+00 1.006776710948805942e+00 1.005378156982892790e+00 1.004352796947411308e+00 1.003758022463843158e+00 1.003404382928277050e+00
1.095803393259342950e+00 1.079231354540509225e+00 1.066223564375317512e+00 1.056269791867340713e+00 1.047263280419268749e+00 1.040224143600541273e+00 1.034582568623344967e+00 1.029658950352073887e+00 1.025546026913355169e+00 1.021802943181332912e+00 1.018512596007222770e+00 1.015619955427655041e+00 1.012841397784953523e+00 1.010423587214202223e+00 1.008430178899148100e+00 1.006790184499258389e+00 1.005391797628972350e+00 1.004372027658093414e+00 1.003767291514222171e+00 1.003380031805974681e+00
1.095848317872849309e+00 1.079282136302912143e+00 1.066240525900954195e+00 1.056235961913653876e+00 1.047285313416306707e+00 1.040260726977562777e+00 1.034646803025621509e+00 1.029648285435910138e+00 1.025541457380224841e+00 1.021780526261619970e+00 1.018504834042615270e+00 1.015578787276141703e+00 1.012840861744891630e+00 1.010441532276624255e+00 1.008459242177424109e+00 1.006793184597459367e+00 1.005401190844108505e+00 1.004367397857617750e+00 1.003778313028424130e+00 1.003412828473459140e+00
1.095792590608250183e+00 1.079205312996012633e+00 1.066192844597299905e+00 1.056254364663106404e+00 1.047228800999420839e+00 1.040159972783294196e+00 1.034534268379918576e+00 1.029600867878628589e+00 1.025526987577202620e+00 1.021759398576524092e+00 1.018458981871868785e+00 1.015526862652132101e+00 1.012770816439339638e+00 1.010356705752798234e+00 1.008403569435793790e+00 1.006756579436889787e+00 1.005362917925063826e+00 1.004334542264106345e+00 1.003757449742104457e+00 1.003412904203636158e+00
1.095710117787623838e+00 1.079168835861956666e+00 1.066131527763604980e+00 1.056197774158219582e+00 1.047186076860371351e+00 1.040122000894652343e+00 1.034503329541889061e+00 1.029537295212214820e+00 1.025452601997258073e+00 1.021704483567805966e+00 1.018427192485090060e+00 1.015516462873119918e+00 1.012755685211243595e+00 1.010360942614815905e+00 1.008403358576013931e+00 1.006755858178117302e+00 1.005371081161154923e+00 1.004347054548017093e+00 1.003755596378768100e+00 1.003379474141051553e+00
1.095711056158583441e+00 1.079228210230370077e+00 1.066236592292035601e+00 1.056286129273687369e+00 1.047321487256401618e+00 1.040215770324576239e+00 1.034605638936991312e+00 1.029678121473123653e+00 1.025579697731720197e+00 1.021779891474685176e+00 1.018488573502797534e+00 1.015558184968058830e+00 1.012790239872195963e+00 1.010375831429513260e+00 1.008406437014977675e+00 1.006745494790265871e+00 1.005368408377240286e+00 1.004339202201955494e+00 1.003742687342524809e+00 1.003375618969799099e+00
1.095888232799831830e+00 1.079289064286604427e+00 1.066339352630824466e+00 1.056298796680074092e+00 1.047274063974757974e+00 1.040213847795161684e+00 1.034587040296510274e+00 1.029683325385907233e+00 1.025559215535747803e+00 1.021800982422822246e+00 1.018525051394482794e+00 1.015598836481113265e+00 1.012838884640781423e+00 1.010422612854130930e+00 1.008453505978021969e+00 1.006802832380559787e+00 1.005406203246996366e+00 1.004395712416663811e+00 1.003807097110551938e+00 1.003441418045867284e+00
1.095736080694827974e+00 1.079157333252102946e+00 1.066126658594326981e+00 1.056171935420130215e+00 1.047156853971137780e+00 1.040078382125434020e+00 1.034474147841525804e+00 1.029555618633239078e+00 1.025430731056043321e+00 1.021663425461790897e+00 1.018399650157342684e+00 1.015492953726501391e+00 1.012740444194615730e+00 1.010358436571978880e+00 1.008387188738408602e+00 1.006760787439793470e+00 1.005389716353778828e+00 1.004371829436207841e+00 1.003804764368396940e+00 1.003449450223361072e+00
1.095765020882482954e+00 1.079220896876082580e+00 1.066156977016812890e+00 1.056243353678026020e+00 1.047180818125120094e+00 1.040149442395912782e+00 1.034545794699526677e+00 1.029609902756762008e+00 1.025504189133835231e+00 1.021718982962085853e+00 1.018416174080121417e+00 1.015486980388720983e+00 1.012724513853688446e+00 1.010334329651849883e+00 1.008350716959712123e+00 1.006663647813268891e+00 1.005260116662149983e+00 1.004210012606194580e+00 1.003618383060074670e+00 1.003284828130340367e+00
1.095740278229732079e+00 1.079257585664971542e+00 1.066133685374275331e+00 1.056207154462975195e+00 1.047245533362372916e+00 1.040154902366979162e+00 1.034566169435848781e+00 1.029646117109204395e+00 1.025535285511602668e+00 1.021803417529780100e+00 1.018525426304038417e+00 1.015597294405842455e+00 1.012845314295024446e+00 1.010414271835299305e+00 1.008428450859055303e+00 1.006782879611165971e+00 1.005394686647837599e+00 1.004357762583554026e+00 1.003765588610684656e+00 1.003363181706785179e+00
1.095619049369577436e+00 1.079084142564136650e+00 1.066084814626160338e+00 1.056117172708812779e+00 1.047106972351723675e+00 1.040074891286604908e+00 1.034462339424018218e+00 1.029527533031499908e+00 1.025428657600669258e+00 1.021649057442114428e+00 1.018386726452294999e+00 1.015474765417638148e+00 1.012750727597617972e+00 1.010356233148182570e+00 1.008391113083490831e+00 1.006735305152556714e+00 1.005345726761051273e+00 1.004326505479635090e+00 1.003757995288887095e+00 1.003428400634856166e+00
1.095397236534751739e+00 1.078848583323709809e+00 1.065846909889982763e+00 1.055889944281498183e+00 1.046935899585722085e+00 1.039859506055201610e+00 1.034266099908105030e+00 1.029391202372905267e+00 1.025310059143199171e+00 1.021565768962233056e+00 1.018264777155238221e+00 1.015353687462800858e+00 1.012585491591677878e+00 1.010196196817244818e+00 1.008216829501121348e+00 1.006590642487283249e+00 1.005196670098908118e+00 1.004179886224497276e+00 1.003580892447635931e+00 1.003232351729214100e+00
1.095759891583608647e+00 1.079230013655989362e+00 1.066205734038412345e+00 1.056248970071045790e+00 1.047238789024459660e+00 1.040152010989777942e+00 1.034549432146483428e+00 1.029637517595275886e+00 1.025562324856131413e+00 1.021786230925429528e+00 1.018516228218953490e+00 1.015604021424460157e+00 1.012824052517939943e+00 1.010418140544286913e+00 1.008448594830912093e+00 1.006789775064280690e+00 1.005388327821524097e+00 1.004357836758232869e+00 1.003743698769658632e+00 1.003369138478406475e+00
1.095832267135740112e+00 1.079221248211216011e+00 1.066203832922120842e+00 1.056240570662387634e+00 1.047236032043324938e+00 1.040133098211795559e+00 1.034541577601216567e+00 1.029602854864644756e+00 1.025502985834779501e+00 1.021724796647819344e+00 1.018422717641334074e+00 1.015495679539717200e+00 1.012710580543007000e+00 1.010284229011142898e+00 1.008277627426550582e+00 1.006583989279044467e+00 1.005148654228071647e+00 1.004072340275947273e+00 1.003434294667171711e+00 1.003004067007625899e+00
1.095754173882628635e+00 1.079194315757252109e+00 1.066174781193420351e+00 1.056256799129666524e+00 1.047245688516827533e+00 1.040149077858744997e+00 1.034554880802404986e+00 1.029593132536664735e+00 1.025491879922384664e+00 1.021718741730417879e+00 1.018433596830262244e+00 1.015523250855929538e+00 1.012778434261509597e+00 1.010374615251085295e+00 1.008390933888245966e+00 1.006724776866513515e+00 1.005341061247939205e+00 1.004336617062215442e+00 1.003771591311374500e+00 1.003426488648383907e+00
1.095764255037288804e+00 1.079132979853590690e+00 1.066135034460550024e+00 1.056174496504410643e+00 1.047146949250598036e+00 1.040139294294224470e+00 1.034524603903133499e+00 1.029577866596184110e+00 1.025459764849059985e+00 1.021683535935325127e+00 1.018395932154319894e+00 1.015455413327464473e+00 1.012702008997630632e+00 1.010269962654620324e+00 1.008270130624278726e+00 1.006573273285605641e+00 1.005162865299547237e+00 1.004129280615001285e+00 1.003505262706583245e+00 1.003100723153962592e+00
1.095457661837303753e+00 1.078934504528104243e+00 1.066003112916320994e+00 1.056037808028393865e+00 1.047002248347568498e+00 1.039972818121575937e+00 1.034385515579704151e+00 1.029446165455090156e+00 1.025394719609509453e+00 1.021646314704517389e+00 1.018402563812759398e+00 1.015496788793851302e+00 1.012751944046274000e+00 1.010383317197424802e+00 1.008416424971204872e+00 1.006755438267080915e+00 1.005381898715106637e+00 1.004368960401297750e+00 1.003742294359494691e+00 1.003351101989538252e+00
1.095788600308858829e+00 1.079234344508559040e+00 1.066241597859403090e+00 1.056245949154581476e+00 1.047234966655142596e+00 1.040144458977493302e+00 1.034518398461478750e+00 1.029600514760558028e+00 1.025488126932545097e+00 1.021713059182643324e+00 1.018446551766059915e+00 1.015552809884738839e+00 1.012798852411916473e+00 1.010406643743909871e+00 1.008437491295000044e+00 1.006781805812309250e+00 1.005399442468110971e+00 1.004388725189272247e+00 1.003776156176555023e+00 1.003392111924813257e+00
1.095719030112523029e+00 1.079111138228578071e+00 1.066182048941378913e+00 1.056254204739826674e+00 1.047184209213761541e+00 1.040114317724398774e+00 1.034526348054069400e+00 1.029601177041409965e+00 1.025515999231283226e+00 1.021768761643557344e+00 1.018499509954701177e+00 1.015604061898450983e+00 1.012867564270923060e+00 1.010480962126535154e+00 1.008481773713244101e+00 1.006809417670382123e+00 1.005400031072152478e+00 1.004357350669480731e+00 1.003764636310306102e+00 1.003392002255041993e+00
1.095723046122701883e+00 1.079164353339357563e+00 1.066145336122716447e+00 1.056174313163180445e+00 1.047122613941376956e+00 1.040104750587655502e+00 1.034511706037897216e+00 1.029587875450014067e+00 1.025491875401821629e+00 1.021757515681327222e+00 1.018505900166123856e+00 1.015623270981765858e+00 1.012883913093202359e+00 1.010475280789103092e+00 1.008508702417983072e+00 1.006859144871369072e+00 1.005481176059002335e+00 1.004487346466008679e+00 1.003920145652683171e+00 1.003538375416144657e+00
1.095486774916753392e+00 1.078933390302836193e+00 1.065938566984008018e+00 1.056004499672519970e+00 1.046993253583870187e+00 1.039999304327243079e+00 1.034425260425057225e+00 1.029496783886953981e+00 1.025400266488707635e+00 1.021608676334630594e+00 1.018311612697170743e+00 1.015426966995233160e+00 1.012680956126258192e+00 1.010283382234745453e+00 1.008325726250997034e+00 1.006681826837860116e+00 1.005287090868731914e+00 1.004255723891908980e+00 1.003657811367065555e+00 1.003261161279390912e+00
1.095781429160944009e+00 1.079229263719585497e+00 1.066162000697839174e+00 1.056242220728295989e+00 1.047207109059380636e+00 1.040160473499833760e+00 1.034560683010431914e+00 1.029628861046390176e+00 1.025558836726041978e+00 1.021772666142501063e+00 1.018508213056618539e+00 1.015595479826303826e+00 1.012837569973822127e+00 1.010430744525024238e+00 1.008427135176420464e+00 1.006778735887765341e+00 1.005409075668213914e+00 1.004394722263877826e+00 1.003805774877775114e+00 1.003459783662261406e+00
1.095600463021249915e+00 1.079052005315221052e+00 1.066037718701470904e+00 1.056108801970951028e+00 1.047118587337414919e+00 1.040135566115381716e+00 1.034556114253614822e+00 1.029663592672122263e+00 1.025587914903933084e+00 1.021834675479637911e+00 1.018548524779296027e+00 1.015640432431463180e+00 1.012877141580363460e+00 1.010484583252919677e+00 1.008538861010966903e+00 1.006928106988961069e+00 1.005580174831945506e+00 1.004580699689582524e+00 1.004003755360521000e+00 1.003677800096308914e+00
1.095823249173527136e+00 1.079255763653007794e+00 1.066194471846925174e+00 1.056293637022899023e+00 1.047226194111559927e+00 1.040169599053880622e+00 1.034557171853723423e+00 1.029640306015645157e+00 1.025536638123868860e+00 1.021783269951121342e+00 1.018488407294617870e+00 1.015570949574875259e+00 1.012800694276457358e+00 1.010386865573684068e+00 1.008398042933317029e+00 1.006723196926290864e+00 1.005332045382023143e+00 1.004309760789689587e+00 1.003732175006687655e+00 1.003359865204950463e+00
1.095770225392421748e+00 1.079144409073672373e+00 1.066180144020104859e+00 1.056242187670251687e+00 1.047232328506872978e+00 1.040184558975797424e+00 1.034604031143059766e+00 1.029673221306497632e+00 1.025565528975972418e+00 1.021790355684865093e+00 1.018504841185834175e+00 1.015587983665796834e+00 1.012816660899304333e+00 1.010397079745883442e+00 1.008396858160560683e+00 1.006744828619920318e+00 1.005354848726409678e+00 1.004315445732779200e+00 1.003724340200481402e+00 1.003387439022496164e+00
1.095835133872650635e+00 1.079271839255612431e+00 1.066237470650468477e+00 1.056319612952784315e+00 1.047259318327266042e+00 1.040190301675378182e+00 1.034543470428489265e+00 1.029630172080800765e+00 1.025541255114490902e+00 1.021796455439406115e+00 1.018500540651416708e+00 1.015588929402688967e+00 1.012828882281235909e+00 1.010422534987430288e+00 1.008417573777010912e+00 1.006735981224357035e+00 1.005348001995240992e+00 1.004324645596980980e+00 1.003756869399018425e+00 1.003368725838578612e+00
1.095854020268525630e+00 1.079261231001351629e+00 1.066186124472102037e+00 1.056228787937532498e+00 1.047249736608479420e+00 1.040167488056759737e+00 1.034540555533791206e+00 1.029588844164063044e+00 1.025500259572599715e+00 1.021761118151766512e+00 1.018492399399026471e+00 1.015562516406230964e+00 1.012819388879067084e+00 1.010413800075851576e+00 1.008434361045706718e+00 1.006770055005128395e+00 1.005397970952417896e+00 1.004367903527269013e+00 1.003773294262344518e+00 1.003382897825624509e+00
1.095920374130171737e+00 1.079217844997321318e+00 1.066199654301493771e+00 1.056218773697251923e+00 1.047192137620052366e+00 1.040143859094024403e+00 1.034534259512916332e+00 1.029601239641484867e+00 1.025450594696031947e+00 1.021685959536546617e+00 1.018430245948911184e+00 1.015486098609899024e+00 1.012731683230928992e+00 1.010370413723492566e+00 1.008384918240756711e+00 1.006691712451873277e+00 1.005289082087343244e+00 1.004235662082284763e+00 1.003621177076053028e+00 1.003249373730731753e+00
1.095738638647216989e+00 1.079088572967057846e+00 1.066120810254749252e+00 1.056168584429847401e+00 1.047142722136838122e+00 1.040030629345705337e+00 1.034451511845806415e+00 1.029509297306270055e+00 1.025422045501676482e+00 1.021653771020717860e+00 1.018389628376700218e+00 1.015502060706507725e+00 1.012742382585928969e+00 1.010354864140718512e+00 1.008386596550365777e+00 1.006717163482178989e+00 1.005346362146017691e+00 1.004323897326344639e+00 1.003721316175406386e+00 1.003353731907451918e+00
1.095569405439427380e+00 1.078949663278499393e+00 1.065939829783255188e+00 1.056044892483547271e+00 1.047006435410672731e+00 1.039975857055725594e+00 1.034349742371526881e+00 1.029416055532518692e+00 1.025351173807447003e+00 1.021596630247067150e+00 1.018345300408754373e+00 1.015425101691053378e+00 1.012699022597555176e+00 1.010317189065943033e+00 1.008338931472065214e+00 1.006696604950735319e+00 1.005327489526688156e+00 1.004317101714135241e+00 1.003745485303126905e+00 1.003395942905996430e+00
1.095812250562227419e+00 1.079314681251861918e+00 1.066258252875514678e+00 1.056296706531698826e+00 1.047303102453405854e+00 1.040250808045912745e+00 1.034638955099900670e+00 1.029712035002446457e+00 1.025612175223558520e+00 1.021806176898000462e+00 1.018537857857393591e+00 1.015611120910958398e+00 1.012855054800243293e+00 1.010423472950720436e+00 1.008403235656681218e+00 1.006743358265803412e+00 1.005352123774382989e+00 1.004319986440123769e+00 1.003725926060941909e+00 1.003345680727667943e+00
1.095690066270172514e+00 1.079143218163111095e+00 1.066129654870417331e+00 1.056201307246258381e+00 1.047175862166464633e+00 1.040115566354718357e+00 1.034501686335092208e+00 1.029585367517985572e+00 1.025468777949259280e+00 1.021719573870241593e+00 1.018428891345730447e+00 1.015492788265947688e+00 1.012745822298331877e+00 1.010371608187117465e+00 1.008396168562727180e+00 1.006730027988103515e+00 1.005353968701492962e+00 1.004313514513216044e+00 1.003701341510261358e+00 1.003345722159494358e+00
1.095481827183580892e+00 1.078914685418244090e+00 1.065904367040848122e+00 1.056006361227823875e+00 1.046956356966376234e+00 1.039954447447643870e+00 1.034356720870332147e+00 1.029434446053922869e+00 1.025315179077008976e+00 1.021607555530946287e+00 1.018340381791855931e+00 1.015435326146943318e+00 1.012713306594718699e+00 1.010302556083275238e+00 1.008349503817759674e+00 1.006728052513642613e+00 1.005342792110918815e+00 1.004291785552001270e+00 1.003668469545118791e+00 1.003273670369519976e+00
1.095858272926585997e+00 1.079278181211276388e+00 1.066268877304995977e+00 1.056305076951729038e+00 1.047283343458355942e+00 1.040193959264712475e+00 1.034599673437841982e+00 1.029641339397729061e+00 1.025550729033932518e+00 1.021793485072175045e+00 1.018526608532117184e+00 1.015614115253897776e+00 1.012856863521520046e+00 1.010444284285203054e+00 1.008451980607317111e+00 1.006775653174765806e+00 1.005384730276384309e+00 1.004359205039925262e+00 1.003759827044505837e+00 1.003385090515156453e+00
1.095555191275844331e+00 1.079108446031205926e+00 1.066056188132298521e+00 1.056117676392719584e+00 1.047132244673813384e+00 1.040077302892035371e+00 1.034491590345427481e+00 1.029559237122974258e+00 1.025428657736836335e+00 1.021646609560677765e+00 1.018421830334884648e+00 1.015522660065311111e+00 1.012770546556424511e+00 1.010358020090870612e+00 1.008379892219578799e+00 1.006736355748105716e+00 1.005361700714042295e+00 1.004329716272467365e+00 1.003743566791558406e+00 1.003392391817869767e+00
1.095841934619866453e+00 1.079237175795083825e+00 1.066235062563278602e+00 1.056307235587039761e+00 1.047332058634908192e+00 1.040204246946258460e+00 1.034594750398606156e+00 1.029664298520424737e+00 1.025572069579334666e+00 1.021814919251857745e+00 1.018544561611496091e+00 1.015638506531063134e+00 1.012907825772884962e+00 1.010526719793411576e+00 1.008534189246805379e+00 1.006862500099644064e+00 1.005449688559108656e+00 1.004442958821792908e+00 1.003867254944036391e+00 1.003517017904417497e+00
1.095747981463933929e+00 1.079228812543558513e+00 1.066195021830200318e+00 1.056213504480274956e+00 1.047226393468465799e+00 1.040173386698156177e+00 1.034590626784187117e+00 1.029647011903147558e+00 1.025532569423736051e+00 1.021749498880864415e+00 1.018474274340133379e+00 1.015540328650332169e+00 1.012788798971022031e+00 1.010386423758159902e+00 1.008421034153397677e+00 1.006778633902653208e+00 1.005396774983174923e+00 1.004358187132015745e+00 1.003750322586503430e+00 1.003372921447787558e+00
1.095925474696902269e+00 1.079350428142628715e+00 1.066332423930535400e+00 1.056394429991812656e+00 1.047369188413575625e+00 1.040309952210620503e+00 1.034672846598349683e+00 1.029762270949747593e+00 1.025645453648823091e+00 1.021887107820651952e+00 1.018563931251657007e+00 1.015628581448263734e+00 1.012874348648971967e+00 1.010431699264705774e+00 1.008449330980276892e+00 1.006793102744127255e+00 1.005395446275111571e+00 1.004353937774565386e+00 1.003756104338663135e+00 1.003388549313109390e+00
1.095723947354263927e+00 1.079196379136127648e+00 1.066112073103032243e+00 1.056196468003024691e+00 1.047163627857904178e+00 1.040041517817046568e+00 1.034420789246059291e+00 1.029482067258033817e+00 1.025375240938705357e+00 1.021629736392562604e+00 1.018322415367051148e+00 1.015396278697823673e+00 1.012627717919512005e+00 1.010234587350734126e+00 1.008242239195163759e+00 1.006582493841849280e+00 1.005219570125760464e+00 1.004236276024678132e+00 1.003679735900186110e+00 1.003307190399413740e+00
1.095765540976401331e+00 1.079169895782700950e+00 1.066192685787137995e+00 1.056269385924697879e+00 1.047225942940568366e+00 1.040154245263316568e+00 1.034574213129954234e+00 1.029640844896658747e+00 1.025516276181619224e+00 1.021725206374715755e+00 1.018430897421321202e+00 1.015505812358531879e+00 1.012747472796437398e+00 1.010319589638246862e+00 1.008332778324662504e+00 1.006672046288331179e+00 1.005281396953828343e+00 1.004257112808292218e+00 1.003630777071590652e+00 1.003206764183689481e+00
1.095670874622520330e+00 1.079095057873419972e+00 1.066024440997396683e+00 1.056153121285853480e+00 1.047117597890365737e+00 1.040055850480441135e+00 1.034471549345010954e+00 1.029542856530695660e+00 1.025467872213590592e+00 1.021696930203278564e+00 1.018415196781789378e+00 1.015481920322783616e+00 1.012727976024466514e+00 1.010311408712349257e+00 1.008346394187624728e+00 1.006713969777495832e+00 1.005358065874677242e+00 1.004355574242586036e+00 1.003762702478783631e+00 1.003379346523734617e+00
1.095776104692227193e+00 1.079248666362017106e+00 1.066161702274880829e+00 1.056245402199687433e+00 1.047260732558357388e+00 1.040177359839579596e+00 1.034556902345258766e+00 1.029633612091088724e+00 1.025533160994940074e+00 1.021774983037489593e+00 1.018503531789918259e+00 1.015583193612964230e+00 1.012826023828060196e+00 1.010421753948212764e+00 1.008437889924556741e+00 1.006763273128800096e+00 1.005359938400745889e+00 1.004327087163439769e+00 1.003733450354131085e+00 1.003390396980556654e+00
1.095813798596537714e+00 1.079267647182385437e+00 1.066182743988645321e+00 1.056252313349174576e+00 1.047255112469899663e+00 1.040176347190346906e+00 1.034571200492202525e+00 1.029630881716097734e+00 1.025543696075992717e+00 1.021771839234794754e+00 1.018483825895395212e+00 1.015570842329240442e+00 1.012814625356457832e+00 1.010407404797344144e+00 1.008433516553770781e+00 1.006760511499373845e+00 1.005368691871411757e+00 1.004332488054830996e+00 1.003719010620858221e+00 1.003314938525704303e+00
1.095878112079002653e+00 1.079292898163130232e+00 1.066262235083903054e+00 1.056256670072199588e+00 1.047243792912828431e+00 1.040181678434286328e+00 1.034581981060619382e+00 1.029654406469830086e+00 1.025540664379295919e+00 1.021770581488439467e+00 1.018497659228374319e+00 1.015592460925194507e+00 1.012846696444879901e+00 1.010448260471798365e+00 1.008476421717145133e+00 1.006826251506966363e+00 1.005444521664252910e+00 1.004404800797268349e+00 1.003814672560163324e+00 1.003461795259640077e+00
1.095592259120524048e+00 1.079048064322591260e+00 1.066067299650777178e+00 1.056148285356853789e+00 1.047213001891395212e+00 1.040131086513188530e+00 1.034548755538585052e+00 1.029592373323611199e+00 1.025526883473012241e+00 1.021761182048186667e+00 1.018497300649410686e+00 1.015590374906841120e+00 1.012848842989414244e+00 1.010445318918934410e+00 1.008435023377884709e+00 1.006777331179779855e+00 1.005401989829790121e+00 1.004374867821172801e+00 1.003766640097132790e+00 1.003402647613651499e+00
1.095536481608977875e+00 1.079033548672035936e+00 1.066054957208383280e+00 1.056102803675529112e+00 1.047135684129429700e+00 1.040038757476389186e+00 1.034475522662870350e+00 1.029528492838953868e+00 1.025452753596883593e+00 1.021682704208765724e+00 1.018438580526123349e+00 1.015538409029621558e+00 1.012781330140824609e+00 1.010399170079074871e+00 1.008413869474709568e+00 1.006749349738094601e+00 1.005357948552439318e+00 1.004329309577587814e+00 1.003740371003834175e+00 1.003350818687543056e+00
1.095797517294067269e+00 1.079166160462950552e+00 1.066120960943235385e+00 1.056152102796139358e+00 1.047153452797884965e+00 1.040099240521952462e+00 1.034477257561140284e+00 1.029564527744886604e+00 1.025507177145206006e+00 1.021768854200404197e+00 1.018488142538469532e+00 1.015570120017559086e+00 1.012824326971024869e+00 1.010394231754161209e+00 1.008437925186301820e+00 1.006786767895080370e+00 1.005405454072265670e+00 1.004378658074427388e+00 1.003792849107571827e+00 1.003398051112320166e+00
1.095676523580561001e+00 1.079100024289644910e+00 1.066026791782497041e+00 1.056082759099740365e+00 1.047101870726025341e+00 1.040035962600758035e+00 1.034376581892757052e+00 1.029459525504645256e+00 1.025390343134009896e+00 1.021650766080653305e+00 1.018387423671231362e+00 1.015506898045698270e+00 1.012781154378514792e+00 1.010393792047999284e+00 1.008404222477789602e+00 1.006739632457127609e+00 1.005363435893293911e+00 1.004328616075693681e+00 1.003717918320628399e+00 1.003335607934899398e+00
1.095936990744728501e+00 1.079305915169387120e+00 1.066271608826694361e+00 1.056299591695635032e+00 1.047302566322318773e+00 1.040211579600859082e+00 1.034591730338685123e+00 1.029646492077046727e+00 1.025538192399634063e+00 1.021780291842213417e+00 1.018498794157803866e+00 1.015584656552059872e+00 1.012831133583220522e+00 1.010426461981223101e+00 1.008446160906862010e+00 1.006782667493768768e+00 1.005398869349536151e+00 1.004367313864852118e+00 1.003759703406372772e+00 1.003399934621090006e+00
1.095523510085026464e+00 1.078957570940981769e+00 1.065891122613629172e+00 1.055957606440436569e+00 1.047034150764730720e+00 1.039992662906612075e+00 1.034405171869006379e+00 1.029474963903169060e+00 1.025364268019101743e+00 1.021590995529704893e+00 1.018331871313469916e+00 1.015402885584525405e+00 1.012637843073360688e+00 1.010239631830684770e+00 1.008256002698423748e+00 1.006590181745000923e+00 1.005227767798820837e+00 1.004197117651457916e+00 1.003590423127015629e+00 1.003219444729540832e+00
1.095903467114485164e+00 1.079281143530830711e+00 1.066265444789876726e+00 1.056305134913411159e+00 1.047293109154251445e+00 1.040222576763689455e+00 1.034590097023866839e+00 1.029637421136465836e+00 1.025539377932044527e+00 1.021785899899944283e+00 1.018503089595376387e+00 1.015579199948691169e+00 1.012833417255821100e+00 1.010419825462265164e+00 1.008442410082901253e+00 1.006804871409869184e+00 1.005403707063368346e+00 1.004372626845879690e+00 1.003776300133329968e+00 1.003408365225215926e+00
1.095571989195238016e+00 1.079068000396462779e+00 1.066022067685901797e+00 1.056065121072790935e+00 1.047025236645213297e+00 1.039979613181395646e+00 1.034366793480621993e+00 1.029460084044072410e+00 1.025324047652021564e+00 1.021566849846895941e+00 1.018291467232715242e+00 1.015374347265546096e+00 1.012598269149673547e+00 1.010185702162082810e+00 1.008190685050626589e+00 1.006508740314516315e+00 1.005096313291087506e+00 1.004039848620142727e+00 1.003421996150813733e+00 1.003017228881415202e+00
1.095547411530367832e+00 1.079015861723843450e+00 1.066005200081655335e+00 1.056025657162537046e+00 1.047052384601539377e+00 1.039983690590768006e+00 1.034399984992737220e+00 1.029468420048425870e+00 1.025375308019327969e+00 1.021609459205346182e+00 1.018345417613950810e+00 1.015454858706094976e+00 1.012716918757137430e+00 1.010298502640249341e+00 1.008337130327039866e+00 1.006675844744461479e+00 1.005291154724948122e+00 1.004299725611817573e+00 1.003741641689695152e+00 1.003410642496298077e+00
1.095869113837681263e+00 1.079304064942273600e+00 1.066300322197916151e+00 1.056305993786877728e+00 1.047246020633391783e+00 1.040190945176310278e+00 1.034563336190447602e+00 1.029633839776443960e+00 1.025506159211934110e+00 1.021760965256959031e+00 1.018468658324723330e+00 1.015559254549043500e+00 1.012814059710782200e+00 1.010411611160578760e+00 1.008431955441540850e+00 1.006763762430606057e+00 1.005387544255339494e+00 1.004363809463069579e+00 1.003772428237184045e+00 1.003405069967535868e+00
1.095584847466574807e+00 1.079062608287004732e+00 1.066060459484055700e+00 1.056147807989924470e+00 1.047134186872014316e+00 1.040038246010125178e+00 1.034419757928525474e+00 1.029491081180996748e+00 1.025399336950332918e+00 1.021631940137390337e+00 1.018375691942763117e+00 1.015477514542477699e+00 1.012728271139267999e+00 1.010329111192012297e+00 1.008361671556636585e+00 1.006719255712567707e+00 1.005352543875745353e+00 1.004354994182538485e+00 1.003793623826690684e+00 1.003454687045389981e+00
1.095918303029587593e+00 1.079278898963545563e+00 1.066284209861533716e+00 1.056321327779875752e+00 1.047276682755927224e+00 1.040234434886014192e+00 1.034577958252799856e+00 1.029632469720068055e+00 1.025550825434549340e+00 1.021786066864890818e+00 1.018498323125836658e+00 1.015597507733974725e+00 1.012850433432911368e+00 1.010424038168502126e+00 1.008433289811173639e+00 1.006775535237657282e+00 1.005390981030349407e+00 1.004370118330951245e+00 1.003770462257749463e+00 1.003404100591275272e+00
1.095760099970685575e+00 1.079146462084669800e+00 1.066065562547774404e+00 1.056173281507648110e+00 1.047146520416037063e+00 1.040030613515972036e+00 1.034505109071634177e+00 1.029574396946767889e+00 1.025488838691615223e+00 1.021748507089116353e+00 1.018508586311511532e+00 1.015564850244249806e+00 1.012798740100090633e+00 1.010378137038506541e+00 1.008398427610256665e+00 1.006766759190377503e+00 1.005387977818121392e+00 1.004344024368034383e+00 1.003747526333371942e+00 1.003397298785861258e+00
1.095888639719436952e+00 1.079270883632911460e+00 1.066199709804877438e+00 1.056262966634805345e+00 1.047241428955167475e+00 1.040163063136859245e+00 1.034576301014914046e+00 1.029615586084589696e+00 1.025528132181992680e+00 1.021758129715718111e+00 1.018474252590001683e+00 1.015551198978115854e+00 1.012789936951405956e+00 1.010376273714582940e+00 1.008403757640746301e+00 1.006757404680128642e+00 1.005374891726908970e+00 1.004362342323305679e+00 1.003793143558907142e+00 1.003447433171603231e+00
1.095699262026194054e+00 1.079231348347114761e+00 1.066177001568274108e+00 1.056214004269554474e+00 1.047168780672277588e+00 1.040089542786998278e+00 1.034481808560587801e+00 1.029580700190573017e+00 1.025497613791525930e+00 1.021762933607614388e+00 1.018506535422302850e+00 1.015584800718072556e+00 1.012825934175908937e+00 1.010405236920752570e+00 1.008427176201740272e+00 1.006757555283742445e+00 1.005368822741939283e+00 1.004342557798790336e+00 1.003765081237049994e+00 1.003388825688008135e+00
1.095886830355011776e+00 1.079315489402623562e+00 1.066283929648720541e+00 1.056301806121034970e+00 1.047276098410576450e+00 1.040180827737856584e+00 1.034586887938118593e+00 1.029671316322291252e+00 1.025578665007555790e+00 1.021776359216132635e+00 1.018494117103111885e+00 1.015581078886166111e+00 1.012811680606132247e+00 1.010399905873538229e+00 1.008426680647884099e+00 1.006745207737124392e+00 1.005362906544790214e+00 1.004348231810140213e+00 1.003766197386887438e+00 1.003405305370554057e+00
1.095757869343660262e+00 1.079146614814257443e+00 1.066130890662389641e+00 1.056188819030193793e+00 1.047132876006438007e+00 1.040073403197177671e+00 1.034493726330043994e+00 1.029558948643688909e+00 1.025455060766943483e+00 1.021690606391032041e+00 1.018413806965093427e+00 1.015487220244374322e+00 1.012720766371516090e+00 1.010315143889058076e+00 1.008341308368107425e+00 1.006688927146629942e+00 1.005308768237338279e+00 1.004317289078701103e+00 1.003767839150076613e+00 1.003443293976370665e+00
1.095563190520234542e+00 1.079120357020546317e+00 1.066078863411715538e+00 1.056112499463633281e+00 1.047085154565464915e+00 1.040057651446822939e+00 1.034496489506619987e+00 1.029589271869768341e+00 1.025495316182132521e+00 1.021717771844320666e+00 1.018422423442922886e+00 1.015545188155400069e+00 1.012791475787191642e+00 1.010395937845845582e+00 1.008467982752406122e+00 1.006816423770863445e+00 1.005449416593516387e+00 1.004444843489849637e+00 1.003851847396990626e+00 1.003507011694466211e+00
1.095689774536393823e+00 1.079153926088130433e+00 1.066133440572412550e+00 1.056241170025442599e+00 1.047183924905681796e+00 1.040122695282780230e+00 1.034521173613332623e+00 1.029603683251718582e+00 1.025497237657721161e+00 1.021730019902477471e+00 1.018441167416365145e+00 1.015536195720879276e+00 1.012776313436941189e+00 1.010368534960291331e+00 1.008387470370751160e+00 1.006714700923043715e+00 1.005333406949029840e+00 1.004333852421459783e+00 1.003724964657841223e+00 1.003352967989729505e+00
1.095709055085523076e+00 1.079094670822766222e+00 1.066155511619765406e+00 1.056242733100209996e+00 1.047202937985602711e+00 1.040147139939248344e+00 1.034556834901390276e+00 1.029597950635442238e+00 1.025483804484261352e+00 1.021734641573523117e+00 1.018445633204512646e+00 1.015524943540117020e+00 1.012776105138599503e+00 1.010380047309390461e+00 1.008390998417250106e+00 1.006716513004322522e+00 1.005343183008258201e+00 1.004341297431327051e+00 1.003754257728159072e+00 1.003392848805613857e+00
1.095490321160058400e+00 1.078942021925713757e+00 1.065948583685969009e+00 1.056008970563680593e+00 1.047018941314375340e+00 1.039946902635137560e+00 1.034370888653593612e+00 1.029522722695588977e+00 1.025425665519090090e+00 1.021649394017578150e+00 1.018378873219677461e+00 1.015465227591987096e+00 1.012687173474488000e+00 1.010260013690096770e+00 1.008270698811197352e+00 1.006622524713407518e+00 1.005271309718622330e+00 1.004230409617516084e+00 1.003624554998080232e+00 1.003270882473939585e+00
1.095727684815135605e+00 1.079262022613608929e+00 1.066154718385160516e+00 1.056224059048960440e+00 1.047222925166523710e+00 1.040213441051567544e+00 1.034592914411996079e+00 1.029656855767260515e+00 1.025560611270720068e+00 1.021800683671123533e+00 1.018523394084352773e+00 1.015597246830597600e+00 1.012841689101207754e+00 1.010430888015927398e+00 1.008443322810738341e+00 1.006755666022537188e+00 1.005383304952045531e+00 1.004348543000887384e+00 1.003753105670659229e+00 1.003371846501760034e+00
1.095784290803801797e+00 1.079235731102900164e+00 1.066252858996530994e+00 1.056273374202438387e+00 1.047275045710281072e+00 1.040213520369513311e+00 1.034634162974363614e+00 1.029678444035600826e+00 1.025549759681987361e+00 1.021775235070655485e+00 1.018506283970294524e+00 1.015588772669113515e+00 1.012817681363423095e+00 1.010405523444819265e+00 1.008424160888978793e+00 1.006764329797020352e+00 1.005385603397617178e+00 1.004365947058787345e+00 1.003778669051695216e+00 1.003413275661095172e+00
1.095602769398875243e+00 1.078946935183692668e+00 1.065980020240343551e+00 1.056091944229577750e+00 1.047078673302540563e+00 1.040034347455270014e+00 1.034412730234166133e+00 1.029480035401107330e+00 1.025402387353612887e+00 1.021641432080393042e+00 1.018375361727005712e+00 1.015490097052717200e+00 1.012772922926380659e+00 1.010380283403518487e+00 1.008419915880727435e+00 1.006767853780128119e+00 1.005384940732989785e+00 1.004356000026499274e+00 1.003772488876478297e+00 1.003413319413472671e+00
1.095663560903733291e+00 1.079116046892079073e+00 1.066118851043599713e+00 1.056122469310139866e+00 1.047160427101628155e+00 1.040059948037576287e+00 1.034477088300158831e+00 1.029525419621457161e+00 1.025409693635936037e+00 1.021651155345603579e+00 1.018364220282195198e+00 1.015438856159420311e+00 1.012688464358398432e+00 1.010301460475326873e+00 1.008315420385379024e+00 1.006656932458388498e+00 1.005289911297650773e+00 1.004275806601425458e+00 1.003699903702611085e+00 1.003321791330933355e+00
1.095698882822470077e+00 1.079113437938256315e+00 1.066173308556013444e+00 1.056275758797554865e+00 1.047232280700330698e+00 1.040212374206177515e+00 1.034559682638201084e+00 1.029630520218314471e+00 1.025500835048778869e+00 1.021724910720887669e+00 1.018451128358019986e+00 1.015544750844741495e+00 1.012813038819394551e+00 1.010418664361040220e+00 1.008441129098010425e+00 1.006781329299345717e+00 1.005378947821537361e+00 1.004350186516716814e+00 1.003768425388606556e+00 1.003417715147279843e+00
1.095786604227666494e+00 1.079174686077674750e+00 1.066147676571225222e+00 1.056198121340306439e+00 1.047235982304257851e+00 1.040159355339001168e+00 1.034554485094369980e+00 1.029661324028552594e+00 1.025568820529088265e+00 1.021778197514599418e+00 1.018517089543932164e+00 1.015579414357660193e+00 1.012821259504666171e+00 1.010427906205566329e+00 1.008451637983163174e+00 1.006785748717563100e+00 1.005385937060120805e+00 1.004358491384596430e+00 1.003764421602392876e+00 1.003401972085814498e+00
1.095670490481551740e+00 1.079143437504122671e+00 1.066135341558319016e+00 1.056205087105243079e+00 1.047180175562487880e+00 1.040127722457969695e+00 1.034524931816429127e+00 1.029550519759368399e+00 1.025449773506657669e+00 1.021686653172814818e+00 1.018428587294806897e+00 1.015533896002708047e+00 1.012787979569292673e+00 1.010388962765450760e+00 1.008422494182470208e+00 1.006785994119478778e+00 1.005396865477840906e+00 1.004355553147123548e+00 1.003767914987148568e+00 1.003413383628627642e+00
1.095657102116941450e+00 1.079051050687563240e+00 1.066089155923904519e+00 1.056155029037519455e+00 1.047146833171287206e+00 1.040111838332759886e+00 1.034503680294834416e+00 1.029564538388731298e+00 1.025458629360404217e+00 1.021678411083887905e+00 1.018374264979065913e+00 1.015460583090356250e+00 1.012710096659350523e+00 1.010314017273796328e+00 1.008347070854296978e+00 1.006701647023318102e+00 1.005338492920886839e+00 1.004304592447588185e+00 1.003687598867819997e+00 1.003305633498995153e+00
1.095653412730025034e+00 1.079094616418092345e+00 1.066061838857485400e+00 1.056179286992535271e+00 1.047142002888372891e+00 1.040112765627509539e+00 1.034481343088255123e+00 1.029559657203182210e+00 1.025460951243603924e+00 1.021704408414308540e+00 1.018430143805185040e+00 1.015525371613955175e+00 1.012792706721656444e+00 1.010398592761505121e+00 1.008417321103439512e+00 1.006764716757770239e+00 1.005377907687144967e+00 1.004327454022555743e+00 1.003703578388389417e+00 1.003293080540315740e+00
1.095628564610001909e+00 1.079089555468847106e+00 1.066015594700599145e+00 1.056135480387812242e+00 1.047105187103690493e+00 1.040043824458753985e+00 1.034430229182784933e+00 1.029531167724780039e+00 1.025446808195024984e+00 1.021694791059516882e+00 1.018415361546678888e+00 1.015518366531906080e+00 1.012793713879891255e+00 1.010399818595203891e+00 1.008418084211454735e+00 1.006765968304987879e+00 1.005409394207369855e+00 1.004390903751669839e+00 1.003772528075385528e+00 1.003384832073400235e+00
1.095830272986865639e+00 1.079203308223714020e+00 1.066176760358517051e+00 1.056241046037694309e+00 1.047211437333228190e+00 1.040156585026885683e+00 1.034544713942806116e+00 1.029599575498110431e+00 1.025508322051487564e+00 1.021744603189774336e+00 1.018457994567262048e+00 1.015537530238095787e+00 1.012805994492949502e+00 1.010402188631850606e+00 1.008423546086838485e+00 1.006746508528867601e+00 1.005360560913117540e+00 1.004342287130964850e+00 1.003748412024959125e+00 1.003365537023090281e+00
1.095819495592818660e+00 1.079213540702598451e+00 1.066207315846666948e+00 1.056312055810626038e+00 1.047264592336314859e+00 1.040178639580505049e+00 1.034565162738148469e+00 1.029598367908271195e+00 1.025513890066797940e+00 1.021729499458219115e+00 1.018408891064072508e+00 1.015490226222391268e+00 1.012763366596800330e+00 1.010343835889637720e+00 1.008365511323442876e+00 1.006688329211462340e+00 1.005285789588273193e+00 1.004243836748510699e+00 1.003656483970415181e+00 1.003264039705664246e+00
1.095679227638304054e+00 1.079179760156571133e+00 1.066135939579351932e+00 1.056228423662328497e+00 1.047228323610038370e+00 1.040132307619346941e+00 1.034555756111285030e+00 1.029613422498429687e+00 1.025517267295588342e+00 1.021738901335375038e+00 1.018455826530894281e+00 1.015538279615130657e+00 1.012783659643344381e+00 1.010377378482823829e+00 1.008396854108389418e+00 1.006740668482890344e+00 1.005359726644210250e+00 1.004336628455487768e+00 1.003759329098096842e+00 1.003396500934876645e+00
1.095808426532661084e+00 1.079193401202303670e+00 1.066216100469316919e+00 1.056229172473776901e+00 1.047270817545793431e+00 1.040196740910751094e+00 1.034590285264213039e+00 1.029657390510989812e+00 1.025543627571235072e+00 1.021779909999094738e+00 1.018496684394895935e+00 1.015577926953408872e+00 1.012805907309852316e+00 1.010405903987893206e+00 1.008420567065626106e+00 1.006762307408233914e+00 1.005391111248541858e+00 1.004402125605981633e+00 1.003830738379880794e+00 1.003465692978674273e+00
1.095656637474058392e+00 1.079105267279243385e+00 1.066054613060238410e+00 1.056128978828004605e+00 1.047135985546221226e+00 1.040088037651225816e+00 1.034532325074486003e+00 1.029593732929009686e+00 1.025494136848415394e+00 1.021746243978250313e+00 1.018517455949910611e+00 1.015607399626174301e+00 1.012864032802252012e+00 1.010425050868965391e+00 1.008439266340167562e+00 1.006787976897296044e+00 1.005405385314171340e+00 1.004373639539861918e+00 1.003767123686207574e+00 1.003417957730406318e+00
1.095690779289470118e+00 1.079051894932785638e+00 1.066095234637559841e+00 1.056152368467240477e+00 1.047162489736103375e+00 1.040118534508821080e+00 1.034482699130948369e+00 1.029541835269400130e+00 1.025444574566933387e+00 1.021691770295592105e+00 1.018391102950650939e+00 1.015492724097343036e+00 1.012758406381286891e+00 1.010357989447394633e+00 1.008401636310767291e+00 1.006741735752618272e+00 1.005350698356117567e+00 1.004300944316240063e+00 1.003678315351048234e+00 1.003272379060596853e+00
1.095572216727728421e+00 1.078998631710367695e+00 1.066036588555295150e+00 1.056102597318822500e+00 1.047127645490031345e+00 1.040070818744684988e+00 1.034467132739163686e+00 1.029559271934690878e+00 1.025489820452358813e+00 1.021746062435870739e+00 1.018488824879827614e+00 1.015565278909728031e+00 1.012799775043170980e+00 1.010409250594292541e+00 1.008460955865987607e+00 1.006794126935148803e+00 1.005372412537952620e+00 1.004326931094101871e+00 1.003710797160805690e+00 1.003337639060468023e+00
1.095780700548792952e+00 1.079183952861220375e+00 1.066132170276961721e+00 1.056221339707694939e+00 1.047181153418550670e+00 1.040089230147378085e+00 1.034474834160432399e+00 1.029591792158501606e+00 1.025454054120723990e+00 1.021690874388203829e+00 1.018420831211341637e+00 1.015493569179635847e+00 1.012744610580978533e+00 1.010333251226766205e+00 1.008348494579872856e+00 1.006680743329881444e+00 1.005289815058368896e+00 1.004248134168299611e+00 1.003675706865367889e+00 1.003295176827644131e+00
1.095812672981922642e+00 1.079178052389646147e+00 1.066167098642656130e+00 1.056228466556194512e+00 1.047203092238487843e+00 1.040140995237052390e+00 1.034508545205229391e+00 1.029623385487018483e+00 1.025527879129439102e+00 1.021776815909224201e+00 1.018503701330964573e+00 1.015580718756665668e+00 1.012823921053952692e+00 1.010412169814477235e+00 1.008425136521038823e+00 1.006787460844242199e+00 1.005408431865783214e+00 1.004406778075473516e+00 1.003831953180154501e+00 1.003481335082019532e+00
1.095706976314896330e+00 1.079150138272286119e+00 1.066076604767595581e+00 1.056151286042696702e+00 1.047145916038839220e+00 1.040097954907250655e+00 1.034533268993444999e+00 1.029620268160782892e+00 1.025526320869166286e+00 1.021771643642825689e+00 1.018473304410337565e+00 1.015554963518003895e+00 1.012794379645841403e+00 1.010393814154653569e+00 1.008414202343828725e+00 1.006722010885428897e+00 1.005309328608681829e+00 1.004265738234443983e+00 1.003678943115191791e+00 1.003295819933286870e+00
1.095734478442540016e+00 1.079226355593419395e+00 1.066215693030361678e+00 1.056285980933326485e+00 1.047281028673472836e+00 1.040183322266768240e+00 1.034600381977425876e+00 1.029661458732458845e+00 1.025535279224130791e+00 1.021767779736656445e+00 1.018491188808861025e+00 1.015565769240902583e+00 1.012826451729317290e+00 1.010438617661251204e+00 1.008461645860053268e+00 1.006804036766038246e+00 1.005415814067116553e+00 1.004380247214941235e+00 1.003774895211621665e+00 1.003417639640102221e+00
1.095473393839476728e+00 1.079020201342647978e+00 1.066069114756881486e+00 1.056156328175502868e+00 1.047177438607888034e+00 1.040070613247579434e+00 1.034494887200529289e+00 1.029532775600618510e+00 1.025474593623709074e+00 1.021716134622635108e+00 1.018430956040964563e+00 1.015494241349133020e+00 1.012765065677427190e+00 1.010365175488260547e+00 1.008418031180685848e+00 1.006743243352676620e+00 1.005345505141775009e+00 1.004301322091958770e+00 1.003696433163438151e+00 1.003326275121600331e+00
1.095857209629552687e+00 1.079264713082145333e+00 1.066170017656476565e+00 1.056250392415942763e+00 1.047234144777858367e+00 1.040166638358430484e+00 1.034576151596642957e+00 1.029625308582564847e+00 1.025520451298402413e+00 1.021738368873722713e+00 1.018461524235763305e+00 1.015536209535234047e+00 1.012765457769077226e+00 1.010358140538189842e+00 1.008380811203686944e+00 1.006717049323984536e+00 1.005338720589761703e+00 1.004324805326749281e+00 1.003754729695245151e+00 1.003407148703259866e+00
1.095883401372026222e+00 1.079284821552015883e+00 1.066227878345497482e+00 1.056288275663693765e+00 1.047315118338865370e+00 1.040250209249929503e+00 1.034622852232167212e+00 1.029697896319994976e+00 1.025585620274548138e+00 1.021803054427634194e+00 1.018515815201638919e+00 1.015593565852659586e+00 1.012838016141881292e+00 1.010425680043807617e+00 1.008417695986399520e+00 1.006744847916422270e+00 1.005352749987647787e+00 1.004317112683465796e+00 1.003719673372082788e+00 1.003345368197959164e+00
1.095813430841853453e+00 1.079262020172658598e+00 1.066196028122901929e+00 1.056260087197032682e+00 1.047246046467670277e+00 1.040180244716582880e+00 1.034569804309824370e+00 1.029628242264832849e+00 1.025528223526498195e+00 1.021763483440474740e+00 1.018476508022973182e+00 1.015552679710771233e+00 1.012793511870460517e+00 1.010393810219193389e+00 1.008416669300890911e+00 1.006771118010348687e+00 1.005392444478687253e+00 1.004374524625890164e+00 1.003781526471065222e+00 1.003411794718177541e+00
1.095777788936417751e+00 1.079142982664029748e+00 1.066162729690631528e+00 1.056236176915761549e+00 1.047182693553773802e+00 1.040097276956643668e+00 1.034479112383186017e+00 1.029583653101209917e+00 1.025490722755902695e+00 1.021705526934319375e+00 1.018430116892031112e+00 1.015547088829943378e+00 1.012794706579950743e+00 1.010408468898932544e+00 1.008401219807127269e+00 1.006720275305743151e+00 1.005340143988191270e+00 1.004334280124917766e+00 1.003741816427691447e+00 1.003352327313020487e+00
1.095679825257291462e+00 1.079143699402745238e+00 1.066080369105859349e+00 1.056067415306858326e+00 1.047066907738519514e+00 1.040010406803863807e+00 1.034394661414723027e+00 1.029503099506971608e+00 1.025361958552963415e+00 1.021608152628564303e+00 1.018335960994923406e+00 1.015424499477813436e+00 1.012667353500113387e+00 1.010254218946283977e+00 1.008275012848893093e+00 1.006601175943786952e+00 1.005223255694743134e+00 1.004211128795121644e+00 1.003594422999185332e+00 1.003171106597459783e+00
1.095748634502872632e+00 1.079144066064089413e+00 1.066183808955204260e+00 1.056209238640084536e+00 1.047207130934803887e+00 1.040095356812832161e+00 1.034499704266264031e+00 1.029584574716873924e+00 1.025467492291465499e+00 1.021697254015552447e+00 1.018412728678696366e+00 1.015496433072853977e+00 1.012744414487993572e+00 1.010331634165085202e+00 1.008350788208489446e+00 1.006691378625214073e+00 1.005297426820039863e+00 1.004257952391308439e+00 1.003656138983057833e+00 1.003272963291280240e+00
1.095742217325385459e+00 1.079230072151049935e+00 1.066148873088838878e+00 1.056191383207439660e+00 1.047171630308466161e+00 1.040145111763542740e+00 1.034507694681556123e+00 1.029573667413528515e+00 1.025460446483337451e+00 1.021704013885127660e+00 1.018418648720029074e+00 1.015482794810121936e+00 1.012698831706082547e+00 1.010276937687758725e+00 1.008282035797233966e+00 1.006589158032734188e+00 1.005154363842955201e+00 1.004105772026993471e+00 1.003497995698386935e+00 1.003113181518494379e+00
1.095620457871950615e+00 1.079114755069130238e+00 1.066078224038327082e+00 1.056170687586506229e+00 1.047224117161897672e+00 1.040149799901823657e+00 1.034558655418994499e+00 1.029679486044076775e+00 1.025566520412954707e+00 1.021799362534035360e+00 1.018511889322847974e+00 1.015604782924631744e+00 1.012851635533958738e+00 1.010452546027206688e+00 1.008468605381808159e+00 1.006827233559441481e+00 1.005456986496108041e+00 1.004442218315216850e+00 1.003874260136658592e+00 1.003541746050485628e+00
1.095721339004457784e+00 1.079144936451415848e+00 1.066155758189581082e+00 1.056221846391294683e+00 1.047218150739895659e+00 1.040139836718356747e+00 1.034517936553629891e+00 1.029594167662344573e+00 1.025502312465638832e+00 1.021731068926140296e+00 1.018468577693785404e+00 1.015570234598206056e+00 1.012814551162085852e+00 1.010401669271166814e+00 1.008436718933515941e+00 1.006773138941633006e+00 1.005371015977989835e+00 1.004351811932408189e+00 1.003770578401701474e+00 1.003398806009561106e+00
1.095701273324698466e+00 1.079193335313913593e+00 1.066182537785666629e+00 1.056235710348572887e+00 1.047188304638035694e+00 1.040130096491314715e+00 1.034518510616482256e+00 1.029587977621097439e+00 1.025502559350818910e+00 1.021762359253611807e+00 1.018483472838412229e+00 1.015594942502076270e+00 1.012838185475243069e+00 1.010432944446454373e+00 1.008425838757254889e+00 1.006736122506404874e+00 1.005346220543598568e+00 1.004326712207332495e+00 1.003708646296035178e+00 1.003370045065797189e+00
1.095526820492816800e+00 1.078992795262517568e+00 1.065913665975368074e+00 1.056025944901908264e+00 1.047072975867394007e+00 1.040018296446757029e+00 1.034411520424977526e+00 1.029510471956725626e+00 1.025437356703945202e+00 1.021684658825565473e+00 1.018431438896217012e+00 1.015522719178294730e+00 1.012775308204604041e+00 1.010375456399665417e+00 1.008409744262329433e+00 1.006758494512743018e+00 1.005396526455702766e+00 1.004383623888514210e+00 1.003805288910354365e+00 1.003422737947519128e+00
1.095792837272269837e+00 1.079210361718192734e+00 1.066193981614610653e+00 1.056259556101904806e+00 1.047212075239855267e+00 1.040172601790676499e+00 1.034595683672590027e+00 1.029613652834868942e+00 1.025529846099161313e+00 1.021736313578441413e+00 1.018464002283348657e+00 1.015555692191909776e+00 1.012810218060106404e+00 1.010407548351984541e+00 1.008427448812371230e+00 1.006737095843920349e+00 1.005356659077970338e+00 1.004339504168226815e+00 1.003764730592576759e+00 1.003406497587066015e+00
1.095820135329245604e+00 1.079234138462287884e+00 1.066221975958996815e+00 1.056299948990798709e+00 1.047237470045975005e+00 1.040196759433488882e+00 1.034609720708228542e+00 1.029665528495631088e+00 1.025525831922528441e+00 1.021746287439660117e+00 1.018469132144644407e+00 1.015559823016356278e+00 1.012778413405929445e+00 1.010371718281220632e+00 1.008392871667459056e+00 1.006735493979320939e+00 1.005366113574327258e+00 1.004356255184717384e+00 1.003784994961773647e+00 1.003422313702972524e+00
1.095667892496084983e+00 1.079128016717487037e+00 1.066084231087393697e+00 1.056165938266984794e+00 1.047138076026534304e+00 1.040112040693379036e+00 1.034534178365424717e+00 1.029602996207354737e+00 1.025559483693805340e+00 1.021777898964456144e+00 1.018496713342322391e+00 1.015578701287453089e+00 1.012816855022181661e+00 1.010418329581626251e+00 1.008446253572038431e+00 1.006779930543537427e+00 1.005386302986397640e+00 1.004348237901638630e+00 1.003767204288408266e+00 1.003402096474520500e+00
1.095729826540134066e+00 1.079138047296482883e+00 1.066051935814432694e+00 1.056117910377198266e+00 1.047129381243234514e+00 1.040060771282544039e+00 1.034446338732696091e+00 1.029561531798045326e+00 1.025443243108437263e+00 1.021682704739157010e+00 1.018404100666382206e+00 1.015473479082191322e+00 1.012720050881949385e+00 1.010301281992284528e+00 1.008325312387645667e+00 1.006646719664075817e+00 1.005249585465593842e+00 1.004221138903486965e+00 1.003607913117313455e+00 1.003212919836974582e+00
1.095952926782840287e+00 1.079307851497442128e+00 1.066288641956550043e+00 1.056374863466182479e+00 1.047304335581360268e+00 1.040231865029378255e+00 1.034629954624818993e+00 1.029634800300723407e+00 1.025539504807356561e+00 1.021788446315624155e+00 1.018499266622689081e+00 1.015586926812041879e+00 1.012827110475117642e+00 1.010429034658732350e+00 1.008436847718035878e+00 1.006763437556671192e+00 1.005376670521927140e+00 1.004364856796102101e+00 1.003778525753363349e+00 1.003416275861492624e+00
1.095640770275039921e+00 1.079131407649310814e+00 1.066086590002072843e+00 1.056183576675824520e+00 1.047182536360307781e+00 1.040138040533591379e+00 1.034512708859408381e+00 1.029555265919756879e+00 1.025442940850668672e+00 1.021683551963571857e+00 1.018404373572972865e+00 1.015488233634861182e+00 1.012741120135815409e+00 1.010354367545639898e+00 1.008395183301452391e+00 1.006750212828138258e+00 1.005379224147171513e+00 1.004365022044265698e+00 1.003771882385162018e+00 1.003397513595930546e+00
1.095758669090773907e+00 1.079284754875406538e+00 1.066192770488534780e+00 1.056237432507270979e+00 1.047284906614856848e+00 1.040209938750223051e+00 1.034567473988847075e+00 1.029620434779845661e+00 1.025530745047591230e+00 1.021761328109419109e+00 1.018478661489303105e+00 1.015541701880900094e+00 1.012794805610901960e+00 1.010402248579594930e+00 1.008418286621677762e+00 1.006743417633264359e+00 1.005363359356962416e+00 1.004318371420298117e+00 1.003712600670116029e+00 1.003340694174502667e+00
