# th, boost_factor, err_boost_factor
2.805046135754908576e+00 9.870738338167936998e-01 1.503467371520896597e-03
3.531343861556885511e+00 9.721498967297237392e-01 1.412018432167456462e-03
4.445698525097307119e+00 9.604170941541460005e-01 1.330362033924462062e-03
5.596802846420849242e+00 9.514631649159261961e-01 1.238743419274162963e-03
7.045957328161136068e+00 9.433461975609306327e-01 1.141346061243754539e-03
8.870334730839386950e+00 9.369840945920409059e-01 1.065930382124698943e-03
1.116708980377407912e+01 9.319355042775261388e-01 1.019312500942255425e-03
1.405853312975872704e+01 9.274938893056062783e-01 9.611511491055695121e-04
1.769864460960344488e+01 9.238036191294592969e-01 9.446174630458414965e-04
2.228127345334364406e+01 9.204116228682561740e-01 8.743669252596531936e-04
2.805046135754909287e+01 9.174585849083587430e-01 8.334170433030088903e-04
3.531343861556886310e+01 9.148320815375472481e-01 8.163603470172674844e-04
4.445698525097307652e+01 9.123528854545818190e-01 8.140421187753609216e-04
5.596802846420851552e+01 9.101877965390106073e-01 8.006281646912214410e-04
7.045957328161136957e+01 9.084060029781344525e-01 8.046895226313585800e-04
8.870334730839388726e+01 9.069103919185046436e-01 8.245876962793494960e-04
1.116708980377408125e+02 9.056632411712646213e-01 8.515133033982783201e-04
1.405853312975872882e+02 9.047418035456170626e-01 9.155286319878006137e-04
1.769864460960346548e+02 9.042089219518175680e-01 1.011924442133424473e-03
2.228127345334363838e+02 9.038778722248512754e-01 1.162460166777136731e-03
