# gxs for all jackknife regions
-5.664910042572959736e-06 -5.116729192994089387e-06 8.073965409571424835e-06 -4.120960119069715766e-06 -3.281750540664666133e-06 -9.206071675822731886e-07 6.001507956502334274e-07 -2.298626238799689042e-07 -2.498558005066030576e-06 -2.888386938173811586e-06 -4.344563752223218267e-06 -4.085603934478055635e-06 -4.301692441920556084e-06 -3.125708305084116666e-06 -3.431301519798972912e-06 -1.532816633093492372e-06 2.072845319946475935e-06 8.914951345575233191e-07 1.171939951240774547e-06 5.914325836722380591e-07
-3.014411498121085781e-06 -7.114181275832952243e-06 -2.880898770693897656e-06 -3.599276203598241335e-06 -5.854554045826372841e-06 5.713427335671416504e-07 -3.606414899758038843e-06 -1.036766481264973458e-07 2.308892580495503910e-06 1.374731353844572806e-06 -1.372779010572492149e-07 1.020106777736684991e-06 2.040903210799952542e-06 3.688993792516988775e-06 4.305303084390326185e-06 6.563111662044531121e-06 8.582317897831595764e-06 1.311044990624955058e-05 1.875252856893065532e-05 2.057828940622082560e-05
-2.326524278624454987e-06 2.334080160404458919e-06 -5.272614964819655569e-07 8.260639301962126829e-07 1.236699659197659039e-06 -2.562508495329953249e-06 2.714175909569339924e-06 1.639381280010778697e-06 5.383993995094093460e-06 4.025937204856958194e-06 1.606305439772590518e-06 3.416921402502711279e-06 4.364975939499113099e-06 9.853537444326861187e-06 1.187330382062015452e-05 1.417664898885998511e-05 1.420544246843429992e-05 1.168140956674847543e-05 1.197424987995017429e-05 7.297555144661537113e-06
2.277774308473586713e-06 -2.214060072022941581e-06 -4.433418106464861014e-06 -3.647090146380025808e-06 -5.714486809158277415e-06 -7.947925787776505394e-07 -3.340249864373962345e-06 -2.933985842696323215e-06 -4.445248930044226509e-07 3.435845088125193449e-06 2.742706218486151085e-06 4.220129538786949349e-06 4.644870020656300901e-06 4.513025918800418212e-06 5.689221894333495189e-06 6.916285092206276119e-06 5.130896550004180801e-06 -1.876769346278311098e-07 -8.131204580362449061e-06 -1.445819636855358206e-05
-1.151954306546401887e-06 7.504697219708542727e-06 -2.208812617981093124e-06 1.336372428654567118e-06 -1.040467008593168065e-06 -1.685601106230115341e-06 -5.578591278626331059e-06 -4.119299159601082122e-07 -3.641095297831146368e-06 -4.019631470483934104e-06 -4.620601111953144758e-06 -7.159509636636241633e-06 -6.199516031103392995e-06 -5.186905613326954907e-06 -5.214715585588906768e-06 -4.527422521181221757e-06 -2.012828813658123253e-06 -6.798220205215032343e-07 -8.928515233135095224e-07 -3.587608847004034182e-06
-1.227528307461522823e-05 1.180848578977441227e-05 -5.329533869323643141e-06 4.084183114010457629e-06 4.431922387675751741e-06 2.996676276031155521e-06 -4.530811459200002984e-08 1.287226341683958016e-06 4.031377732622711693e-06 1.351817849400532628e-06 1.952620085508373572e-06 1.572569094185542674e-07 1.733242390784370100e-06 3.655216677421357386e-06 -5.108686281698806837e-07 -4.748140308891103659e-06 -5.508458557474918860e-06 -6.666606542657388260e-06 -1.084649245718058011e-05 -1.601989893385413275e-05
-9.688874217889175021e-06 4.587876634876575224e-06 -3.391800175205403555e-06 -5.645065260152211121e-06 2.633435313921000675e-06 1.755352173213454843e-06 2.606219691849947685e-06 -3.294531453636706227e-06 -5.336725955435762348e-06 -3.119565230579423088e-06 -9.823720799009802100e-07 -9.246229003877094942e-07 4.944270977613893586e-07 3.471959281449623678e-07 1.386750837804985456e-06 1.244864771475128666e-06 -2.144689587368846856e-06 -5.462009802502561748e-06 -1.138514516288063282e-05 -1.573532294334916714e-05
-5.908150308821472226e-06 -5.410260888471622968e-06 3.809841020177394185e-06 4.475926649824602878e-06 3.115672430122166953e-06 -3.231071811746923598e-06 1.298918679162797680e-06 -2.741534802563082265e-06 -1.330815895903822999e-07 4.396612876130084022e-06 3.562531578142377529e-06 4.946287681610205998e-06 5.756418486047911564e-06 5.547060419313988655e-06 5.727284625874363119e-06 8.515292904761038892e-06 7.859316696571904656e-06 4.485540633303624032e-06 -1.845406004828571774e-06 -8.866407265798809589e-06
-1.087781903996235859e-05 -4.410905304798589605e-06 2.918966207701352012e-07 -8.158651298154140793e-07 -3.175448417210600235e-06 -9.238212842475360306e-07 -1.298213099534262532e-06 2.544717741629041656e-06 -5.082862895431524582e-07 -2.782953572238239460e-06 -3.304374853185857045e-06 -7.207200734338767987e-06 -9.833194659188303406e-06 -1.422829209336533019e-05 -1.887960858244371021e-05 -2.296564759464523797e-05 -2.360477187944833781e-05 -2.107447905810076689e-05 -2.148482808578733557e-05 -2.212734035308277719e-05
-1.133425042944811406e-07 3.452318750098378117e-07 1.504690799284580355e-06 4.700657095856348248e-06 -2.197287712335086673e-06 -3.157530847893232275e-06 2.204843043913693609e-06 2.439876907647894136e-06 3.630484371869705864e-06 6.129278152239661477e-06 8.493196193538593005e-06 1.061364849785297866e-05 1.350415493880342349e-05 1.840154910413001972e-05 2.341611194566975209e-05 3.190686891406188669e-05 3.849235318763807482e-05 4.243166651844330287e-05 5.182125044099333280e-05 6.823146752332126324e-05
-8.804206538925008600e-07 -6.327498619053982416e-06 3.130725890246426074e-06 -6.717888772400430607e-06 -6.193370814158494342e-06 8.572582404301297458e-07 2.052082529146336223e-07 1.139775972269135354e-06 -2.293176861025139772e-07 -2.974993607348977145e-07 -2.983575449270302925e-06 -5.869249081591123242e-06 -4.109056358870904506e-06 -5.723148420289908234e-06 -8.983684239538577599e-06 -1.133865681677269184e-05 -1.221622680242615038e-05 -1.222662544444158150e-05 -1.291986165061591341e-05 -1.777973143938493795e-05
-5.352816050525343607e-06 -1.410852133376020602e-06 -2.798903201297119749e-06 -5.058403456244210156e-06 1.276536634895782963e-06 -1.322206476067632835e-06 1.989292515309736125e-08 6.208677071914681123e-07 1.843539258700686404e-08 1.291957578139047167e-06 4.458590448980106952e-06 3.372580012441113615e-06 4.447599867480783560e-06 7.934627001436639475e-08 -1.604575493763334864e-06 -2.930982158938487780e-06 -6.129849676395566448e-06 -8.352610589884768748e-06 -7.745336547155430438e-06 -9.569404759139761520e-06
-1.317176025231497434e-05 -6.610456418847236815e-06 -7.414574861638476804e-07 2.637610046089758149e-06 -2.532353291194261674e-06 -1.182529004858524301e-06 -2.497192370869222303e-06 -2.370118552694395425e-06 -6.398636419364920536e-06 -5.693001852456243185e-06 -4.613868200021626276e-06 -6.774576538077216079e-06 -6.956650259310383272e-06 -8.376697736023120644e-06 -1.054653243585621963e-05 -8.876080071842041219e-06 -8.870800283976077694e-06 -2.788082816287450332e-06 1.082506053423166913e-06 3.368550088833600301e-07
2.536729152945377680e-07 3.335156280672376944e-06 -5.442110842406158335e-06 -4.722155624185955325e-06 -5.443602644060486328e-06 1.698226697582179366e-06 -3.303899956818899685e-06 8.557933669382911088e-07 1.742691624366640075e-06 4.908889230462834709e-06 3.072479929464173368e-06 1.862074636665202958e-06 1.308664249742353520e-06 1.956335573252236659e-06 2.840784579708878530e-06 3.380769260325940157e-06 4.321137788218372164e-06 7.579894019575182443e-06 1.234770559932186579e-05 1.630301546021410556e-05
8.135433105240552472e-06 -6.265844192520762218e-06 -1.915330895964366548e-06 -6.122729408064233689e-06 -8.743688783288625734e-07 -8.829430622392190255e-07 2.466976729702755733e-06 3.585428817333789256e-06 3.570524723930711285e-06 3.769775241846034050e-06 6.365932669941836404e-06 7.449517418594996464e-06 6.888646889004042614e-06 7.376153337917385200e-06 7.750758875107029790e-06 7.877207316982492584e-06 1.057861252991137257e-05 1.354528894552778259e-05 1.823130722734635548e-05 2.509406393031071903e-05
6.174879908855784828e-06 -2.421579935125381190e-06 -5.358291613688142246e-06 -3.622788391051294823e-06 -5.135424218114539360e-07 2.376379009636882597e-06 -1.061259800400260738e-06 6.677254332700870574e-07 -9.158345597513040197e-07 2.000575407602681518e-06 8.589079415032717742e-07 2.598727972065254180e-06 3.168030090558353619e-06 3.629997862156288220e-06 5.954241891619616581e-06 4.103235394650790887e-06 2.495301524444315877e-06 2.148254002915343238e-06 -3.282666648664030701e-06 -1.434969140248344740e-05
8.511221592250979576e-06 -3.432401875596271890e-06 2.949801166817955476e-06 -6.771330451034851488e-06 -2.445372827670185726e-06 2.055952496794086968e-06 3.149731021282616962e-07 -1.317064609459157826e-06 5.519221659842142743e-07 2.995785129403231225e-06 3.704197326596407628e-06 8.625278542860147888e-07 -1.269725031060657885e-07 -1.135304216821331429e-06 2.245169729156535397e-06 4.064953879541916568e-06 4.948111540142133018e-06 8.711696045515859908e-06 8.642841923420953564e-06 5.340652084993084083e-06
5.046079772437140739e-06 2.014408591002585642e-06 -5.399560579399194962e-06 -3.090688088796666035e-07 6.043400515347497689e-06 -4.701362810644821601e-06 5.260305607184028672e-07 -1.472569620168185600e-06 -3.534647059536180467e-06 -1.876151497186065668e-06 -2.681356698138060451e-07 5.047633241784490522e-07 1.968909448351485932e-06 4.172692012193440425e-06 6.840094340391043097e-06 1.359860120236846657e-05 2.166845711100681194e-05 2.826361670455932416e-05 3.536891290064980649e-05 5.190178639624794878e-05
5.762468217766417963e-06 -1.255131825875783059e-05 -9.590405631187504614e-06 -5.062240614877828255e-07 -4.485788111423840112e-06 -3.100714483234029631e-06 -3.510842585826578918e-06 -2.967601149541983782e-06 -5.013919695348014020e-06 -8.125619120438573836e-06 -9.647639500159627062e-06 -1.298958379943152888e-05 -1.719110525213538173e-05 -2.161428674727833353e-05 -2.682305379751628087e-05 -3.508492699465814334e-05 -4.850532072320431907e-05 -6.064660623462712294e-05 -7.919988605226932791e-05 -1.007193686440441602e-04
1.789840804413236243e-06 8.521003302031818517e-06 -5.831607382137175382e-06 -1.025635179265205804e-05 -4.301553165902907338e-06 -3.636967311513889147e-06 9.814945046928907543e-07 -3.154508616946882413e-06 -2.174368668461877478e-06 -3.463773283736641946e-07 -1.190102675842920932e-06 -9.371630667880826968e-07 -6.900640342553562355e-07 1.522407886507156576e-06 5.214719179804034621e-06 7.727057492234044159e-06 5.611014235252799748e-06 1.038096778718396115e-07 -5.107970156713771797e-07 -3.778919254523457156e-06
6.063271480939852431e-06 -2.430692514365044125e-06 -1.950980408779493625e-06 -9.994024639389951588e-07 2.817751117917538664e-06 4.016797538684716432e-06 -3.439248451399930982e-06 -2.170839681232149162e-06 -3.071447351319603600e-06 -1.966630078993751329e-06 1.641921018102282102e-06 1.133047622583375679e-06 4.575087433755485395e-07 2.591378999707040453e-06 3.863151402206324755e-06 4.001926650332032329e-06 1.454895717110260674e-06 -1.756338742138082840e-06 -4.718441335820875851e-06 -1.585097110928012233e-06
3.278401831883215441e-06 1.129005870325800065e-05 9.638911263644488351e-07 1.406804894488539582e-06 1.555368869482943680e-06 2.327728136196643530e-06 1.241069777927475686e-06 -4.813597176546711788e-07 7.517883333605568044e-07 1.527446072858894612e-07 -1.066684971635690709e-06 -1.130211310619012043e-06 -1.524209161395226250e-06 -2.657078859630121796e-06 -2.887562818476823336e-06 -2.103506216574198505e-06 7.211082520824179355e-07 2.138811840239138924e-06 5.521133661689724939e-06 8.032107513108315371e-06
2.201301642745680610e-06 -1.000249357526010607e-06 -5.716953631139268839e-06 -5.106290418180346047e-08 -1.358072814894377881e-06 -2.057613850865188096e-07 -7.090509051965207630e-07 -3.369120382977592162e-06 1.289133811316566928e-06 1.213867883743481899e-06 2.320597059701107686e-07 -5.483163751150414820e-07 2.828190775312327280e-07 1.341078349833689143e-07 -1.958004851106659293e-06 -4.296794417573466358e-06 -4.281270551802756412e-06 -6.533895187986171490e-06 -1.549392871604157618e-05 -3.020163833835492350e-05
-1.284639161605468743e-05 -1.151984162597651625e-05 -1.887907759439267309e-06 6.190954995895772077e-06 -2.100833891798089351e-06 5.320061113208032107e-06 -1.674319748477966782e-06 -6.365027564868509975e-06 -2.628270752509748336e-06 -2.230069853267043184e-07 -1.786540377992667768e-06 -8.877852250299272364e-07 2.936238428138713505e-06 5.436794785727814133e-06 9.262382416162693208e-06 7.325601314054712512e-06 6.202929637797491874e-06 -4.896312805653712075e-07 -1.132648798257737887e-05 -1.771569011404920159e-05
2.273583138575419136e-07 4.700862817337058414e-06 3.302742252597105827e-06 1.101947051439028705e-06 4.023862781933803119e-06 -5.088653659777616678e-08 1.606641972570007644e-06 3.139643985839424657e-06 2.229034033865828040e-06 -7.285808230351761112e-07 1.310170913540036882e-06 2.332845457915430824e-06 2.698863078656834462e-06 2.938230106976937977e-06 1.135265966613801954e-06 5.202608958800345606e-07 2.788709290298760492e-06 3.712963810310355492e-06 5.039178162214579862e-06 7.629627307843683600e-06
4.243090966356208406e-06 7.864950955885700157e-06 1.177351375194895772e-07 3.360315462141759235e-06 1.679354973043088566e-06 3.917101823981550771e-06 -1.341317969858432569e-06 -1.336562693373587614e-06 7.365280614720894710e-07 1.451820088150595087e-06 1.822805680044402103e-06 4.561825837515313709e-08 -4.496001595518103572e-06 -6.447744451937684640e-06 -8.469055348641839389e-06 -1.177896819737587251e-05 -1.763263252326752761e-05 -1.967553130332217286e-05 -1.779784436393310777e-05 -2.074563674456938268e-05
-1.197992300420309846e-06 2.404965778903864205e-06 6.020375717059182929e-06 -2.141599633365978166e-06 -3.441161027319355936e-06 -2.961650039442914041e-06 -3.103286060308723649e-07 3.629023885832119276e-06 5.694120711673302567e-07 2.990232919879255202e-06 3.751958874326407885e-06 2.770924033455994951e-06 4.117939633012748778e-06 7.822953710669766216e-06 1.012086194223741927e-05 1.236666098531993614e-05 1.676773402370536738e-05 1.575540394437847621e-05 1.006856096689916413e-05 -1.086815543062757166e-06
2.024539303592992316e-06 7.844243186012569928e-06 9.579756715338697939e-06 2.081723417630433113e-06 -8.294342908274173921e-07 1.392683338701207477e-06 1.301879766991826301e-06 1.608865725856842261e-06 3.933381759697927099e-06 4.341365641565955056e-06 7.195440842654088470e-06 8.009998685982750244e-06 9.424832723549937167e-06 1.187464975764625370e-05 1.474178338204647427e-05 1.779377370160636378e-05 2.391324943227008892e-05 3.454782565621178250e-05 5.342209383835465309e-05 8.726207117939932165e-05
-2.911638404285324080e-06 4.528634133606543543e-06 2.956623770535520307e-06 -1.338767128867749230e-06 4.188546957540086612e-06 6.253729610562058920e-08 7.984819150245028885e-08 1.948354812246531307e-06 5.083906909901308818e-07 -1.956396005576352805e-06 -3.548448490515194359e-06 -9.442301073544779591e-06 -8.932315379474619667e-06 -7.198027806184287916e-06 -4.991501476815166975e-06 -5.611179797448578525e-06 -7.302785401353275069e-06 -5.384224552160195281e-06 -2.201068885853324212e-07 8.574985070951403825e-06
-2.903260790587716006e-06 1.246703057505683578e-05 1.009403572961801022e-05 3.137943794374781902e-06 -2.154198497113776437e-06 -2.966805141527906539e-06 -4.119939661626517997e-06 -2.121509468753119836e-06 -7.861208911351904326e-07 -1.764953567985692936e-06 -1.127402405996263569e-06 -3.629141994898502254e-06 -1.627310043628024296e-06 -4.040101798172129413e-06 -1.916917802287451016e-06 -9.480135456969255521e-07 -2.667533289734942779e-06 -1.804345597127566917e-06 -2.491640290385032626e-06 -4.078984435665356035e-06
3.678102110102677564e-06 -3.037621648699213953e-06 -1.695349064357270229e-06 -2.619751020382968673e-06 -7.057263508457839458e-06 7.704455552012550443e-08 1.625887330546213814e-07 3.947804697497052610e-06 3.717495586858775218e-06 3.967461482737495025e-06 2.071050398885312716e-06 3.066254501144819122e-06 4.145540193027185477e-06 6.148977360841168038e-06 8.986036115146407797e-06 1.198868523655663903e-05 1.569633778150465091e-05 1.879052215242925323e-05 3.262727752223248739e-05 5.325575417397080964e-05
-9.641011103475604594e-06 -1.268805328900166778e-05 5.029588617608537891e-06 -2.927901332901173725e-06 -1.961594728967769794e-06 1.725755949204419158e-06 -8.929460159244499676e-07 2.851171286694499399e-06 -7.139268317294252615e-07 3.793700652695194906e-07 -2.939299985080024828e-07 -1.390208071514453080e-06 -8.728685597413128799e-07 4.086730787338352668e-07 -2.690441214879885444e-06 3.963028585294276862e-07 5.066431030638069505e-06 6.463006794705422245e-06 7.232860408863939917e-06 8.924078456647377560e-06
-2.732471069177198838e-07 -7.406227850341234359e-06 -2.224477794368283324e-06 -2.140219566549173279e-06 -1.493323712960134292e-06 -2.129746577650529555e-07 -7.223111890013969550e-07 -1.352336807082417109e-06 3.766156034027825677e-07 5.747030061548093429e-08 -1.721871042510480467e-06 6.928620332428644510e-07 2.596634787595384679e-07 -2.450218663941892485e-06 -4.533889123268564870e-06 -5.960099151129626432e-06 -5.538820376435109419e-06 -6.298800286371667179e-06 -4.037165427572475814e-06 -6.584322958408178041e-07
-1.826925999115487443e-06 1.158945896842014780e-06 9.200745785850306962e-06 -7.593312139992082563e-07 4.672325881456183468e-06 2.307432700824919627e-06 -1.326332081962608393e-06 2.012647783625337920e-07 -2.655092170468988985e-06 -1.191047646645160589e-06 -3.832254915632425890e-06 -5.402878654961043838e-06 -4.568820995867115484e-06 -1.240714970983586226e-06 -1.158727904158134295e-06 1.637953660432847033e-06 4.938621985977838606e-06 3.610558680436467007e-06 1.132921328206080214e-06 -3.777952727490242993e-06
-1.194687358313314120e-05 4.323911016405353074e-07 -2.174501769433954945e-06 4.290800111599560989e-08 -2.428300458820965799e-06 1.559803100850889382e-06 -3.423558169446723814e-06 -4.288254435453238941e-06 -2.173953882701332330e-06 -8.661678293977499887e-07 -1.553787216528463278e-06 -2.176794845781770645e-06 -4.666929706045042804e-06 -8.215853370014843850e-06 -8.656999310057229477e-06 -1.077237919224622093e-05 -1.317369275644800859e-05 -1.586853001326079987e-05 -1.838864103549029178e-05 -1.979530457375629749e-05
-4.484720023036513814e-06 -7.869869458687223863e-06 -6.730496559056889368e-06 -4.316394437643920292e-06 -5.727079546537327105e-06 -4.371921584089652473e-06 -4.787599705768742332e-06 -5.469775396215674734e-06 -6.543859935113936278e-06 -7.131440138728398932e-06 -9.195451901070326813e-06 -1.166851062894544396e-05 -1.474284125888834366e-05 -1.944236649899769279e-05 -2.370794637006675627e-05 -2.737941882716851357e-05 -3.173691308534096813e-05 -3.971808961594421749e-05 -4.559918077295375711e-05 -4.809487006903419201e-05
-6.108195817882227791e-06 2.618028280353455684e-06 7.622172205441518807e-06 6.910245023151539997e-06 1.202871519742578831e-06 -6.229209007628829389e-06 -1.273611339234627618e-06 2.515240190067601028e-07 4.509479062528957937e-07 1.340589418090096852e-06 -8.380756121392660224e-08 2.510318596045012639e-06 4.539359251836736197e-06 8.242622336640850937e-06 9.408843594778473231e-06 1.227155964288067232e-05 1.529731447242944320e-05 1.517525984506155232e-05 1.471701926994990531e-05 1.822605724880359943e-05
-3.152181696678010551e-07 8.205146194888367388e-06 -1.034300865553849576e-05 -1.658906281135634677e-06 -1.918828597917224903e-06 -2.019115345322213814e-06 6.641806218963555021e-07 6.928879860758853699e-07 4.842969455466051818e-07 5.251148593850401398e-09 -1.329135981240604878e-07 9.235949541740044412e-07 2.562725303666707714e-06 3.038117723964279455e-06 1.475966584131769525e-07 -1.880919713513047540e-06 -4.255123966014347933e-06 -5.603026561443099530e-06 1.044598191350388254e-07 4.908271375932803618e-06
1.151342744959417000e-06 1.439955823760812410e-05 1.772116735603701535e-06 -2.005823754613086162e-06 -1.182654983958470073e-06 -4.416477105138239422e-06 -9.865966673638411891e-07 1.706619939120285993e-06 -3.205921046300294342e-06 -1.990270440192217771e-06 -2.743175907066194572e-06 -4.459175803229992328e-06 -5.765106100251610898e-06 -8.903563036296885825e-06 -1.255178349305703071e-05 -1.714596547848805039e-05 -1.454327896987522178e-05 -1.368080756509821238e-05 -8.435459799023106560e-06 5.968757392329623667e-06
-1.099882751809195191e-05 1.258735658531480014e-05 1.645256758616090638e-05 8.279834065090329416e-06 -9.046699623877608653e-07 4.400491837971944452e-06 4.400542559287495219e-06 1.889614915444539070e-07 -3.434838659285464368e-06 -4.109758594703036034e-06 1.531514268908075387e-06 -3.161568446334016465e-06 -2.273796276544208699e-06 -2.598800624441258152e-06 -3.133480698921952815e-06 -2.465879416987200225e-06 -4.221592131931091537e-06 -7.843017580994702075e-06 -1.113394634101310582e-05 -1.225372443552289451e-05
5.815989035567255445e-07 1.080239172851491024e-05 -7.661271870063826950e-06 3.846479939962206248e-06 1.654904755042376442e-06 4.374427118370102897e-06 -1.638413334246044796e-06 -2.342976627840415370e-06 1.616459195483486831e-06 1.766959178610213253e-06 4.515911336481722327e-07 2.594288093183089880e-08 4.806292979526068963e-07 -9.541930633310442359e-07 -3.397357350319402941e-06 -7.296263862893219445e-06 -1.561057438540913706e-05 -2.626453525199004676e-05 -3.961307065191287005e-05 -7.176055602891967501e-05
-7.491160631415153266e-06 7.417023811176439894e-06 -5.256883171418109500e-06 2.652322556377507421e-06 6.944499612764653523e-07 4.074998790054540457e-07 2.204727951224933518e-06 4.540955738629804966e-06 -6.976630542409218218e-07 -2.738784649119361389e-06 -4.856651962364578689e-06 -5.568921066830399049e-06 -6.633747306005674256e-06 -4.272026922384214109e-06 -1.069183244855031146e-07 1.794153752073668004e-06 7.148075238819597945e-06 9.226893637624768342e-06 5.075779451643151971e-06 -3.130778969462435519e-06
4.720066877518822020e-06 -2.490409944655412369e-07 -3.973770058762960254e-06 3.729455279332277174e-06 -1.141364986258979720e-06 -1.531707904806623721e-06 8.254041745277668202e-07 -1.446287304902564563e-06 4.283188607141988653e-07 -1.234744389794953858e-07 2.496029193385963508e-07 -2.927857081064030198e-06 -6.380045733466197291e-06 -9.524229323314067084e-06 -9.643018751894707967e-06 -6.152137403225422764e-06 -1.163721385521606425e-06 1.755824846259025334e-06 8.208215247875818058e-06 1.193809976353187251e-05
-3.216039139955918600e-06 1.022084363206978088e-07 5.386408983694861658e-06 3.043374577668681214e-06 2.336695031087060039e-06 6.422862678847659205e-06 3.882093429548873380e-06 7.510817495662115263e-06 6.771864781626105952e-06 7.881807536648249444e-06 6.429175017842861845e-06 4.525147794168166993e-06 7.024530968653293577e-06 7.333357735686578284e-06 6.416077484803307759e-06 5.373516373102428607e-06 9.177153475460618942e-06 1.009301054381708736e-05 4.008833533017888531e-06 3.044592505469635997e-06
-3.722361786300740538e-06 -3.066958164344288286e-07 6.150753731494721052e-06 3.399372184895858692e-07 -1.801940186977139472e-06 -7.828998420634202061e-06 -1.092081763551113296e-05 -5.024160888656399398e-06 -7.046987983693019238e-06 -4.721656758592451360e-06 -8.327972039047238642e-06 -8.788232741332775591e-06 -1.094620353919280898e-05 -1.293034213659307051e-05 -9.678319530933821274e-06 -5.138392756091015584e-06 -4.315939776949466251e-06 -1.341712406029643090e-06 4.220796395683604764e-06 1.250759166140131027e-05
2.169797417816933858e-06 5.100567015035443475e-06 2.220253628578112345e-06 7.464030334018087702e-06 4.734088031402602819e-06 5.927927871156783909e-07 4.269720512924309184e-07 1.778694080932690138e-06 -1.643960815171802108e-06 2.657407052835217920e-07 -6.428134104059799852e-07 -1.419091432545526637e-06 -2.348008634238374117e-06 -4.214701087820493592e-06 -4.952887076798276636e-06 -5.050704799101053493e-06 -3.586263431314911906e-06 -3.168712126280948956e-06 1.036809532142902109e-06 3.633394370657254291e-06
6.649119839619878269e-06 -4.025486215502531423e-06 -3.738148211232716711e-06 -9.851842399918417092e-07 3.144195802263178771e-06 -1.589815141304180735e-06 -2.830227345136127945e-06 2.312448670214694718e-06 1.660985567514010415e-06 2.077416751685945594e-06 1.799743494700743915e-06 1.164498745700388494e-06 -2.620931090098090201e-08 -2.775924112736350495e-07 1.275923697221105269e-06 4.400945182892473165e-06 5.952987393809663459e-06 5.304705527303830340e-06 1.410387955412583302e-06 -2.729157801114774002e-06
-1.362251903807308310e-05 -4.351909146790003631e-06 4.459636136426945946e-07 -1.640160095878073189e-08 -3.929874009160824566e-07 -6.792450855264157922e-07 3.612412837251107795e-07 1.544044053188718927e-06 -1.477844725200428951e-06 -2.776816082555717493e-06 -4.282762081470872267e-06 -4.018571665764478545e-06 -4.142242391989603896e-06 -3.788546729002057251e-06 -2.683398631919132621e-06 4.291869718137144474e-07 -3.498869122126733368e-07 -1.888020015889287017e-06 -1.994043259412737765e-06 -5.167045007711530687e-06
-1.981039255356713904e-06 2.256077166738393196e-06 -2.723670366108713437e-06 1.092020548389159212e-06 2.994596009661258203e-06 7.391958249436246081e-07 -9.530586572430628649e-07 8.104506781859901766e-08 -1.064528414844769551e-06 -2.386738626489095553e-06 -2.426520375111930199e-06 -6.768000181595220173e-07 -1.192201066551146813e-06 -1.755798000586214493e-06 -2.674243577740169314e-06 -2.366110524421374907e-06 -1.707119622796660276e-06 -3.996721389054057510e-07 -1.172976493854742425e-06 -1.108488320194174087e-06
1.282352932026769690e-05 -9.461002588216279056e-07 5.829340943780726578e-06 4.474933606409010466e-06 -1.039522524268641294e-06 4.291612489668580478e-06 1.422372763171303640e-06 -2.793649301561592834e-07 8.840092709083211659e-07 -1.976110774002216189e-06 1.887910492656742026e-06 1.759326079124721878e-06 2.630176954377057431e-06 3.168754523931112341e-06 6.880882221938773643e-06 7.020546350770738735e-06 4.690046381371190584e-06 3.916714684765960488e-06 2.955572976962766802e-06 3.836786099061276823e-06
-3.405109180919351422e-06 6.300557111039905662e-06 1.261601955069337776e-05 -2.420742117235573163e-06 4.855909469023369721e-08 -1.981094853402872840e-06 -2.316107397812705017e-06 -2.664250350119417825e-06 -5.067507254077347056e-07 -7.452766300439472639e-07 -1.167235364473689391e-07 -2.370973323672701012e-06 -8.168878635987346438e-07 -4.311179199188668908e-06 -4.156940272291842171e-06 -5.122020005256705915e-06 -5.521499759144586052e-06 -8.201587758055696039e-06 -1.561769924071718384e-05 -2.144510431375633495e-05
1.959067504713733973e-06 2.756343212179263752e-07 9.235544525585520389e-07 -3.256258148246391583e-06 4.315825244787006184e-06 -2.200481068991990650e-06 -3.542222682329359079e-06 -6.595397682430221851e-06 -4.637936557530576821e-06 -5.034177598611208241e-06 -5.781066071672507598e-06 -6.196333317576488844e-06 -7.441026064177669491e-06 -6.294934108674627147e-06 -7.669875188366460575e-06 -1.446490345532115395e-05 -1.984374416696695648e-05 -2.548677720316372392e-05 -2.749420542657504739e-05 -3.495847102522864065e-05
1.229687253769993103e-05 4.796470187350993624e-06 2.837167018390460718e-06 -4.702704871222942014e-07 1.848666659627449450e-06 -1.350733152710414392e-06 1.215802150609694777e-06 -2.141894084425414584e-06 1.958529176265403617e-07 -4.705152827975288400e-07 -1.907912129705438562e-07 -1.381163995037872273e-06 -2.007639090407378144e-06 -3.298965443730974815e-06 -4.446989866679389274e-06 -5.067715631334516438e-06 -5.408221052952969533e-06 -5.118402011463468241e-06 -1.008082114732951515e-05 -1.980272821390000290e-05
-1.179290864081694400e-05 -2.824520779606521657e-06 -1.326075728975517277e-05 -6.428864826498365036e-06 -1.254516458688281992e-05 -1.296013730232365278e-05 -1.204309248441096153e-06 -8.275693837839568688e-06 -1.251165969758170900e-05 -1.822714200167321389e-05 -1.718463023522963853e-05 -1.985235223336171242e-05 -2.928060162960732300e-05 -3.687734350679696755e-05 -4.080420289574632388e-05 -4.563952415688761325e-05 -5.640331622093661769e-05 -7.024906199533616279e-05 -8.754807547080848589e-05 -1.062936124804609548e-04
6.499200533377123305e-06 3.524743713496306215e-06 6.557233492056179065e-06 4.464520015345620424e-06 -2.554517156987087556e-06 1.037573492197514644e-07 -5.923678872135993833e-07 1.390368766613413689e-06 -4.726857308480291125e-07 8.938639030922132559e-07 1.688593745256498187e-06 1.752913348196733897e-06 2.306053619255940566e-06 4.985708399345173388e-07 1.007301587689136702e-06 5.658398823240678877e-06 9.084751243078730958e-06 1.149950924027388919e-05 1.680851935274657821e-05 2.096561012359845678e-05
7.082805647306277821e-06 8.240432624473812960e-06 -1.126667250536466563e-06 2.961171129377461074e-06 -1.947813936254964494e-06 -3.340308997934187071e-06 -3.362483859419039051e-06 -1.075765698421052259e-06 -1.700416720885769394e-06 -2.974999720496947601e-06 -1.580253258951904247e-07 1.849238399320682462e-07 -1.443610508389785753e-06 -2.125496584603514063e-06 -6.160391887228127815e-07 6.959770780714867790e-07 2.234664138044457480e-06 4.561898467502086347e-06 1.077554165587885895e-05 2.187735272709421389e-05
-1.113899540114682738e-05 -1.533663918375368249e-05 7.402489447891461949e-07 -4.254618202085209456e-06 -6.139105183950376124e-06 -4.386322661885339777e-06 -8.971888559560842880e-07 1.711607142268088172e-06 5.880883580350273573e-06 6.274970774461756757e-06 6.101855837130679998e-06 8.835267533324122022e-06 1.440803181947432687e-05 2.034237475493976352e-05 2.617234148105429241e-05 3.385578547683861487e-05 4.257129225373742847e-05 5.395874840436986329e-05 6.069884348775726832e-05 6.767912742333250594e-05
5.015099911954564471e-06 7.544680452070261995e-06 -1.547916222723634236e-06 -6.825053541118515176e-07 -2.370571289560049021e-06 -4.543866544989224368e-07 1.076595396660540241e-06 -5.680744346853089677e-07 -2.613544241053479034e-06 -3.681587173293334275e-06 -8.832507678428166298e-07 1.975845481165220890e-06 8.713790900355242368e-07 1.616781920629678555e-06 5.519718672976134146e-06 3.419921122073471460e-06 1.626914902051148821e-06 2.819986552233188621e-06 5.842650144831247188e-06 1.096802423142578586e-05
1.648953865840307132e-06 3.539454958766594502e-06 -7.979645332014752266e-06 5.665714841395348148e-06 -2.099503872848523768e-06 2.830462186708730457e-07 -3.779998375196810595e-06 -1.262937816069317971e-06 -6.689338147254282519e-07 -2.094633923634138574e-06 -2.332679038352735229e-07 2.134165331926533404e-07 6.548312385719756063e-07 2.905320564574369660e-06 5.659867505990930272e-06 1.083133801373920448e-05 1.300471088066005874e-05 6.795251236300948802e-06 2.973224123367239729e-06 -3.882087446727204946e-06
-3.177454639832079382e-06 4.021680033109876119e-06 -6.391573203271918140e-07 -4.861181506636171481e-06 9.935272398465616992e-07 1.538701064230176785e-06 3.081454328014110276e-06 2.490971988688909666e-06 -8.132979770035791151e-07 -8.821344512180944911e-07 -3.124118194654194898e-06 -3.654127180300616869e-06 -1.821337878312847815e-06 1.254449041960141626e-06 2.884118592436338589e-06 1.528980836024705237e-06 -4.160584894596960097e-07 4.736008032892519857e-06 1.428437583635623241e-05 2.583140391951715094e-05
-5.388018495437903098e-06 6.610998922169615812e-06 6.008438303877363999e-06 -1.896568474439240123e-06 4.356254783194570344e-06 -5.227045236623353860e-07 1.388147485119197740e-06 6.951808055446612074e-07 1.331824088638424856e-06 -1.288753146734410096e-06 -7.399875862939950533e-07 -1.008614249207968279e-06 -1.854322054547818489e-06 -3.309808190242073878e-06 -2.924883171759439773e-06 -7.362247441122951107e-06 -1.395066819801604296e-05 -2.127575004416918056e-05 -3.658259105548726465e-05 -5.910155844918420302e-05
8.589539006870732849e-06 2.743649000369908347e-06 -7.524271235647464417e-06 9.912093892402748718e-07 -2.560829341132900456e-06 5.066100765658213842e-06 4.240943593117992087e-06 2.523434156978310004e-06 2.980453786514405180e-06 1.868977111190959237e-06 -1.022799006721117232e-06 -2.314580262233649818e-06 -3.629555346976002140e-06 -6.361555816015272877e-06 -8.037281317711382310e-06 -7.849395175428484895e-06 -7.339616622298424473e-06 -4.167001021300353094e-06 -1.596267782911847154e-06 5.461416211664330869e-06
-9.662155799088001501e-06 -6.277844949856613476e-06 2.321955679813004474e-06 7.090742080884172701e-06 2.106756418459038047e-06 5.454685945653103692e-06 5.957259631931622217e-06 5.045356873211924839e-06 1.793837581844431644e-06 2.942127946129486888e-06 4.497279238893665059e-06 5.668452278038320535e-06 6.112456427853255190e-06 5.563614184234109926e-06 3.945900776153994030e-06 2.580979779475380684e-06 4.471674903463202525e-06 6.169070906057538169e-06 1.164406912325894977e-05 8.434609055698596373e-06
-4.776414601010082704e-06 -3.230384012655006813e-06 -8.198213947909480033e-06 -5.488915152910621393e-06 -1.226243843948586392e-06 -1.612248564436728262e-06 -3.366174280419299242e-07 7.737066625665462709e-07 -2.674629629160158677e-06 -3.315346841528088435e-06 -5.186018873412371367e-06 -5.624852729489055726e-06 -8.062783021353978714e-06 -9.967842420269075921e-06 -1.264781155790039999e-05 -9.359981968643788219e-06 -2.799861291854186515e-06 9.969774136637418570e-06 2.735207476445184016e-05 4.669362284565962545e-05
2.433897428158657838e-06 -9.036525398528019821e-06 -3.816032090051365471e-06 -3.642794803606373923e-06 3.562283937962909424e-06 4.241495825642454544e-06 1.467077766225818482e-06 -3.504919403400266133e-07 4.853519255915478567e-06 6.763504826184955630e-06 6.212635639074162638e-06 1.055397633322804382e-05 1.422381033187715807e-05 1.542194753966676175e-05 1.822005162669870977e-05 2.308946085928461172e-05 3.062110136763548750e-05 3.706067635301934116e-05 4.583830266261442339e-05 5.884233933658583875e-05
4.987486783039615008e-06 -2.027146133665983458e-06 2.977700201407595301e-06 -6.475838673221872553e-06 -6.396275554681053570e-06 7.121802825210997307e-07 2.397208934753129718e-06 1.623225840924975762e-06 1.441391001153219945e-06 8.033001264348105268e-07 3.359113291605687202e-06 2.564234464654437586e-06 1.782134472031615670e-06 -1.448384899075046047e-07 -3.777550843529122564e-06 -5.370487364737116006e-06 -4.501538612212948214e-06 -4.622731267378390621e-06 -2.872229944924838846e-06 -2.167612585385748147e-06
-1.537235831632628723e-06 7.147344969824785754e-06 -1.137353143433007659e-07 1.503166781128791097e-06 -7.518833781211700162e-06 -9.132312664004739140e-07 3.589316052559886006e-07 4.072090101283500160e-06 2.816781896341220708e-06 1.958162084541696888e-06 3.641633609899810453e-07 -1.554727795614046630e-06 1.638382934890609073e-08 -1.059035671728629235e-06 -4.426740449578468433e-06 -6.146206688425102364e-06 -8.605763311340785331e-06 -1.205346447651245766e-05 -7.922553621570211112e-06 -3.163947277327333951e-06
-5.630710591043397865e-06 9.307354435325871806e-07 3.149456194266748354e-07 4.078985197801331092e-06 -9.300839332427976011e-07 1.275229581923897515e-06 -2.938541210946871129e-06 -3.071848777527210438e-06 -3.351042101596958666e-06 -2.799551563469638268e-06 -2.553420061963391782e-06 -3.445431647852354221e-06 -4.421455398537571289e-06 -5.398333837182840825e-06 -8.941166525599539720e-06 -1.053995394794109237e-05 -1.009497329490724324e-05 -5.469686087951785880e-06 7.680781660481024690e-07 1.696484762999047422e-05
-1.187039609902121249e-05 1.465977575925308632e-05 1.671061249873891846e-06 -8.754138699765959668e-06 -4.088447392199232494e-07 -3.543173457224855036e-07 -6.804823869055754808e-06 -3.607238454007643946e-06 -6.227461220669334353e-06 -8.548706848385357061e-06 -8.403015588982460873e-06 -1.143397314021068049e-05 -1.368648813807581381e-05 -2.315389292779499442e-05 -3.001880080098384316e-05 -4.198938916980075599e-05 -5.595610250570788531e-05 -7.456952941412272663e-05 -1.024559931068931969e-04 -1.387996280255630562e-04
9.640736569484832199e-06 1.111859575935934707e-05 8.283021401046447221e-06 2.467186228220463916e-06 1.203442281342432495e-06 -5.411017445213208376e-06 1.926808277395822920e-06 -3.845470265036546816e-06 -1.453934091765049489e-07 -1.510645269338643119e-06 1.477861579854726690e-06 8.787580890933284906e-07 1.556123649222956796e-06 2.336703212031356535e-06 7.216272493908047174e-06 1.304289038688714986e-05 1.572925884016338174e-05 3.085414541221793131e-05 5.317966977220724622e-05 9.413215293731663237e-05
1.601354621551050476e-06 -1.599991050620372297e-06 3.138490251811125949e-06 4.515760524245402154e-07 4.506353918780231569e-07 -2.694077718758599771e-06 -3.366347065070705876e-06 -1.431150168540481163e-06 -1.500456234660871756e-06 -1.517771344920080562e-06 -2.789367981928690024e-06 -3.750938885650552513e-06 -2.926207824564666511e-06 -3.189023946418426360e-07 1.309215059344767546e-07 8.798151783998158873e-07 7.128973619377582693e-07 4.348122973462609730e-06 1.474776290811956906e-06 2.866127093836322102e-07
-9.572749869962709915e-06 -4.796319586906945107e-06 -8.295798601921054049e-06 8.531634431740015249e-07 -7.756982660946506387e-07 1.878583567145721113e-06 -4.224857275890585061e-07 -4.921069766033377761e-07 1.336221682696351289e-07 1.174985204290661349e-06 1.588922820812846197e-06 -1.693182921516140883e-07 -3.010638121522644876e-06 -4.242449101870909591e-07 1.552746236121365616e-06 3.821241680064699172e-07 -1.156213043801134378e-06 -4.090472041237997371e-06 -1.066519375096467435e-05 -9.714951809616007404e-06
-7.051977631595432242e-06 -6.353879942641924486e-06 -3.097193917263361631e-07 -2.616005263566621161e-06 -7.030086592780955801e-07 2.093177979101642241e-06 -1.331379152961237177e-06 5.846456251108214880e-06 3.189550558329690564e-06 7.357690949837926467e-06 5.579960451475133543e-06 6.258682375916303318e-06 8.415202726696449398e-06 6.415122215380329237e-06 4.110923295233119781e-06 9.488237488746148669e-07 -3.193254116992663307e-06 -6.614811309847192204e-06 -7.279190102778561769e-06 -8.112392141667848006e-06
8.439668883650578636e-06 -7.764836940120706777e-06 4.980579207165125549e-06 2.565980251681334366e-06 9.676566944123774566e-07 4.662960993363835943e-07 -7.513504240743357876e-07 1.622673444709338382e-06 1.375688593154620607e-06 1.817772558368774394e-06 -1.685780482706913951e-06 -2.755015840225680659e-06 -5.581380283857899733e-06 -4.464251578722006731e-06 -3.795141893615166274e-06 -4.097259330662529049e-06 -3.813042623630816659e-06 -3.519950021333775914e-06 -3.011684942659093396e-06 -3.146175555570793475e-07
4.177088254246401199e-06 7.419122321325960102e-06 8.469234605811529784e-06 4.097377037900542949e-06 1.632052321836618844e-06 3.210758712090312743e-06 2.088928458613633995e-06 3.027674768944969745e-07 -1.166685901981687873e-06 2.029592938698315159e-06 8.786754120975679622e-08 -9.045060256693174124e-07 1.719510431786536000e-06 1.966810808264278290e-06 3.091273853085754747e-06 2.390732258602658178e-06 -4.382454663826856879e-07 -9.278672930642384332e-07 -6.513592501817432105e-07 -4.684241796115090151e-06
1.142187205560624247e-05 6.653011346297660878e-06 -6.271219138665015684e-06 2.091640141862012450e-07 -4.365210029135418548e-06 -5.110913753971484612e-07 -4.619536768713382961e-06 1.395591265226022273e-06 -2.738688725375460273e-06 -3.780913722257616172e-07 1.833004187639619470e-06 1.370997934172629342e-06 4.565389242386046373e-06 3.118511288062671283e-06 2.693689931858515475e-06 3.395218500398883799e-06 4.532989340027817756e-06 2.662344834399559961e-06 -7.094447748734626368e-07 -2.583175873082092883e-06
2.323915034276080654e-06 7.977975252359639293e-07 -2.823903876653825003e-06 -6.237975192542589229e-07 2.176132483805844275e-07 -1.038760314890391445e-06 -1.355704274073192794e-06 -1.091627128830060312e-06 -1.047112910590173943e-06 2.045603414869460100e-06 1.838475224932176244e-06 1.359426597211871403e-06 2.693732832215852606e-06 2.434496041157733715e-06 3.123510737111448488e-06 2.496082360043620164e-06 3.433258648737878080e-06 1.393621361269984521e-06 1.069697085650518144e-06 -2.887314193666469770e-07
-3.835871938763602365e-06 -1.574151716486256497e-06 -6.614711868119306096e-06 -2.711150323084173775e-06 -3.209944131533116673e-06 2.891251187560369704e-06 5.549559152766849670e-06 3.204958892393646893e-06 -2.405849601449379932e-06 1.235658124015568902e-06 3.707918647343502447e-06 4.870860852375541482e-06 2.872772971687204334e-06 1.717381167407982777e-06 2.194342818530047806e-06 2.890725731367958283e-06 1.164538809271738431e-06 -3.324910356335237118e-07 -3.200082025309762052e-06 -8.271545213590226879e-06
2.769492907212132324e-06 1.576929250628202520e-06 -1.884607994902265863e-07 -1.218535067500087726e-06 1.747896781485735382e-06 -4.166950123962877934e-06 -2.596905079171172198e-06 -3.878243685582357549e-06 -5.095576803004972925e-07 -1.099646409336037161e-06 -1.522008640836827892e-06 -8.030678958545991662e-08 -1.665318292756999735e-06 -3.355298203656588417e-06 -4.459319266941179840e-06 -4.226705169627716767e-06 -8.060441088220047211e-06 -9.133287339418123623e-06 -1.021482188017034487e-05 -8.659464674105147520e-06
-1.055359748120784719e-05 -5.161941805872375751e-06 7.708443530027066836e-06 2.833762969680857479e-06 -1.926395880353679218e-06 -2.881962922569944824e-06 -5.162357759072349625e-07 9.200715686052494865e-07 3.609020520328714971e-08 -1.961175142320596249e-06 -1.054825467128284831e-06 8.221108104921159857e-09 -9.085524713768608761e-07 -3.252851436091494946e-07 -2.812710159929114026e-07 -6.020531793919826136e-07 -1.578036450200337745e-06 1.016143695995140578e-06 -3.537362655518729814e-08 1.787640237614431345e-06
2.742993551361423877e-05 -1.582172263949457537e-07 6.581995146053269701e-06 1.162978248511833464e-05 4.369915096679994658e-06 -6.485763224483413156e-07 -3.623644214578941515e-06 -2.061779295932723737e-06 -3.690806399789844155e-06 -2.674097838324682911e-06 -1.045303278507604931e-07 2.252521650267884340e-06 1.604298279140267428e-06 1.206466928712552600e-06 -1.546219905542448169e-06 -2.209793139851486853e-06 -6.595982515264222006e-06 -1.675860919788712741e-05 -3.004930383251001373e-05 -5.185384097797923075e-05
4.237731417963826014e-07 1.077931038314376049e-05 6.581791803800354913e-06 5.483817594002812143e-07 2.062200238282911697e-06 -2.758355137969195771e-06 -2.139437826467638844e-06 -2.114806903942008433e-06 -2.428761130508639229e-06 -1.377100677951630224e-06 -1.299700409187518403e-06 -1.116945478335257401e-06 5.022222791381903169e-07 -2.164099760137470627e-06 -4.435044510267781620e-06 -8.284901424816886359e-06 -9.189331864810385025e-06 -7.742213074345890094e-06 -6.835002747728968100e-06 -8.123725474671854370e-06
1.265805029418587914e-05 -3.507996415324841302e-06 5.113658665718913430e-06 5.515918791358126454e-06 5.768739560476237992e-07 -2.393254754220940504e-06 -7.123639771909876470e-07 2.122871799555783545e-06 1.386652005191547249e-06 2.032951428546779032e-07 -1.161102349145205758e-07 2.756425557842870042e-06 2.798315763557319796e-06 4.912441091795817790e-06 1.086668426060216350e-06 -2.015419166784916709e-06 -1.884651205267734047e-06 -3.322062510507585429e-06 -1.519275120263214180e-06 1.334258082783517403e-06
1.052576803318067685e-05 8.306534166678716978e-06 3.807987583575179590e-06 -3.786927956310265508e-06 -2.703093082053557155e-06 -5.621950881792149168e-06 -1.724591272024408599e-06 3.503531572945532468e-07 -2.242077407993928776e-06 -1.786817767133672633e-08 1.569918560012293395e-06 3.371307687892156779e-06 4.964019611260443489e-06 5.965076521221259963e-06 6.484352305316839671e-06 4.973912597134465414e-06 2.153961991571866587e-06 4.726838304944148698e-07 -2.258160020519722117e-06 -7.568393628798644922e-06
-1.501307309221146230e-05 1.263927813439847981e-05 7.181652066519889943e-06 -2.664271900103718950e-06 2.186719926799977970e-06 -6.108998243545525808e-07 3.357707969706139663e-06 -9.340755637115396070e-07 2.507772730671363733e-06 6.398060673797155152e-06 9.346961739258074689e-06 1.169572947574593954e-05 1.516967170211917653e-05 2.046728211165207531e-05 2.666230804117763841e-05 3.227990138137869713e-05 3.641749468415048861e-05 3.908453039364465428e-05 4.342408369280528649e-05 4.637965164518331382e-05
2.503984908330629539e-06 -4.463199435994258773e-06 2.409781616008016752e-06 1.382065469718017192e-06 7.423575247541203711e-07 -4.052178521969346458e-06 4.239661598128086702e-06 3.036461251878325420e-07 -3.497933148735713303e-06 -2.512597539314678622e-06 2.647455164647628313e-06 4.453557235561807413e-07 2.543972548163823015e-06 6.128200158200549430e-06 3.240950386356517641e-06 1.773123363236317489e-06 1.492315514230642669e-06 3.997218468204022394e-06 6.384152004119830352e-06 1.521159286964451377e-05
7.104689720858693108e-06 -3.780319042710768829e-07 3.945271439403237230e-06 -3.484729607936423511e-06 6.671537812385309293e-06 2.099090044076491561e-06 1.204828351499924692e-06 -2.652726709549997800e-06 -2.876283093693603802e-06 -1.185784479990895421e-06 -8.350629180745063001e-07 -1.625170544872288718e-06 -4.108851437771301294e-07 -6.781802060327874887e-07 -2.290543144121998729e-06 -2.522878108883429333e-06 -8.550677319731485242e-08 4.115544528564040490e-06 1.299537074965947169e-05 2.007217120365048965e-05
1.374414032834330628e-06 9.371332617393625115e-06 5.866078975059710856e-06 6.351700051090046351e-06 -2.452137244755946195e-06 -1.415490919356168702e-06 1.536240970071503737e-06 1.111602351757456916e-06 -6.586651367053982526e-06 -6.659582015227989325e-06 -1.032929043379538666e-05 -1.518695740185295665e-05 -1.990477801911639120e-05 -2.448872304311590259e-05 -3.286446115429833738e-05 -4.488340097541087138e-05 -6.041084628968345212e-05 -7.954481088890408822e-05 -1.096257646566129796e-04 -1.633968934355206669e-04
7.510682921126613770e-06 -1.134104563674670812e-05 7.855981641816805349e-06 4.233188904187077349e-06 4.838724186269110206e-06 2.000775695760089251e-06 -3.859431345942428066e-07 2.216660632013162271e-06 2.161763824629361419e-06 1.753038058042592181e-06 2.243800392665236550e-06 2.147907668083589955e-06 3.335323644997154576e-06 -6.805658081880711979e-08 -1.137303390388441595e-06 -1.332105211697643309e-06 -5.551715124275259396e-06 -3.414234263934338909e-06 3.855045389243254041e-06 1.609720682303488981e-05
5.301691030916962571e-06 3.118492820749585704e-06 -5.245082915676813146e-06 -2.519002786747258487e-06 5.684033468124948355e-06 8.232768457418263608e-07 3.505512114554756440e-06 7.454064128608324475e-07 2.957942455879566253e-06 1.169932043852275334e-07 1.309637125503930625e-06 -1.733475208430922575e-06 -5.652939209271888203e-07 1.328930287710505594e-06 -1.140249854910820705e-07 -2.506221671273125964e-06 -6.484932165927668843e-06 -9.745499959122300200e-06 -1.383366834241968104e-05 -1.526612220506957636e-05
-5.307052356149331004e-06 7.486370612552641277e-06 -8.455899651581968716e-06 -1.494177921018693043e-06 -6.375716607058373698e-06 -1.927878314870421751e-06 -3.123098819462859524e-07 8.850784898636423169e-07 7.611390199767886406e-07 -2.995449855370035080e-07 3.891669440083279902e-06 2.347174575899291008e-06 1.265980317993537986e-06 -2.282424478033649777e-07 -1.923901539674738915e-06 -3.263653004463634042e-06 -6.094479894345074409e-06 -7.436925457707301543e-06 -9.573976996584699359e-06 -4.756131831927378295e-06
-1.321884171336724467e-06 2.772740596617238868e-06 3.961669417800957777e-06 3.886516281094032574e-06 1.838093726322443136e-06 -3.380869784495401383e-06 3.622067214704809220e-06 3.059760175306533253e-07 6.339153764308775701e-07 3.372706825689164218e-06 1.737710671373121361e-06 -4.375288895085817368e-07 -4.310188531374579829e-06 -3.131608856678175819e-06 -4.248797069135182373e-06 -6.690820440084118831e-06 -7.643346274735090011e-06 -4.612288775357179732e-06 -1.901406053920608300e-06 -1.759789270378383285e-06
-1.438863065707577081e-06 7.390548941426985269e-06 4.763802785875818798e-06 5.731216642995948419e-06 -2.626072056422443709e-06 -2.216439980944463594e-06 8.188189663784123701e-07 -2.089614827810354272e-06 -2.352689785784144874e-07 -2.451704886219944710e-06 -3.760971343054951251e-06 -4.825721407246610742e-06 -7.760282315293489674e-06 -8.098321663388036330e-06 -1.270122023888364465e-05 -1.691692666728043486e-05 -1.824902793538158867e-05 -1.626928285997192541e-05 -1.619473055959406966e-05 -1.724465886759939801e-05
-4.306232310859128633e-06 -6.249263270068422679e-07 5.760702530179392506e-06 -3.321530104697796989e-06 1.841284458310238528e-06 -8.472601418276122418e-07 1.075568196834388396e-06 3.877605841240111559e-07 -2.033105666647668576e-06 -1.729770889831340715e-06 1.002784310022459788e-08 2.391734898055963119e-06 5.325811323086293597e-06 6.954466819750157886e-06 5.509222284148642068e-06 4.210006724562021360e-06 7.544232919779803253e-08 -4.835621934767530507e-06 -5.527525196463496788e-06 -3.139800231302590326e-06
6.053542102421794651e-06 5.531668704930533341e-06 -2.115998531172176824e-06 -1.801025973089339402e-06 -2.362970230714926171e-07 1.328205629062866289e-07 -5.094642005007123665e-06 1.602946960334398682e-06 2.393503653854840952e-06 -2.164508161270976160e-07 7.307385004305441495e-07 -3.216460426608832725e-06 -3.175188072339081728e-06 -9.687778791743806372e-07 3.803787603154475447e-06 5.892032346288262147e-06 8.544979627789898278e-06 5.269118544590064765e-06 -6.697091305519505549e-06 -1.289037867860198146e-05
1.705793162475620023e-06 2.866436681484269238e-06 -3.505809459339602263e-06 2.735161117851381367e-07 3.879333068965243550e-06 1.000322626732691013e-06 5.833469428176421915e-07 1.955150518326169314e-06 1.442846539092892751e-06 -3.163809777588633573e-07 -7.159564371824000277e-07 3.483042507912716833e-07 -1.880328641379077205e-07 -4.437199000825261051e-06 -4.311649927259114041e-06 -6.547352475642386252e-06 -6.120258563797216625e-06 -4.616508682242417144e-06 8.633877231922138014e-07 -1.568946705029818566e-06
-1.296353793526925877e-05 -1.289417640544074173e-06 6.164994096567452808e-06 -2.458966001187458027e-06 2.181047162385608084e-06 -4.739805555349838006e-06 -1.989405997620250049e-06 9.342467733488097939e-07 -1.437985227524103672e-06 4.185603727532499828e-06 5.215892792628401473e-06 4.623076481972927840e-06 2.053737955155968900e-06 1.425523740218403512e-06 -5.295460048006311958e-07 4.130513282799470982e-07 3.041722335426853627e-06 1.133526405456217404e-05 2.674154486244977873e-05 5.007364213494555817e-05
-1.325773385759396113e-05 -9.039991163012947828e-06 4.961815207463504344e-06 1.610608934740206732e-06 -3.217834094158444855e-06 3.047057049334277276e-06 3.415853250313042852e-06 1.251061845366987562e-06 7.591771517832788827e-07 3.137246746796415701e-06 2.042123965842486824e-06 2.986085678393641640e-06 4.202526043498505701e-06 6.332464541124293564e-06 7.711417299360420722e-06 8.116178954546932560e-06 8.811616922606477944e-06 8.515662942151880723e-06 9.016725060176010331e-06 1.331328918667914808e-05
-7.063776483286780323e-06 -2.853366276572200432e-07 8.312432739309132818e-06 -2.320992348184654957e-06 -3.960205108303493287e-07 2.475513412276387915e-06 7.704013722553506456e-07 2.138609954384369790e-07 1.105941091545584684e-08 9.453604687767288352e-08 -4.158960545601066158e-07 -1.418858684465644536e-07 8.215937233410192622e-09 9.304560398248772253e-07 4.251193598860727373e-07 -1.906339874869406345e-06 -3.175310125639176673e-06 -2.129330474110524983e-06 -3.825524471869642360e-06 -5.927403697951300541e-06
1.685343561929754404e-05 2.446183102538749675e-06 9.915987558205875154e-06 2.607274958777231515e-06 9.084426145126472690e-07 -5.148302291054283862e-07 -9.735936253993714848e-06 -6.705652655297435525e-06 -3.147525207142796625e-06 -3.583941158310748133e-06 -2.839504600755895001e-06 -3.908281587378723400e-06 -1.234952465331672769e-06 -2.363859248540481894e-06 6.730229213760412121e-07 3.536628510853790602e-06 2.087767727125372391e-06 6.117332498946574996e-07 8.104758643552021221e-07 -4.383372434302693143e-06
-3.830785605301243885e-06 6.203644052964010226e-06 1.652678962393447009e-06 1.540874278539550895e-06 1.180356740407279642e-06 2.913441338942724540e-06 -2.453664985481932465e-07 -2.939338953692480584e-07 2.079558021048943723e-06 5.655590765743140932e-07 -1.951650548635648317e-06 -5.945643820805998027e-07 -6.337611578089926911e-07 -1.866495788221158567e-07 -1.016530994724843061e-06 -3.748106310841928699e-06 -3.236616688857530687e-06 -3.654747223149378407e-07 1.381353206392744297e-06 6.522481679647553247e-06
-8.355108656773578156e-06 -6.165861425214122152e-06 3.181642627034032832e-06 3.071374703849578884e-06 4.079542892488771703e-06 -1.138379295237487859e-06 6.565631684120975182e-07 4.125180832799175418e-06 2.973100585588104999e-06 2.092041169316097228e-06 8.782411213039670885e-07 2.033844328335402901e-07 -1.837448668489768073e-07 -1.470745124485452534e-06 -3.135187113378324527e-06 -3.244184099089468937e-06 3.495850326942488767e-07 6.336997397165880643e-06 8.879726274820487036e-06 6.191015902212966929e-06
-3.534308114551017573e-06 7.894475731672689558e-06 -1.097140768242208099e-05 -1.228146639463541143e-06 -2.656196184840230640e-06 -1.122171975342110162e-06 -3.077629332843262456e-06 -5.831265499196488001e-07 4.311892611329231114e-08 -2.677747490272215114e-06 -2.903342700542707883e-07 -3.356837861189226529e-06 -2.531533473364180978e-06 -2.207088221339893521e-06 -2.868628824253453752e-06 -1.306006699185219764e-06 -2.527751117710462637e-06 1.792654430972064200e-06 1.704577263674838937e-06 -3.507587002808077645e-06
1.050244736518702000e-05 5.635871847005779680e-07 3.344240836809633057e-06 3.590079598310709732e-07 -1.715522668261975633e-06 2.482254292058985509e-07 -1.510770856595418743e-07 -1.793622023493119099e-06 8.382095905552637478e-08 -1.959602169751772053e-07 -1.863007506112807117e-06 -1.184744931074272613e-06 -2.001311788108858338e-06 -2.480603051368693293e-06 -2.186922502721041317e-06 -2.568447679744309554e-06 -1.533384753265113127e-06 1.489456751413890597e-06 4.674640051852465620e-06 2.912900358828379501e-06
-2.416347189080293670e-06 -1.519124557562531548e-06 -1.151256561762503896e-06 2.549134091436260482e-06 1.321856369780302438e-06 1.562177252267368187e-06 -1.723142001894119366e-06 1.496831935922942368e-07 -9.333757451476455000e-07 5.299945715660206690e-07 9.806367337309425614e-07 1.289635176991893604e-06 3.680220644106316468e-06 2.438921983498079379e-06 1.860597227052636981e-06 2.950538969381090044e-06 2.106920645648797095e-06 -2.779337591599494240e-06 -7.813374953959548256e-06 -1.241966988077681463e-05
9.449033279173872773e-06 5.092221699591622201e-06 3.254587332349488267e-06 4.754386819793093360e-06 3.972470387275725976e-07 8.782580397785097398e-07 2.691925813568116800e-06 1.789077241610991838e-06 2.735914846047500544e-06 1.378430675395833322e-06 3.559319036336258080e-06 3.962037047230656980e-06 4.804717792949650232e-06 5.286172801829536008e-06 4.210345103174826729e-06 2.601141239655872174e-06 1.321277238723204747e-06 2.790388936642074790e-06 4.220700869615951948e-06 4.694706254293561449e-06
2.870601502112213163e-07 5.403980760280441529e-06 6.114303419258793836e-06 5.513820647523388945e-06 2.359602911717209800e-06 2.386482860907109624e-06 -1.763526016082662227e-06 -2.432660425102886054e-06 -1.595367035113820756e-07 -1.358585703689813734e-08 -2.955099253560235666e-06 -3.090617686079890977e-06 -5.988944389054189288e-06 -8.596456142689006376e-06 -1.018698481084149145e-05 -1.374978652191305214e-05 -1.813981042878888379e-05 -2.466467411570041467e-05 -3.732480001606119360e-05 -6.480160568903650155e-05
1.697244686202401028e-05 8.867036135752113884e-07 4.390271812714202881e-06 4.446683903740581103e-06 -3.577604954454321717e-07 4.304826731236723198e-06 -3.387117103221526682e-06 5.397208290807843457e-07 -3.215276743572011057e-06 -3.758026221240468411e-06 -3.527800489059816512e-06 -9.708351650607280940e-07 -3.145743770142468792e-06 -7.120337878305908289e-06 -1.248643558349506663e-05 -1.825893608025853416e-05 -2.184719040333442199e-05 -2.820766960261979073e-05 -3.225058035968587775e-05 -2.962415494524937623e-05
5.762064064591198444e-07 2.009261355370328389e-06 -1.392529465010763096e-06 1.022164791354337179e-06 -1.344708371155870787e-06 -6.697262281611218439e-07 3.622355192344028700e-06 3.233518003631880882e-06 7.027445051281972073e-07 6.193135555773748037e-07 7.220838814432293797e-07 3.759520855767191319e-07 5.843941127870315205e-06 7.071160183241939966e-06 9.659333914262646271e-06 1.506225245503366849e-05 2.446513218419058881e-05 2.953444733595617563e-05 3.774278079656387738e-05 6.109500923539631239e-05
-8.788482268618483825e-07 -6.178129072418317156e-06 2.637014686755570467e-07 2.821286937831342866e-06 -3.102366992112814465e-06 -2.090513530869646494e-06 -7.082424939593294159e-06 -1.102387913643480038e-06 -2.400560547317352404e-06 -3.873559988538154523e-06 -2.682566662850053394e-06 -3.620098680952975752e-06 -4.769827447474270463e-06 -6.302380853157055051e-06 -1.427755564674121793e-05 -2.410937952385979380e-05 -4.000739092965035744e-05 -5.996320657360909763e-05 -8.563097281988784248e-05 -1.265305790989912230e-04
6.120459010046130536e-06 2.492956108476537474e-06 5.008552785986567157e-06 -2.025961399744140901e-06 1.252590477618052365e-06 2.204333716991743576e-06 1.807712860130719131e-06 -9.635225005708646882e-07 -3.759675392489987987e-07 -7.298707110582737974e-07 -9.312276952146481655e-07 -1.582895359273036325e-06 -1.355807157097386792e-06 9.435583554474730816e-07 3.066118592238900835e-06 3.203375279449193334e-06 2.002532847814017009e-06 1.655267832968514884e-06 1.852657096600702500e-06 6.749611883373653915e-06
-2.529146195560190349e-06 -2.687552421302352641e-06 -3.628855589775006180e-06 -3.592527294355022875e-06 -1.446810612943560418e-06 -4.106537713799269917e-06 -5.065776616659052344e-07 -6.887440741628335809e-07 1.209274593621222288e-06 -1.391108432686707819e-06 -1.375077918292815975e-07 9.158258223095945134e-07 1.221678914002304190e-06 1.030658514997289182e-06 3.649846490687514470e-07 2.234410713008031090e-06 4.265088241350944441e-06 1.742339538939785267e-06 -1.182231997474410035e-06 -6.092782977127547816e-06
2.208230219965312861e-07 -3.601672049580582116e-06 -7.914382671367399814e-07 2.668144447777549034e-06 -2.288443999393645033e-06 -1.484811621571459959e-06 9.697280148096723465e-08 -7.350215889876299245e-08 -8.808037849430960797e-07 -7.138780748677549056e-07 8.673418785214915234e-07 1.256045386703855599e-06 1.140930358423082543e-06 1.477326068345075226e-06 5.991296357040152903e-07 8.135472981740035114e-07 -1.414801733635687033e-06 -4.154898092528214916e-06 -4.742565045175100624e-06 -4.975909260058240505e-06
4.520685427887561302e-06 -4.429662939946773243e-06 -1.065477655549698283e-06 -3.934444894325035748e-06 -3.756188655462318800e-06 -5.059493741815153660e-06 -1.966217570366083312e-06 -2.317858958324994111e-06 -3.566976074777999055e-06 -4.524836124354581153e-06 -2.891295803818116385e-06 -5.814613145313474108e-06 -6.193534104439181624e-06 -8.235578446366670748e-06 -8.343422264885441553e-06 -1.126254557039283618e-05 -1.532228315315535517e-05 -2.928007660244999035e-05 -5.455152010990550217e-05 -9.033920169919757652e-05
-8.936450897271972093e-06 -3.146023529821425176e-06 6.265247986152552079e-07 -4.195629908278610074e-06 -3.338833862509391560e-06 -1.524251336814617032e-06 -1.981001800606051156e-06 -2.226100560981397441e-06 -1.661216572999902967e-06 -2.619367999038450137e-06 -1.025967407947081341e-06 -2.708246470885880394e-06 -3.486792805601427976e-06 -4.386556010684400873e-06 -3.278018882047779740e-06 -5.762871430765802738e-06 -5.894178020224351638e-06 -3.694796238538324891e-06 -6.505004669862593232e-06 -8.873699590275654854e-06
-5.021306288482645981e-07 7.387809768501387478e-07 -6.903215107020695863e-07 -3.148915187023030581e-06 4.823597434729599112e-06 9.141060790885336721e-07 -7.170337582837614728e-07 3.558762124047789130e-06 2.977601143021066131e-07 2.637309437536530540e-06 1.634699136820105806e-06 3.227992926508870940e-06 5.317605714829535681e-06 5.659088624426134630e-06 7.578734234753572446e-06 1.018323131867530175e-05 8.376663780100716554e-06 5.799788206078783096e-06 4.856104119904432333e-06 5.106113434931219913e-06
5.272224928193064120e-06 4.840536495008364030e-06 -6.468804898066334950e-06 -6.695903455108975934e-06 2.159343143980087984e-06 8.248193957538333554e-07 2.506833004927963292e-06 4.792169332339836575e-07 3.085581250458540976e-06 -6.657675161012624192e-07 1.857468997617282550e-06 1.959076930440252545e-06 1.522834338844171350e-06 1.966279384822152933e-06 -9.038221726804524769e-07 -2.530584990439970871e-06 -2.474445295797068655e-06 -1.990838500082489114e-06 1.311248699498069969e-06 3.930965480984859888e-06
-5.129072208968059269e-06 1.118138553892185481e-05 -7.267906177487130949e-07 -4.401640555674977019e-06 -1.922661516395969248e-06 -1.450493629814981852e-06 3.225163499034969222e-06 5.086578482450850448e-07 9.811556117171017390e-07 5.201625398799098830e-06 1.394640769299349209e-06 -3.951316057249857870e-07 -8.083049394729959838e-07 1.591188517289647221e-06 6.778061573394888244e-06 9.296447659130149821e-06 8.715212150315622511e-06 4.836380310844597641e-06 -3.711609983982260135e-06 -1.824952950630875836e-05
7.550117856077217546e-06 2.622413104340686364e-07 1.170077258380736134e-06 3.235841377941480577e-06 1.554272937333873568e-06 4.585276686302601975e-06 3.664975939595785954e-07 1.924141655522492569e-08 -1.208159519741366370e-06 -9.815762120823974088e-07 -1.219117350959960170e-06 -2.437595073582956858e-06 -3.421247509829037550e-06 -5.079283075325321984e-06 -7.634400067321818782e-06 -9.998072800130664625e-06 -1.225058421128426984e-05 -8.313216287748405894e-06 3.636568889713934589e-06 1.452684033197979886e-05
-1.242559508831284744e-06 1.933371494050069097e-06 1.189007075200801768e-06 -1.354029723223213732e-06 -2.273781566424610826e-06 -3.753075358117338081e-06 -2.958474724950516159e-06 -2.837784930346012463e-06 1.823906939440169875e-06 2.846198478013663218e-06 4.718277113549143938e-07 2.574178617714758692e-06 2.842178384503663596e-06 4.038574216551639768e-06 2.344900786495033880e-06 9.672423067777583293e-07 6.910362147524908812e-06 9.856225842580204128e-06 9.366655559878562772e-06 9.763800949497412860e-06
1.768881338222904533e-06 -1.927641523889695390e-06 -3.312724669270623721e-06 -9.529916666695769713e-07 -3.068350387072436190e-07 -2.498182727920329553e-07 2.923249569565840825e-06 -2.511619910309986561e-07 -2.498221900237466424e-06 5.391059488841963392e-07 2.304478246296550671e-06 1.490074732654964376e-06 9.740853613985695166e-07 1.876393956840491775e-06 1.561105272385101236e-06 2.995073552272043807e-06 5.264863831578337966e-06 6.678137570152306029e-06 1.050138068302986158e-05 1.466076727543263761e-05
-5.437776786154494700e-06 -7.484564447032393695e-06 -2.109747150292286970e-06 4.599831083752455558e-06 6.786175408871188290e-07 -1.372768853017324151e-06 -6.839282401586481910e-07 -3.535477289173436730e-06 -5.861116887987119961e-06 -3.883302445239749314e-06 -1.960438999538772266e-06 -1.531322743884778086e-06 -4.840952698001906930e-07 -1.473108690401723268e-06 -1.591385170556135695e-06 -1.657884592520543940e-06 3.453575710416945021e-07 1.764818956472520686e-06 1.840367034936217730e-06 2.634263398110807497e-06
1.563676082446933346e-06 -8.582358999129530196e-06 6.708643403716177925e-08 -6.840478918637746305e-06 -1.639127469661513215e-07 -1.990348404590873309e-06 -9.118938859258679506e-07 -3.186383285145914482e-06 -2.462531447069291077e-06 -1.241701212294897337e-06 -2.102236297821304716e-07 -6.771330531273251849e-08 3.638852829722286482e-06 1.273433834162004871e-06 -1.570126180519362174e-07 -6.633586673357882795e-07 8.827985060918596882e-07 1.662133660664801707e-06 2.947403261706992791e-06 -1.118637160464178593e-06
4.363433831592680835e-06 8.560558317870430674e-06 3.376691068548466115e-06 1.188339219661126564e-06 -8.775399632923747893e-07 -4.449507665826211274e-08 1.951905003406316138e-06 3.338248609539327591e-06 1.518828824835299130e-06 8.838159518744406690e-07 1.187999506487309283e-06 3.939316938386116531e-06 1.584828213514714407e-06 2.673595728368658253e-06 1.524982131230404703e-06 1.949331342360176723e-06 3.271759599610535886e-07 4.683887514821110752e-06 1.089008704195109267e-05 2.666219246814125087e-05
-1.397192404745563564e-05 2.341181669591154481e-06 5.122825131777851638e-07 -3.073485727182096294e-06 -4.310810590996153060e-06 -4.740691632867847530e-07 6.739180018059110126e-06 8.513055636391291393e-06 5.454000863823846540e-07 4.410570855079894277e-06 4.210997375828911003e-06 7.957841379616659606e-07 -2.046592043576696093e-06 -4.272980729255227413e-06 -2.204429850296258335e-06 1.785171933959727519e-06 6.424304942795780659e-06 1.167665101112379959e-05 1.676656950143250171e-05 2.283203294794466649e-05
1.352236746761726187e-06 -7.286622153142557376e-07 -2.600632982130782448e-07 -2.737513772205106518e-06 2.293440761485774542e-06 -3.716221915816781667e-06 -9.296733230670987437e-07 6.173247489129180184e-07 1.669389284599025239e-06 2.681134139662195012e-06 1.220572071978193695e-06 2.904712863585974936e-06 2.843185617192293386e-06 3.921143049800982539e-06 6.267626270462228139e-06 8.941317754005251685e-06 7.844284327048331714e-06 1.132356427422118327e-05 1.043108503141404450e-05 1.183979816105289056e-05
2.476036480179162581e-06 -2.745408863730091231e-06 1.067318090054617140e-05 -3.064015391926224433e-06 1.693250467672396722e-06 9.223435750357246044e-07 5.127977409846065181e-06 2.832189836600932758e-06 5.010775376216990983e-07 -8.094618314909644051e-07 -1.104121472605805146e-07 -6.557045475796650969e-07 -1.630466438510714397e-06 2.247695222859576998e-06 2.666198486472181268e-06 2.813701639319253883e-07 -3.068370333236339116e-06 -5.326130657819691844e-06 -1.147321472895020555e-05 -1.853942627255110114e-05
-2.750797622511157111e-07 -1.783871762981042702e-07 -1.379326946114389036e-06 -4.944050076707682874e-06 -4.646778215663086600e-06 2.050534598568471374e-06 1.011816336389356019e-06 -1.434147630289177200e-06 -5.816596218024825448e-07 -7.618467757079547004e-07 3.213828771593703513e-07 1.524431654978767340e-06 3.332580439169475575e-06 1.825765234103696995e-06 2.179586955518209744e-06 2.276444311375729670e-06 1.170615962888722373e-06 -2.931136695043320656e-06 -3.225708328291574172e-06 -1.126205344848347776e-06
5.444053589304613579e-06 -4.138180681907917831e-06 4.768567213068380902e-06 -1.270116847404369021e-06 -8.790316893720290891e-07 -8.609255761578870603e-07 4.058467209943429993e-07 4.366908427070299325e-06 7.449588346137890056e-07 -1.826902644804012663e-06 -1.981302622292510092e-06 -1.953190095029508890e-06 4.594187466100476715e-08 1.452024918842895616e-06 6.740191548436963237e-07 2.442595986380333641e-06 -7.646328991415849116e-07 -3.521165758588667929e-06 4.349089773098372037e-07 1.257455631686844022e-05
1.861052789279819886e-06 -6.648909967125495804e-06 3.712838956063963392e-06 3.801755025466052751e-06 -3.294540689658043879e-06 3.822193699482609436e-06 -1.855937349214891147e-06 1.407718259423131649e-06 1.958918535929649577e-06 -2.437869548498955405e-06 -1.023597974068480804e-06 -1.457330074160278530e-07 -1.860045657233856802e-06 -8.718855059509647440e-07 -2.291085741744467864e-07 1.181408803083715960e-06 1.653536707303789625e-06 1.377067066849855347e-06 2.369077794726107586e-06 2.715183817101137766e-06
7.037379912812175563e-06 -2.257559484726813331e-06 7.635517850747475818e-07 2.109447401804318745e-06 3.980907631794391245e-06 -6.966665288471778518e-07 5.932203016761286389e-07 -8.968975050642296545e-07 -7.041023544903784233e-07 -4.873422220951732922e-07 3.280377902388019079e-06 1.933555088138486214e-06 3.609580534989016883e-06 1.849017828856215293e-06 -1.389565915592938865e-06 -2.019251860115393578e-06 5.737453647767441717e-07 2.454612550806241290e-06 5.430961679131650761e-08 -1.935883391971453154e-06
-1.048214601683687198e-06 1.271504974736767748e-06 -2.675462274476462591e-06 -3.152248044086130835e-06 1.287440950476906705e-06 2.703247167974166250e-07 3.312892124172136461e-07 -1.727303848638429535e-08 -2.281658815724495974e-06 -8.037317662833059038e-07 -1.029660618070696349e-07 1.232272556167065619e-06 2.459793639016975438e-06 1.263562635936751997e-07 1.065133630743938656e-06 2.623200009136613779e-06 4.838247007640042293e-06 5.767669422778401359e-06 1.039850146011722497e-06 2.022750887635720851e-06
-7.056330886703029419e-07 -1.135483559619286862e-05 5.729065951129456034e-06 9.481332454440568895e-07 -2.617110885001719366e-06 -6.480839549903805815e-07 -1.466449605984327567e-06 2.400755726236430880e-09 -1.271867304177027590e-06 5.986591488918180358e-07 -9.418420618495351160e-07 -1.612966200556323037e-06 -3.064588292577181107e-06 -5.332244756380073525e-06 -6.972584847051070731e-06 -7.727683070718080157e-06 -7.584298210581851949e-06 -3.776570168969973184e-06 2.139942967755779017e-07 1.393300577316927215e-07
9.889957938670235847e-06 -8.380189561748452258e-06 -8.515541064089510709e-08 -2.010673807462690090e-06 -1.465995516297631084e-07 9.172334627914289667e-07 3.041272749085803314e-06 -4.572073853130249889e-07 1.509506583462959795e-06 1.710977379868850194e-06 -1.034959904143068385e-06 1.993296206261186782e-07 -4.590337315650667267e-07 3.461231003980553520e-07 1.755371137491597564e-06 2.246996855254203869e-06 2.826294036797343362e-06 2.298506517250085973e-06 8.530307979325833165e-07 2.068922473643846575e-06
-5.677133296225838366e-06 -8.907432235481173354e-07 4.268851978471284878e-06 3.322457180403097528e-06 1.868531397118285665e-06 3.287249924747507734e-06 2.905557348326755289e-06 -4.393846941198512331e-07 8.183012720819596727e-07 -1.899761964616632935e-07 1.107840375862677470e-06 -3.245851522505154071e-07 -6.774318596073816165e-07 1.257044473881579886e-06 2.241780033556123043e-06 3.268135735698750752e-06 2.578916245489370266e-06 2.201355972985917935e-07 -1.619188552300004112e-06 -2.068237392122459006e-06
2.505526159095034244e-06 -2.422053085650340919e-06 -1.138544661484420998e-05 -2.821501184237283217e-06 -1.691513011509405721e-06 4.124716858153856371e-06 1.136007520018620507e-06 -4.851073267269569645e-06 -2.508086752114476904e-06 -1.798179445522673192e-06 -5.003980190359630072e-06 -4.744455432053525032e-06 -5.439312759119146165e-06 -6.132421560234685941e-06 -5.379578121143217032e-06 -6.975063453480262410e-06 -8.807950045434797409e-06 -3.803073635771092451e-06 -2.342979903430863531e-06 -8.222109627950862141e-06
-1.125760358650264512e-05 -5.304558067893341546e-06 -7.852082257719933192e-06 -7.445473135592383261e-06 -4.116637600706317611e-06 4.076511673227692779e-06 1.487179399027045600e-06 5.363967945510315425e-07 -1.302929364599983616e-07 1.152788301640499017e-06 4.643847825083003049e-07 2.859595684708111825e-08 -1.162185869187929668e-06 -4.083630966980798140e-06 -4.742481986507238478e-06 -6.399641084467306441e-06 -8.239265589110669559e-06 -6.713085873665146220e-06 -9.702844930936913961e-06 -1.484065873915918671e-05
2.721080314665378300e-06 5.569418691293693985e-06 1.823190912025377460e-07 -3.025937764670608469e-07 -4.035279285299500117e-06 2.379759484551905126e-06 -1.368572568614746367e-06 -1.245477467595001976e-06 -2.917398628609672621e-06 -4.094122960431314014e-06 -4.015285148535295421e-06 -4.681173495362163608e-06 -4.916975549060680409e-06 -7.458667200856079973e-06 -1.252713944819268204e-05 -1.752563280451435097e-05 -2.333239802064132382e-05 -3.052005326275699705e-05 -4.063543999033815608e-05 -5.395283020343595337e-05
-5.714737658215168940e-06 7.435057667214684776e-06 -5.642882576339400288e-06 -2.428845446790503495e-06 1.495991134164625911e-06 -1.330517446700209505e-06 -3.221970907565590421e-06 -4.478117053899651776e-06 -6.211813658913147856e-06 -5.285516133802255839e-06 -1.059704920080479067e-05 -1.133756464751208802e-05 -1.143834151506698184e-05 -1.302499554095819431e-05 -1.532208510560342530e-05 -2.281450642364719412e-05 -3.027599618130568987e-05 -3.869777005706705452e-05 -6.301494165704162509e-05 -7.939459254460914256e-05
1.173173312946923979e-06 1.832556484014289602e-06 -8.296841945742833416e-06 -1.508238317345829994e-06 1.004479756640969651e-06 -3.102818446334068909e-06 -2.347993610381241181e-06 1.856163533761794616e-06 9.122706808814930871e-07 -5.435283307941169206e-07 3.401271995287979767e-07 1.364671769831057921e-06 4.822462618185036166e-07 -5.184605331423491538e-07 -2.262946707345538717e-06 -6.297742796165301539e-06 -1.052681408352356473e-05 -1.135561289564857402e-05 -1.120742898321212865e-05 -1.928697254305483202e-05
-1.065319033009117822e-05 4.881569308538762116e-06 -1.439539503818226059e-05 -4.951890099797606618e-06 5.629515235536293352e-06 -4.577407993288235978e-07 -2.181416036870750004e-06 1.733568937249067801e-06 3.137021826449789710e-06 -1.112441117976793421e-06 -2.375982861183515379e-06 -1.891244447847338274e-06 -1.313320503457512070e-06 7.132182392532490815e-07 2.181744894558087369e-06 5.176338042561163172e-06 1.024121658004894653e-05 8.888493235306224249e-06 4.341955026076135781e-06 -1.934068380331535372e-06
6.585327920495466767e-06 -5.809401784100610077e-06 -8.836181067004747860e-06 -4.104278619114604698e-06 9.805028343709869663e-07 7.078978625401503966e-06 5.034051954964668668e-06 6.462039255998145230e-06 9.417513331732217010e-06 8.834882704159906949e-06 9.773118888713663781e-06 1.434290074926335737e-05 1.853015185089371006e-05 2.381284171932272921e-05 2.937817216646300709e-05 3.564628193658849994e-05 4.830378743106130882e-05 6.267009926535276813e-05 7.429943722694601533e-05 8.139760760275994186e-05
9.762325176651775294e-06 9.390022404323903119e-06 9.470660421414000180e-06 4.354510378263633646e-06 3.952454160277897542e-06 4.502664448689257704e-06 5.401566673165108535e-06 8.321137420978567895e-07 5.696834023035811383e-06 4.860017392546464617e-06 5.484403768580056280e-06 5.890475488255468307e-06 9.077080200014303051e-06 1.031347629340858233e-05 1.277211208217904717e-05 1.666864942227164588e-05 3.019624460915351305e-05 5.176100060320074531e-05 8.138029003021919811e-05 1.216900562976744711e-04
2.147557600402912484e-05 2.039857985265410256e-06 7.882686250063375668e-06 -9.262233156576262153e-07 2.580425123454164742e-06 -9.390389306457478555e-07 3.489975232288890311e-07 -2.174592617282735902e-06 -1.355332029048327467e-06 -1.601982096076376467e-06 -2.193945821727651869e-07 6.791930897431428915e-07 -7.978090853096466958e-07 -1.243838744025645824e-06 5.773335113301413347e-07 3.427102055630234143e-06 1.017983624708302470e-05 1.186829139875479346e-05 1.026208662571270924e-05 8.267641063567799040e-06
-5.811363867047701790e-06 -1.764463950638560239e-06 -2.967272562420127227e-06 -3.381399381442135649e-06 2.523342121735250704e-06 -3.833671409507031565e-06 -3.063858009616424036e-06 -2.934774416467237977e-06 -3.446514721319577791e-06 -2.980767022428278413e-06 -2.991930662841950905e-06 -3.218238484043205249e-06 -4.359938412965765334e-06 -3.882662888763780787e-06 -4.138639889241136544e-06 -6.608448755956903340e-06 -9.495120209476449981e-06 -1.165126244966548773e-05 -1.343380621512526539e-05 -1.386492931181016429e-05
1.501219484757621287e-06 -6.840176503171613279e-06 1.120129039870829776e-06 3.267937605183765512e-06 2.134194388070758390e-06 -6.457602357160559107e-06 3.996868442318758286e-06 3.143408174598171228e-07 2.853047754546617307e-06 1.125944274134964935e-06 -4.812908414330728818e-07 -1.151191376164441430e-06 4.234176840965057776e-07 -1.136430935732491881e-07 1.346466394152932018e-06 -1.262255107055280189e-06 -2.065302820400474646e-06 -1.288764517169712985e-06 -1.440326810353311474e-06 -6.233326658634498860e-06
-8.708699804295206095e-06 5.810736341796098864e-06 4.258288896816970810e-06 3.092053453600159725e-06 -6.714644737828827268e-07 -6.939789221905058409e-08 1.672051100054270156e-06 1.992463414028671256e-06 7.233277169018200763e-07 -3.095623211426777633e-06 -4.865638930086530373e-06 -6.639051564102061273e-06 -9.685559573869777325e-06 -9.672085182515546538e-06 -8.947739389209744367e-06 -9.824612847392065761e-06 -1.141960608924275569e-05 -1.329007488995497363e-05 -1.760533782916497378e-05 -2.664756687815714490e-05
5.298273017975277555e-06 3.314468959227127797e-07 -6.991017642786700384e-06 -9.696895073239688815e-07 2.063696561804018023e-06 -5.792031821902105235e-06 -3.785813628390542879e-06 -2.552234280245207296e-06 -2.886114188627219849e-06 -3.449499516344109791e-06 -4.120655894280981669e-06 -3.410499072179581383e-06 -2.060398535413774834e-06 -1.032933253755525775e-06 1.169711683256299385e-06 7.225856036715089255e-07 -1.028729648756631842e-06 -1.484467856339406958e-06 2.215942867451239438e-06 4.296103065424945249e-06
3.022611215668028414e-06 3.795957576322437921e-06 1.201069152551345751e-06 -9.532497967189148106e-07 3.815463903384609039e-06 2.303590954644594894e-06 1.220529307973659779e-07 6.285186958104901534e-06 3.568743882574912674e-07 -9.238643873732946670e-07 -1.189816906038760382e-06 -1.271075911179341188e-06 -3.053253349782323997e-06 -6.490659661922709050e-06 -8.740431652519345797e-06 -1.022639039587111074e-05 -1.155762359854190409e-05 -1.453326877889690315e-05 -1.630631965084271051e-05 -2.044748876006339299e-05
-2.017156715935981717e-06 6.027945125227841513e-07 3.921766572666120001e-06 5.825375295674374612e-06 -1.157312453206222542e-06 -3.038865667185904149e-06 -1.888846173021015857e-06 -1.292512089943879550e-06 -1.263160726926614104e-06 -1.771929727314485838e-06 -5.067989372567636164e-06 -6.495598338899401411e-06 -7.218358245646987739e-06 -5.589006614192334755e-06 -5.350637206446373376e-06 -3.550651856908238704e-06 -1.359045511897560850e-06 1.460092077121381473e-06 6.561606386338632837e-06 1.048954766264376156e-05
