# th, gt_boosted, err_gt_boosted
2.805046135754908576e+00 6.182950061817385403e-04 4.735590913089383567e-06
3.531343861556885511e+00 5.239309701668321039e-04 4.363673038672348562e-06
4.445698525097307119e+00 4.318746785259704418e-04 3.958047467279451812e-06
5.596802846420849242e+00 3.530718801115564909e-04 3.725744779649375778e-06
7.045957328161136068e+00 2.884302312016887092e-04 3.300503495373881263e-06
8.870334730839386950e+00 2.319525659117154968e-04 3.224950819407242895e-06
1.116708980377407912e+01 1.849781349624239981e-04 3.023782076803774923e-06
1.405853312975872704e+01 1.511402128420371194e-04 2.876276529312863246e-06
1.769864460960344488e+01 1.212160691135116391e-04 2.607802128869957400e-06
2.228127345334364406e+01 1.012260846285855076e-04 2.573985346217432339e-06
2.805046135754909287e+01 8.435809942487559410e-05 2.548672509461568966e-06
3.531343861556886310e+01 7.360496968407876956e-05 2.336013843486983046e-06
4.445698525097307652e+01 6.409397923223589103e-05 2.244979637679457891e-06
5.596802846420851552e+01 5.510497553287233030e-05 2.252995324491784202e-06
7.045957328161136957e+01 4.644803888877564274e-05 2.172558319040967023e-06
8.870334730839388726e+01 4.094749194202970747e-05 2.202293115422279573e-06
1.116708980377408125e+02 3.397744742405460337e-05 2.306820260331592113e-06
1.405853312975872882e+02 2.716296374005044926e-05 2.436818948003499756e-06
1.769864460960346548e+02 2.397683006845309226e-05 2.284672675745416097e-06
2.228127345334363838e+02 1.843263497509580097e-05 2.207752990363570469e-06
