# th, gt, err_gt
2.805046135754908576e+00 5.642156833744740516e-04 4.228502488444837952e-06
3.531343861556885511e+00 4.854030207739853703e-04 3.952587024627612036e-06
4.445698525097307119e+00 4.050233919136682001e-04 3.559680897846584060e-06
5.596802846420849242e+00 3.342485987427250933e-04 3.434810157093870333e-06
7.045957328161136068e+00 2.754594990435284317e-04 3.073033321493687342e-06
8.870334730839386950e+00 2.230461174797619673e-04 3.042686329882989881e-06
1.116708980377407912e+01 1.788267139774589269e-04 2.879117920511955489e-06
1.405853312975872704e+01 1.468172578571243659e-04 2.760467640409988944e-06
1.769864460960344488e+01 1.182261793420796825e-04 2.533115767201764583e-06
2.228127345334364406e+01 9.909985558966756297e-05 2.500181543371810059e-06
2.805046135754909287e+01 8.284941483343627097e-05 2.491323653109398448e-06
3.531343861556886310e+01 7.248783036959986141e-05 2.296178582892645409e-06
4.445698525097307652e+01 6.329606314736819226e-05 2.208496355928923797e-06
5.596802846420851552e+01 5.455038951422789021e-05 2.221170382655139684e-06
7.045957328161136957e+01 4.606868700215275729e-05 2.142447638261090103e-06
8.870334730839388726e+01 4.067890746067817420e-05 2.179853820532295689e-06
1.116708980377408125e+02 3.379749178503552767e-05 2.287074593919146940e-06
1.405853312975872882e+02 2.704504803700771384e-05 2.420649126074886890e-06
1.769864460960346548e+02 2.388902573943273874e-05 2.269966158604950643e-06
2.228127345334363838e+02 1.837313324401136994e-05 2.200177463944504212e-06
