# npairs for all jackknife regions
5.163880000000000000e+05 8.169350000000000000e+05 1.299827000000000000e+06 2.055650000000000000e+06 3.258892000000000000e+06 5.173815000000000000e+06 8.198624000000000000e+06 1.299209300000000000e+07 2.059552000000000000e+07 3.260890900000000000e+07 5.163363000000000000e+07 8.179002300000000000e+07 1.295979040000000000e+08 2.053339090000000000e+08 3.257675270000000000e+08 5.174904630000000000e+08 8.234861530000000000e+08 1.315728558000000000e+09 2.101390109000000000e+09 3.345025460000000000e+09
5.607550000000000000e+05 8.869850000000000000e+05 1.405553000000000000e+06 2.226761000000000000e+06 3.529277000000000000e+06 5.589975000000000000e+06 8.862191000000000000e+06 1.403885600000000000e+07 2.225655300000000000e+07 3.528028500000000000e+07 5.585168500000000000e+07 8.844035700000000000e+07 1.400759350000000000e+08 2.219422450000000000e+08 3.517365560000000000e+08 5.581701670000000000e+08 8.832517510000000000e+08 1.396023742000000000e+09 2.204223653000000000e+09 3.458425055000000000e+09
4.072350000000000000e+05 6.438480000000000000e+05 1.019769000000000000e+06 1.613620000000000000e+06 2.563299000000000000e+06 4.055895000000000000e+06 6.424541000000000000e+06 1.017741600000000000e+07 1.611079300000000000e+07 2.551213300000000000e+07 4.034516000000000000e+07 6.377468900000000000e+07 1.006807330000000000e+08 1.589646450000000000e+08 2.511412120000000000e+08 3.979162930000000000e+08 6.302327410000000000e+08 9.973124520000000000e+08 1.582749941000000000e+09 2.503944827000000000e+09
4.707920000000000000e+05 7.465070000000000000e+05 1.181547000000000000e+06 1.875528000000000000e+06 2.970605000000000000e+06 4.699338000000000000e+06 7.454182000000000000e+06 1.180288000000000000e+07 1.874371400000000000e+07 2.969891600000000000e+07 4.704938300000000000e+07 7.454883100000000000e+07 1.182057470000000000e+08 1.875818000000000000e+08 2.980114930000000000e+08 4.739203270000000000e+08 7.529417500000000000e+08 1.197043395000000000e+09 1.910851808000000000e+09 3.055590447000000000e+09
5.463810000000000000e+05 8.671210000000000000e+05 1.373769000000000000e+06 2.175639000000000000e+06 3.451725000000000000e+06 5.467368000000000000e+06 8.652002000000000000e+06 1.370851600000000000e+07 2.172824500000000000e+07 3.443404000000000000e+07 5.450386500000000000e+07 8.633116600000000000e+07 1.367730490000000000e+08 2.166695090000000000e+08 3.433551680000000000e+08 5.439888840000000000e+08 8.615280490000000000e+08 1.364131265000000000e+09 2.158094872000000000e+09 3.414411800000000000e+09
3.264350000000000000e+05 5.142890000000000000e+05 8.191870000000000000e+05 1.298734000000000000e+06 2.054542000000000000e+06 3.255553000000000000e+06 5.159016000000000000e+06 8.196172000000000000e+06 1.298445700000000000e+07 2.060480700000000000e+07 3.265602300000000000e+07 5.184390400000000000e+07 8.225769500000000000e+07 1.303794480000000000e+08 2.063717330000000000e+08 3.260540900000000000e+08 5.140461070000000000e+08 8.112953510000000000e+08 1.283559467000000000e+09 2.010565994000000000e+09
4.526230000000000000e+05 7.141580000000000000e+05 1.131466000000000000e+06 1.794769000000000000e+06 2.851639000000000000e+06 4.511349000000000000e+06 7.154220000000000000e+06 1.133087600000000000e+07 1.794335300000000000e+07 2.840865100000000000e+07 4.494365600000000000e+07 7.110440400000000000e+07 1.124625380000000000e+08 1.781258520000000000e+08 2.822699930000000000e+08 4.475943220000000000e+08 7.098552520000000000e+08 1.126586778000000000e+09 1.795786186000000000e+09 2.862679991000000000e+09
4.477770000000000000e+05 7.087320000000000000e+05 1.124050000000000000e+06 1.789022000000000000e+06 2.824779000000000000e+06 4.470026000000000000e+06 7.085016000000000000e+06 1.122641500000000000e+07 1.780145000000000000e+07 2.822079900000000000e+07 4.465398300000000000e+07 7.072734000000000000e+07 1.120408200000000000e+08 1.773941590000000000e+08 2.807105210000000000e+08 4.452098570000000000e+08 7.050079090000000000e+08 1.113326841000000000e+09 1.752136190000000000e+09 2.739435054000000000e+09
5.698610000000000000e+05 9.063250000000000000e+05 1.435242000000000000e+06 2.272264000000000000e+06 3.594793000000000000e+06 5.694200000000000000e+06 8.991782000000000000e+06 1.419176400000000000e+07 2.240183200000000000e+07 3.538268300000000000e+07 5.578962400000000000e+07 8.790732400000000000e+07 1.382777270000000000e+08 2.174415490000000000e+08 3.408361780000000000e+08 5.315047500000000000e+08 8.230446240000000000e+08 1.265492452000000000e+09 1.930209166000000000e+09 2.918011571000000000e+09
5.416670000000000000e+05 8.551530000000000000e+05 1.356465000000000000e+06 2.145678000000000000e+06 3.397825000000000000e+06 5.371851000000000000e+06 8.507147000000000000e+06 1.345172900000000000e+07 2.126108600000000000e+07 3.356814600000000000e+07 5.296456400000000000e+07 8.345044200000000000e+07 1.313165670000000000e+08 2.059684000000000000e+08 3.223863390000000000e+08 5.024047530000000000e+08 7.804557630000000000e+08 1.202879584000000000e+09 1.827679728000000000e+09 2.725594794000000000e+09
5.438100000000000000e+05 8.602390000000000000e+05 1.364977000000000000e+06 2.167978000000000000e+06 3.433305000000000000e+06 5.443847000000000000e+06 8.635905000000000000e+06 1.368078100000000000e+07 2.170018500000000000e+07 3.441228700000000000e+07 5.456419100000000000e+07 8.650140700000000000e+07 1.372333770000000000e+08 2.177586040000000000e+08 3.458272040000000000e+08 5.487592810000000000e+08 8.723170380000000000e+08 1.389523370000000000e+09 2.214331814000000000e+09 3.524197376000000000e+09
5.500200000000000000e+05 8.716360000000000000e+05 1.381608000000000000e+06 2.191346000000000000e+06 3.469568000000000000e+06 5.499410000000000000e+06 8.715167000000000000e+06 1.382058800000000000e+07 2.193252700000000000e+07 3.472714300000000000e+07 5.502329400000000000e+07 8.713174800000000000e+07 1.378906830000000000e+08 2.181193060000000000e+08 3.449883990000000000e+08 5.463215030000000000e+08 8.652839790000000000e+08 1.376536430000000000e+09 2.193993162000000000e+09 3.493401721000000000e+09
4.219340000000000000e+05 6.705880000000000000e+05 1.061976000000000000e+06 1.683546000000000000e+06 2.665902000000000000e+06 4.224411000000000000e+06 6.689178000000000000e+06 1.059801300000000000e+07 1.680756600000000000e+07 2.661130300000000000e+07 4.216375900000000000e+07 6.691951400000000000e+07 1.062676880000000000e+08 1.690575250000000000e+08 2.691663370000000000e+08 4.285271470000000000e+08 6.824909920000000000e+08 1.084947649000000000e+09 1.724790195000000000e+09 2.744593995000000000e+09
4.579220000000000000e+05 7.283240000000000000e+05 1.153212000000000000e+06 1.823496000000000000e+06 2.894388000000000000e+06 4.583376000000000000e+06 7.260368000000000000e+06 1.150380500000000000e+07 1.824220700000000000e+07 2.890071600000000000e+07 4.576192500000000000e+07 7.249404500000000000e+07 1.148979990000000000e+08 1.819570550000000000e+08 2.880409380000000000e+08 4.563346820000000000e+08 7.243177270000000000e+08 1.152271796000000000e+09 1.839132654000000000e+09 2.952942593000000000e+09
5.099340000000000000e+05 8.081210000000000000e+05 1.280803000000000000e+06 2.028338000000000000e+06 3.218594000000000000e+06 5.096104000000000000e+06 8.080271000000000000e+06 1.281353500000000000e+07 2.031155200000000000e+07 3.221799900000000000e+07 5.112843800000000000e+07 8.115644000000000000e+07 1.289177930000000000e+08 2.050230680000000000e+08 3.261914790000000000e+08 5.196572890000000000e+08 8.296333080000000000e+08 1.325738950000000000e+09 2.125469315000000000e+09 3.423881809000000000e+09
5.719140000000000000e+05 9.068550000000000000e+05 1.437404000000000000e+06 2.275829000000000000e+06 3.605928000000000000e+06 5.725983000000000000e+06 9.071415000000000000e+06 1.438506000000000000e+07 2.281148200000000000e+07 3.614286500000000000e+07 5.730276700000000000e+07 9.084154300000000000e+07 1.438848810000000000e+08 2.281608020000000000e+08 3.616555420000000000e+08 5.734661760000000000e+08 9.097197960000000000e+08 1.444189316000000000e+09 2.287483016000000000e+09 3.613344648000000000e+09
5.723730000000000000e+05 9.060740000000000000e+05 1.436197000000000000e+06 2.276925000000000000e+06 3.613927000000000000e+06 5.725293000000000000e+06 9.073113000000000000e+06 1.438332900000000000e+07 2.278295200000000000e+07 3.612761800000000000e+07 5.726801800000000000e+07 9.070247000000000000e+07 1.438953220000000000e+08 2.279573670000000000e+08 3.611719860000000000e+08 5.725803130000000000e+08 9.082716960000000000e+08 1.437551453000000000e+09 2.272894831000000000e+09 3.583545089000000000e+09
3.980210000000000000e+05 6.310030000000000000e+05 1.001362000000000000e+06 1.579542000000000000e+06 2.499805000000000000e+06 3.950218000000000000e+06 6.238644000000000000e+06 9.834820000000000000e+06 1.549857300000000000e+07 2.440832500000000000e+07 3.833743000000000000e+07 6.010398200000000000e+07 9.382255200000000000e+07 1.457517360000000000e+08 2.250730430000000000e+08 3.447889930000000000e+08 5.227192740000000000e+08 7.811106770000000000e+08 1.148858847000000000e+09 1.646440375000000000e+09
4.618930000000000000e+05 7.318760000000000000e+05 1.162651000000000000e+06 1.836330000000000000e+06 2.910738000000000000e+06 4.602639000000000000e+06 7.270393000000000000e+06 1.148858100000000000e+07 1.817309700000000000e+07 2.867353700000000000e+07 4.518604900000000000e+07 7.118442800000000000e+07 1.121166870000000000e+08 1.761857590000000000e+08 2.761801900000000000e+08 4.309664390000000000e+08 6.688833170000000000e+08 1.032346746000000000e+09 1.579551827000000000e+09 2.389512746000000000e+09
6.618920000000000000e+05 1.048540000000000000e+06 1.663703000000000000e+06 2.636615000000000000e+06 4.184694000000000000e+06 6.622594000000000000e+06 1.049383700000000000e+07 1.663517700000000000e+07 2.633061100000000000e+07 4.169255300000000000e+07 6.601204100000000000e+07 1.044432130000000000e+08 1.652286450000000000e+08 2.614789530000000000e+08 4.138739980000000000e+08 6.543034140000000000e+08 1.032893815000000000e+09 1.631086901000000000e+09 2.578885380000000000e+09 4.070967060000000000e+09
5.469850000000000000e+05 8.679850000000000000e+05 1.373997000000000000e+06 2.179076000000000000e+06 3.451241000000000000e+06 5.465505000000000000e+06 8.659934000000000000e+06 1.373151200000000000e+07 2.174387700000000000e+07 3.443669400000000000e+07 5.448018600000000000e+07 8.629492600000000000e+07 1.368285620000000000e+08 2.164870190000000000e+08 3.423407080000000000e+08 5.405522960000000000e+08 8.531376050000000000e+08 1.340547936000000000e+09 2.102063909000000000e+09 3.295998462000000000e+09
5.507990000000000000e+05 8.740620000000000000e+05 1.385912000000000000e+06 2.197434000000000000e+06 3.476127000000000000e+06 5.507060000000000000e+06 8.724972000000000000e+06 1.381128700000000000e+07 2.185295000000000000e+07 3.457947400000000000e+07 5.474536500000000000e+07 8.658910800000000000e+07 1.370444740000000000e+08 2.169462000000000000e+08 3.433365720000000000e+08 5.435043550000000000e+08 8.613830190000000000e+08 1.365370891000000000e+09 2.167409161000000000e+09 3.433441215000000000e+09
5.450530000000000000e+05 8.629740000000000000e+05 1.366993000000000000e+06 2.165833000000000000e+06 3.423923000000000000e+06 5.415755000000000000e+06 8.553070000000000000e+06 1.351923200000000000e+07 2.131721300000000000e+07 3.362223000000000000e+07 5.291864500000000000e+07 8.325247900000000000e+07 1.305645150000000000e+08 2.041348050000000000e+08 3.185303580000000000e+08 4.950935350000000000e+08 7.658959330000000000e+08 1.177960315000000000e+09 1.790250706000000000e+09 2.684807552000000000e+09
5.832640000000000000e+05 9.265950000000000000e+05 1.470932000000000000e+06 2.325200000000000000e+06 3.693977000000000000e+06 5.863255000000000000e+06 9.282577000000000000e+06 1.469913200000000000e+07 2.329460200000000000e+07 3.689659700000000000e+07 5.849049800000000000e+07 9.252006300000000000e+07 1.462704970000000000e+08 2.310501490000000000e+08 3.640291950000000000e+08 5.729398970000000000e+08 8.981786000000000000e+08 1.405858969000000000e+09 2.200733270000000000e+09 3.425398859000000000e+09
5.125360000000000000e+05 8.137990000000000000e+05 1.290144000000000000e+06 2.045473000000000000e+06 3.238648000000000000e+06 5.134084000000000000e+06 8.134724000000000000e+06 1.290410100000000000e+07 2.046860400000000000e+07 3.242277100000000000e+07 5.141324300000000000e+07 8.150314500000000000e+07 1.288899770000000000e+08 2.035208740000000000e+08 3.212532490000000000e+08 5.080159880000000000e+08 8.033998770000000000e+08 1.271757230000000000e+09 2.006811225000000000e+09 3.152267489000000000e+09
4.687200000000000000e+05 7.413440000000000000e+05 1.175035000000000000e+06 1.862984000000000000e+06 2.958170000000000000e+06 4.692957000000000000e+06 7.429040000000000000e+06 1.180447600000000000e+07 1.871564500000000000e+07 2.968032300000000000e+07 4.714975700000000000e+07 7.485897200000000000e+07 1.189657810000000000e+08 1.892961790000000000e+08 3.011604930000000000e+08 4.796959640000000000e+08 7.665561540000000000e+08 1.229658642000000000e+09 1.967462248000000000e+09 3.142594592000000000e+09
4.478790000000000000e+05 7.090590000000000000e+05 1.121304000000000000e+06 1.777495000000000000e+06 2.817125000000000000e+06 4.452576000000000000e+06 7.032515000000000000e+06 1.110754200000000000e+07 1.753306300000000000e+07 2.767089300000000000e+07 4.362634800000000000e+07 6.857394200000000000e+07 1.076332420000000000e+08 1.682711250000000000e+08 2.619175960000000000e+08 4.059603140000000000e+08 6.261787840000000000e+08 9.624137490000000000e+08 1.471136828000000000e+09 2.226243156000000000e+09
5.815010000000000000e+05 9.198260000000000000e+05 1.459632000000000000e+06 2.301332000000000000e+06 3.651764000000000000e+06 5.775567000000000000e+06 9.136429000000000000e+06 1.445162500000000000e+07 2.282453500000000000e+07 3.604372200000000000e+07 5.693069200000000000e+07 8.986263400000000000e+07 1.416009850000000000e+08 2.226837990000000000e+08 3.489206870000000000e+08 5.448174870000000000e+08 8.450309330000000000e+08 1.302854379000000000e+09 1.991875626000000000e+09 3.002934157000000000e+09
5.311870000000000000e+05 8.414610000000000000e+05 1.335012000000000000e+06 2.116264000000000000e+06 3.345974000000000000e+06 5.304418000000000000e+06 8.413473000000000000e+06 1.331932000000000000e+07 2.110388600000000000e+07 3.344350900000000000e+07 5.307206700000000000e+07 8.414910400000000000e+07 1.334142230000000000e+08 2.112893090000000000e+08 3.349097030000000000e+08 5.321909160000000000e+08 8.464833090000000000e+08 1.337523125000000000e+09 2.101654860000000000e+09 3.296059120000000000e+09
4.754630000000000000e+05 7.518430000000000000e+05 1.192969000000000000e+06 1.892610000000000000e+06 2.995845000000000000e+06 4.751269000000000000e+06 7.521895000000000000e+06 1.193159100000000000e+07 1.894118100000000000e+07 3.004780100000000000e+07 4.764237200000000000e+07 7.545372300000000000e+07 1.195605100000000000e+08 1.895505550000000000e+08 2.999525290000000000e+08 4.752889980000000000e+08 7.549232080000000000e+08 1.206230726000000000e+09 1.930474757000000000e+09 3.083659679000000000e+09
4.802970000000000000e+05 7.599680000000000000e+05 1.206186000000000000e+06 1.909916000000000000e+06 3.025784000000000000e+06 4.784801000000000000e+06 7.569672000000000000e+06 1.195748600000000000e+07 1.886209200000000000e+07 2.973443400000000000e+07 4.679912800000000000e+07 7.355433200000000000e+07 1.154413560000000000e+08 1.806290290000000000e+08 2.818451350000000000e+08 4.382293990000000000e+08 6.772289490000000000e+08 1.038689405000000000e+09 1.579433416000000000e+09 2.370009032000000000e+09
5.198930000000000000e+05 8.219130000000000000e+05 1.302824000000000000e+06 2.069301000000000000e+06 3.273552000000000000e+06 5.186584000000000000e+06 8.226241000000000000e+06 1.303825800000000000e+07 2.066781900000000000e+07 3.276107700000000000e+07 5.187416400000000000e+07 8.214085300000000000e+07 1.299999820000000000e+08 2.056448720000000000e+08 3.247938150000000000e+08 5.116802140000000000e+08 8.040966310000000000e+08 1.258947518000000000e+09 1.971043208000000000e+09 3.091402706000000000e+09
4.870340000000000000e+05 7.697600000000000000e+05 1.217814000000000000e+06 1.928067000000000000e+06 3.058656000000000000e+06 4.837753000000000000e+06 7.663984000000000000e+06 1.215147400000000000e+07 1.925415000000000000e+07 3.048552700000000000e+07 4.830677700000000000e+07 7.660677400000000000e+07 1.214541640000000000e+08 1.924723750000000000e+08 3.055785690000000000e+08 4.852304660000000000e+08 7.728533740000000000e+08 1.235162445000000000e+09 1.980196281000000000e+09 3.191682758000000000e+09
3.746740000000000000e+05 5.940850000000000000e+05 9.384000000000000000e+05 1.484258000000000000e+06 2.360505000000000000e+06 3.739478000000000000e+06 5.927599000000000000e+06 9.410140000000000000e+06 1.491838300000000000e+07 2.367931400000000000e+07 3.754898700000000000e+07 5.953519700000000000e+07 9.446419800000000000e+07 1.494266560000000000e+08 2.362414050000000000e+08 3.731074020000000000e+08 5.892892540000000000e+08 9.281592850000000000e+08 1.465471683000000000e+09 2.321600164000000000e+09
5.250440000000000000e+05 8.323420000000000000e+05 1.318882000000000000e+06 2.088391000000000000e+06 3.309370000000000000e+06 5.252760000000000000e+06 8.327016000000000000e+06 1.320592700000000000e+07 2.094258300000000000e+07 3.323130700000000000e+07 5.277599100000000000e+07 8.375544200000000000e+07 1.328529180000000000e+08 2.108134190000000000e+08 3.336037840000000000e+08 5.262143430000000000e+08 8.287698610000000000e+08 1.304721128000000000e+09 2.058462561000000000e+09 3.246383782000000000e+09
6.885840000000000000e+05 1.091693000000000000e+06 1.731812000000000000e+06 2.738959000000000000e+06 4.326947000000000000e+06 6.856693000000000000e+06 1.085272900000000000e+07 1.716035900000000000e+07 2.712211200000000000e+07 4.279902800000000000e+07 6.752960300000000000e+07 1.064163500000000000e+08 1.674156450000000000e+08 2.627867710000000000e+08 4.118362500000000000e+08 6.431219380000000000e+08 9.986392710000000000e+08 1.538004050000000000e+09 2.344184547000000000e+09 3.531021574000000000e+09
4.392920000000000000e+05 6.992750000000000000e+05 1.105522000000000000e+06 1.753188000000000000e+06 2.779036000000000000e+06 4.406748000000000000e+06 6.974446000000000000e+06 1.104866000000000000e+07 1.750830200000000000e+07 2.770081500000000000e+07 4.389750600000000000e+07 6.960512400000000000e+07 1.105031920000000000e+08 1.753625530000000000e+08 2.782342910000000000e+08 4.420184910000000000e+08 7.036864220000000000e+08 1.121454412000000000e+09 1.789558061000000000e+09 2.850043973000000000e+09
4.440910000000000000e+05 7.050490000000000000e+05 1.117609000000000000e+06 1.772018000000000000e+06 2.808002000000000000e+06 4.447915000000000000e+06 7.050931000000000000e+06 1.117508100000000000e+07 1.769676800000000000e+07 2.803981000000000000e+07 4.439877100000000000e+07 7.032996000000000000e+07 1.114105450000000000e+08 1.763776000000000000e+08 2.788112110000000000e+08 4.416148210000000000e+08 7.013178230000000000e+08 1.116395128000000000e+09 1.777138326000000000e+09 2.820015605000000000e+09
4.210990000000000000e+05 6.689110000000000000e+05 1.058003000000000000e+06 1.669955000000000000e+06 2.642267000000000000e+06 4.187684000000000000e+06 6.629004000000000000e+06 1.047746300000000000e+07 1.654162700000000000e+07 2.608266900000000000e+07 4.108438200000000000e+07 6.465052000000000000e+07 1.015092780000000000e+08 1.587372970000000000e+08 2.474358220000000000e+08 3.844607390000000000e+08 5.934706150000000000e+08 9.080808950000000000e+08 1.373976568000000000e+09 2.040339208000000000e+09
5.370170000000000000e+05 8.486130000000000000e+05 1.346239000000000000e+06 2.133722000000000000e+06 3.379534000000000000e+06 5.361079000000000000e+06 8.504923000000000000e+06 1.346246400000000000e+07 2.133658600000000000e+07 3.379659800000000000e+07 5.349908900000000000e+07 8.452011300000000000e+07 1.333129100000000000e+08 2.099115000000000000e+08 3.301188930000000000e+08 5.181103610000000000e+08 8.108874270000000000e+08 1.262583246000000000e+09 1.952902278000000000e+09 2.999350449000000000e+09
4.658340000000000000e+05 7.390150000000000000e+05 1.167953000000000000e+06 1.848379000000000000e+06 2.926996000000000000e+06 4.630921000000000000e+06 7.323406000000000000e+06 1.157128800000000000e+07 1.828857300000000000e+07 2.889644600000000000e+07 4.548643200000000000e+07 7.147045400000000000e+07 1.121002240000000000e+08 1.753509730000000000e+08 2.730965080000000000e+08 4.225843300000000000e+08 6.499332490000000000e+08 9.911057160000000000e+08 1.497548769000000000e+09 2.217608350000000000e+09
5.870030000000000000e+05 9.282870000000000000e+05 1.474296000000000000e+06 2.335031000000000000e+06 3.696570000000000000e+06 5.861346000000000000e+06 9.297952000000000000e+06 1.472714000000000000e+07 2.335446900000000000e+07 3.702658700000000000e+07 5.863171200000000000e+07 9.279275000000000000e+07 1.470071620000000000e+08 2.326530440000000000e+08 3.681586600000000000e+08 5.821424460000000000e+08 9.184819840000000000e+08 1.446400355000000000e+09 2.277177808000000000e+09 3.585631864000000000e+09
4.226420000000000000e+05 6.685200000000000000e+05 1.063303000000000000e+06 1.683948000000000000e+06 2.665551000000000000e+06 4.229260000000000000e+06 6.709444000000000000e+06 1.063419800000000000e+07 1.689296900000000000e+07 2.675219100000000000e+07 4.245862700000000000e+07 6.744369900000000000e+07 1.071143490000000000e+08 1.698182850000000000e+08 2.692484390000000000e+08 4.269215640000000000e+08 6.767422530000000000e+08 1.074507457000000000e+09 1.712077060000000000e+09 2.729198053000000000e+09
2.924580000000000000e+05 4.659590000000000000e+05 7.350690000000000000e+05 1.166578000000000000e+06 1.845452000000000000e+06 2.929238000000000000e+06 4.642993000000000000e+06 7.354402000000000000e+06 1.167462700000000000e+07 1.849614300000000000e+07 2.929575300000000000e+07 4.646939400000000000e+07 7.357477900000000000e+07 1.167533620000000000e+08 1.853388970000000000e+08 2.946615070000000000e+08 4.694545240000000000e+08 7.470072290000000000e+08 1.191863063000000000e+09 1.900813067000000000e+09
3.664030000000000000e+05 5.793680000000000000e+05 9.170920000000000000e+05 1.454056000000000000e+06 2.296879000000000000e+06 3.632933000000000000e+06 5.742655000000000000e+06 9.063520000000000000e+06 1.429339600000000000e+07 2.255644700000000000e+07 3.553598500000000000e+07 5.596825300000000000e+07 8.800462000000000000e+07 1.381935400000000000e+08 2.166838680000000000e+08 3.381736030000000000e+08 5.253415540000000000e+08 8.100991280000000000e+08 1.237860656000000000e+09 1.860495761000000000e+09
4.581100000000000000e+05 7.248480000000000000e+05 1.147058000000000000e+06 1.822328000000000000e+06 2.890775000000000000e+06 4.587038000000000000e+06 7.270953000000000000e+06 1.151841700000000000e+07 1.825716800000000000e+07 2.896263700000000000e+07 4.599556200000000000e+07 7.305891400000000000e+07 1.160391780000000000e+08 1.843969760000000000e+08 2.932984390000000000e+08 4.666532910000000000e+08 7.442743540000000000e+08 1.190075802000000000e+09 1.908339613000000000e+09 3.060135536000000000e+09
4.880200000000000000e+05 7.748920000000000000e+05 1.227538000000000000e+06 1.946482000000000000e+06 3.082148000000000000e+06 4.883800000000000000e+06 7.740207000000000000e+06 1.227745500000000000e+07 1.946045400000000000e+07 3.084944100000000000e+07 4.888501600000000000e+07 7.746956800000000000e+07 1.227919550000000000e+08 1.945963620000000000e+08 3.083833430000000000e+08 4.886967000000000000e+08 7.730597570000000000e+08 1.221758605000000000e+09 1.925909179000000000e+09 3.029103131000000000e+09
6.666400000000000000e+05 1.055369000000000000e+06 1.675474000000000000e+06 2.652243000000000000e+06 4.206143000000000000e+06 6.666645000000000000e+06 1.055730400000000000e+07 1.671637400000000000e+07 2.649850900000000000e+07 4.198800300000000000e+07 6.651626500000000000e+07 1.053882880000000000e+08 1.670128490000000000e+08 2.645785080000000000e+08 4.197561620000000000e+08 6.660196970000000000e+08 1.058212982000000000e+09 1.683000337000000000e+09 2.665678406000000000e+09 4.201356998000000000e+09
4.742260000000000000e+05 7.481960000000000000e+05 1.189653000000000000e+06 1.883198000000000000e+06 2.989491000000000000e+06 4.736770000000000000e+06 7.502160000000000000e+06 1.188711800000000000e+07 1.885066700000000000e+07 2.986152900000000000e+07 4.729115700000000000e+07 7.491044200000000000e+07 1.186021530000000000e+08 1.876150120000000000e+08 2.969136060000000000e+08 4.689766840000000000e+08 7.406848160000000000e+08 1.169253677000000000e+09 1.842775611000000000e+09 2.911416633000000000e+09
3.025490000000000000e+05 4.798930000000000000e+05 7.574880000000000000e+05 1.205749000000000000e+06 1.909262000000000000e+06 3.021166000000000000e+06 4.784980000000000000e+06 7.574565000000000000e+06 1.200538600000000000e+07 1.902481100000000000e+07 3.019218700000000000e+07 4.785076600000000000e+07 7.587712300000000000e+07 1.203465410000000000e+08 1.907182950000000000e+08 3.026437970000000000e+08 4.820625560000000000e+08 7.705181960000000000e+08 1.231446700000000000e+09 1.970598622000000000e+09
4.343580000000000000e+05 6.898680000000000000e+05 1.089264000000000000e+06 1.731907000000000000e+06 2.745194000000000000e+06 4.348326000000000000e+06 6.899674000000000000e+06 1.093787800000000000e+07 1.732261800000000000e+07 2.744262400000000000e+07 4.355032000000000000e+07 6.918357400000000000e+07 1.098297500000000000e+08 1.741441300000000000e+08 2.756086330000000000e+08 4.351020770000000000e+08 6.847408940000000000e+08 1.076578898000000000e+09 1.689651519000000000e+09 2.647184695000000000e+09
5.761530000000000000e+05 9.120020000000000000e+05 1.443121000000000000e+06 2.283028000000000000e+06 3.617070000000000000e+06 5.724511000000000000e+06 9.044760000000000000e+06 1.430829900000000000e+07 2.258626500000000000e+07 3.562585300000000000e+07 5.621005600000000000e+07 8.843030800000000000e+07 1.389700260000000000e+08 2.178960140000000000e+08 3.407999580000000000e+08 5.306831560000000000e+08 8.233644370000000000e+08 1.269093207000000000e+09 1.935562725000000000e+09 2.913536198000000000e+09
5.545760000000000000e+05 8.805100000000000000e+05 1.393853000000000000e+06 2.210123000000000000e+06 3.496501000000000000e+06 5.541492000000000000e+06 8.790269000000000000e+06 1.393095700000000000e+07 2.206952600000000000e+07 3.499789900000000000e+07 5.548797100000000000e+07 8.808850900000000000e+07 1.397434020000000000e+08 2.219634670000000000e+08 3.527243380000000000e+08 5.608469300000000000e+08 8.907277910000000000e+08 1.415085718000000000e+09 2.251513619000000000e+09 3.580776689000000000e+09
3.284160000000000000e+05 5.187520000000000000e+05 8.210660000000000000e+05 1.300977000000000000e+06 2.056602000000000000e+06 3.248532000000000000e+06 5.129853000000000000e+06 8.101193000000000000e+06 1.277783400000000000e+07 2.009413500000000000e+07 3.162809100000000000e+07 4.950486300000000000e+07 7.722954000000000000e+07 1.201590830000000000e+08 1.862866940000000000e+08 2.867482920000000000e+08 4.382776310000000000e+08 6.658431790000000000e+08 1.001048823000000000e+09 1.469250966000000000e+09
4.905190000000000000e+05 7.797190000000000000e+05 1.231558000000000000e+06 1.957329000000000000e+06 3.099586000000000000e+06 4.920180000000000000e+06 7.805559000000000000e+06 1.235367900000000000e+07 1.958257300000000000e+07 3.104606100000000000e+07 4.923315700000000000e+07 7.805118700000000000e+07 1.237108360000000000e+08 1.960081490000000000e+08 3.106835450000000000e+08 4.932092650000000000e+08 7.843114150000000000e+08 1.246165730000000000e+09 1.975334952000000000e+09 3.135304603000000000e+09
4.719460000000000000e+05 7.500780000000000000e+05 1.186522000000000000e+06 1.882680000000000000e+06 2.977421000000000000e+06 4.717928000000000000e+06 7.476879000000000000e+06 1.185176400000000000e+07 1.879478900000000000e+07 2.979616900000000000e+07 4.728061600000000000e+07 7.497966000000000000e+07 1.191552990000000000e+08 1.894235260000000000e+08 3.015348410000000000e+08 4.807046300000000000e+08 7.669453500000000000e+08 1.228015735000000000e+09 1.967501266000000000e+09 3.158685387000000000e+09
4.629960000000000000e+05 7.338330000000000000e+05 1.164124000000000000e+06 1.843972000000000000e+06 2.919606000000000000e+06 4.623349000000000000e+06 7.310042000000000000e+06 1.157856100000000000e+07 1.829071300000000000e+07 2.891835200000000000e+07 4.554053300000000000e+07 7.168743400000000000e+07 1.125021270000000000e+08 1.757510560000000000e+08 2.727229450000000000e+08 4.212592470000000000e+08 6.454979630000000000e+08 9.818165440000000000e+08 1.476605031000000000e+09 2.188433144000000000e+09
4.572600000000000000e+05 7.251490000000000000e+05 1.147189000000000000e+06 1.821047000000000000e+06 2.890526000000000000e+06 4.584890000000000000e+06 7.268742000000000000e+06 1.152462800000000000e+07 1.826282500000000000e+07 2.897476100000000000e+07 4.596888500000000000e+07 7.288457300000000000e+07 1.156561220000000000e+08 1.834950380000000000e+08 2.912838090000000000e+08 4.624327090000000000e+08 7.353101450000000000e+08 1.174877981000000000e+09 1.881359319000000000e+09 3.010727930000000000e+09
3.060250000000000000e+05 4.819780000000000000e+05 7.644870000000000000e+05 1.210747000000000000e+06 1.914683000000000000e+06 3.026083000000000000e+06 4.781179000000000000e+06 7.546417000000000000e+06 1.192505000000000000e+07 1.878619900000000000e+07 2.951128100000000000e+07 4.629740100000000000e+07 7.246708500000000000e+07 1.132211420000000000e+08 1.755608640000000000e+08 2.696310190000000000e+08 4.108270620000000000e+08 6.185400400000000000e+08 9.191003470000000000e+08 1.344214834000000000e+09
4.105650000000000000e+05 6.500150000000000000e+05 1.034102000000000000e+06 1.635566000000000000e+06 2.590821000000000000e+06 4.112633000000000000e+06 6.527555000000000000e+06 1.034432400000000000e+07 1.638431900000000000e+07 2.596179600000000000e+07 4.117470900000000000e+07 6.527037700000000000e+07 1.036689980000000000e+08 1.649044900000000000e+08 2.621650600000000000e+08 4.172393420000000000e+08 6.647089040000000000e+08 1.058103175000000000e+09 1.681589119000000000e+09 2.664455012000000000e+09
5.864010000000000000e+05 9.272550000000000000e+05 1.470536000000000000e+06 2.326095000000000000e+06 3.679050000000000000e+06 5.830289000000000000e+06 9.211190000000000000e+06 1.456419100000000000e+07 2.299372400000000000e+07 3.631453400000000000e+07 5.728848700000000000e+07 9.020408700000000000e+07 1.418886640000000000e+08 2.226323340000000000e+08 3.481086420000000000e+08 5.422421570000000000e+08 8.409267070000000000e+08 1.295567354000000000e+09 1.987901761000000000e+09 3.038134237000000000e+09
4.481420000000000000e+05 7.115490000000000000e+05 1.125974000000000000e+06 1.785863000000000000e+06 2.832236000000000000e+06 4.497456000000000000e+06 7.124938000000000000e+06 1.128965200000000000e+07 1.790019800000000000e+07 2.836877100000000000e+07 4.496534300000000000e+07 7.132221700000000000e+07 1.131930150000000000e+08 1.798141170000000000e+08 2.855659990000000000e+08 4.523860410000000000e+08 7.154728650000000000e+08 1.132315082000000000e+09 1.803037192000000000e+09 2.884727691000000000e+09
4.048910000000000000e+05 6.420390000000000000e+05 1.016338000000000000e+06 1.611354000000000000e+06 2.557463000000000000e+06 4.054326000000000000e+06 6.431878000000000000e+06 1.019823700000000000e+07 1.616179400000000000e+07 2.564503700000000000e+07 4.068515100000000000e+07 6.444645500000000000e+07 1.019915730000000000e+08 1.612701960000000000e+08 2.550659110000000000e+08 4.033799130000000000e+08 6.409909130000000000e+08 1.022868925000000000e+09 1.627870756000000000e+09 2.585703148000000000e+09
6.081220000000000000e+05 9.624910000000000000e+05 1.523902000000000000e+06 2.417084000000000000e+06 3.826936000000000000e+06 6.068233000000000000e+06 9.592448000000000000e+06 1.516094900000000000e+07 2.395283300000000000e+07 3.779734400000000000e+07 5.950251000000000000e+07 9.358829600000000000e+07 1.468519590000000000e+08 2.299745490000000000e+08 3.588102660000000000e+08 5.576298510000000000e+08 8.620097240000000000e+08 1.321831632000000000e+09 2.009354726000000000e+09 3.014967147000000000e+09
4.783540000000000000e+05 7.585150000000000000e+05 1.199662000000000000e+06 1.896633000000000000e+06 2.995783000000000000e+06 4.747923000000000000e+06 7.495260000000000000e+06 1.183176900000000000e+07 1.864049900000000000e+07 2.937546800000000000e+07 4.626210800000000000e+07 7.273876400000000000e+07 1.140236600000000000e+08 1.784039110000000000e+08 2.787330470000000000e+08 4.335860730000000000e+08 6.710467860000000000e+08 1.031062277000000000e+09 1.568044899000000000e+09 2.352554084000000000e+09
5.066700000000000000e+05 8.027250000000000000e+05 1.274897000000000000e+06 2.018220000000000000e+06 3.196684000000000000e+06 5.059113000000000000e+06 8.023944000000000000e+06 1.274323200000000000e+07 2.015672100000000000e+07 3.199053500000000000e+07 5.069971900000000000e+07 8.040748200000000000e+07 1.275687600000000000e+08 2.022576970000000000e+08 3.206462290000000000e+08 5.079515190000000000e+08 8.044463690000000000e+08 1.274169806000000000e+09 2.018731009000000000e+09 3.187645477000000000e+09
4.617800000000000000e+05 7.345210000000000000e+05 1.160957000000000000e+06 1.842178000000000000e+06 2.920756000000000000e+06 4.625484000000000000e+06 7.336435000000000000e+06 1.161075100000000000e+07 1.839903900000000000e+07 2.915850000000000000e+07 4.624930800000000000e+07 7.337654900000000000e+07 1.164136460000000000e+08 1.846649930000000000e+08 2.932390230000000000e+08 4.656439990000000000e+08 7.401925470000000000e+08 1.175394687000000000e+09 1.857464729000000000e+09 2.938132998000000000e+09
5.291850000000000000e+05 8.343140000000000000e+05 1.319026000000000000e+06 2.089882000000000000e+06 3.308323000000000000e+06 5.229604000000000000e+06 8.254822000000000000e+06 1.303907600000000000e+07 2.054059700000000000e+07 3.230631800000000000e+07 5.070606100000000000e+07 7.936234500000000000e+07 1.237167100000000000e+08 1.920659630000000000e+08 2.962497340000000000e+08 4.530158330000000000e+08 6.870565400000000000e+08 1.029642254000000000e+09 1.517400174000000000e+09 2.180717518000000000e+09
4.278620000000000000e+05 6.794460000000000000e+05 1.075472000000000000e+06 1.702810000000000000e+06 2.692739000000000000e+06 4.258250000000000000e+06 6.727302000000000000e+06 1.062281500000000000e+07 1.675231700000000000e+07 2.641344500000000000e+07 4.156858600000000000e+07 6.530184300000000000e+07 1.023999680000000000e+08 1.599483720000000000e+08 2.484585760000000000e+08 3.834438980000000000e+08 5.888596160000000000e+08 8.965781380000000000e+08 1.353674183000000000e+09 2.030035336000000000e+09
3.305550000000000000e+05 5.221720000000000000e+05 8.256600000000000000e+05 1.306569000000000000e+06 2.068807000000000000e+06 3.267589000000000000e+06 5.165763000000000000e+06 8.150887000000000000e+06 1.286073000000000000e+07 2.023638700000000000e+07 3.177145800000000000e+07 4.982793600000000000e+07 7.791763800000000000e+07 1.216895790000000000e+08 1.894604790000000000e+08 2.924719950000000000e+08 4.462735290000000000e+08 6.730070620000000000e+08 1.000532252000000000e+09 1.459955017000000000e+09
4.992830000000000000e+05 7.904450000000000000e+05 1.253442000000000000e+06 1.987758000000000000e+06 3.149393000000000000e+06 4.994909000000000000e+06 7.907896000000000000e+06 1.253099300000000000e+07 1.988407100000000000e+07 3.152431700000000000e+07 5.000400800000000000e+07 7.935361400000000000e+07 1.258901210000000000e+08 1.999622470000000000e+08 3.177414120000000000e+08 5.044067630000000000e+08 7.994845390000000000e+08 1.264967224000000000e+09 2.001240572000000000e+09 3.156796523000000000e+09
4.712550000000000000e+05 7.478050000000000000e+05 1.185206000000000000e+06 1.877158000000000000e+06 2.976917000000000000e+06 4.723151000000000000e+06 7.489124000000000000e+06 1.186826100000000000e+07 1.880886100000000000e+07 2.982145700000000000e+07 4.731431100000000000e+07 7.495568700000000000e+07 1.188709890000000000e+08 1.886288720000000000e+08 2.994454680000000000e+08 4.743550860000000000e+08 7.514759320000000000e+08 1.190099767000000000e+09 1.877446505000000000e+09 2.945725278000000000e+09
6.085750000000000000e+05 9.662010000000000000e+05 1.530415000000000000e+06 2.425230000000000000e+06 3.849920000000000000e+06 6.094626000000000000e+06 9.664781000000000000e+06 1.529651500000000000e+07 2.420863900000000000e+07 3.837222700000000000e+07 6.078026900000000000e+07 9.614605900000000000e+07 1.521270630000000000e+08 2.407020170000000000e+08 3.805143250000000000e+08 6.016177640000000000e+08 9.511151860000000000e+08 1.500406610000000000e+09 2.366604456000000000e+09 3.728060882000000000e+09
5.059620000000000000e+05 8.020690000000000000e+05 1.267582000000000000e+06 2.009573000000000000e+06 3.191524000000000000e+06 5.055399000000000000e+06 8.006192000000000000e+06 1.270717300000000000e+07 2.014966300000000000e+07 3.192688500000000000e+07 5.056441000000000000e+07 7.997600100000000000e+07 1.265487180000000000e+08 2.000575710000000000e+08 3.159027510000000000e+08 4.980262300000000000e+08 7.839152040000000000e+08 1.231596174000000000e+09 1.929196409000000000e+09 3.016035274000000000e+09
5.172900000000000000e+05 8.192030000000000000e+05 1.298040000000000000e+06 2.060011000000000000e+06 3.260305000000000000e+06 5.168082000000000000e+06 8.195679000000000000e+06 1.298380000000000000e+07 2.058318300000000000e+07 3.260657300000000000e+07 5.168917300000000000e+07 8.183914200000000000e+07 1.296547880000000000e+08 2.054978790000000000e+08 3.255267960000000000e+08 5.141059970000000000e+08 8.086875890000000000e+08 1.271951104000000000e+09 2.009302286000000000e+09 3.174000919000000000e+09
5.649280000000000000e+05 8.963590000000000000e+05 1.421429000000000000e+06 2.248492000000000000e+06 3.563965000000000000e+06 5.644737000000000000e+06 8.942053000000000000e+06 1.417424200000000000e+07 2.243487900000000000e+07 3.554197600000000000e+07 5.626844600000000000e+07 8.905935700000000000e+07 1.407487430000000000e+08 2.223794600000000000e+08 3.511709370000000000e+08 5.547145610000000000e+08 8.756053050000000000e+08 1.383544719000000000e+09 2.184797016000000000e+09 3.445077652000000000e+09
3.849510000000000000e+05 6.091490000000000000e+05 9.671100000000000000e+05 1.532800000000000000e+06 2.428417000000000000e+06 3.849569000000000000e+06 6.104454000000000000e+06 9.682056000000000000e+06 1.533840600000000000e+07 2.432568800000000000e+07 3.854979600000000000e+07 6.111787000000000000e+07 9.704025000000000000e+07 1.540571810000000000e+08 2.446353490000000000e+08 3.891965070000000000e+08 6.201785690000000000e+08 9.899120810000000000e+08 1.582333714000000000e+09 2.533178468000000000e+09
4.841410000000000000e+05 7.627440000000000000e+05 1.209642000000000000e+06 1.921562000000000000e+06 3.045111000000000000e+06 4.828837000000000000e+06 7.640588000000000000e+06 1.211807200000000000e+07 1.919173300000000000e+07 3.044649100000000000e+07 4.828672000000000000e+07 7.657275000000000000e+07 1.215458390000000000e+08 1.929408060000000000e+08 3.061103290000000000e+08 4.861281220000000000e+08 7.714289080000000000e+08 1.220666388000000000e+09 1.922173082000000000e+09 3.025169686000000000e+09
2.704820000000000000e+05 4.284930000000000000e+05 6.794210000000000000e+05 1.078646000000000000e+06 1.707572000000000000e+06 2.700646000000000000e+06 4.279210000000000000e+06 6.784621000000000000e+06 1.077574600000000000e+07 1.706183900000000000e+07 2.705179800000000000e+07 4.290546400000000000e+07 6.798125700000000000e+07 1.077037780000000000e+08 1.708305580000000000e+08 2.713963360000000000e+08 4.309427660000000000e+08 6.838509880000000000e+08 1.091542924000000000e+09 1.745643841000000000e+09
5.562080000000000000e+05 8.838260000000000000e+05 1.397371000000000000e+06 2.217012000000000000e+06 3.507009000000000000e+06 5.576650000000000000e+06 8.840176000000000000e+06 1.402624200000000000e+07 2.221507500000000000e+07 3.525866300000000000e+07 5.593961700000000000e+07 8.883255500000000000e+07 1.410472750000000000e+08 2.241372490000000000e+08 3.561327570000000000e+08 5.674745570000000000e+08 9.041254460000000000e+08 1.438252710000000000e+09 2.285067725000000000e+09 3.631532111000000000e+09
4.047260000000000000e+05 6.396430000000000000e+05 1.014387000000000000e+06 1.604440000000000000e+06 2.544439000000000000e+06 4.018790000000000000e+06 6.350526000000000000e+06 1.001590900000000000e+07 1.581132300000000000e+07 2.492245300000000000e+07 3.922637800000000000e+07 6.155091500000000000e+07 9.643915200000000000e+07 1.507261560000000000e+08 2.350883480000000000e+08 3.654056150000000000e+08 5.648648970000000000e+08 8.634682610000000000e+08 1.300041723000000000e+09 1.927167398000000000e+09
3.102110000000000000e+05 4.934920000000000000e+05 7.801050000000000000e+05 1.235121000000000000e+06 1.961151000000000000e+06 3.107774000000000000e+06 4.929035000000000000e+06 7.810401000000000000e+06 1.236593300000000000e+07 1.960018800000000000e+07 3.105629200000000000e+07 4.918007800000000000e+07 7.793280400000000000e+07 1.235279990000000000e+08 1.955982140000000000e+08 3.098486930000000000e+08 4.901302130000000000e+08 7.743720050000000000e+08 1.225730029000000000e+09 1.957805499000000000e+09
6.152170000000000000e+05 9.745490000000000000e+05 1.545622000000000000e+06 2.453590000000000000e+06 3.884824000000000000e+06 6.160244000000000000e+06 9.762509000000000000e+06 1.548477800000000000e+07 2.456077100000000000e+07 3.889482300000000000e+07 6.161456600000000000e+07 9.766518200000000000e+07 1.549301070000000000e+08 2.454350430000000000e+08 3.884256630000000000e+08 6.142533030000000000e+08 9.701810320000000000e+08 1.529747209000000000e+09 2.411738003000000000e+09 3.807188817000000000e+09
5.646500000000000000e+05 8.936010000000000000e+05 1.421394000000000000e+06 2.249386000000000000e+06 3.565076000000000000e+06 5.642903000000000000e+06 8.948730000000000000e+06 1.418519500000000000e+07 2.249699100000000000e+07 3.565522700000000000e+07 5.648487500000000000e+07 8.953656000000000000e+07 1.419616620000000000e+08 2.250176690000000000e+08 3.565150000000000000e+08 5.648286460000000000e+08 8.928708070000000000e+08 1.407833889000000000e+09 2.216347487000000000e+09 3.478706135000000000e+09
5.881700000000000000e+05 9.293120000000000000e+05 1.473094000000000000e+06 2.334291000000000000e+06 3.700003000000000000e+06 5.857125000000000000e+06 9.278299000000000000e+06 1.465184400000000000e+07 2.315827600000000000e+07 3.655913700000000000e+07 5.768475600000000000e+07 9.076089300000000000e+07 1.426526450000000000e+08 2.236358710000000000e+08 3.494959400000000000e+08 5.446182100000000000e+08 8.448312070000000000e+08 1.302826633000000000e+09 1.989413503000000000e+09 2.998979986000000000e+09
4.760790000000000000e+05 7.548350000000000000e+05 1.196698000000000000e+06 1.892205000000000000e+06 2.999522000000000000e+06 4.755700000000000000e+06 7.532638000000000000e+06 1.193771500000000000e+07 1.891260900000000000e+07 2.997877900000000000e+07 4.756749000000000000e+07 7.535895000000000000e+07 1.193635020000000000e+08 1.892222060000000000e+08 2.995061010000000000e+08 4.725353350000000000e+08 7.441279650000000000e+08 1.166727083000000000e+09 1.814537073000000000e+09 2.809441920000000000e+09
2.803430000000000000e+05 4.440630000000000000e+05 7.001670000000000000e+05 1.111513000000000000e+06 1.763935000000000000e+06 2.786879000000000000e+06 4.408195000000000000e+06 6.975725000000000000e+06 1.105731100000000000e+07 1.749325700000000000e+07 2.767178200000000000e+07 4.379594600000000000e+07 6.922882500000000000e+07 1.091785580000000000e+08 1.719561320000000000e+08 2.707747500000000000e+08 4.263257580000000000e+08 6.724339890000000000e+08 1.051920009000000000e+09 1.607403585000000000e+09
2.869520000000000000e+05 4.547620000000000000e+05 7.183270000000000000e+05 1.133892000000000000e+06 1.797763000000000000e+06 2.838871000000000000e+06 4.488497000000000000e+06 7.086867000000000000e+06 1.118621800000000000e+07 1.763028700000000000e+07 2.775825200000000000e+07 4.352577200000000000e+07 6.818356800000000000e+07 1.064735280000000000e+08 1.648378700000000000e+08 2.534626920000000000e+08 3.852110130000000000e+08 5.760407030000000000e+08 8.440598340000000000e+08 1.225235595000000000e+09
4.865110000000000000e+05 7.692200000000000000e+05 1.223203000000000000e+06 1.934979000000000000e+06 3.066516000000000000e+06 4.868554000000000000e+06 7.722019000000000000e+06 1.223730300000000000e+07 1.939521900000000000e+07 3.078129800000000000e+07 4.884721200000000000e+07 7.743212900000000000e+07 1.229311950000000000e+08 1.951887690000000000e+08 3.099499580000000000e+08 4.927474220000000000e+08 7.827413160000000000e+08 1.239628416000000000e+09 1.958635950000000000e+09 3.107070209000000000e+09
5.690420000000000000e+05 8.992630000000000000e+05 1.424309000000000000e+06 2.258215000000000000e+06 3.580786000000000000e+06 5.677212000000000000e+06 8.994402000000000000e+06 1.426385500000000000e+07 2.262089000000000000e+07 3.585208100000000000e+07 5.687249700000000000e+07 9.027152200000000000e+07 1.433459640000000000e+08 2.275736960000000000e+08 3.615644160000000000e+08 5.733068240000000000e+08 9.069109220000000000e+08 1.434628857000000000e+09 2.272234303000000000e+09 3.588291120000000000e+09
3.863330000000000000e+05 6.124770000000000000e+05 9.729130000000000000e+05 1.539917000000000000e+06 2.434239000000000000e+06 3.855009000000000000e+06 6.122895000000000000e+06 9.694919000000000000e+06 1.535790100000000000e+07 2.434487700000000000e+07 3.855239600000000000e+07 6.118362200000000000e+07 9.716316600000000000e+07 1.545683390000000000e+08 2.460641290000000000e+08 3.912270060000000000e+08 6.191366280000000000e+08 9.767501080000000000e+08 1.535662164000000000e+09 2.433999415000000000e+09
5.206340000000000000e+05 8.218500000000000000e+05 1.306469000000000000e+06 2.070724000000000000e+06 3.280092000000000000e+06 5.201798000000000000e+06 8.251768000000000000e+06 1.308466700000000000e+07 2.073215700000000000e+07 3.288682700000000000e+07 5.213306800000000000e+07 8.256910300000000000e+07 1.308499720000000000e+08 2.074189750000000000e+08 3.285915620000000000e+08 5.203958120000000000e+08 8.263177740000000000e+08 1.317728241000000000e+09 2.108625315000000000e+09 3.382228491000000000e+09
5.245410000000000000e+05 8.313340000000000000e+05 1.316433000000000000e+06 2.087619000000000000e+06 3.313182000000000000e+06 5.252643000000000000e+06 8.330363000000000000e+06 1.318151400000000000e+07 2.089768500000000000e+07 3.313560700000000000e+07 5.244723800000000000e+07 8.316980800000000000e+07 1.319391490000000000e+08 2.096766410000000000e+08 3.330433070000000000e+08 5.288402110000000000e+08 8.393397020000000000e+08 1.325240543000000000e+09 2.084049802000000000e+09 3.264534118000000000e+09
4.302410000000000000e+05 6.819150000000000000e+05 1.081229000000000000e+06 1.711575000000000000e+06 2.713270000000000000e+06 4.299857000000000000e+06 6.821870000000000000e+06 1.081214800000000000e+07 1.713103400000000000e+07 2.713236600000000000e+07 4.301982600000000000e+07 6.810271400000000000e+07 1.077127500000000000e+08 1.705460740000000000e+08 2.703865360000000000e+08 4.283093800000000000e+08 6.807663860000000000e+08 1.082599858000000000e+09 1.716446774000000000e+09 2.732024713000000000e+09
4.594810000000000000e+05 7.259830000000000000e+05 1.154316000000000000e+06 1.825230000000000000e+06 2.895899000000000000e+06 4.590825000000000000e+06 7.270157000000000000e+06 1.150630400000000000e+07 1.823729000000000000e+07 2.883009400000000000e+07 4.560561000000000000e+07 7.209024100000000000e+07 1.138803060000000000e+08 1.796904450000000000e+08 2.834704530000000000e+08 4.467500770000000000e+08 7.034539850000000000e+08 1.105582390000000000e+09 1.731908150000000000e+09 2.683187442000000000e+09
4.125540000000000000e+05 6.533090000000000000e+05 1.035426000000000000e+06 1.644095000000000000e+06 2.602803000000000000e+06 4.124221000000000000e+06 6.534808000000000000e+06 1.036242300000000000e+07 1.641734500000000000e+07 2.603366500000000000e+07 4.123301800000000000e+07 6.533013600000000000e+07 1.035861620000000000e+08 1.642506520000000000e+08 2.602899650000000000e+08 4.128146650000000000e+08 6.550685680000000000e+08 1.041545062000000000e+09 1.654236935000000000e+09 2.620857154000000000e+09
5.405440000000000000e+05 8.569580000000000000e+05 1.357566000000000000e+06 2.145185000000000000e+06 3.395716000000000000e+06 5.377562000000000000e+06 8.507970000000000000e+06 1.346112000000000000e+07 2.126832500000000000e+07 3.362954200000000000e+07 5.308676400000000000e+07 8.366122500000000000e+07 1.317148430000000000e+08 2.070116810000000000e+08 3.246861850000000000e+08 5.079441900000000000e+08 7.902071380000000000e+08 1.221556640000000000e+09 1.871564367000000000e+09 2.839530489000000000e+09
5.725050000000000000e+05 9.053660000000000000e+05 1.438167000000000000e+06 2.275829000000000000e+06 3.606305000000000000e+06 5.721054000000000000e+06 9.066889000000000000e+06 1.436125400000000000e+07 2.276863600000000000e+07 3.606496500000000000e+07 5.714792300000000000e+07 9.053983500000000000e+07 1.435174600000000000e+08 2.274059230000000000e+08 3.610304940000000000e+08 5.740019400000000000e+08 9.129100520000000000e+08 1.454938002000000000e+09 2.321401674000000000e+09 3.715646580000000000e+09
5.195630000000000000e+05 8.245110000000000000e+05 1.306819000000000000e+06 2.069330000000000000e+06 3.277537000000000000e+06 5.194146000000000000e+06 8.229718000000000000e+06 1.302402300000000000e+07 2.063219100000000000e+07 3.267333700000000000e+07 5.177262800000000000e+07 8.207885900000000000e+07 1.300477620000000000e+08 2.062799860000000000e+08 3.271382210000000000e+08 5.187315230000000000e+08 8.218141180000000000e+08 1.301563280000000000e+09 2.060886863000000000e+09 3.264480206000000000e+09
4.170610000000000000e+05 6.621260000000000000e+05 1.049353000000000000e+06 1.664390000000000000e+06 2.639588000000000000e+06 4.182537000000000000e+06 6.624963000000000000e+06 1.052349700000000000e+07 1.669098500000000000e+07 2.650274100000000000e+07 4.207411200000000000e+07 6.688786800000000000e+07 1.061481350000000000e+08 1.685260780000000000e+08 2.679925650000000000e+08 4.272151540000000000e+08 6.831318770000000000e+08 1.094889449000000000e+09 1.757052479000000000e+09 2.823808019000000000e+09
5.072890000000000000e+05 8.045040000000000000e+05 1.275500000000000000e+06 2.019173000000000000e+06 3.206636000000000000e+06 5.078575000000000000e+06 8.036438000000000000e+06 1.274465100000000000e+07 2.020303100000000000e+07 3.202180800000000000e+07 5.077102200000000000e+07 8.050308500000000000e+07 1.278383700000000000e+08 2.026727780000000000e+08 3.215568350000000000e+08 5.100142590000000000e+08 8.099589050000000000e+08 1.289101430000000000e+09 2.054558728000000000e+09 3.274868814000000000e+09
5.225970000000000000e+05 8.304800000000000000e+05 1.311233000000000000e+06 2.082448000000000000e+06 3.294678000000000000e+06 5.221617000000000000e+06 8.266569000000000000e+06 1.309047200000000000e+07 2.072573800000000000e+07 3.280266500000000000e+07 5.191200400000000000e+07 8.211961100000000000e+07 1.299283260000000000e+08 2.053726210000000000e+08 3.243282160000000000e+08 5.117041190000000000e+08 8.057978530000000000e+08 1.269679649000000000e+09 2.003680912000000000e+09 3.169979830000000000e+09
4.148280000000000000e+05 6.570600000000000000e+05 1.038876000000000000e+06 1.646455000000000000e+06 2.607347000000000000e+06 4.134001000000000000e+06 6.548976000000000000e+06 1.037987400000000000e+07 1.646312700000000000e+07 2.611175400000000000e+07 4.142321600000000000e+07 6.564060200000000000e+07 1.039929920000000000e+08 1.645680420000000000e+08 2.608824640000000000e+08 4.140317100000000000e+08 6.572412980000000000e+08 1.046501274000000000e+09 1.671765891000000000e+09 2.674174387000000000e+09
5.808080000000000000e+05 9.196810000000000000e+05 1.454942000000000000e+06 2.306521000000000000e+06 3.657093000000000000e+06 5.796438000000000000e+06 9.176467000000000000e+06 1.455008800000000000e+07 2.309840100000000000e+07 3.665325200000000000e+07 5.814441000000000000e+07 9.217708600000000000e+07 1.462262110000000000e+08 2.319248980000000000e+08 3.675859530000000000e+08 5.823591070000000000e+08 9.236030510000000000e+08 1.465004942000000000e+09 2.310839037000000000e+09 3.637839950000000000e+09
5.426170000000000000e+05 8.626610000000000000e+05 1.364164000000000000e+06 2.168184000000000000e+06 3.427034000000000000e+06 5.432348000000000000e+06 8.612918000000000000e+06 1.365117400000000000e+07 2.161037600000000000e+07 3.422622500000000000e+07 5.423716500000000000e+07 8.603876300000000000e+07 1.362528990000000000e+08 2.156231720000000000e+08 3.411296730000000000e+08 5.398051530000000000e+08 8.527135000000000000e+08 1.343927642000000000e+09 2.120103295000000000e+09 3.354639515000000000e+09
5.453060000000000000e+05 8.619770000000000000e+05 1.370286000000000000e+06 2.167452000000000000e+06 3.441068000000000000e+06 5.446078000000000000e+06 8.642016000000000000e+06 1.368421200000000000e+07 2.168531100000000000e+07 3.436085600000000000e+07 5.444758500000000000e+07 8.633049900000000000e+07 1.367999680000000000e+08 2.167306920000000000e+08 3.435205780000000000e+08 5.459037970000000000e+08 8.683881840000000000e+08 1.384564921000000000e+09 2.214381863000000000e+09 3.548124379000000000e+09
6.092230000000000000e+05 9.646180000000000000e+05 1.526112000000000000e+06 2.411086000000000000e+06 3.818341000000000000e+06 6.038684000000000000e+06 9.537432000000000000e+06 1.507210800000000000e+07 2.379206200000000000e+07 3.747632100000000000e+07 5.908641900000000000e+07 9.295855500000000000e+07 1.458562700000000000e+08 2.282502460000000000e+08 3.558830460000000000e+08 5.515659200000000000e+08 8.495947250000000000e+08 1.306524866000000000e+09 2.000444942000000000e+09 3.002757518000000000e+09
4.049430000000000000e+05 6.437880000000000000e+05 1.016988000000000000e+06 1.607983000000000000e+06 2.547251000000000000e+06 4.034979000000000000e+06 6.403729000000000000e+06 1.011569900000000000e+07 1.601559500000000000e+07 2.536699300000000000e+07 4.011461900000000000e+07 6.348239500000000000e+07 1.001958030000000000e+08 1.579925370000000000e+08 2.484115430000000000e+08 3.895815700000000000e+08 6.089406610000000000e+08 9.475689230000000000e+08 1.459848602000000000e+09 2.205586222000000000e+09
6.028120000000000000e+05 9.551060000000000000e+05 1.514705000000000000e+06 2.396623000000000000e+06 3.793076000000000000e+06 6.005626000000000000e+06 9.498839000000000000e+06 1.500208200000000000e+07 2.370649400000000000e+07 3.742443000000000000e+07 5.903955100000000000e+07 9.293740100000000000e+07 1.461419690000000000e+08 2.294361800000000000e+08 3.588286600000000000e+08 5.592489020000000000e+08 8.678003180000000000e+08 1.337896075000000000e+09 2.040297384000000000e+09 3.076843761000000000e+09
6.361890000000000000e+05 1.008831000000000000e+06 1.592370000000000000e+06 2.519859000000000000e+06 3.985709000000000000e+06 6.308251000000000000e+06 9.959278000000000000e+06 1.571622800000000000e+07 2.478745800000000000e+07 3.898509300000000000e+07 6.121411600000000000e+07 9.588057300000000000e+07 1.496940510000000000e+08 2.326059810000000000e+08 3.596618500000000000e+08 5.526451020000000000e+08 8.399987160000000000e+08 1.260029123000000000e+09 1.858540621000000000e+09 2.683765453000000000e+09
5.777390000000000000e+05 9.174700000000000000e+05 1.451721000000000000e+06 2.303265000000000000e+06 3.650187000000000000e+06 5.777993000000000000e+06 9.151614000000000000e+06 1.450122600000000000e+07 2.296807700000000000e+07 3.638358800000000000e+07 5.757961200000000000e+07 9.103985100000000000e+07 1.439384620000000000e+08 2.272389890000000000e+08 3.589256440000000000e+08 5.668241860000000000e+08 8.951393380000000000e+08 1.411960093000000000e+09 2.226384307000000000e+09 3.516107119000000000e+09
5.496460000000000000e+05 8.708030000000000000e+05 1.379904000000000000e+06 2.184055000000000000e+06 3.458375000000000000e+06 5.479366000000000000e+06 8.689755000000000000e+06 1.376344300000000000e+07 2.181523600000000000e+07 3.457074600000000000e+07 5.483673400000000000e+07 8.686399900000000000e+07 1.376955360000000000e+08 2.182820280000000000e+08 3.462194350000000000e+08 5.497390540000000000e+08 8.727855790000000000e+08 1.384234821000000000e+09 2.199795692000000000e+09 3.518212519000000000e+09
4.974560000000000000e+05 7.878410000000000000e+05 1.251567000000000000e+06 1.981610000000000000e+06 3.134383000000000000e+06 4.974458000000000000e+06 7.880122000000000000e+06 1.248417900000000000e+07 1.978982700000000000e+07 3.134880200000000000e+07 4.966972500000000000e+07 7.862956700000000000e+07 1.245769480000000000e+08 1.974891890000000000e+08 3.130057020000000000e+08 4.969074440000000000e+08 7.892374320000000000e+08 1.255948766000000000e+09 2.002562125000000000e+09 3.193699222000000000e+09
4.879050000000000000e+05 7.713580000000000000e+05 1.221131000000000000e+06 1.932298000000000000e+06 3.061762000000000000e+06 4.846960000000000000e+06 7.682346000000000000e+06 1.214953800000000000e+07 1.920877400000000000e+07 3.038603500000000000e+07 4.804727500000000000e+07 7.578900600000000000e+07 1.193179120000000000e+08 1.872346550000000000e+08 2.932534100000000000e+08 4.591937920000000000e+08 7.180694930000000000e+08 1.116602947000000000e+09 1.722226617000000000e+09 2.622322288000000000e+09
4.735460000000000000e+05 7.494670000000000000e+05 1.185780000000000000e+06 1.881441000000000000e+06 2.984907000000000000e+06 4.727607000000000000e+06 7.489971000000000000e+06 1.187551900000000000e+07 1.884224800000000000e+07 2.988391400000000000e+07 4.738780400000000000e+07 7.512174800000000000e+07 1.192141830000000000e+08 1.891362430000000000e+08 3.001838390000000000e+08 4.759642410000000000e+08 7.530222430000000000e+08 1.193733399000000000e+09 1.898943418000000000e+09 3.021023690000000000e+09
4.634710000000000000e+05 7.339850000000000000e+05 1.164587000000000000e+06 1.844728000000000000e+06 2.926879000000000000e+06 4.630691000000000000e+06 7.347626000000000000e+06 1.163732100000000000e+07 1.842906100000000000e+07 2.919608400000000000e+07 4.626541900000000000e+07 7.319526000000000000e+07 1.158443440000000000e+08 1.832087360000000000e+08 2.897896650000000000e+08 4.587722490000000000e+08 7.269364740000000000e+08 1.155223951000000000e+09 1.850005029000000000e+09 2.972700643000000000e+09
4.963400000000000000e+05 7.853130000000000000e+05 1.244650000000000000e+06 1.969543000000000000e+06 3.125658000000000000e+06 4.957954000000000000e+06 7.862679000000000000e+06 1.245888800000000000e+07 1.975052800000000000e+07 3.131858100000000000e+07 4.969243100000000000e+07 7.879342700000000000e+07 1.250105030000000000e+08 1.985190960000000000e+08 3.161433600000000000e+08 5.038531480000000000e+08 7.998390520000000000e+08 1.263625535000000000e+09 1.996694212000000000e+09 3.144865160000000000e+09
4.199980000000000000e+05 6.639290000000000000e+05 1.053149000000000000e+06 1.670533000000000000e+06 2.643098000000000000e+06 4.196693000000000000e+06 6.646730000000000000e+06 1.054763300000000000e+07 1.669063100000000000e+07 2.641896700000000000e+07 4.182565800000000000e+07 6.622717200000000000e+07 1.047679260000000000e+08 1.659092920000000000e+08 2.626770530000000000e+08 4.150195610000000000e+08 6.557530880000000000e+08 1.038128131000000000e+09 1.644303106000000000e+09 2.566207193000000000e+09
4.727670000000000000e+05 7.499420000000000000e+05 1.185528000000000000e+06 1.877030000000000000e+06 2.973027000000000000e+06 4.707699000000000000e+06 7.446582000000000000e+06 1.176747800000000000e+07 1.858074700000000000e+07 2.931327600000000000e+07 4.622530000000000000e+07 7.266490000000000000e+07 1.141279230000000000e+08 1.788051870000000000e+08 2.791173690000000000e+08 4.345310880000000000e+08 6.738187610000000000e+08 1.038779528000000000e+09 1.598879063000000000e+09 2.441154251000000000e+09
4.088470000000000000e+05 6.480850000000000000e+05 1.025008000000000000e+06 1.626155000000000000e+06 2.577522000000000000e+06 4.084260000000000000e+06 6.469652000000000000e+06 1.025471800000000000e+07 1.625251600000000000e+07 2.574655900000000000e+07 4.082637300000000000e+07 6.473697900000000000e+07 1.025437500000000000e+08 1.622336940000000000e+08 2.562745360000000000e+08 4.059111360000000000e+08 6.435456130000000000e+08 1.019132344000000000e+09 1.615800104000000000e+09 2.553208872000000000e+09
5.251130000000000000e+05 8.322630000000000000e+05 1.319746000000000000e+06 2.091448000000000000e+06 3.312820000000000000e+06 5.253332000000000000e+06 8.323744000000000000e+06 1.318108900000000000e+07 2.090759200000000000e+07 3.312261900000000000e+07 5.254648700000000000e+07 8.320922500000000000e+07 1.317649980000000000e+08 2.082846670000000000e+08 3.290547730000000000e+08 5.194575520000000000e+08 8.201833770000000000e+08 1.298917863000000000e+09 2.058802945000000000e+09 3.252695551000000000e+09
5.603390000000000000e+05 8.854770000000000000e+05 1.403350000000000000e+06 2.230887000000000000e+06 3.529219000000000000e+06 5.599293000000000000e+06 8.864004000000000000e+06 1.403466700000000000e+07 2.224530200000000000e+07 3.524383000000000000e+07 5.587012100000000000e+07 8.854853800000000000e+07 1.404302610000000000e+08 2.228444210000000000e+08 3.534502690000000000e+08 5.610268900000000000e+08 8.910518710000000000e+08 1.414003793000000000e+09 2.236801170000000000e+09 3.522817202000000000e+09
4.079110000000000000e+05 6.492010000000000000e+05 1.024910000000000000e+06 1.629730000000000000e+06 2.581784000000000000e+06 4.092307000000000000e+06 6.481962000000000000e+06 1.027394000000000000e+07 1.629369800000000000e+07 2.579208000000000000e+07 4.080985400000000000e+07 6.459597000000000000e+07 1.023243060000000000e+08 1.620502540000000000e+08 2.568727950000000000e+08 4.075744120000000000e+08 6.484572200000000000e+08 1.033027204000000000e+09 1.644797457000000000e+09 2.609081075000000000e+09
4.627900000000000000e+05 7.338930000000000000e+05 1.163573000000000000e+06 1.839908000000000000e+06 2.920362000000000000e+06 4.614576000000000000e+06 7.297209000000000000e+06 1.154655100000000000e+07 1.825650300000000000e+07 2.883564900000000000e+07 4.556612000000000000e+07 7.190867300000000000e+07 1.133456780000000000e+08 1.785625890000000000e+08 2.807510550000000000e+08 4.407700040000000000e+08 6.880891030000000000e+08 1.065745746000000000e+09 1.635158232000000000e+09 2.449314818000000000e+09
5.843520000000000000e+05 9.273180000000000000e+05 1.467067000000000000e+06 2.325319000000000000e+06 3.688466000000000000e+06 5.839187000000000000e+06 9.253509000000000000e+06 1.467716500000000000e+07 2.323575700000000000e+07 3.682309900000000000e+07 5.835913200000000000e+07 9.253077000000000000e+07 1.468218590000000000e+08 2.330302490000000000e+08 3.697719690000000000e+08 5.859357580000000000e+08 9.275146330000000000e+08 1.462915794000000000e+09 2.306526697000000000e+09 3.648690672000000000e+09
5.413690000000000000e+05 8.569240000000000000e+05 1.360569000000000000e+06 2.155944000000000000e+06 3.416839000000000000e+06 5.413951000000000000e+06 8.580292000000000000e+06 1.358713600000000000e+07 2.153660500000000000e+07 3.414397100000000000e+07 5.404822000000000000e+07 8.561744900000000000e+07 1.354858630000000000e+08 2.142897410000000000e+08 3.391171250000000000e+08 5.363949730000000000e+08 8.480573840000000000e+08 1.341679914000000000e+09 2.127585096000000000e+09 3.384653687000000000e+09
5.407060000000000000e+05 8.577730000000000000e+05 1.359028000000000000e+06 2.155079000000000000e+06 3.409184000000000000e+06 5.399333000000000000e+06 8.562963000000000000e+06 1.357333500000000000e+07 2.152464000000000000e+07 3.409130100000000000e+07 5.398037800000000000e+07 8.541824700000000000e+07 1.350381240000000000e+08 2.135021000000000000e+08 3.376359060000000000e+08 5.340499820000000000e+08 8.443067960000000000e+08 1.333816439000000000e+09 2.110133178000000000e+09 3.332572706000000000e+09
5.696840000000000000e+05 9.014340000000000000e+05 1.430660000000000000e+06 2.265332000000000000e+06 3.592826000000000000e+06 5.688842000000000000e+06 9.030208000000000000e+06 1.431068000000000000e+07 2.268409600000000000e+07 3.594616900000000000e+07 5.693981000000000000e+07 9.023933600000000000e+07 1.429417490000000000e+08 2.262491850000000000e+08 3.578046370000000000e+08 5.656744530000000000e+08 8.934920200000000000e+08 1.410858134000000000e+09 2.222712531000000000e+09 3.499652497000000000e+09
5.228460000000000000e+05 8.257740000000000000e+05 1.308574000000000000e+06 2.078782000000000000e+06 3.297264000000000000e+06 5.232180000000000000e+06 8.291144000000000000e+06 1.314916300000000000e+07 2.085666200000000000e+07 3.308297300000000000e+07 5.248875000000000000e+07 8.334351900000000000e+07 1.322955140000000000e+08 2.099945470000000000e+08 3.337751630000000000e+08 5.325546210000000000e+08 8.521352390000000000e+08 1.363371753000000000e+09 2.181129464000000000e+09 3.484921454000000000e+09
5.089320000000000000e+05 8.055900000000000000e+05 1.275554000000000000e+06 2.024195000000000000e+06 3.206126000000000000e+06 5.083328000000000000e+06 8.056421000000000000e+06 1.278634500000000000e+07 2.023352000000000000e+07 3.211351100000000000e+07 5.086224800000000000e+07 8.057379300000000000e+07 1.276625520000000000e+08 2.022334340000000000e+08 3.197840820000000000e+08 5.047533180000000000e+08 7.954757770000000000e+08 1.254754853000000000e+09 1.976932171000000000e+09 3.097339368000000000e+09
5.121200000000000000e+05 8.117650000000000000e+05 1.284905000000000000e+06 2.036256000000000000e+06 3.227142000000000000e+06 5.110809000000000000e+06 8.097610000000000000e+06 1.283031000000000000e+07 2.032302100000000000e+07 3.217930200000000000e+07 5.107146000000000000e+07 8.092668000000000000e+07 1.281450220000000000e+08 2.029559430000000000e+08 3.213127350000000000e+08 5.099034030000000000e+08 8.108545310000000000e+08 1.291311411000000000e+09 2.056109772000000000e+09 3.276076034000000000e+09
6.101190000000000000e+05 9.668560000000000000e+05 1.535685000000000000e+06 2.430525000000000000e+06 3.861321000000000000e+06 6.113453000000000000e+06 9.681564000000000000e+06 1.534998900000000000e+07 2.434425000000000000e+07 3.857606100000000000e+07 6.111737400000000000e+07 9.692370700000000000e+07 1.537616500000000000e+08 2.436993120000000000e+08 3.868258520000000000e+08 6.122829780000000000e+08 9.680623430000000000e+08 1.529774117000000000e+09 2.421395487000000000e+09 3.830106464000000000e+09
4.466610000000000000e+05 7.082770000000000000e+05 1.122361000000000000e+06 1.777558000000000000e+06 2.816858000000000000e+06 4.465848000000000000e+06 7.082257000000000000e+06 1.121057200000000000e+07 1.774925700000000000e+07 2.813885300000000000e+07 4.461831100000000000e+07 7.078009700000000000e+07 1.123032010000000000e+08 1.784491990000000000e+08 2.837562230000000000e+08 4.516202650000000000e+08 7.205479580000000000e+08 1.149264809000000000e+09 1.831582977000000000e+09 2.919369860000000000e+09
5.223350000000000000e+05 8.287560000000000000e+05 1.312439000000000000e+06 2.079031000000000000e+06 3.298481000000000000e+06 5.225693000000000000e+06 8.275892000000000000e+06 1.311946400000000000e+07 2.078213300000000000e+07 3.291284800000000000e+07 5.212403600000000000e+07 8.253994600000000000e+07 1.306183660000000000e+08 2.070134920000000000e+08 3.285232050000000000e+08 5.206467960000000000e+08 8.233483070000000000e+08 1.299532130000000000e+09 2.053507874000000000e+09 3.252886026000000000e+09
5.461530000000000000e+05 8.661610000000000000e+05 1.372069000000000000e+06 2.178399000000000000e+06 3.449620000000000000e+06 5.465829000000000000e+06 8.660707000000000000e+06 1.372797400000000000e+07 2.175605300000000000e+07 3.448103900000000000e+07 5.463229300000000000e+07 8.659754800000000000e+07 1.374194450000000000e+08 2.181660400000000000e+08 3.468763310000000000e+08 5.515964710000000000e+08 8.752312690000000000e+08 1.386119965000000000e+09 2.195955020000000000e+09 3.481861124000000000e+09
4.017590000000000000e+05 6.364160000000000000e+05 1.008862000000000000e+06 1.601451000000000000e+06 2.541220000000000000e+06 4.024493000000000000e+06 6.378163000000000000e+06 1.012910500000000000e+07 1.605262800000000000e+07 2.545063100000000000e+07 4.036961000000000000e+07 6.404775700000000000e+07 1.015280080000000000e+08 1.607651780000000000e+08 2.545439820000000000e+08 4.028386130000000000e+08 6.375613470000000000e+08 1.011984337000000000e+09 1.610393344000000000e+09 2.562346151000000000e+09
4.740210000000000000e+05 7.504430000000000000e+05 1.187989000000000000e+06 1.881734000000000000e+06 2.966193000000000000e+06 4.695694000000000000e+06 7.431263000000000000e+06 1.171995400000000000e+07 1.847974500000000000e+07 2.909948800000000000e+07 4.575665800000000000e+07 7.183387700000000000e+07 1.123445460000000000e+08 1.750868790000000000e+08 2.715144430000000000e+08 4.187177170000000000e+08 6.413321280000000000e+08 9.705467090000000000e+08 1.444312219000000000e+09 2.116401424000000000e+09
4.547950000000000000e+05 7.203110000000000000e+05 1.140838000000000000e+06 1.810084000000000000e+06 2.859460000000000000e+06 4.531821000000000000e+06 7.162359000000000000e+06 1.133171100000000000e+07 1.788698100000000000e+07 2.824631200000000000e+07 4.454910900000000000e+07 7.021162000000000000e+07 1.105835830000000000e+08 1.736551360000000000e+08 2.719067950000000000e+08 4.234801350000000000e+08 6.546936020000000000e+08 1.005606387000000000e+09 1.534073716000000000e+09 2.313849603000000000e+09
2.953930000000000000e+05 4.690300000000000000e+05 7.383880000000000000e+05 1.165144000000000000e+06 1.844165000000000000e+06 2.909175000000000000e+06 4.589865000000000000e+06 7.231340000000000000e+06 1.137538100000000000e+07 1.781537000000000000e+07 2.783709900000000000e+07 4.332389900000000000e+07 6.707784700000000000e+07 1.033015500000000000e+08 1.580372160000000000e+08 2.390708750000000000e+08 3.573116860000000000e+08 5.253893840000000000e+08 7.540594280000000000e+08 1.047344336000000000e+09
5.567550000000000000e+05 8.834980000000000000e+05 1.397617000000000000e+06 2.215945000000000000e+06 3.512870000000000000e+06 5.564636000000000000e+06 8.794540000000000000e+06 1.391443600000000000e+07 2.197689900000000000e+07 3.469580200000000000e+07 5.473179100000000000e+07 8.614846800000000000e+07 1.352161080000000000e+08 2.117447760000000000e+08 3.306449340000000000e+08 5.141744490000000000e+08 7.938617770000000000e+08 1.215587818000000000e+09 1.843542912000000000e+09 2.754613199000000000e+09
4.009880000000000000e+05 6.381530000000000000e+05 1.012577000000000000e+06 1.602833000000000000e+06 2.541369000000000000e+06 4.020326000000000000e+06 6.372232000000000000e+06 1.011171200000000000e+07 1.602094000000000000e+07 2.543957500000000000e+07 4.031467800000000000e+07 6.386280600000000000e+07 1.011911320000000000e+08 1.605710320000000000e+08 2.551762970000000000e+08 4.046142130000000000e+08 6.405641470000000000e+08 1.013172210000000000e+09 1.600446368000000000e+09 2.526762611000000000e+09
5.545280000000000000e+05 8.785580000000000000e+05 1.391581000000000000e+06 2.203966000000000000e+06 3.485632000000000000e+06 5.511330000000000000e+06 8.714764000000000000e+06 1.376983200000000000e+07 2.172396900000000000e+07 3.423284600000000000e+07 5.382387400000000000e+07 8.446144500000000000e+07 1.323215030000000000e+08 2.070052950000000000e+08 3.225468620000000000e+08 5.000686030000000000e+08 7.702800040000000000e+08 1.179530681000000000e+09 1.796268012000000000e+09 2.696530416000000000e+09
4.175250000000000000e+05 6.612820000000000000e+05 1.044162000000000000e+06 1.655982000000000000e+06 2.616275000000000000e+06 4.144136000000000000e+06 6.553455000000000000e+06 1.036047900000000000e+07 1.636065700000000000e+07 2.579107000000000000e+07 4.063062400000000000e+07 6.387483200000000000e+07 1.001500620000000000e+08 1.565457340000000000e+08 2.438202110000000000e+08 3.780101440000000000e+08 5.836130040000000000e+08 8.902578620000000000e+08 1.335617060000000000e+09 1.972090834000000000e+09
4.858350000000000000e+05 7.699060000000000000e+05 1.220531000000000000e+06 1.931316000000000000e+06 3.057318000000000000e+06 4.851956000000000000e+06 7.691478000000000000e+06 1.218455000000000000e+07 1.930934200000000000e+07 3.056902600000000000e+07 4.845773300000000000e+07 7.681885800000000000e+07 1.217304230000000000e+08 1.929185100000000000e+08 3.057626700000000000e+08 4.841652820000000000e+08 7.668681950000000000e+08 1.212283314000000000e+09 1.920164313000000000e+09 3.056783413000000000e+09
5.361180000000000000e+05 8.491200000000000000e+05 1.345079000000000000e+06 2.131679000000000000e+06 3.381225000000000000e+06 5.361267000000000000e+06 8.494447000000000000e+06 1.348637900000000000e+07 2.136979100000000000e+07 3.392063500000000000e+07 5.382055300000000000e+07 8.534022600000000000e+07 1.353568390000000000e+08 2.148648740000000000e+08 3.412287390000000000e+08 5.415100940000000000e+08 8.601028640000000000e+08 1.367042705000000000e+09 2.173753271000000000e+09 3.463802048000000000e+09
4.919350000000000000e+05 7.806910000000000000e+05 1.236654000000000000e+06 1.961584000000000000e+06 3.102297000000000000e+06 4.924342000000000000e+06 7.805950000000000000e+06 1.237098400000000000e+07 1.962134800000000000e+07 3.109015200000000000e+07 4.926631900000000000e+07 7.810550100000000000e+07 1.238510380000000000e+08 1.964854930000000000e+08 3.122760500000000000e+08 4.962635590000000000e+08 7.893207210000000000e+08 1.259768205000000000e+09 2.014026400000000000e+09 3.221968159000000000e+09
3.989860000000000000e+05 6.339550000000000000e+05 9.989150000000000000e+05 1.582923000000000000e+06 2.500896000000000000e+06 3.962569000000000000e+06 6.271449000000000000e+06 9.920897000000000000e+06 1.565241600000000000e+07 2.469540500000000000e+07 3.887392900000000000e+07 6.122254600000000000e+07 9.614561000000000000e+07 1.504247280000000000e+08 2.348448920000000000e+08 3.647732130000000000e+08 5.627969410000000000e+08 8.611871340000000000e+08 1.307453062000000000e+09 1.971965235000000000e+09
4.875090000000000000e+05 7.698170000000000000e+05 1.221661000000000000e+06 1.936967000000000000e+06 3.068397000000000000e+06 4.863419000000000000e+06 7.703128000000000000e+06 1.221458900000000000e+07 1.935558900000000000e+07 3.069875900000000000e+07 4.867938000000000000e+07 7.714596300000000000e+07 1.222437580000000000e+08 1.937328130000000000e+08 3.066214690000000000e+08 4.863601800000000000e+08 7.719284170000000000e+08 1.226441771000000000e+09 1.948863865000000000e+09 3.084782816000000000e+09
5.687530000000000000e+05 9.030620000000000000e+05 1.426625000000000000e+06 2.257585000000000000e+06 3.575069000000000000e+06 5.664370000000000000e+06 8.985199000000000000e+06 1.424804300000000000e+07 2.258504500000000000e+07 3.579802700000000000e+07 5.677414100000000000e+07 8.999775800000000000e+07 1.426210360000000000e+08 2.260004050000000000e+08 3.580408430000000000e+08 5.689167790000000000e+08 9.042406420000000000e+08 1.431811447000000000e+09 2.264043786000000000e+09 3.587907158000000000e+09
4.582840000000000000e+05 7.263860000000000000e+05 1.150010000000000000e+06 1.825373000000000000e+06 2.892730000000000000e+06 4.590031000000000000e+06 7.266397000000000000e+06 1.152533800000000000e+07 1.828989000000000000e+07 2.898431800000000000e+07 4.594598700000000000e+07 7.287508100000000000e+07 1.156406520000000000e+08 1.834995630000000000e+08 2.911173170000000000e+08 4.614007630000000000e+08 7.306519470000000000e+08 1.155136852000000000e+09 1.813774921000000000e+09 2.835901033000000000e+09
