# randoms (sum of randoms from all patches except for one, different each time)
-8.209595322249732316e-07 -1.535522061682686996e-06 7.697121248158390039e-07 7.661598785803481844e-09 -1.044334131218215710e-07 4.755802130478346299e-08 8.970684525756132778e-07 1.214819300421403520e-07 -2.223008507497632421e-07 -7.661321287856363286e-07 -2.314762114258850147e-06 -1.931746750199306892e-06 -1.946066972242139121e-06 -2.071555233936894588e-06 -2.097659608117157639e-06 -2.045620739556389159e-06 -1.446987477628731879e-06 2.567263094456021708e-07 -1.074767634606164943e-07 -2.194039292812223543e-07
-1.076981614259861481e-06 -1.757828444940471036e-06 6.870517120895849750e-07 1.689036650304705981e-07 -5.887384043412092603e-08 1.772272011096472410e-07 9.909026505568532139e-07 4.086645233093775172e-07 1.783714004617738529e-07 -4.455916103845842176e-07 -1.757658621550992025e-06 -1.247559904167418131e-06 -1.212717102787494199e-06 -1.333871034659079312e-06 -1.417908611793836115e-06 -1.727829298957583428e-06 -1.997648580739675950e-06 -1.649648167609237526e-06 -3.560089531022143821e-06 -5.167196824859257929e-06
-8.393211705092025218e-07 -1.775482143403819469e-06 4.952903471785744223e-07 -1.673156196266581174e-08 -1.200023387783018617e-07 6.667923690170849404e-08 8.645191175943008032e-07 2.952008757925353179e-07 -5.096980885371297745e-08 -7.172769555519688547e-07 -2.080292152040310006e-06 -1.852538966478487587e-06 -2.061383105847321667e-06 -2.405177739104125865e-06 -2.785244473792489423e-06 -3.280505775624799095e-06 -3.303165904881397466e-06 -2.787512504896395098e-06 -3.826581322117180796e-06 -3.850252780774303763e-06
-6.650251959238413723e-07 -1.578195667223298467e-06 6.098406577001992178e-07 3.183158628328274160e-08 -2.402645581866636938e-07 5.524227597213269668e-08 9.726302045267387610e-07 3.905733262344404333e-07 4.567799378226873685e-08 -5.096137678762929874e-07 -1.992977856604256312e-06 -1.568560855199021709e-06 -1.408407911544398388e-06 -1.442911927435215425e-06 -1.194616801267079681e-06 -1.390123583361811113e-06 -1.240284614932962211e-06 -1.489012310182359396e-07 -1.035069301190773865e-07 1.260482151697321557e-06
-6.647996809831860566e-07 -1.563492727894432830e-06 8.354297567506972685e-07 1.609066367153600106e-07 -6.242586513662199982e-08 1.007055415032905176e-07 8.363085383050432388e-07 1.812650057369203785e-07 -1.015098086860740080e-07 -6.131108544930079994e-07 -2.072292928170716331e-06 -1.659622957182588871e-06 -1.600909651603377949e-06 -1.729647246590242835e-06 -1.814883047011377980e-06 -2.307486668344895572e-06 -2.286333128927141436e-06 -1.368575352321554106e-06 -2.425240625932037330e-06 -2.235772263682503698e-06
-7.806827820283733869e-07 -1.695268635989500220e-06 4.777661817807564700e-07 1.089080857852227847e-07 -1.193769883502005512e-08 9.745020295132667870e-08 9.727394836846054770e-07 4.517186113923980332e-07 2.474524844063472944e-07 -4.083497818861489024e-07 -1.686493328157371110e-06 -1.261870525526976527e-06 -1.173835357599749434e-06 -1.433861843434845240e-06 -2.021048090535649199e-06 -2.830194976892400043e-06 -3.213732236618224655e-06 -2.225931243449238413e-06 -3.112946590309860432e-06 -3.824534970509952783e-06
-6.829628835861711499e-07 -1.349373120084552795e-06 6.952201985560812901e-07 4.552068139616341270e-08 -1.455646095339760331e-07 1.462318792840397073e-07 1.005438731126229229e-06 4.133165147724677420e-07 1.341713240118584628e-07 -5.518355840814874998e-07 -2.179139476455403104e-06 -1.912038002478234450e-06 -1.768057764634275377e-06 -1.792363882189747706e-06 -1.805578646453430459e-06 -2.004340389149322480e-06 -1.810176331118114779e-06 -1.052007989208118661e-06 -1.512968290785750238e-06 -8.956803039875059215e-07
-8.424977289282910387e-07 -1.627995297559198770e-06 4.158955442040430844e-07 5.000034002602493534e-08 -1.309353563003080092e-07 2.149941087188341077e-07 1.088684188767298007e-06 3.160997881958077628e-07 -8.309986769764442337e-08 -7.121976406889059252e-07 -2.136555202347219479e-06 -1.775036927847032485e-06 -1.824465089957779492e-06 -2.123846420374223960e-06 -2.458754200211177549e-06 -2.766129085115495930e-06 -2.832321899660561079e-06 -2.422595830038533873e-06 -3.758524893631652457e-06 -4.675902051247517761e-06
-9.151114844348989849e-07 -1.898260247686308235e-06 4.790236918424609340e-07 4.559360146815551994e-08 -1.795672220011805725e-07 7.212639521245723451e-08 9.479746301691693652e-07 2.999590257559723038e-07 5.375764707808506962e-08 -4.115103574895194861e-07 -1.784445614566753867e-06 -1.264453127794789051e-06 -1.094539970788010636e-06 -8.475956298138632091e-07 -7.248236603123975995e-07 -1.230854041933363162e-06 -1.781292628554041645e-06 -1.525439931215767397e-06 -3.062003045857980428e-06 -2.316323497271421714e-06
-8.733296812737651315e-07 -1.419988335680954450e-06 9.388306672875738075e-07 2.619902080570242091e-07 1.324383189976514988e-07 4.613935719320945512e-07 1.283041975614683496e-06 6.123968691937420866e-07 2.289221796622561021e-07 -3.241852120633728236e-07 -1.647690375598564133e-06 -1.141919270894005420e-06 -9.978379741749909747e-07 -1.152160482049630588e-06 -1.340157969816903134e-06 -1.849357336311518239e-06 -1.725913897317173369e-06 -8.736854970415833959e-07 -2.488846843702415186e-06 -3.144897743549085424e-06
-7.611732354089139579e-07 -1.542460027368589988e-06 8.161350943167673918e-07 1.960453054116426607e-07 -5.080399646815154469e-08 2.512148916238389102e-07 1.066778617256778607e-06 4.516370693003668779e-07 2.643138756753413178e-07 -1.777208808285841943e-07 -1.621668759483926797e-06 -1.176542567236037397e-06 -1.071456382768291062e-06 -9.996341810705105540e-07 -9.929933916229909515e-07 -1.425533379494004447e-06 -1.371390440064720260e-06 3.633948227633139002e-08 -2.159662065325077987e-07 3.647176726671962838e-07
-1.028613801917495469e-06 -1.740736718553870941e-06 6.401128466784530948e-07 2.394781247461014494e-07 1.969395011898403312e-08 3.058116291538079912e-07 1.223869407945181758e-06 4.684863502236161979e-07 1.985229468537119605e-07 -3.497848397456893495e-07 -1.767692918025361826e-06 -1.487905530345381415e-06 -1.600020046219250043e-06 -1.689878326990982866e-06 -1.881151342554152014e-06 -2.344879473396842306e-06 -2.271028795356068826e-06 -7.012754447092542840e-07 -7.083306813898556747e-07 5.441447166505175136e-08
-8.876417194651233820e-07 -1.665360562466669684e-06 3.957355675649043597e-07 -1.377492281753721678e-07 -2.649408154129170545e-07 3.609069195414320106e-08 7.814107580890190374e-07 8.592730733855989058e-08 -1.638074416260758968e-07 -6.977793906571490215e-07 -1.944889730760693205e-06 -1.261845452916626292e-06 -9.637995086305498579e-07 -8.066195257208863719e-07 -7.469363898367473936e-07 -1.387338672669811136e-06 -1.601067459635290404e-06 -1.562582659167142646e-06 -3.160831349824221488e-06 -3.068717277534713094e-06
-1.299715182941592781e-06 -1.976671202205995445e-06 3.057124010047046098e-07 -1.833925722736219390e-07 -1.581716912908040522e-07 1.757476666541696854e-07 1.041945869858777674e-06 3.442265773169278891e-07 -4.104018307165667553e-08 -5.361308932903478402e-07 -1.945658956009948023e-06 -1.532979078104856006e-06 -1.434421185753583468e-06 -1.686795263793300948e-06 -2.173612284696235585e-06 -2.785143871952886896e-06 -2.780832979104513284e-06 -1.692216808461801367e-06 -2.041347405824752336e-06 -4.811406953289655331e-07
-8.529750523511929391e-07 -1.452060526101985516e-06 6.130537676622388464e-07 1.365744741099116187e-07 5.382703531724687709e-08 2.759374938094369460e-07 1.212433804485820663e-06 5.437893762507878082e-07 3.919660677897228128e-07 -1.588993761123493514e-07 -1.444398280140266960e-06 -7.985236719780170188e-07 -6.053042248739965705e-07 -5.991979838565856866e-07 -5.376499412133779205e-07 -7.231285632109924852e-07 -6.393926408226663020e-07 1.491107343297989274e-07 -3.931433278876902478e-07 1.208667311886602167e-06
-8.380334120411407440e-07 -1.353185329121592485e-06 6.841392352407758531e-07 2.133456493070108577e-07 1.060518124116734792e-07 3.877751615723473274e-07 1.045866994546600455e-06 2.491291984306038205e-07 -9.472016234877168819e-08 -7.339286390297717203e-07 -2.162572137232153828e-06 -1.821699286606581487e-06 -1.801892880289509365e-06 -1.814390013355492559e-06 -2.009024463570464900e-06 -2.649947911611458766e-06 -2.529424181265931738e-06 -1.500768193580961285e-06 -2.553169923013239360e-06 -2.494753673169829476e-06
-1.114672106867337734e-06 -1.657433279939292751e-06 4.929280574835792624e-07 -6.913870142395147324e-08 -3.686087856807726813e-09 2.270746582570116771e-07 1.032982289632000208e-06 4.023522022256376063e-07 2.257064075722804899e-07 -2.816052782621784176e-07 -1.667084624448921124e-06 -1.288183070105712680e-06 -1.176094261383369114e-06 -1.415850008006284765e-06 -1.721236794866783204e-06 -2.209499289796131396e-06 -2.266021204570643381e-06 -1.850446750501079988e-06 -3.101985125648884673e-06 -3.385573404922752942e-06
-9.191951105866720345e-07 -1.668021133204293399e-06 7.140272002155145660e-07 1.890895453899324627e-07 -7.430959327388277081e-08 1.360399581269434505e-07 9.922736997722767858e-07 3.524041904017415442e-07 8.260972086326372639e-08 -4.850856136423890783e-07 -1.871283326783425279e-06 -1.333066494449754589e-06 -1.366136698712763894e-06 -1.761855609817688584e-06 -2.188648890601568091e-06 -2.846038752229659761e-06 -3.016153860863226039e-06 -2.385105339215161437e-06 -3.526709331055400310e-06 -2.871489020345824002e-06
-1.068563449685263311e-06 -1.616052560325866218e-06 5.699702967871969280e-07 1.142009983609074749e-07 6.046643918549972369e-08 2.499575080859343605e-07 1.149289441384404807e-06 3.738995217415383181e-07 2.672574074410872618e-07 -2.463679185750384586e-07 -1.615610735059958834e-06 -1.111407650996848799e-06 -9.904847799442772370e-07 -8.932413523512969134e-07 -9.130364696934690814e-07 -1.424870196375052844e-06 -1.661565219574806130e-06 -7.157335220692719774e-07 -1.350274178286209199e-06 -8.777769882142309860e-07
-9.148487819684708315e-07 -1.412011176028223012e-06 6.801088262594815517e-07 -1.222811097700300356e-07 -2.215071063067160435e-07 1.029239635643405720e-07 9.531230426183111529e-07 1.787952714557290681e-07 7.525701621610136050e-08 -4.755009854093677039e-07 -2.023018261425538352e-06 -1.737056075404592349e-06 -1.847000707512870805e-06 -2.281467556077594712e-06 -2.918036936569116777e-06 -4.027597689429016015e-06 -4.866977416532433449e-06 -4.608287470730303404e-06 -5.617333645297357225e-06 -5.439616379055342374e-06
-9.464112557194994468e-07 -1.570102202254427897e-06 6.759447960614110896e-07 2.019658239825452386e-07 9.324762592975297240e-08 3.422390845285127043e-07 1.180686340035818884e-06 5.081853279389386581e-07 1.260161738884495766e-07 -4.616500102842875946e-07 -1.920573144852102302e-06 -1.631220297064436744e-06 -1.586113893816351554e-06 -1.919707456422012526e-06 -2.404284263814978453e-06 -3.312218776077688753e-06 -3.628814703002292879e-06 -3.598723605525362367e-06 -5.452587329171164384e-06 -5.806926642414163662e-06
-1.245346194474973754e-06 -2.017168448321532686e-06 3.845158067453062867e-07 -1.329691771225557789e-07 -1.650883255595259205e-07 2.279042127526563661e-08 8.778084894432705210e-07 2.827958031745490721e-07 -7.504931808690071129e-08 -6.383263413686050621e-07 -2.179569375736624993e-06 -1.828734303163853425e-06 -1.771628145986331787e-06 -1.745529067315835866e-06 -1.913871244218542849e-06 -2.333690227176824915e-06 -2.168669973332937640e-06 -9.790019414234555054e-07 -9.079200608249894962e-07 -6.471064787096657078e-08
-1.084673750983605610e-06 -1.689393158372357625e-06 5.062737265929174611e-07 3.436569732845710264e-09 -7.555900267908276723e-08 1.418680529510637738e-07 9.830120094258788429e-07 3.161263662525579201e-07 -1.085506461094423776e-07 -6.222717429108482430e-07 -2.023272523213115321e-06 -1.592350022347047360e-06 -1.594184960948481651e-06 -1.751376014319871295e-06 -1.786232272993967869e-06 -1.994027561693265354e-06 -1.905950656524817155e-06 -1.175884928837134733e-06 -2.404907141263980794e-06 -2.261968187102056895e-06
-9.976522878113428180e-07 -1.737148522835006455e-06 5.167130869107666678e-07 9.507189916944895117e-08 7.202326042131991797e-08 3.523694619102476266e-07 1.144134212646532832e-06 2.937230966650695906e-07 1.018270899404397912e-07 -3.351015939388036049e-07 -1.766819710512818834e-06 -1.630916125077026709e-06 -1.790607495393441123e-06 -2.289958503029226894e-06 -2.840502059456930768e-06 -3.788191499949950177e-06 -4.576884750567753603e-06 -4.491652222682801970e-06 -5.920441759512064096e-06 -6.998004690033458254e-06
-9.308247618324969936e-07 -1.681285801988890165e-06 7.241845143506750612e-07 2.451585533602980620e-07 2.187826403591507299e-07 3.877035201133292178e-07 1.283237085713911352e-06 5.758233176080479406e-07 2.696042584743772216e-07 -2.874933560709988177e-07 -1.554213939580926470e-06 -1.210544354534691299e-06 -1.469085629298685318e-06 -1.965074079516011763e-06 -2.440612856790180545e-06 -2.761875104645772076e-06 -2.889935967912261456e-06 -2.306464335352254503e-06 -3.850529428779136738e-06 -4.478674570893169849e-06
-8.803544936110433854e-07 -1.620975406930136367e-06 5.951461542213083782e-07 2.256517893286834491e-07 1.216461977608097341e-07 3.673890709266088580e-07 1.297756197733258758e-06 6.205688970268302715e-07 3.041978954738949475e-07 -1.607384886144366840e-07 -1.423808839813008917e-06 -9.054459645367693533e-07 -6.763549405903451360e-07 -4.539396404990752186e-07 -4.507310122743760789e-07 -5.025638912633881255e-07 1.123428237891201221e-07 2.009538950256656948e-06 1.547593507688968413e-06 2.036331383119663214e-06
-1.078708563985316136e-06 -1.731303005314258587e-06 5.171322630318455031e-07 3.275812174783801409e-08 -9.103625043047191345e-08 2.423049732340754171e-07 1.021875095391242702e-06 4.211950209171901720e-07 2.266425573858498790e-07 -2.571728236687475360e-07 -1.605782681543896486e-06 -1.196118397986747645e-06 -1.177529486212921608e-06 -1.283243277891347617e-06 -1.568281041486313196e-06 -2.157593319206578533e-06 -2.178254596471609320e-06 -1.024356528050333186e-06 -1.284601610902455020e-06 -1.736156264771598685e-07
-6.781078640257201118e-07 -1.435756208366150369e-06 7.789800098921864580e-07 -2.144806941210687700e-08 2.772082246490774449e-08 3.294040148294147420e-07 1.323640009267525925e-06 5.994322753307101528e-07 2.468155507433915709e-07 -1.056365495614614669e-07 -1.236880309144467191e-06 -5.165552468761926135e-07 -2.365185806940730777e-07 -1.480736618533253374e-07 -1.791456556768484382e-07 -6.975193983460781293e-07 -1.133576713867518602e-06 -3.656452596687601490e-07 -1.008859373561185901e-06 -6.573811582855508930e-07
-7.813919695386502012e-07 -1.471056847321721155e-06 1.004012892668362369e-06 3.099171681126600496e-07 8.833706218386373993e-08 2.117332549466088459e-07 1.230948288140071487e-06 6.906750280506460633e-07 3.722796762238913336e-07 2.744129960878087646e-08 -1.268186066298362537e-06 -7.581362418851521371e-07 -6.993840325449344326e-07 -9.337196271454613876e-07 -1.069181834285707632e-06 -1.087685225682875908e-06 -7.287459118735379856e-07 -5.774504162457495626e-07 -2.485477020387178584e-06 -2.769222236549419744e-06
-7.167453933116322884e-07 -1.345238653023345901e-06 7.921008915477502220e-07 1.114635474295777315e-07 7.181339690964382582e-08 2.621615087954368127e-07 1.153808168550759091e-06 4.994690341738519787e-07 2.013454331515743123e-07 -3.450382826375027772e-08 -1.416214826090443727e-06 -1.078314494754506637e-06 -1.085257137001628059e-06 -1.373045235166269288e-06 -1.587588095298312684e-06 -1.985393092160924413e-06 -1.725899343100942308e-06 2.348052847457969873e-07 5.052210412569900456e-07 1.639558892720842087e-06
-7.254203260500641055e-07 -1.541369546886146426e-06 6.448954891132212056e-07 3.508340532309000801e-08 -9.287596987503296866e-08 1.774968403644023021e-07 9.542131088002862750e-07 2.755113056637809483e-07 -4.438517676453869453e-08 -5.334777575750929662e-07 -1.946475567147092681e-06 -1.557600415874183154e-06 -1.371895728697742872e-06 -1.346624193248955835e-06 -1.359149715827438815e-06 -1.468684201823232789e-06 -1.419214391529771576e-06 -3.920526145538288657e-07 -9.731318373247994681e-07 -2.334665209990623526e-07
-7.351916161589544608e-07 -1.521142856019200713e-06 6.045968223026687083e-07 1.260424759880143159e-07 -6.115916210521007217e-08 7.615814821592278377e-09 8.117598018952404282e-07 3.185091728364710010e-07 1.098372503424875546e-07 -3.559593064093629133e-07 -1.771045370671542868e-06 -1.486385825833978694e-06 -1.533708743934554195e-06 -1.899960151435482289e-06 -2.453201587593316943e-06 -3.731306650625330487e-06 -4.686145463936255345e-06 -4.975429000409444712e-06 -6.551454141086594148e-06 -6.840781792441330236e-06
-9.917179872683712647e-07 -1.636691249390543232e-06 5.056332551921544110e-07 5.989412155972364215e-08 -8.907396358603143645e-08 6.750295367408285561e-08 8.370787778780152809e-07 2.091090457777909959e-07 -7.042653687339350949e-08 -7.374481201792920848e-07 -1.999539215348285689e-06 -1.477016511734732125e-06 -1.414417039513565434e-06 -1.507587347710882063e-06 -1.500044323909844453e-06 -1.845811963055455098e-06 -1.412492339257072467e-06 1.570939791105832684e-07 1.241290071866796144e-07 1.205541302725083965e-06
-7.791173858255041703e-07 -1.423822298033368888e-06 8.114921461946831892e-07 6.858140275475306151e-08 -8.930325947175031699e-08 1.024098353681930846e-07 9.213457307428477329e-07 3.991731043424812853e-07 1.043822813296543322e-07 -3.252060068636568712e-07 -1.735898881619142588e-06 -1.425957912205114310e-06 -1.482586000299065773e-06 -1.764206101323258886e-06 -2.107745088734357481e-06 -2.875175788011447507e-06 -3.027375219920154776e-06 -2.487480767033689584e-06 -3.357442703233869858e-06 -2.800813921983979891e-06
-7.666822390445072959e-07 -1.488929567500093596e-06 8.255662484693112523e-07 2.485350861610059708e-07 9.559668857461065955e-08 2.333449424470139392e-07 1.027036080194826774e-06 3.185038414958284275e-07 8.583751068848123066e-08 -3.448290807194903219e-07 -1.443753299001874851e-06 -8.730848888291554466e-07 -9.728770109912888722e-07 -1.267898479463081865e-06 -2.021322878173441651e-06 -3.150034839050463445e-06 -3.822853529024041071e-06 -3.532442809999168975e-06 -4.614930315637424927e-06 -4.249140807277587956e-06
-6.966823236084386667e-07 -1.505307549522211033e-06 9.324060364098115232e-07 3.066479391703350942e-07 9.682799107210368526e-08 2.788971977316096063e-07 9.706031959762276189e-07 2.093349093151028760e-07 -8.104992390704550927e-08 -5.651206637339163461e-07 -2.193905333873064434e-06 -1.912366834946914511e-06 -2.034417972098649193e-06 -2.330478766751187164e-06 -2.580111320086333050e-06 -3.300673209331071002e-06 -4.157080066687039309e-06 -4.532871530582325942e-06 -6.608004767946694968e-06 -7.085146546993196327e-06
-5.691052771194984142e-07 -1.394983656111772127e-06 8.426371875348723947e-07 4.321986486189436354e-07 1.987335059960036384e-07 2.740153387186999292e-07 1.088509147274363580e-06 3.209564596473138573e-07 3.048714148673800918e-08 -4.943097362151585769e-07 -1.853373204068771354e-06 -1.360040506601198870e-06 -1.230207767489274820e-06 -1.454808553189422435e-06 -1.820705240669285989e-06 -2.300148654619078065e-06 -2.176465945965666543e-06 -1.468366377477940986e-06 -2.702113385852840302e-06 -2.611620634734271057e-06
-9.481175775778490473e-07 -1.770518236358819788e-06 4.863464118806835693e-07 -9.533216817865650047e-09 -1.805307371833609437e-07 2.215846220707537611e-07 1.140640833749937699e-06 4.926181194290948532e-07 9.734694999509666727e-08 -4.704236952884703147e-07 -1.835644175390692354e-06 -1.439426180822667653e-06 -1.442128457474566644e-06 -1.687464287629019250e-06 -2.081349582900342188e-06 -2.371256211234236518e-06 -1.795871519029094051e-06 1.593476230213923341e-08 2.394299910511508252e-07 1.028090951251929885e-06
-1.043361956894063494e-06 -1.865533431300814230e-06 5.738237724206047553e-07 1.146873354570923410e-07 -1.850798722869554255e-08 1.312924684832451200e-07 9.692274770855285271e-07 3.129076380356789027e-07 2.914831631346907845e-08 -5.439106140292549912e-07 -1.918186461307737260e-06 -1.486053090872536191e-06 -1.418301150139217677e-06 -1.610433581895087477e-06 -1.904458297457297165e-06 -2.426565801927122154e-06 -2.420640129473459594e-06 -1.758068565580186601e-06 -2.618021712863676883e-06 -2.250983166325302421e-06
-8.491874557344411741e-07 -1.748039838267934649e-06 4.108142580736108140e-07 -1.382037672311644893e-07 -3.897405323589302300e-07 5.084535485806138574e-08 9.606780771533182139e-07 3.836731163163045169e-07 7.121928532903105896e-08 -4.553139818179255142e-07 -1.908649751144954844e-06 -1.866625921445759089e-06 -2.269206966393436515e-06 -2.825805342339012881e-06 -3.648625782976042657e-06 -4.819450471266855812e-06 -5.877626889832046268e-06 -6.467022460029408804e-06 -8.867876815420698086e-06 -1.060501481989678403e-05
-8.408574159646328510e-07 -1.657682905957394942e-06 5.466295627633883026e-07 7.971160432833789483e-08 -1.271724564446315312e-07 1.546094071440054203e-07 1.184944374004387743e-06 5.191227635854444203e-07 1.531586523772367739e-07 -3.917437640574528499e-07 -1.816189021492515309e-06 -1.472872506882126916e-06 -1.654550231296710764e-06 -1.849037296637481844e-06 -2.121266284159487419e-06 -3.030869225286150310e-06 -3.360723961690318573e-06 -3.088452897977668587e-06 -4.332551234708465720e-06 -4.830528853234369899e-06
-8.174539749279813653e-07 -1.502226184865460679e-06 8.214410813725962735e-07 1.854095923897687930e-09 -2.354177635631481722e-07 5.056346123610506622e-08 9.135232041947397758e-07 2.867547989500484434e-07 -4.699218180135113326e-08 -4.417101477297730478e-07 -1.889733082045964274e-06 -1.660122561065694596e-06 -1.740721573597253864e-06 -1.662862644503633943e-06 -2.221949106749403401e-06 -3.152367028952942475e-06 -4.016242030862360830e-06 -4.322198263146003112e-06 -5.944801469268724971e-06 -6.364468903752378039e-06
-9.016276113626487626e-07 -1.596480084969651819e-06 6.241803147207431363e-07 -2.425421106717936865e-08 -9.144242134782888944e-08 3.023594397954565739e-07 1.250796432021839822e-06 6.228665468105530207e-07 2.718396586319836246e-07 -3.100115462706132668e-07 -1.587515892227613944e-06 -9.396245313086500354e-07 -8.799687105004986825e-07 -1.280331535752356885e-06 -1.656851530357155579e-06 -2.194861336153334011e-06 -2.438649564008254808e-06 -1.828590139605201936e-06 -2.561397912300386467e-06 -2.256661996718247649e-06
-1.059773874726581782e-06 -1.622826090591652869e-06 6.255373792944581365e-07 3.591948958431483277e-09 -1.684808045113461823e-07 1.214623305968879568e-07 1.131857705039623048e-06 3.357671128269017808e-07 5.357939486164388119e-08 -4.971936223560648350e-07 -1.953861620532516221e-06 -1.488860902170339274e-06 -1.413015482992455487e-06 -1.368466402442669790e-06 -1.376572804257311567e-06 -1.659741022863640206e-06 -1.450357816153337306e-06 -6.979298951889133807e-07 -1.601450551292377903e-06 -1.336456941085583586e-06
-9.149785621549121381e-07 -1.610882250427945918e-06 5.914590605398900210e-07 1.111867371471278500e-07 -5.076534428546116305e-08 8.162687399076464079e-08 8.740100877236426672e-07 1.695206191156613637e-07 -1.987132007984493856e-07 -6.611228477292611531e-07 -1.931566960346773450e-06 -1.266763369259147071e-06 -1.146562211217413867e-06 -1.106612862237827780e-06 -1.064556395392368793e-06 -1.413003146405448457e-06 -1.476693274081381590e-06 -6.934307812568876860e-07 -1.552210503745040253e-06 -1.161177000527618936e-06
-8.398642951118792554e-07 -1.420281522670208545e-06 6.785027276381082341e-07 7.726353543131888143e-08 -3.553017902243936060e-08 2.459920018977548157e-07 1.203247058329278976e-06 4.486132827172313807e-07 1.722659439655891252e-07 -3.277686700240478699e-07 -1.658520337109869976e-06 -1.164908740809175447e-06 -1.048613516227105958e-06 -1.016329732403000465e-06 -1.060254779283777219e-06 -1.456122314238524446e-06 -1.331380852328926049e-06 -1.143849641922199693e-07 3.070185257476693670e-08 1.005946324390922736e-06
-1.010653721839581028e-06 -1.609299353881030176e-06 5.601282184029870632e-07 7.805693545939510634e-08 -1.083335605809086894e-08 1.983987973448726740e-07 1.034639135474455120e-06 3.769720935169353557e-07 1.425306082062611005e-07 -3.975743509285353933e-07 -1.829920413985016183e-06 -1.452471520347581125e-06 -1.429383990360523877e-06 -1.528304477319889068e-06 -1.705992056311367232e-06 -2.548946087448122633e-06 -3.068588497883205732e-06 -2.485874622048907519e-06 -3.875064798212246087e-06 -4.460129914693619784e-06
-8.844843946610177299e-07 -1.652883139614332052e-06 7.056286637652060376e-07 6.077776400683568250e-08 1.386921037108392726e-08 6.352005748972987026e-08 9.782139192618540924e-07 2.502005577899894730e-07 -1.032048875008075853e-07 -5.149565512711980154e-07 -1.692007765619274431e-06 -1.198649380838115415e-06 -1.117085159638827294e-06 -1.191707760214529672e-06 -1.137977083223198406e-06 -1.354850027163815567e-06 -8.608037283848037353e-07 2.577630573619788137e-07 -1.237527081837617214e-06 -2.380186834449256518e-06
-1.006828816027222755e-06 -1.556415490112771328e-06 5.410167787689828533e-07 1.291028325693169041e-07 -1.988318327878609024e-08 1.219679650834152780e-07 9.941443926456987519e-07 2.839432140783257708e-07 -1.741225844092392733e-08 -6.044939176659486882e-07 -2.022439838215669615e-06 -1.729726737205440046e-06 -1.729918121399408151e-06 -1.921293763684807569e-06 -2.277255536801928712e-06 -3.022578786785349461e-06 -3.239379728499406820e-06 -3.122295590643854774e-06 -4.936515521092091070e-06 -4.728335138589852878e-06
-7.731105060851921930e-07 -1.433127297903743402e-06 6.914024951663771845e-07 3.822327025926662498e-08 -1.512791632586089757e-07 1.767960856309462738e-07 1.125047368193341743e-06 3.985703189748645031e-07 -2.930820938719015600e-08 -5.903351162432481647e-07 -1.879940992043081614e-06 -1.450496489570631268e-06 -1.479399964079029287e-06 -1.655201090015702067e-06 -1.852332346596774367e-06 -2.256509776803898862e-06 -1.746104063840658726e-06 3.506688834802246816e-08 2.054472694991983080e-08 1.104854698189591589e-06
-9.670140305784050067e-07 -1.554310403964424758e-06 7.189255648467499273e-07 -1.070143455467025551e-07 -6.083019715778839043e-08 2.119076473931328036e-07 9.298904274633983692e-07 2.901464384649183690e-07 8.114579676589141811e-08 -3.591223416790882018e-07 -1.628661188133843483e-06 -1.018830835715092355e-06 -9.374315212631430761e-07 -9.567891763937464505e-07 -1.357341413772756940e-06 -2.262831189288043843e-06 -2.782847632510657371e-06 -2.190830464374306215e-06 -3.749038317710626333e-06 -4.269443280032899210e-06
-7.512333276141920432e-07 -1.552270148432221296e-06 7.282543633255662428e-07 1.742814428921352408e-07 -5.767344616020288784e-08 1.739349727670923134e-07 9.421127215219922402e-07 2.947707903536793405e-07 -7.203774209364344962e-09 -4.065710433864221930e-07 -1.803380923465938113e-06 -1.479316006056537337e-06 -1.493332845413308022e-06 -1.524777768829922911e-06 -1.762603924334706248e-06 -2.217949597756448066e-06 -1.945747950816802703e-06 -1.105607724813176737e-06 -2.223169875379367255e-06 -1.892908454881739571e-06
-8.251358669077209799e-07 -1.740860117761995908e-06 3.460755216117239562e-07 -2.949953006515718148e-07 -3.406425297309374208e-07 -5.283860533365022094e-09 9.025215460214964861e-07 2.267725392538615815e-07 9.597423014418866848e-08 -3.497030894887398602e-07 -1.735435713578123486e-06 -1.212737264815809533e-06 -1.005418970734993076e-06 -1.046032549462622753e-06 -1.092372973548352843e-06 -1.392260424700434206e-06 -1.593915971675376550e-06 -7.351943858849596208e-07 -1.303096821598492170e-06 -1.016888424227942994e-07
-9.023065026355764670e-07 -1.736154023127046234e-06 3.868120386444481718e-07 5.515229435671132013e-09 -1.207127114193643322e-07 1.446302249742430393e-07 9.435415941028534661e-07 1.533188883566513109e-07 -1.387633597827686255e-07 -6.713400145383139219e-07 -2.124968378832458734e-06 -1.837261203862800411e-06 -1.848880079665231558e-06 -2.125519082465092023e-06 -2.464372606310501117e-06 -3.226049203342582032e-06 -3.188037468428144852e-06 -2.170162065086281236e-06 -2.830401311337995611e-06 -2.373773073527839258e-06
-7.577882967711293430e-07 -1.651143848841490158e-06 6.698037543514517455e-07 1.230335250920092311e-07 4.895731616087203211e-08 2.460929637719184925e-07 1.272703814643018682e-06 5.884322089747070685e-07 2.684592755384147727e-07 -2.724093343679861135e-07 -1.676465715584217467e-06 -1.213448923178596699e-06 -1.145534351901324022e-06 -1.352678900715092418e-06 -1.555578805860504229e-06 -1.789351293012876804e-06 -1.053601809228348074e-06 -4.089785964041704347e-10 -1.285166305714366044e-06 -1.048849320366316332e-06
-7.613322612592535428e-07 -1.588168271597967873e-06 5.539243149646308774e-07 5.231859906981372083e-08 -5.321229364978421713e-08 2.186213544719763102e-07 1.194302991751527750e-06 4.800433794480170912e-07 1.452587760137079564e-07 -3.475533362357842105e-07 -1.699431898453493255e-06 -1.175617389750025751e-06 -1.059134398891986892e-06 -1.023059881833599689e-06 -8.481726865039651285e-07 -9.585449533591529013e-07 -5.644080231308363467e-07 9.495294082373491433e-07 3.109395514040835421e-07 8.718261604851674348e-07
-1.119959071852896053e-06 -1.699519158755770471e-06 4.295161007898012983e-07 6.473708919036834327e-09 -1.412310329614604672e-07 1.750801697818315614e-07 1.013315829267240623e-06 4.626815972263124142e-07 3.769874100227402053e-07 -1.272431797660571905e-07 -1.404681058325999240e-06 -9.502414576040213739e-07 -9.692399748803091930e-07 -1.443723341556389377e-06 -2.129242071225726361e-06 -3.051876840735234134e-06 -3.691385711288131255e-06 -3.047453284562468830e-06 -4.037608647621786370e-06 -3.462878597185556215e-06
-1.052928758529797761e-06 -1.729494492613563615e-06 7.131697858476040465e-07 7.499992673741721528e-08 -7.019738280845569114e-08 3.518691099773681675e-07 1.162887702614781153e-06 4.668808129784554459e-07 2.429720923795043006e-07 -3.049808210424192336e-07 -1.516384409892720934e-06 -9.667153204979720268e-07 -7.493822484241673716e-07 -6.856302066964929962e-07 -6.814711340559996356e-07 -1.169243292606969077e-06 -8.593536666731382871e-07 8.483660461759396183e-07 6.586682794579790267e-07 1.164108683106722604e-06
-8.560743518853029241e-07 -1.630648094284586634e-06 5.908666477142845238e-07 -1.337846687070444638e-07 -1.514397716225696940e-07 2.002817831378750998e-07 1.170889584705212101e-06 6.546369925146807089e-07 4.749588458636587267e-07 -6.764776690562758579e-08 -1.362513831287346361e-06 -8.544244153918607066e-07 -6.762963266200698348e-07 -6.740552641627806357e-07 -8.762552723938001634e-07 -1.742788453881717468e-06 -2.140619576850897281e-06 -1.584829005228061214e-06 -2.769183457701927010e-06 -3.385135486654670680e-06
-1.117826432766945425e-06 -2.046608833451977399e-06 5.499581145927865024e-07 -1.086948827122635503e-07 -1.317840471200115943e-07 2.138388104189743245e-07 1.121771296493282404e-06 5.085774096093539040e-07 2.161036039506822546e-07 -3.311886475940782623e-07 -1.573167232788793889e-06 -1.047910901986323708e-06 -8.178911519654613020e-07 -6.882230847095486158e-07 -8.064057206278374616e-07 -1.151640482933003201e-06 -8.193330411352136017e-07 4.595505247208949752e-07 -9.830342048881586323e-08 -6.309900624025524354e-07
-1.027985703375848277e-06 -1.735293510576356684e-06 5.897559906968917720e-07 -6.604052094668822117e-08 -4.722471097580099484e-08 2.582907028820484133e-07 1.132333826794686137e-06 3.484994400054754433e-07 1.120755886119502469e-07 -3.478826203391058721e-07 -1.873716354823705853e-06 -1.443489885653047232e-06 -1.293154312813741198e-06 -1.395106297732487058e-06 -1.555668735962191917e-06 -1.925447266995256469e-06 -1.707465314339887347e-06 -6.826812495977271166e-07 -5.340903857161613346e-07 1.453917205692942630e-06
-7.290500812972903627e-07 -1.254548042536759708e-06 7.642928606107392052e-07 7.333065363093121339e-08 -1.450060764447868004e-07 1.013815439672463620e-07 1.037773036177345045e-06 4.828462974883548075e-07 2.800374194155048847e-07 -1.846866704167923675e-07 -1.506607160594399902e-06 -9.077237609650696475e-07 -6.570887117504472087e-07 -5.474922154775266583e-07 -5.794051695193877093e-07 -1.208093242046516477e-06 -1.528073587408255520e-06 -4.808627088561866823e-07 -3.390640988376895479e-07 1.319733197818381716e-06
-9.389907993485108650e-07 -1.652816355943822779e-06 4.782329227008439807e-07 9.950670180520797529e-08 1.074299520300537756e-07 4.034614113178620546e-07 1.279148465800163550e-06 6.423182054630485044e-07 2.796336760405497605e-07 -1.443965794398303024e-07 -1.626450333357837062e-06 -1.179577313062743409e-06 -1.126384305065425306e-06 -1.468028740684460887e-06 -1.730980599816193809e-06 -1.943517662820988819e-06 -1.053161173987236179e-06 1.012958606600717948e-06 4.605052171751557722e-07 6.199498689506396221e-07
-8.837607756961229362e-07 -1.397461538228644462e-06 7.412804654334579641e-07 2.430808005391687314e-07 1.531564159075403439e-07 2.884282075216838899e-07 1.112441333655697991e-06 5.224140793119462507e-07 8.978172405014527119e-08 -4.607776747492467592e-07 -1.910054907817598281e-06 -1.601430282652600747e-06 -1.632356197399760226e-06 -1.692417079861358500e-06 -1.813716509720856755e-06 -2.308109563920370796e-06 -2.432545657570674396e-06 -1.745228506997610734e-06 -2.533857280013312432e-06 -2.174974359641780965e-06
-9.792122261201700132e-07 -1.478345012571424425e-06 6.609427632072908842e-07 -4.196046026735662673e-08 -1.707735837470184870e-07 1.705655709266751626e-07 1.016234579025991499e-06 2.330606041206118977e-07 -1.066141730291748156e-07 -7.571856552345807792e-07 -2.158378120589942981e-06 -1.685828379311471536e-06 -1.683727333766348629e-06 -1.761632462166215409e-06 -1.650402261766931322e-06 -1.787735935739590700e-06 -1.605296383242843092e-06 -7.122217908198425436e-07 -1.566419360206215334e-06 -1.270928657456468660e-06
-6.328240183541339817e-07 -1.489548839696409437e-06 6.989309621594683202e-07 1.520135262180353084e-07 9.818147439678375288e-08 3.665003370631696107e-07 1.174365131427584104e-06 4.441337630322276306e-07 1.459229358952595935e-07 -4.456633760213087541e-07 -1.787456507639582853e-06 -1.315719189285067669e-06 -1.249805337592607615e-06 -1.476973762287592578e-06 -1.728552046526598862e-06 -2.375028771530681806e-06 -2.630592589104455224e-06 -1.877565603458660170e-06 -2.640933897803641169e-06 -2.406571256930238991e-06
-1.058215733100092284e-06 -1.617054446968145184e-06 5.510481558665666704e-07 -3.451614143892168497e-08 -9.341627807961974390e-08 1.009898850333150890e-07 9.733426077381262550e-07 4.696919863626419332e-07 1.068748122604088335e-07 -3.262465135282179548e-07 -1.628502539366327300e-06 -1.169951684989343467e-06 -9.635368984290170870e-07 -9.184938918759009359e-07 -9.244643132213313331e-07 -1.155454093455036487e-06 -6.321030920729247145e-07 4.978332784431276531e-07 -7.869833357118048232e-07 -6.309120128119856048e-07
-1.039516856522804522e-06 -1.775936758682639680e-06 4.912788459292902043e-07 5.119808341867344653e-08 -3.868689370047199104e-08 3.265227892747541886e-07 1.130643913790920586e-06 4.497462539018650698e-07 2.143308862032059291e-07 -3.303209529737528033e-07 -1.648038587970888899e-06 -1.338063031438298246e-06 -1.339618125758993033e-06 -1.652926535922659750e-06 -1.948051649090938175e-06 -2.534925263264082344e-06 -2.610719857050313100e-06 -1.690481025420021027e-06 -2.264153854594171126e-06 -1.409926872297039958e-06
-1.038295837320266664e-06 -1.692008312282655463e-06 5.163046351277991824e-07 1.584265027712692183e-08 -1.649473880665090328e-07 1.928404175121652500e-07 1.094122146791690894e-06 5.174382557533632557e-07 3.625060945312540358e-07 -1.728020524727706896e-07 -1.456238419119502854e-06 -1.000563352859385272e-06 -9.388430189041010482e-07 -1.107654684620896478e-06 -1.341800206060536297e-06 -1.924148944417378888e-06 -1.909405628312530136e-06 -9.428828035757258458e-07 -1.465632925677469973e-06 -2.647443692506008847e-07
-8.803049973650362430e-07 -1.575415328551502412e-06 7.018179672729115317e-07 1.153782008721741293e-07 1.448939296626938725e-08 2.899995302860124985e-07 1.104374412439774317e-06 3.254680567535124675e-07 -8.562601743291964846e-08 -6.306647998935415693e-07 -2.061419870751927397e-06 -1.745897011560099206e-06 -1.555317206742630322e-06 -1.345430922614341145e-06 -1.032646578573333997e-06 -1.356249894348239144e-06 -1.581001687880986330e-06 -9.482239138012246742e-07 -1.676059574486995906e-06 -1.253865105193204531e-06
-7.157832025807760178e-07 -1.415788505190585779e-06 8.845614065299273625e-07 2.961185426563792104e-07 5.893514742988402581e-08 3.307672945216034920e-07 1.320197778344108051e-06 4.417246404075652659e-07 1.794118347683434529e-07 -2.760768851935220385e-07 -1.529416975659322166e-06 -9.463880880365217764e-07 -5.814434474885310244e-07 -3.890751166263551942e-07 -5.703963579823111953e-07 -1.164790162994689155e-06 -1.646034668828787615e-06 -1.496054901493111397e-06 -3.294571312438472416e-06 -4.251150589065181163e-06
-8.361221695644211243e-07 -1.489277610706411467e-06 6.963579852256520846e-07 1.134532412621493560e-07 8.108491881268715899e-08 2.780715165765099945e-07 1.244531688444434875e-06 6.114023240047588910e-07 1.986957740454084258e-07 -3.160973415394381943e-07 -1.694576458444398152e-06 -1.331678316811395098e-06 -1.207672019477786436e-06 -1.218963525522047614e-06 -1.137327569624138613e-06 -1.545158438356711249e-06 -1.674681216537547518e-06 -7.837941063992973908e-07 -2.103487340071429107e-06 -2.182957945937651408e-06
-1.299513657822918871e-06 -1.746401796713379908e-06 3.828419803992762847e-07 -1.014330769682051167e-07 -2.472283098810953494e-07 -2.107721918184846888e-07 7.560279506909217071e-07 -4.712366394835685557e-08 -2.634768223197526482e-07 -8.615683745987182337e-07 -2.425814510554220053e-06 -2.135899113341865270e-06 -2.263055905642467302e-06 -2.454837760967054503e-06 -2.772168397360051189e-06 -3.235493907900399630e-06 -3.452502685805723869e-06 -2.965864031096033123e-06 -3.892525414429167529e-06 -4.038816490272806102e-06
-7.436453803970356179e-07 -1.340443424414434464e-06 7.282422247903000923e-07 1.365472002019802168e-07 8.668431352158104576e-08 1.715724626925436976e-07 9.964652433476565512e-07 2.273934813667443298e-07 -1.189768817525646686e-08 -5.107214654253027375e-07 -2.032628562311294225e-06 -1.773191838430178661e-06 -2.088744876267000621e-06 -2.447221596636759597e-06 -2.915240139445547455e-06 -3.962448046721451387e-06 -4.501555401968260008e-06 -4.105783338783205681e-06 -5.567897766653721637e-06 -5.941183764780531486e-06
-7.327900159966094241e-07 -1.501799833891952895e-06 7.209495861909754769e-07 1.473317829448917641e-07 -2.340855218205537762e-07 -1.151209755817015484e-07 7.371318523289591468e-07 1.189422452007249934e-07 8.951861349144876231e-08 -4.564095625553218888e-07 -2.005250646779993254e-06 -1.607225091807034470e-06 -1.503378254694897332e-06 -1.781591947525712616e-06 -2.319932968538522123e-06 -3.502159112732135915e-06 -4.734963690049247959e-06 -4.435587057619138197e-06 -5.062555496898144561e-06 -4.904336667973219595e-06
-8.372176661378873610e-07 -1.601385276623913230e-06 7.606592823976546249e-07 1.837798726121980463e-07 -6.031742451950055270e-08 1.016659597736376106e-07 1.079265169357737960e-06 3.630686651781344790e-07 1.927222751085064708e-07 -4.093641152274389399e-07 -2.018422902161677715e-06 -1.901956356986636294e-06 -2.254741372971090166e-06 -2.868402398260450296e-06 -3.591242445265079534e-06 -4.329967096243310334e-06 -4.843246163295511497e-06 -4.505416670603494673e-06 -6.202682045677398412e-06 -6.819144206588481347e-06
-9.238195514239532604e-07 -1.506800296159330638e-06 8.722741716826797606e-07 1.853951485793769757e-07 7.022000377959484463e-08 4.055425585923061900e-07 1.218163568163245930e-06 6.292237116024665641e-07 3.453812941370889691e-07 -8.094512210784309041e-08 -1.487240703373562577e-06 -1.022703830647204841e-06 -9.100787978005289699e-07 -1.133974299447103284e-06 -1.259880476071025733e-06 -1.605609238898972562e-06 -1.246992016989726796e-06 1.052372600037941904e-09 -4.499134147835860830e-07 5.913829208695688378e-07
-7.974574290149557824e-07 -1.670295652875537960e-06 5.973203907277142116e-07 1.465138522980244960e-07 1.107221402128123118e-07 2.404014084626947460e-07 1.012922653351656087e-06 3.544923052593179094e-07 6.808871011094788463e-08 -2.967891308911335787e-07 -1.696125966210857748e-06 -1.316215651962869484e-06 -1.189531380882500455e-06 -1.277403552332012997e-06 -1.588530572967207502e-06 -2.108296610763598068e-06 -2.366225298583824629e-06 -2.612644355130187954e-06 -5.054139478514489379e-06 -5.755580086445526175e-06
-7.152896468802270908e-07 -1.579601209113873761e-06 6.475791430101244730e-07 -5.063770146762124148e-08 -9.396932363542105487e-08 1.249186913367700288e-07 9.882339295534867582e-07 3.448187183178196740e-07 -1.466021464139322793e-09 -4.422254673643343653e-07 -1.715619009900621080e-06 -1.237315471071897745e-06 -1.185570315441729507e-06 -1.303150198845998557e-06 -1.349206196437127196e-06 -1.560644304714061612e-06 -1.522223165911036531e-06 -6.007390460066398896e-07 -6.158011587709841724e-07 8.937882643166800102e-07
-7.197494078352449378e-07 -1.421545091125895619e-06 7.411594180818508654e-07 1.255101820543229381e-07 -5.914882327244201537e-08 1.673643979634119918e-07 1.171873532658316837e-06 3.891377827744099340e-07 2.377773119197547381e-07 -2.132850266796486047e-07 -1.505435359860616880e-06 -1.056646394738869299e-06 -8.506670096781984585e-07 -8.512272368326720450e-07 -9.391323138391745383e-07 -1.033413793583400807e-06 -8.262081759284274486e-07 -9.922347173952032821e-08 -1.501976119093669202e-06 -1.461038578671915492e-06
-7.657250117670655423e-07 -1.593445745548190712e-06 6.745739118664285036e-07 1.376476591871213802e-07 -5.997635656472543041e-08 -2.501221486748315946e-08 8.937704246496668507e-07 2.992883609739141502e-07 -5.371094095583054851e-08 -5.838868193885405487e-07 -2.121242662759939408e-06 -1.640489661611097514e-06 -1.658744555746337295e-06 -1.702647627368532479e-06 -1.549610080995891248e-06 -1.825338884169727761e-06 -1.890743036056450938e-06 -1.390867931404193877e-06 -2.914738518460501304e-06 -3.046331253405522246e-06
-8.871453465476071231e-07 -1.688502000728648090e-06 6.337241342160597353e-07 1.416537675062255956e-07 -7.623640454459455762e-08 1.771798310770451356e-07 1.051899271081135637e-06 4.023222341922671843e-07 1.599338368664896600e-07 -3.350998602225618224e-07 -1.701364754597369956e-06 -1.160122344380152696e-06 -9.528386919543017992e-07 -1.015558195881407384e-06 -1.248931198359270830e-06 -1.750458323407420860e-06 -2.092454304272913296e-06 -1.897875701844757732e-06 -3.148354506917131844e-06 -2.277894011328728209e-06
-7.013544070255831104e-07 -1.550742369629628910e-06 5.380898150113735217e-07 4.878433895208925636e-08 2.138535785670799306e-08 2.957666553012898807e-07 1.123628489158352844e-06 4.050974090945085670e-07 1.514050336796458022e-07 -4.635393873918215398e-07 -1.876380337327921264e-06 -1.501292797483314618e-06 -1.353620108351109915e-06 -1.537082345542992039e-06 -2.017456858093239003e-06 -2.755085917179617302e-06 -3.358609869075036562e-06 -3.260732512851202212e-06 -4.685622014855577920e-06 -4.665001243500222691e-06
-1.115545209271272404e-06 -1.538489639387521989e-06 6.337617948855646626e-07 4.737014700278752971e-08 2.692008481085254950e-08 2.314417331593262353e-07 8.415418181063225211e-07 2.639369460121689573e-07 1.561413537871864217e-07 -1.497428646270269414e-07 -1.504852986932234414e-06 -1.056466469128653703e-06 -9.365033966735233158e-07 -9.820820650920927472e-07 -1.099841434522996676e-06 -1.654482149623606556e-06 -2.161160559220513514e-06 -1.745235663256751058e-06 -3.329365702622258924e-06 -4.254399776003174164e-06
-7.049604052181578562e-07 -1.580554558049529264e-06 6.534081185918344948e-07 6.142860554024875440e-08 -2.151967382243532929e-07 2.389589541121203031e-07 1.127121340121129617e-06 4.535130125994181743e-07 1.914063992764294720e-07 -4.044041044233749193e-07 -1.774101461578599303e-06 -1.440178718909496629e-06 -1.408757200746445592e-06 -1.435564320283989844e-06 -1.624173253836532186e-06 -1.930105498189681372e-06 -1.737692101111165599e-06 -1.022943690453711152e-06 -2.467321329528214243e-06 -3.314460506859202988e-06
-9.584588171538777403e-07 -1.675056047334343994e-06 6.292281938485128594e-07 5.863158301054419826e-08 -1.238552846392503828e-07 9.722125335392047350e-08 9.567901304276629928e-07 2.968509680612005446e-07 9.937840645692454688e-08 -2.671197238794182727e-07 -1.589693187098588451e-06 -1.143089948475048552e-06 -1.244368601458052785e-06 -1.237385292758002597e-06 -1.613577606618094313e-06 -2.575600242541336837e-06 -3.101011904450975188e-06 -2.961197153556483562e-06 -5.173647904523315618e-06 -6.022700611200289143e-06
-8.703260945556816227e-07 -1.533884013357033036e-06 5.986301355990757195e-07 1.091135719900900613e-07 -2.136636821296803848e-07 -1.374582004047216298e-07 7.830360159323586518e-07 1.560615313327373628e-07 -2.033232091877879099e-07 -7.095360422412769397e-07 -2.144474730235483197e-06 -1.755649898538883554e-06 -1.858350353141667185e-06 -2.301190709697904491e-06 -2.855690810250067363e-06 -3.533757580757452664e-06 -3.837754137724297757e-06 -3.125096869624241600e-06 -4.396188834343838082e-06 -4.670185791505984876e-06
-7.668779907936113303e-07 -1.472722390150471177e-06 6.728561168278382251e-07 5.275315714418244099e-08 -1.444307604291931372e-07 2.249063137510113464e-07 1.163720009893129566e-06 5.305457552406624978e-07 4.140162717809513245e-07 -8.425498237065637335e-08 -1.446350613280285880e-06 -9.368914874460196125e-07 -7.636511495388361163e-07 -7.792134967879985923e-07 -1.011630159860726725e-06 -1.544278861332932076e-06 -1.932072934646495320e-06 -1.529862316520995407e-06 -2.903532502907643002e-06 -2.524562002557075734e-06
-9.289284946432839731e-07 -1.719880940379610244e-06 6.962995706951407062e-07 5.067971078775408236e-08 -4.728357771200004262e-08 2.572400424158724639e-07 1.212080526387227770e-06 4.504403339654184466e-07 1.776435994626750718e-07 -2.305353936516534314e-07 -1.663102928112645472e-06 -1.240306187919281369e-06 -1.312420687503367857e-06 -1.216536229887889309e-06 -1.004587104143095524e-06 -1.311340962764077701e-06 -1.544295633066394379e-06 -1.042874075917167572e-06 -2.051021106448660270e-06 -1.089599909218921916e-06
-9.148309697428503445e-07 -1.702955527984872919e-06 6.413304156218848230e-07 1.665977823084098815e-07 1.104503789666240677e-08 2.843141577924782297e-07 1.141926244029003827e-06 5.165260509544590639e-07 1.509674191252953261e-07 -3.324676838253066294e-07 -1.614795666853279956e-06 -1.146728017490730714e-06 -9.533078157603633908e-07 -7.992015087391241003e-07 -7.530848059820367417e-07 -1.336690908204614042e-06 -1.908841725874475858e-06 -1.379081652320296399e-06 -2.314599320775298053e-06 -2.254333869964472897e-06
-9.190932424091117926e-07 -1.573445904033364114e-06 5.382357104483956674e-07 -9.832266929982655860e-08 -6.860342143863128768e-08 1.880117966250452565e-07 9.988812804169258618e-07 3.057497806112741816e-07 4.307669033147712877e-08 -5.032420629640492922e-07 -1.792331450557551101e-06 -1.325434962719912603e-06 -9.894956353922566776e-07 -7.650080917995643767e-07 -6.154782238956863764e-07 -1.249572425125975710e-06 -2.394923526668501417e-06 -2.766883900269548936e-06 -5.103662091034932238e-06 -4.800534641649296296e-06
-7.995742698969066508e-07 -1.453064719529636078e-06 7.220701869410163279e-07 1.410393870410751927e-07 2.647171050567966604e-08 2.052349231608879358e-07 1.214165614927457399e-06 5.568374356593416312e-07 2.520098926507524608e-07 -2.351591738764428449e-07 -1.770703913570376264e-06 -1.551711468335234247e-06 -1.731299296869754009e-06 -1.802314699095213434e-06 -2.086701035558679546e-06 -2.668098398064294282e-06 -2.262229269053078364e-06 -2.624795764052945209e-07 5.438992808195747087e-07 2.654966051002487926e-06
-8.831351153090829247e-07 -1.657082286831899956e-06 5.604554432983659963e-07 1.576966802608711822e-07 -2.791294492522448947e-08 1.887409973972565711e-07 8.852771389861945224e-07 5.771240328055964632e-08 -1.392954924930235628e-07 -8.078260968999504053e-07 -2.118569698989065034e-06 -1.547361701728717357e-06 -1.208635230765159017e-06 -9.374228347189070868e-07 -9.036936292477888972e-07 -1.358852839908575764e-06 -1.397178389991369268e-06 -1.048288569403217669e-06 -2.925054994903776704e-06 -3.925322205467829325e-06
-9.450387162269836523e-07 -1.586071189860480375e-06 5.825316453930122238e-07 1.330120405841445059e-07 -2.787582918106723479e-08 7.010996013709266396e-08 8.703627882628040106e-07 1.980171367146455449e-07 4.433069847465582120e-08 -3.969911388347515076e-07 -1.826086739977269389e-06 -1.435662854841241157e-06 -1.509494160117585221e-06 -1.590947948319505231e-06 -1.611160891532864230e-06 -1.973114464166928341e-06 -1.527258790969254280e-06 -3.460439924475823959e-07 -1.489020072782983729e-06 -8.603791239567983857e-07
-8.089835718621436101e-07 -1.533890680207096284e-06 6.102940563853447651e-07 1.576225560799835068e-07 -8.531148125307683141e-09 2.255218853647084642e-07 9.019396740939097194e-07 3.035049536126495127e-07 -3.270128821149607544e-08 -6.865192518389600535e-07 -2.185778953399209688e-06 -1.763460389204078531e-06 -1.921748886012726930e-06 -2.298721925873781322e-06 -2.604869941257473402e-06 -3.304223187635594886e-06 -3.551923690269550444e-06 -3.332666006819803817e-06 -5.214912389392364911e-06 -6.210764397193995345e-06
-1.042431749150171149e-06 -1.555713637216131690e-06 6.987171798070790747e-07 2.516445049151722763e-07 3.051948261208226507e-08 1.253886271481558122e-07 1.092585393465772177e-06 4.571389393224664408e-07 2.286484395567144176e-07 -1.943623838163912292e-07 -1.689937271917416201e-06 -1.293761908670804035e-06 -1.212595874802540961e-06 -1.226330591963572528e-06 -1.437595619533306659e-06 -1.872356788536545199e-06 -1.955459821082326098e-06 -9.106295557498245570e-07 -1.864263038644171575e-06 -1.392952532399275253e-06
-1.029609252804747533e-06 -1.621272708775869833e-06 4.030456289308752018e-07 -4.656357628622980674e-08 -1.627402129907264370e-07 2.510220681096986725e-07 1.007068833464733712e-06 5.036254477585649270e-07 2.651932157665548879e-07 -1.746225756621562621e-07 -1.576453045907733756e-06 -1.144932798137252168e-06 -1.155865480240091861e-06 -1.241868641124629022e-06 -1.446788154309809369e-06 -1.944812411168227328e-06 -2.301977581263439565e-06 -1.838141550847236002e-06 -3.230286228938305225e-06 -2.859574227782519434e-06
-7.759556886532546225e-07 -1.579236035376597428e-06 4.634853403512223836e-07 2.233601399571186936e-08 -8.562309323306092189e-08 2.069647947241155704e-07 9.362815595926324854e-07 3.397475001944736746e-07 2.989888037049995028e-08 -4.893279610493843668e-07 -1.954240096603806204e-06 -1.526898759953159392e-06 -1.499311901111979301e-06 -1.426760387919600827e-06 -1.180827486083716878e-06 -1.371504093843078405e-06 -9.727537889252554887e-07 7.457804381849171382e-07 4.895411010948739883e-07 1.485953534281810240e-06
-1.132913704364214149e-06 -1.658678396527182168e-06 6.176747567239620697e-07 1.323054901938617507e-07 -2.160877883900966309e-08 1.480839220629526262e-07 9.572778486084921989e-07 2.966329088954628936e-07 -6.270775915422276356e-08 -6.187149568431227696e-07 -1.911191700682985935e-06 -1.546481171584006692e-06 -1.585817274070743245e-06 -1.645282416092708711e-06 -1.821920124295134044e-06 -2.335502473288259599e-06 -2.688067575443541550e-06 -2.123554049005285436e-06 -3.647541431455628194e-06 -3.934250450330987659e-06
-1.080753092308787534e-06 -1.669091619247879132e-06 6.036646550851922894e-07 8.245097174569858970e-09 -6.167643438877925729e-08 2.881688272545221764e-07 1.033485796686733307e-06 4.693192306195938897e-07 3.660223206046237541e-07 -4.499795693736881540e-08 -1.242243722179833711e-06 -5.815136552034161742e-07 -4.397699428970844165e-07 -4.562171205950182785e-07 -3.382975628589533500e-07 -5.426456440702694097e-07 1.030724626760261734e-07 1.641643961760902187e-06 1.424172262829236811e-06 1.968703705522881577e-06
-1.123413980855479358e-06 -1.615526325480119792e-06 7.710680042719443689e-07 1.941370004279650244e-07 8.092521491812733130e-09 2.584585390302829040e-07 1.179750047080468207e-06 6.088002245088744891e-07 3.314506824292012351e-07 -1.699039018695787893e-07 -1.504273777899511508e-06 -1.080961752781096794e-06 -7.776583855681145348e-07 -7.979066781519529420e-07 -7.791761149590821234e-07 -1.082201387609857202e-06 -8.490099239601893912e-07 4.273205731587311734e-07 -2.031418623577783086e-07 2.827154986969269637e-07
-9.273421672284991715e-07 -1.662742373677243979e-06 6.289487384291373894e-07 -6.498284531252473103e-08 -2.073556878846539125e-07 1.249915189341924890e-07 9.884146697508130656e-07 2.637956902701736016e-07 -1.598134894026331444e-07 -8.474456120645440155e-07 -2.298503256883354197e-06 -1.901824736788394014e-06 -2.027991581803658251e-06 -2.194243715395391131e-06 -2.507536504050990950e-06 -3.317165657660853007e-06 -3.793772242248291506e-06 -2.783424625449276196e-06 -3.297028187504574792e-06 -2.157409478123478510e-06
-9.126279665069183754e-07 -1.649168001271241011e-06 6.405291868033995712e-07 2.224664963695617729e-07 8.122479846002894339e-09 2.342792792719655067e-07 1.119238617038927326e-06 4.790429932064651127e-07 1.849646794052143308e-07 -3.989234886506996848e-07 -1.750687929077041213e-06 -1.434065700405788969e-06 -1.383903038974779922e-06 -1.675283415995700944e-06 -2.005287498165697282e-06 -2.651414932956481139e-06 -2.998577805357803478e-06 -2.038770075856085022e-06 -2.405569022895215106e-06 -1.793431129621893077e-06
-1.194875981462504337e-06 -1.743131435488193457e-06 5.955150506946331038e-07 -2.399800419474544657e-08 -1.269873372691864377e-07 1.556088287653136028e-07 1.145797047743872260e-06 3.155812169112517971e-07 9.360540126030395375e-08 -4.339532960507049108e-07 -1.879832014556100918e-06 -1.492181489314383227e-06 -1.284044588627122729e-06 -1.197512403398734370e-06 -1.447462534800356508e-06 -1.866203750313753570e-06 -1.474866904891821154e-06 -4.466958610586029974e-07 -2.415620508712475481e-06 -3.524201341930155850e-06
-7.944937452215738086e-07 -1.612845413080306270e-06 5.745145837271081457e-07 -2.826655810963142042e-08 -1.783653658768281219e-07 1.477081005928552015e-07 1.107122212659449514e-06 3.887026591749518399e-07 5.305302270898609738e-08 -5.458588023355529367e-07 -1.866712508654359961e-06 -1.456223935848032055e-06 -1.464160448331244503e-06 -1.439879726834660878e-06 -1.529070403886578374e-06 -1.898258204523968760e-06 -2.150797733908718914e-06 -2.008833142328761742e-06 -2.999071330878012523e-06 -2.093006893864396307e-06
-1.177771597522123987e-06 -1.685859297051787886e-06 6.974853321218579069e-07 1.739610008038917644e-07 1.971657487832587175e-08 2.383938714349110444e-07 1.095586531040023254e-06 4.404765496381025425e-07 1.936084622199285882e-07 -3.712706575465464901e-07 -1.644879216715287889e-06 -1.243301630905871038e-06 -1.243419918191622642e-06 -1.362436783497936570e-06 -1.727483685927336734e-06 -2.144755358127014118e-06 -1.930970216105490517e-06 -4.469118530247609118e-07 -2.335324781805728294e-07 1.292022286711277103e-06
-7.576604782863094808e-07 -1.428459306871859421e-06 6.834001635398331033e-07 -9.586647374636694756e-08 -2.526543870656020745e-07 7.302308609213206394e-08 9.060443358618340879e-07 3.214515110795069975e-07 -1.205549141644604354e-07 -6.307438441384718508e-07 -2.099027964586795569e-06 -1.600664214288773835e-06 -1.593892367832942605e-06 -1.767757256023992626e-06 -2.051337364674029185e-06 -2.665586445542061491e-06 -2.875181235133819587e-06 -1.647303714310176279e-06 -2.050362941028121943e-06 -2.816921432386035591e-06
-7.287918191327593754e-07 -1.696745468166472859e-06 6.045759757377194167e-07 1.503989817014934231e-07 2.182187180853929379e-08 4.817931866979530754e-07 1.380124551112276061e-06 8.397121021455447662e-07 7.092706698445132782e-07 3.629203456989373402e-07 -8.548596933178554310e-07 -2.090405615066211471e-07 3.102759038518059620e-08 8.799776429894149424e-08 8.599599356078577179e-08 -2.353901168841815783e-07 -4.347106730760701354e-07 1.294943531039845354e-07 -1.484670723740280056e-06 -1.811051827418426829e-06
-9.486351587644692195e-07 -1.630876561130035779e-06 5.187976532587713941e-07 7.496039020646031320e-08 -6.493172899472133368e-09 3.241546490402616238e-07 1.122544765745449681e-06 3.453343314319974143e-07 2.785493008957181624e-08 -3.866865991792542754e-07 -1.708098498550776457e-06 -1.304732862416769608e-06 -1.201436494491641511e-06 -1.040030089398497220e-06 -1.090045785205488823e-06 -1.488190522661340589e-06 -1.363168295572176055e-06 -4.554675121773813674e-07 -1.504647061422906712e-06 -1.160258634007486510e-06
-8.901297005984288973e-07 -1.469295616673662072e-06 6.629466777028688463e-07 1.292857960866226035e-07 -3.104166034754176668e-09 1.950106592780956128e-07 1.057452045528805888e-06 4.061853998647464166e-07 8.530112257768667064e-08 -4.747480802386078672e-07 -2.006638374759711108e-06 -1.828920955440645880e-06 -1.800258894504388757e-06 -1.940241701606456153e-06 -1.985401427164844753e-06 -2.269982909526951498e-06 -2.556444221344606884e-06 -1.699185591058639566e-06 -2.487902430822201816e-06 -1.867565522339671642e-06
-8.179430875164421872e-07 -1.505419847960388525e-06 6.521527947796112922e-07 2.106464011218515835e-07 1.364154302508019218e-07 2.870560651673529553e-07 1.003746304874738400e-06 2.784902729662457754e-07 -1.659510339147596061e-08 -6.412609634020676527e-07 -2.137433383963758467e-06 -1.858795848072410168e-06 -2.092520144262465539e-06 -2.422641727765929713e-06 -2.806383427067730929e-06 -3.372966467664831663e-06 -3.749404168546630941e-06 -3.434113865914655057e-06 -4.631383808400456803e-06 -4.357596189011754326e-06
-5.361839674544325590e-07 -1.534064377914190493e-06 5.726363941739951983e-07 9.310902423058830980e-09 -1.166992324888205693e-07 2.792119510076568668e-07 1.089669529704735252e-06 4.712851575010541756e-07 1.926407717391624551e-07 -3.809460136651747844e-07 -1.806871729277555814e-06 -1.290955093668168230e-06 -1.170607218053807548e-06 -1.259299894363788785e-06 -1.472263276375712953e-06 -1.692519750898614459e-06 -1.400807002192577373e-06 -7.698726468242147407e-07 -1.726012997083991470e-06 -7.219163966806854680e-08
-1.309788024592760548e-06 -1.854631820703051762e-06 4.938156693937112072e-07 -5.661758018228099024e-08 -3.420842274820991623e-07 -4.577537870281213406e-08 9.965723422413302298e-07 3.318890105014976071e-07 5.526802672273460506e-08 -6.473141984517508071e-07 -2.187436965147524930e-06 -1.812918758876389949e-06 -1.844431760907249457e-06 -1.824589484367718432e-06 -1.730860062522281139e-06 -1.906631021240959557e-06 -1.751532293526344812e-06 -7.299772694134207099e-07 -1.367662789971250393e-06 -1.019078484884513729e-06
-8.689807164103296461e-07 -1.403623696957521598e-06 9.929741510181569983e-07 2.513613586452903440e-07 7.814296524332730606e-08 2.876456974496623356e-07 1.082747447415208862e-06 3.316574891825423667e-07 1.008395896928977792e-07 -3.453876058914652172e-07 -1.668886999146906195e-06 -1.365950181454634287e-06 -1.562916552081111883e-06 -1.927720549255429230e-06 -2.248622191108319084e-06 -2.545100079554720568e-06 -2.088003297402084163e-06 -8.255058503106629047e-07 -1.919518881914853383e-06 -2.084454731442727515e-06
-1.080333160004293254e-06 -1.888741966734287140e-06 3.790544316625267009e-07 1.612733724289584059e-08 -2.930392111435711636e-07 4.718975503071463131e-08 8.931534054049523080e-07 3.116161298478679834e-07 -4.606325067092843974e-10 -4.607904028917897062e-07 -1.747339262057749751e-06 -1.258652210561282128e-06 -1.094251318123836069e-06 -1.181433014701639464e-06 -1.235282290269940906e-06 -1.807644965682672150e-06 -2.126447588807683104e-06 -1.267419612832696622e-06 -1.766202874761794509e-06 -9.266141301809939572e-07
-1.236916666854839273e-06 -1.787375305003643218e-06 5.975029761382798152e-07 -4.072140833470116035e-08 -1.099643652249413171e-07 1.229655817443867215e-07 1.116889990188237992e-06 4.286912639441917406e-07 1.043359557945980320e-07 -5.333621047063155905e-07 -1.949838163749794414e-06 -1.577457444141389424e-06 -1.456973344734109966e-06 -1.506066410276269099e-06 -1.622656582002670260e-06 -2.054669021910586422e-06 -2.144684415047565862e-06 -7.772349352785632360e-07 -9.036858067298103577e-08 1.843445290755850877e-06
-8.884298203944007790e-07 -1.564690850296422651e-06 6.623154278038800586e-07 -4.729962466893371456e-08 -2.895276628376902947e-07 3.118322720918024400e-08 9.876348631367232096e-07 3.695299216129326602e-07 1.005298023800695008e-08 -4.505292784649474224e-07 -1.961907718421213024e-06 -1.631145403423317624e-06 -1.383950600596480979e-06 -1.307470669370304791e-06 -1.129996390105039511e-06 -1.151287969838702986e-06 -1.614583452538297562e-06 -2.057144397879109845e-06 -3.743301602039208629e-06 -4.620362459687411423e-06
-8.426975285628654917e-07 -1.500737821670017422e-06 6.105834262629889524e-07 4.509003631821975687e-08 -8.230125736037687364e-08 2.884232107134852151e-07 1.118603657375107272e-06 4.522423503491703600e-07 2.396836531017828168e-07 -4.848846629762837779e-07 -2.024553814409829293e-06 -1.685238196833245410e-06 -1.845373755864221922e-06 -1.929846451520516334e-06 -2.008719322316843612e-06 -2.533111923533530480e-06 -2.870211833628463403e-06 -2.061549187690311414e-06 -2.602600292819510384e-06 -2.575126980807368255e-06
-8.466701037710531922e-07 -1.600030738444316259e-06 5.470483791043708317e-07 -9.122576195867968737e-09 -6.452617723031523156e-08 1.422457345537388722e-07 1.015068550473235062e-06 3.803112910852843263e-07 1.355605738937793108e-07 -2.970099828657717230e-07 -1.767077065481990241e-06 -1.354604549323829382e-06 -1.234502266584640098e-06 -1.321878131955684165e-06 -1.435726152565596374e-06 -1.641317291780737163e-06 -1.445263263411903431e-06 -4.721964044533568471e-07 -8.127883517711823790e-07 5.957739907223160959e-07
-9.269892413086089542e-07 -1.674836021932887730e-06 5.367086465433580880e-07 1.625125647771437922e-09 -1.391903233624932535e-07 1.148566150447344573e-07 8.618672013220377828e-07 2.429239332039205686e-07 -4.790929438960152602e-09 -5.571816486809384283e-07 -2.015204952309227122e-06 -1.616316913877333151e-06 -1.620112917069088361e-06 -1.855415275341418533e-06 -2.310863752034815581e-06 -2.795380960478036513e-06 -2.920617755104726484e-06 -2.184567947943370766e-06 -3.027197523070117404e-06 -2.526848230870004835e-06
-8.359224172739714467e-07 -1.420601982333326515e-06 8.220678521914420379e-07 1.478353860036087282e-07 -5.406797315541648985e-08 4.361160592027943134e-07 1.274398393067183924e-06 5.319744357506430985e-07 1.970999849078729213e-07 -3.262342495908873102e-07 -1.706449619344848479e-06 -1.340522810243913161e-06 -1.486162105586990366e-06 -2.002744478492491733e-06 -2.308428941746332643e-06 -2.843385736932969618e-06 -2.744227720489353053e-06 -1.559973250526147693e-06 -2.411575622605498749e-06 -2.812688936145785673e-06
-9.444340910552872277e-07 -1.700558087451997504e-06 6.979354150350829986e-07 1.608199391518908188e-07 -1.326969908473501119e-07 7.258801307493447241e-08 9.684105589210442377e-07 2.756546577637406131e-07 2.422118811786205977e-08 -5.819744668141558037e-07 -1.858213226181027634e-06 -1.246585819697176058e-06 -9.072746851359626037e-07 -8.088413559016165714e-07 -8.953615661477557471e-07 -1.425011542142922471e-06 -1.565928055082777068e-06 -9.383004786403704785e-07 -2.760052787177322530e-06 -3.272200939200611604e-06
-1.031719706819432507e-06 -1.760325482153376289e-06 7.639114304587594650e-07 2.065690690948174377e-07 -1.813706755973646414e-07 1.464743051256716445e-07 1.175849599991437730e-06 5.562531413573890681e-07 5.777757450278798377e-08 -5.184710558096499144e-07 -1.969540874918909397e-06 -1.577684927805226586e-06 -1.468097506623620837e-06 -1.590771727541094296e-06 -1.711488566719859494e-06 -1.911944158494342565e-06 -1.597081771995030749e-06 -3.651419840188206450e-07 -1.097504602549926445e-06 -8.519909046457897690e-07
-9.671560965139469940e-07 -1.385767640646263126e-06 9.078584656140490391e-07 1.237176335172951063e-07 -6.140111912113718934e-08 2.437324094522398668e-07 1.141512826529405905e-06 4.705590793964806052e-07 1.608207198165522493e-07 -1.350558027961293226e-07 -1.494103502399878977e-06 -1.085630069336131631e-06 -9.730127115063117104e-07 -8.766756648720420518e-07 -7.591012857631140751e-07 -8.424053612651435911e-07 -8.138311267060772256e-07 -7.463165380647816259e-08 -1.329078726967952642e-06 -1.448890277864112306e-06
-6.454564319957441209e-07 -1.428178293305411357e-06 6.512256206685675345e-07 5.773907162597407439e-10 -1.046979532939024900e-07 3.945031275662813950e-07 1.172402465003041204e-06 4.965542211301254315e-07 3.301086582894651304e-07 -3.807624495016377063e-07 -1.783922459772700752e-06 -1.361466084011832002e-06 -1.199553478248522360e-06 -1.010803525911167000e-06 -8.785756763991012860e-07 -1.553836128833748750e-06 -2.177330662210704047e-06 -2.458281493311510690e-06 -4.314652213415496488e-06 -4.670323662278183047e-06
-7.423947749154028782e-07 -1.395665985816395974e-06 6.969857369882134213e-07 1.922511212302284860e-07 -1.196523640142377125e-07 8.104314492796793739e-08 9.808572226672112846e-07 3.494849358478567776e-07 -4.945391081631994792e-08 -5.180175516521024883e-07 -1.923833784861108786e-06 -1.524511563575023870e-06 -1.653576698453337434e-06 -1.908524712456705222e-06 -2.316902629728902247e-06 -2.824444548456593360e-06 -2.727730052642399857e-06 -1.729908554259977340e-06 -1.975383250982513943e-06 -5.745844368878784098e-07
-9.650089165534712548e-07 -1.733199463281122022e-06 5.254770713454227164e-07 8.450527277436081125e-08 -1.624877029265827246e-08 2.234706935705216898e-07 9.459300036471092545e-07 3.363875116552943678e-07 5.497377142019817201e-08 -5.446993399319667258e-07 -1.862659141821979710e-06 -1.577229326117529831e-06 -1.660604944420360185e-06 -1.999749676262840980e-06 -2.392664767748240709e-06 -3.028098341543854108e-06 -3.142662226462678175e-06 -2.420307097621243348e-06 -3.339513649571224010e-06 -2.937530065814027823e-06
-9.542569730072444621e-07 -1.478300358024911157e-06 7.219718257898267789e-07 6.444133471731069351e-08 -9.564437459747659255e-08 2.623878980087303759e-07 1.164903009801333897e-06 4.633395966918695696e-07 2.015215836304972782e-07 -4.425520811869966916e-07 -1.643894310302610940e-06 -1.185089550158877217e-06 -1.180267515743462158e-06 -1.396583624130532853e-06 -1.667990889882724842e-06 -2.225588816600529848e-06 -2.524677537210739982e-06 -1.884425099893784087e-06 -3.014274032026431153e-06 -2.666089161021444909e-06
-9.370437593434619164e-07 -1.701834909801014130e-06 5.602689880544516274e-07 4.571376798719452323e-08 -2.954923473204169382e-08 3.077812745687088624e-07 1.250894558665516450e-06 8.540060573348443523e-07 7.122200331059911070e-07 2.037132451501946988e-07 -1.030422246213619095e-06 -5.735724281484701981e-07 -3.629756244888952872e-07 -5.663414303662847075e-07 -6.439381494429206120e-07 -5.446043104417387037e-07 2.325888828373481458e-07 1.488301331459030305e-06 8.497098795865905797e-07 1.078563934346184451e-06
-9.253218977274203304e-07 -1.500208256037524127e-06 5.782180000151127584e-07 1.707338447430643004e-07 -7.063575040379575103e-08 1.985556047184930116e-07 1.000110378382842290e-06 5.445781338904220251e-07 2.088722169453312087e-07 -3.630729085135700472e-07 -1.755464607177084950e-06 -1.433994780881173953e-06 -1.349805006466363137e-06 -1.609892465023173677e-06 -2.165838992476531068e-06 -3.116258227476876486e-06 -3.576747776308175655e-06 -2.968943268528959269e-06 -4.370047376185928387e-06 -5.153315783499295893e-06
-5.793286092941884360e-07 -1.736568444388736360e-06 5.657220024564984765e-07 -1.586781634372102126e-07 -4.030150849756630791e-07 -2.805590557235186348e-07 9.038501404574335939e-07 1.361270727290716533e-07 -1.216753469244703872e-07 -6.346701840683009092e-07 -1.856144987192752228e-06 -1.514140765321597870e-06 -1.455854216245083104e-06 -1.640426747526052708e-06 -1.905135250845551010e-06 -2.030295128785385437e-06 -1.707640892880637566e-06 -5.809060003747640900e-07 -1.636849784976882152e-06 -1.518257594105438077e-06
-6.940594684507109809e-07 -1.607664099766279980e-06 5.628055921351186887e-07 1.659570951662600032e-07 2.352803513274255844e-08 3.741870968097939825e-07 1.189339213448535959e-06 4.067696850214866361e-07 1.985516982683671756e-07 -2.379241337406777297e-07 -1.650056022495746800e-06 -1.009792755431592436e-06 -7.987265387044907432e-07 -8.106670780626115446e-07 -9.089441134823261060e-07 -1.738170538402721602e-06 -2.424593409003368398e-06 -1.955895986368035215e-06 -2.478252267728005989e-06 -1.840845081709259617e-06
-7.478298057556267376e-07 -1.282188742011415263e-06 7.219484092268125287e-07 1.739861439551690805e-08 -2.500726461484493317e-07 3.673070020994958669e-08 9.939428874524487456e-07 2.307674738593560189e-07 -9.789004668731264924e-08 -6.037561101075723095e-07 -1.808594309135144462e-06 -1.188064491464340018e-06 -8.914425660238538088e-07 -6.134329859511871192e-07 -4.326581215095406345e-07 -6.649055711443848827e-07 -1.639195341518219788e-07 5.609610689289665747e-07 -9.558825012221383876e-07 -1.365943302957566169e-06
-8.555485936421374635e-07 -1.724069813856111674e-06 8.382613589231261449e-07 5.439067586669661142e-08 -1.980488758309690190e-07 2.720248953069782052e-08 9.349883381469599942e-07 2.972543954426001785e-07 -5.696980081017857254e-08 -7.371642537344197453e-07 -2.100651865884988754e-06 -1.629981486582565364e-06 -1.789240116299722605e-06 -1.853482413538138629e-06 -1.828577643442103824e-06 -2.352097905184048635e-06 -2.829944864147625041e-06 -2.579199833146504026e-06 -3.703633055082423237e-06 -3.521668099334273607e-06
-1.329862350685755730e-06 -1.809109158800857523e-06 5.887656276454913204e-07 5.366961823499284768e-08 -1.957057905623013644e-07 8.588008685979654893e-08 1.019513247564345258e-06 5.648012929665523699e-07 2.920921352464981079e-07 -7.041872766076449190e-08 -1.400487003850115456e-06 -9.213166941412728854e-07 -7.294746684686517615e-07 -8.030565629231224083e-07 -1.002539482178310391e-06 -1.682794499797881595e-06 -2.214326520007342696e-06 -1.958879781092378077e-06 -3.052717101319617825e-06 -2.689012073989640756e-06
-8.049188292120945332e-07 -1.433094618149015171e-06 8.239720978067194423e-07 2.747742916069229488e-07 7.002015951028346690e-08 3.465305735714675406e-07 1.215723627524391438e-06 5.482948048558531056e-07 3.292606026642552396e-07 -2.950916089674888546e-07 -1.530681268574715282e-06 -1.170802715134354967e-06 -1.255944647402129928e-06 -1.564994321702149541e-06 -1.951373844013318379e-06 -2.444817150739395424e-06 -2.386175865404251270e-06 -9.285630446558663747e-07 -9.035265483637423805e-07 -1.381480250171559496e-07
-9.667899170361098154e-07 -1.800040683033974498e-06 6.582773398206367250e-07 1.148730819629905683e-07 -8.571531243689163053e-08 2.046004730996418731e-07 9.320543074578139937e-07 1.995265455545120788e-07 -7.412401491633986344e-08 -6.583683889629257033e-07 -2.077976488069239539e-06 -1.621042016861024631e-06 -1.551999793967344572e-06 -1.706196325868448668e-06 -2.032127955672352591e-06 -2.535637446378909614e-06 -2.719985809308212297e-06 -2.333010800985295136e-06 -3.922560722613339911e-06 -4.195829495121111814e-06
-9.359734209106893272e-07 -1.707314921967866608e-06 5.072423305500598238e-07 3.326491929574046603e-08 -1.789598812625645179e-07 2.094053090692808073e-07 1.140370368568026010e-06 5.094705379730200036e-07 3.790815467421131203e-07 -1.922707910427601798e-07 -1.539631500548306415e-06 -8.067573418515454047e-07 -4.436651587790049917e-07 -3.944668721682812996e-07 -4.781631611347252688e-07 -1.288056769690642276e-06 -1.745886617381467358e-06 -8.886178509757417296e-07 -1.387113904888264670e-06 -8.722080168467148359e-07
-1.042413691998252016e-06 -1.810574543535174641e-06 4.374083509490696536e-07 2.360143054677869546e-08 -1.082905322129850281e-07 2.323239400362101593e-07 1.126736045102841172e-06 5.823784526194383713e-07 2.797793179142507740e-07 -2.836493435001308960e-07 -1.636510968165007628e-06 -1.406221813574764173e-06 -1.378264913836231255e-06 -1.341957314953095003e-06 -1.216172946110039966e-06 -1.442346176053972668e-06 -1.177387387189760402e-06 7.336114941818882377e-08 -3.831876003109749197e-07 -3.268232190528837358e-08
-7.932262287034675779e-07 -1.329484094752693851e-06 6.906507580999124104e-07 1.154202454927355686e-07 -3.851675686159727019e-08 2.283345067962170262e-07 9.567748569279999233e-07 3.857415057652084182e-07 1.486364523489166211e-07 -3.922927798133142034e-07 -1.817286066133946415e-06 -1.493374260244271576e-06 -1.625966959414273095e-06 -1.763641670693910465e-06 -1.982781035471601071e-06 -2.598359029104011311e-06 -2.897427689280473738e-06 -2.298539714015347769e-06 -3.310827234888178029e-06 -2.851439393422742276e-06
-1.028538852842522380e-06 -1.536010287700045556e-06 8.552663889684305909e-07 2.362266363992788820e-07 -2.991834071805770155e-08 2.582097174183780142e-07 1.106226973991282451e-06 5.330469513741703222e-07 3.573829826841224179e-07 -3.068230901825939159e-07 -1.790696588727887147e-06 -1.446086277658673673e-06 -1.294532391832559196e-06 -1.199148626518382132e-06 -1.091605012809544993e-06 -1.466286892882863643e-06 -1.476413276600815129e-06 -8.926649787038885674e-07 -1.898806714544490499e-06 -1.620402173140853875e-06
-6.187810348510822195e-07 -1.547225148816697673e-06 7.097874285295170279e-07 -6.963370222095172497e-08 -8.326636069928764541e-08 2.492770436009487398e-07 1.129899893399232577e-06 2.394035947921921172e-07 -1.543485371509427164e-07 -8.378561289933485149e-07 -2.435028330150074800e-06 -1.991391439841325294e-06 -1.946307965872242228e-06 -1.827565890675433197e-06 -1.793554850311415455e-06 -2.562424649592085528e-06 -2.998671451655404098e-06 -2.133301555736328918e-06 -2.481728579338794871e-06 -2.683942685151706125e-06
-7.560224070295931201e-07 -1.313444903074903268e-06 8.058654618282545989e-07 1.806524342336092331e-07 2.172556599469630593e-08 2.366898709594322495e-07 1.212201069594631292e-06 4.827679217595261357e-07 1.908166965140228073e-07 -3.705920838501958980e-07 -1.832767951671147560e-06 -1.553356872466329611e-06 -1.572803306174776914e-06 -1.816351058584288418e-06 -2.044647362186553019e-06 -2.505203602755486794e-06 -2.358899003606500435e-06 -1.847906908316867814e-06 -3.465646806074859152e-06 -3.442922204549702965e-06
-7.645614311439471230e-07 -1.617912224212565546e-06 7.925158157921684177e-07 5.713709990455852729e-08 -1.176124356598679987e-08 2.357688338764126571e-07 9.259277115394613495e-07 2.940539218643324291e-07 1.067646162572655320e-07 -3.972042822501364576e-07 -1.671514895733604369e-06 -1.214124953647498179e-06 -1.220313968710130024e-06 -1.434642817645451377e-06 -1.684529558724203848e-06 -2.189335551780712647e-06 -2.471023039582511301e-06 -1.883133349701198835e-06 -2.443170275568759355e-06 -1.347739690262176189e-06
-9.014571220425145582e-07 -1.645644987046763838e-06 6.432290382864716524e-07 1.385918907056277045e-07 -7.347909187289636206e-08 1.708164171478531641e-07 1.058501835290283586e-06 4.205505908156001501e-07 2.245304930823389093e-07 -2.007499827000074914e-07 -1.533587484053052997e-06 -1.082489269909836572e-06 -1.042561898450555290e-06 -1.079071508197395263e-06 -9.929928867436693976e-07 -1.336092201071631868e-06 -9.461897911735336124e-07 3.425422347441631247e-07 -3.141519171374652512e-07 1.148930836644660226e-06
-9.348649950493196668e-07 -1.669875375552682036e-06 6.402904148097135138e-07 -7.187522535132919480e-09 -5.318336771265701506e-08 1.449157921666293126e-07 9.808608625641761544e-07 2.737506798560597253e-07 -7.814033254554304121e-08 -5.694539074948176872e-07 -1.883469032976029871e-06 -1.400961828684612295e-06 -1.331608735519893485e-06 -1.440754123985944400e-06 -1.393801001117804315e-06 -1.725654425441620752e-06 -1.600244303678105811e-06 -1.593210944875476890e-07 -4.048565527620638691e-07 1.703130041011148351e-07
-1.062453475633762221e-06 -1.772128336671319165e-06 6.759864675343552898e-07 1.472644706766357779e-07 -3.293679713427387687e-08 1.667436752763276507e-07 1.097610426332500034e-06 4.984422343220876259e-07 3.450693318902412236e-07 -1.793997306465091516e-07 -1.601070291578192657e-06 -1.054694389021431961e-06 -9.305479708814333633e-07 -9.373634867771937210e-07 -1.052126461211862646e-06 -1.691284293800185140e-06 -1.895963236555111066e-06 -1.192093169602287314e-06 -1.664571209766821866e-06 -7.303990629123314726e-07
-9.944599717233730454e-07 -1.675429574396175314e-06 7.029791388324720361e-07 2.281027163335437505e-07 3.174473026541656038e-08 2.140420399570006550e-07 1.021450952169951063e-06 3.057102074347577777e-07 -3.408856657293013647e-08 -4.181497541455193900e-07 -1.841438656200656704e-06 -1.575906703955828915e-06 -1.515724914624288806e-06 -1.709612776286772618e-06 -2.106303502819555892e-06 -2.691278294488008081e-06 -2.829602791931650737e-06 -2.050960135792158609e-06 -3.161971338744500847e-06 -3.620424317428998159e-06
-8.509492334116528807e-07 -1.466642580393132288e-06 7.340869270244231370e-07 1.004659045342016209e-07 -1.301495816941644639e-07 2.073721100085273066e-07 1.113849787005549872e-06 1.971825177591647878e-07 -6.960816722148350579e-08 -6.439459844534034317e-07 -1.946236287557758616e-06 -1.381070356642336463e-06 -1.268060686022194898e-06 -1.475185799967199100e-06 -1.635583528258949220e-06 -1.709538118504472173e-06 -1.657735122922234180e-06 -1.400131795029827184e-06 -2.775483582062497789e-06 -2.312897564295357817e-06
-6.755163693219885772e-07 -1.646998775987356205e-06 6.044740133130144192e-07 4.786376534447395189e-08 1.236004253077710375e-07 4.652944181199515566e-07 1.249334236085288533e-06 5.730331755955665665e-07 2.862971351717996157e-07 -2.366028634931068184e-07 -1.599291463825971191e-06 -1.185088609914656844e-06 -1.166682705495875356e-06 -1.411180386315567351e-06 -1.698794806623079921e-06 -2.316830747681030832e-06 -2.693837159112199418e-06 -2.099100356002275942e-06 -4.151344188007749670e-06 -4.775017623470210963e-06
