# boost_factor (sum of boost_factor from all patches except for one, different each time)
1.004550345702419190e+00 1.004054609645654850e+00 1.003607174967247495e+00 1.002807042218500255e+00 1.002443859464581921e+00 1.002328294668249908e+00 1.001994673001194824e+00 1.001763657577396271e+00 1.001545261229770167e+00 1.001417106311451422e+00 1.001178324224616389e+00 1.000956298067896322e+00 1.000710738078271822e+00 1.000331354270223239e+00 1.000023689587331122e+00 9.997937275449516603e-01 9.996218350483702109e-01 9.993499001562083928e-01 9.992362315326419608e-01 9.992677049850223758e-01
1.004686151151835904e+00 1.004278546856804288e+00 1.003773275064254289e+00 1.002982013008602236e+00 1.002652773498785566e+00 1.002515131867596221e+00 1.002203016406717273e+00 1.001955638054428110e+00 1.001718335487674638e+00 1.001582572904767821e+00 1.001346891507138848e+00 1.001132906158854974e+00 1.000895896304602850e+00 1.000527489595285813e+00 1.000208133530070542e+00 9.999725823806763225e-01 9.997844630723399240e-01 9.995071568470601520e-01 9.993898591784026175e-01 9.994161633516591703e-01
1.004610568343164090e+00 1.004182440280948052e+00 1.003674158676913120e+00 1.002884412870481912e+00 1.002511940035686777e+00 1.002395152964028480e+00 1.002075960284095402e+00 1.001813464403323639e+00 1.001573716444077222e+00 1.001429723946642092e+00 1.001193816711668294e+00 1.000956752848460418e+00 1.000711722408921256e+00 1.000332248365669807e+00 1.000006406043424168e+00 9.997840450541588542e-01 9.996362701211166657e-01 9.993743721441838979e-01 9.992582782374271888e-01 9.992891491064479492e-01
1.004495582395129150e+00 1.004067757438065644e+00 1.003542975276176641e+00 1.002798998514088380e+00 1.002430087316362073e+00 1.002332119785920517e+00 1.001993936921138140e+00 1.001765837273029147e+00 1.001521320230515766e+00 1.001385492654004672e+00 1.001136244012153176e+00 1.000915591724364173e+00 1.000680635968561161e+00 1.000316608390935391e+00 1.000004317136999443e+00 9.997841094350016222e-01 9.996314190266727406e-01 9.993598894072363015e-01 9.992449913673088213e-01 9.992772901572605226e-01
1.004632576668761157e+00 1.004181838003385563e+00 1.003725661066766195e+00 1.002925963529288200e+00 1.002564976797230001e+00 1.002441503568669567e+00 1.002099490848640695e+00 1.001843368041058113e+00 1.001609556816243307e+00 1.001468963121230349e+00 1.001240243040758982e+00 1.001004495566692132e+00 1.000753738767866219e+00 1.000361913915045031e+00 1.000033334171225752e+00 9.998002752412087357e-01 9.996314098357289568e-01 9.993685310841969871e-01 9.992512531858428471e-01 9.992763188059815560e-01
1.004602557690017051e+00 1.004134958557308277e+00 1.003672660084234280e+00 1.002886180756482171e+00 1.002490076520295537e+00 1.002381374801255109e+00 1.002054835245694164e+00 1.001795921342286455e+00 1.001564411834259039e+00 1.001436722734031282e+00 1.001193792423582529e+00 1.000967585999634313e+00 1.000724099409953549e+00 1.000344323536978663e+00 1.000017037691511401e+00 9.997969592445564713e-01 9.996414066067313975e-01 9.993758771428963295e-01 9.992735266420452733e-01 9.993129062187093847e-01
1.004590685298279107e+00 1.004103736989983009e+00 1.003632272534071390e+00 1.002826890441650187e+00 1.002457084687594424e+00 1.002324270747646739e+00 1.001989711045072617e+00 1.001765941717531527e+00 1.001530732358153264e+00 1.001409067015136767e+00 1.001175666651992424e+00 1.000940854808987091e+00 1.000682661915519800e+00 1.000288102989489225e+00 9.999603756090831297e-01 9.997320123345693199e-01 9.995623399026135614e-01 9.992940106655854304e-01 9.991852906242290056e-01 9.992132258953190238e-01
1.004498974271202716e+00 1.004106190107232122e+00 1.003618614357428163e+00 1.002838214646529558e+00 1.002465199127919204e+00 1.002361657514430737e+00 1.002031813189856457e+00 1.001790615269967599e+00 1.001563208290567664e+00 1.001428619444376000e+00 1.001192007888893620e+00 1.000967741439360070e+00 1.000729866467774842e+00 1.000354214113576168e+00 1.000031686731875480e+00 9.998163503513178840e-01 9.996662454816498400e-01 9.993996767507860035e-01 9.992882504751666728e-01 9.993188043358476325e-01
1.004457125021410491e+00 1.004035717038381792e+00 1.003567124082443085e+00 1.002743639912706319e+00 1.002382262623915610e+00 1.002278566002419380e+00 1.001951225760838504e+00 1.001720693432830211e+00 1.001487780746730838e+00 1.001345082686802446e+00 1.001104263143144824e+00 1.000879973239180876e+00 1.000630029871127036e+00 1.000238224485223704e+00 9.999171466460323732e-01 9.996712455306175915e-01 9.994935086718571560e-01 9.991958129200162464e-01 9.990749399310970835e-01 9.990761979497544409e-01
1.004559849398941163e+00 1.004055538216342525e+00 1.003624935948162156e+00 1.002822989074474869e+00 1.002446577660861760e+00 1.002301290946193468e+00 1.001978887447114719e+00 1.001742916230467628e+00 1.001501369097489214e+00 1.001366474006192941e+00 1.001126878514210228e+00 1.000892859191220507e+00 1.000646212600261320e+00 1.000277372728675118e+00 9.999785402464955730e-01 9.997733971570594846e-01 9.996157462683273875e-01 9.993562792757788582e-01 9.992613930521502263e-01 9.993324301590091885e-01
1.004462999104003718e+00 1.004030991215599133e+00 1.003555639015311751e+00 1.002756145709703395e+00 1.002382513948347320e+00 1.002271010961097275e+00 1.001928133041865676e+00 1.001683805260700000e+00 1.001451819247445973e+00 1.001305777059727120e+00 1.001068074215848869e+00 1.000834893349076715e+00 1.000577442529157368e+00 1.000187912257704426e+00 9.998753839253687881e-01 9.996659039815212200e-01 9.995171316602146083e-01 9.992666160249137342e-01 9.991697631123074297e-01 9.992138547272929605e-01
1.004523269688944342e+00 1.004040257215410570e+00 1.003555578731032849e+00 1.002763226769989524e+00 1.002417946595940412e+00 1.002276965047284918e+00 1.001945786515038961e+00 1.001710540206567801e+00 1.001489093413483911e+00 1.001358070897812924e+00 1.001121355475953045e+00 1.000901503981586060e+00 1.000662829537448228e+00 1.000290793434848391e+00 9.999681100517580079e-01 9.997449056428726610e-01 9.995746412300881012e-01 9.993121817451620092e-01 9.992210508842850336e-01 9.992680905451849505e-01
1.004555249647550941e+00 1.004099568570075984e+00 1.003614437146225002e+00 1.002796174216278757e+00 1.002444546436815020e+00 1.002340814395511037e+00 1.002013548795535280e+00 1.001775549854025726e+00 1.001549558083476787e+00 1.001425288535749081e+00 1.001196066414268282e+00 1.000975498601690106e+00 1.000716168699536945e+00 1.000334149123189853e+00 1.000014285470169684e+00 9.998000475778624496e-01 9.996411563158961178e-01 9.993752963020745561e-01 9.992818846206419359e-01 9.993318589490429726e-01
1.004589964206168196e+00 1.004153310408674171e+00 1.003672653980721696e+00 1.002863477974626383e+00 1.002477952234678504e+00 1.002357487379119894e+00 1.002031341468968773e+00 1.001791750777247580e+00 1.001553124632336145e+00 1.001410493346762021e+00 1.001173921116557120e+00 1.000936320430054760e+00 1.000685970843211203e+00 1.000301222665620715e+00 9.999826903150611512e-01 9.997618610336876932e-01 9.996106926056465003e-01 9.993526839926140104e-01 9.992377440634967467e-01 9.992660354088530594e-01
1.004629737665789779e+00 1.004154051836351647e+00 1.003701925073405388e+00 1.002913384548428821e+00 1.002522592956315295e+00 1.002399920065853545e+00 1.002075215118720219e+00 1.001827825483692536e+00 1.001600294981441319e+00 1.001485002734748608e+00 1.001252268054317884e+00 1.001035671629785462e+00 1.000785032012128095e+00 1.000409427235992021e+00 1.000090342238113328e+00 9.998708979446027101e-01 9.997150715748017724e-01 9.994675506703264434e-01 9.993693466873259101e-01 9.994180863408392845e-01
1.004612384088924060e+00 1.004137484227202837e+00 1.003607182197923109e+00 1.002861789655990377e+00 1.002498740217788953e+00 1.002377561825162466e+00 1.002023758347308169e+00 1.001773582569494891e+00 1.001554448411566156e+00 1.001397394377984362e+00 1.001160713901779742e+00 1.000936025416021780e+00 1.000712021125591766e+00 1.000335068993948084e+00 1.000012209546061293e+00 9.997896784238804457e-01 9.996291006747944907e-01 9.993722358235530567e-01 9.992668809903493266e-01 9.993114388885200317e-01
1.004379315737053302e+00 1.003999552266062301e+00 1.003524054773911267e+00 1.002729273957270184e+00 1.002342087392843917e+00 1.002223642915700985e+00 1.001889282630518130e+00 1.001656555604215404e+00 1.001419187371000774e+00 1.001287991799167720e+00 1.001055874906143561e+00 1.000828882886361848e+00 1.000600235129316173e+00 1.000227584599379771e+00 9.999073934426825350e-01 9.996867954199615269e-01 9.995365381634285784e-01 9.992787481797256177e-01 9.991853956923308910e-01 9.992323905181995647e-01
1.004614697566127646e+00 1.004156011300024520e+00 1.003668946780757798e+00 1.002913600727489696e+00 1.002523581179245449e+00 1.002402632373897706e+00 1.002081420398766909e+00 1.001846685062278697e+00 1.001615965844281364e+00 1.001502400288731165e+00 1.001264232178028735e+00 1.001047136003734517e+00 1.000816458267471676e+00 1.000449871406039470e+00 1.000139505305968068e+00 9.999326242687638366e-01 9.997852514020768577e-01 9.995426183560968125e-01 9.994309115752464390e-01 9.994422781943588241e-01
1.004631459672475913e+00 1.004205426750946595e+00 1.003677134086694789e+00 1.002909313442457151e+00 1.002516972966685627e+00 1.002378100164357466e+00 1.002038539722171828e+00 1.001790154928976051e+00 1.001545841464643649e+00 1.001418831669099951e+00 1.001188755509984984e+00 1.000943288532742503e+00 1.000690818410882255e+00 1.000304068703811833e+00 9.999506868209271371e-01 9.997099124649909685e-01 9.995430041940772670e-01 9.992652311921568220e-01 9.991365015692147411e-01 9.991472343367416853e-01
1.004481143977059121e+00 1.004047188316391948e+00 1.003546941128317771e+00 1.002749171915773063e+00 1.002361463403989905e+00 1.002246767563290453e+00 1.001907298625065668e+00 1.001672656870661093e+00 1.001441951500254390e+00 1.001312773671808376e+00 1.001072515743915536e+00 1.000866611280391449e+00 1.000634886146033686e+00 1.000264124143792399e+00 9.999712592889290486e-01 9.997540498358591377e-01 9.995961127450377903e-01 9.993295037499895228e-01 9.992097498702759983e-01 9.992221574574543519e-01
1.004544907815919874e+00 1.004085988396852480e+00 1.003620550424329849e+00 1.002833346502836953e+00 1.002443891190914371e+00 1.002354671025340593e+00 1.002015788264145613e+00 1.001796001749218679e+00 1.001569167325305765e+00 1.001435613280102332e+00 1.001191836525105350e+00 1.000966287252817111e+00 1.000718524056251946e+00 1.000341965826092583e+00 1.000027470979438116e+00 9.998137660948190897e-01 9.996561440460487447e-01 9.993892859748859658e-01 9.992832387109789050e-01 9.993030841371405293e-01
1.004571392626454784e+00 1.004064711287142364e+00 1.003589117741574110e+00 1.002781471243519018e+00 1.002395336209051635e+00 1.002284086929503104e+00 1.001949603709082259e+00 1.001712630060415110e+00 1.001475748155601808e+00 1.001356312469536824e+00 1.001122944421272587e+00 1.000889894662390311e+00 1.000646151046644006e+00 1.000275165717895431e+00 9.999580630103220846e-01 9.997470892312360080e-01 9.995894513937911841e-01 9.993122114602529527e-01 9.992006194033002942e-01 9.992261964709949762e-01
1.004706227964962784e+00 1.004268834046470715e+00 1.003796032821014927e+00 1.002975985752345256e+00 1.002656323129716975e+00 1.002502519302074457e+00 1.002149890480534822e+00 1.001919804861511665e+00 1.001696137538150566e+00 1.001557584650925259e+00 1.001313802402099107e+00 1.001093726167217479e+00 1.000842468004669250e+00 1.000458724979401692e+00 1.000126840068591649e+00 9.999001634385012993e-01 9.997372860262551120e-01 9.994923003614840651e-01 9.994354335151801605e-01 9.995353410422194163e-01
1.004576400945168979e+00 1.004098880900759827e+00 1.003546880343487935e+00 1.002777035927487681e+00 1.002421215598651161e+00 1.002289028256343917e+00 1.001968708287524601e+00 1.001731031573459774e+00 1.001495981409246339e+00 1.001361990125772650e+00 1.001123614628239844e+00 1.000905208042375483e+00 1.000666435696250911e+00 1.000281139818879339e+00 9.999697854063450686e-01 9.997410715758835442e-01 9.995807699711489747e-01 9.993182927698150975e-01 9.992011286406025095e-01 9.992089372741467246e-01
1.004582327215680193e+00 1.004147705029941218e+00 1.003646496174460001e+00 1.002864157553901014e+00 1.002490071325812915e+00 1.002376163749830962e+00 1.002041483199753724e+00 1.001810328703001574e+00 1.001576229777851879e+00 1.001440701479393791e+00 1.001196270924878728e+00 1.000965275781823927e+00 1.000722905777350347e+00 1.000351571713243626e+00 1.000031973443690436e+00 9.998104098627307312e-01 9.996508500544651898e-01 9.993899256044299628e-01 9.992747964169871322e-01 9.992995170201997013e-01
1.004678496948435473e+00 1.004216057533390938e+00 1.003702909899476525e+00 1.002896419553128471e+00 1.002539345851296559e+00 1.002398869790757319e+00 1.002094532334897314e+00 1.001864058307929684e+00 1.001624462169422580e+00 1.001508039809257289e+00 1.001278210519862544e+00 1.001049690123605895e+00 1.000801889304457237e+00 1.000407424701531767e+00 1.000097870661473598e+00 9.998780883167613931e-01 9.997274972459745390e-01 9.994742273602609250e-01 9.993672673446533095e-01 9.994169614222347953e-01
1.004590041688001367e+00 1.004129045526193753e+00 1.003619409360117842e+00 1.002878755645238318e+00 1.002501724788871895e+00 1.002378114411635268e+00 1.002037247696586642e+00 1.001815816680360793e+00 1.001574291247677051e+00 1.001423026374228087e+00 1.001186602849299723e+00 1.000963727971616590e+00 1.000713389337441361e+00 1.000344476039908059e+00 1.000039251210000923e+00 9.998319371082974305e-01 9.996786039528556822e-01 9.994199747270914314e-01 9.992994016067430207e-01 9.993269236892741159e-01
1.004617424397528991e+00 1.004152255567917651e+00 1.003663310503682737e+00 1.002881235915139779e+00 1.002507832308501712e+00 1.002382364968570583e+00 1.002055506028067811e+00 1.001825928656043807e+00 1.001596048576901765e+00 1.001462080469695648e+00 1.001229326867166813e+00 1.000993852801481898e+00 1.000739949655489403e+00 1.000356508600467986e+00 1.000048513630348079e+00 9.998567777444333782e-01 9.997168814308123874e-01 9.994555801884864588e-01 9.993317872607494490e-01 9.993379696876991680e-01
1.004550279707956850e+00 1.004067464315199221e+00 1.003593064600872165e+00 1.002817915262507187e+00 1.002429631079947647e+00 1.002309101062293095e+00 1.001983574772685959e+00 1.001745347869418046e+00 1.001521839952915993e+00 1.001381219853668236e+00 1.001141005245562488e+00 1.000920066123353047e+00 1.000677706431168268e+00 1.000298248119734668e+00 9.999825875994254876e-01 9.997622994949448838e-01 9.996049598604204167e-01 9.993580611536732050e-01 9.992538812032465412e-01 9.992877541163577293e-01
1.004579899900671647e+00 1.004134643715489439e+00 1.003664096657085780e+00 1.002867969719596797e+00 1.002500701765320468e+00 1.002334825331159696e+00 1.002026486714436393e+00 1.001776149446271358e+00 1.001549328982120013e+00 1.001413295203074316e+00 1.001178704857766721e+00 1.000954971185709530e+00 1.000714633513569485e+00 1.000336010581901691e+00 1.000014213246116057e+00 9.997939618855367083e-01 9.996266884090705407e-01 9.993615819722925231e-01 9.992528102212276941e-01 9.992736374684694223e-01
1.004559488363258479e+00 1.004079250510721444e+00 1.003591192287329070e+00 1.002819125075516071e+00 1.002443336543591856e+00 1.002322338005852354e+00 1.002007360405561487e+00 1.001759011735649185e+00 1.001536283164756513e+00 1.001407497247781331e+00 1.001168193801957429e+00 1.000945393360440860e+00 1.000704616133505809e+00 1.000332745944402024e+00 1.000023192424641438e+00 9.998198910804690920e-01 9.996550086712809868e-01 9.993924302358395684e-01 9.992827790556566558e-01 9.993055727133813848e-01
1.004552286376565240e+00 1.004143117769231930e+00 1.003685528811896654e+00 1.002857792901823419e+00 1.002500652585237351e+00 1.002377735691562854e+00 1.002052326918857483e+00 1.001804295842819714e+00 1.001554030165481723e+00 1.001413979356579498e+00 1.001174929671043712e+00 1.000946304196017156e+00 1.000701833672323016e+00 1.000328182580221048e+00 1.000005964828548644e+00 9.997812400544155986e-01 9.996107565212789536e-01 9.993442645587249373e-01 9.992449451305541741e-01 9.992813969108454986e-01
1.004569262344183311e+00 1.004125670832072492e+00 1.003651786674888635e+00 1.002864385671475622e+00 1.002472975863756055e+00 1.002364165871505453e+00 1.002038895588739598e+00 1.001795210275434833e+00 1.001558690040151411e+00 1.001430894670041205e+00 1.001187376995082090e+00 1.000955752214997885e+00 1.000708546379231345e+00 1.000342044085418047e+00 1.000032692200162998e+00 9.998139428737039536e-01 9.996434830635040347e-01 9.993808183032856229e-01 9.992747337776427541e-01 9.993046147194019069e-01
1.004639094580298098e+00 1.004161629892055263e+00 1.003678834711166035e+00 1.002868102526238925e+00 1.002517028176724612e+00 1.002402784663558366e+00 1.002057940715305850e+00 1.001824515946950767e+00 1.001602282599426852e+00 1.001459484466629135e+00 1.001226708126398357e+00 1.001001837391594318e+00 1.000753784099151833e+00 1.000361340048437908e+00 1.000032182585730789e+00 9.998059257453931759e-01 9.996446141695464194e-01 9.993712597157170530e-01 9.992690593486112105e-01 9.993117278800950354e-01
1.004738403383648393e+00 1.004311329727650914e+00 1.003833966274212397e+00 1.003030194017153098e+00 1.002657707770501894e+00 1.002540893222948704e+00 1.002201406529929395e+00 1.001960584342082461e+00 1.001725030838530595e+00 1.001586605231290505e+00 1.001345248227549112e+00 1.001115202648473534e+00 1.000866970031318637e+00 1.000485941329683603e+00 1.000168877564933334e+00 9.999501040180209799e-01 9.997811246214951542e-01 9.995126396979887584e-01 9.994026230817556478e-01 9.994166728771068930e-01
1.004492131583923253e+00 1.004074424632906748e+00 1.003564088076999372e+00 1.002781312902284228e+00 1.002406846529098061e+00 1.002288572158836377e+00 1.001957923808272088e+00 1.001703597194751438e+00 1.001492430113206433e+00 1.001346012051946177e+00 1.001099217674889630e+00 1.000862794411705226e+00 1.000613871245965791e+00 1.000236632850439733e+00 9.999140818409607556e-01 9.996821923816032740e-01 9.995139399129234770e-01 9.992297474101771160e-01 9.991190225626752630e-01 9.991538966829398571e-01
1.004686557949183268e+00 1.004217988547430274e+00 1.003747122312603990e+00 1.002922893207257360e+00 1.002533200759722964e+00 1.002390293084286288e+00 1.002078632326508734e+00 1.001826678816057026e+00 1.001595363368612546e+00 1.001460554468610598e+00 1.001230985821701669e+00 1.001007979445363016e+00 1.000755566506960292e+00 1.000361786118975971e+00 1.000031632190200748e+00 9.998052882809670416e-01 9.996395255420719161e-01 9.993878779721315775e-01 9.992886304622921045e-01 9.993300678116645575e-01
1.004574149479023681e+00 1.004154502855637565e+00 1.003660083816621862e+00 1.002866969024232890e+00 1.002482033811437745e+00 1.002358618709434657e+00 1.002029522321747690e+00 1.001798408814158714e+00 1.001575642576893133e+00 1.001442569201316024e+00 1.001212276266084000e+00 1.000975300230258380e+00 1.000716694840522392e+00 1.000341606124048432e+00 1.000014044087247811e+00 9.997764453272049989e-01 9.996164759128728372e-01 9.993398374895690051e-01 9.992286206829582573e-01 9.992555973950043580e-01
1.004470025875453310e+00 1.003945613492083000e+00 1.003470481669826775e+00 1.002697704413703317e+00 1.002364609678637164e+00 1.002211437968384189e+00 1.001914810519201948e+00 1.001682828423790417e+00 1.001451022064893115e+00 1.001323348328789775e+00 1.001104192270618531e+00 1.000890854325532153e+00 1.000667254987343435e+00 1.000307237683951245e+00 1.000014191186599843e+00 9.998051745843518079e-01 9.996818996911017718e-01 9.994413214401974832e-01 9.993531249260897420e-01 9.993972453123955990e-01
1.004635098443225960e+00 1.004206454153374839e+00 1.003699826657549865e+00 1.002905180523083528e+00 1.002520316419641677e+00 1.002414479951168946e+00 1.002069058341244601e+00 1.001830225539582564e+00 1.001579348835885286e+00 1.001442222528105219e+00 1.001203607802189310e+00 1.000975691556485581e+00 1.000727868778935825e+00 1.000346957041442275e+00 1.000021355632154663e+00 9.997990441621484869e-01 9.996247230388426441e-01 9.993572086296236279e-01 9.992414505187082741e-01 9.992495358023775198e-01
1.004589988302547976e+00 1.004089625947338860e+00 1.003601371455233870e+00 1.002825653516120852e+00 1.002458682296633929e+00 1.002332028688842636e+00 1.002013002194468649e+00 1.001772861697208805e+00 1.001539756933229830e+00 1.001407578974629065e+00 1.001172011795875783e+00 1.000936890711042304e+00 1.000684088315455744e+00 1.000301839915839430e+00 9.999825728141323866e-01 9.997663492884160119e-01 9.996204134818923448e-01 9.993649636636646738e-01 9.992568156431275161e-01 9.993073376474400638e-01
1.004572366573610154e+00 1.004072343540351575e+00 1.003600962500432070e+00 1.002805646596542699e+00 1.002441677856251934e+00 1.002296741070344277e+00 1.001969390975817387e+00 1.001727609144703601e+00 1.001494708397725253e+00 1.001368830036619695e+00 1.001128889273733114e+00 1.000899057742622889e+00 1.000665468393807434e+00 1.000295028856200252e+00 9.999812700165765511e-01 9.997734814532186487e-01 9.996208095453961162e-01 9.993786990494472056e-01 9.992716180098931700e-01 9.992973000908808023e-01
1.004582726008263593e+00 1.004120903092712069e+00 1.003640485154321249e+00 1.002837540125998794e+00 1.002464986433148075e+00 1.002333938290509652e+00 1.001998376323300244e+00 1.001775322655457101e+00 1.001539938097850468e+00 1.001421499906350654e+00 1.001172460714419232e+00 1.000934678584267656e+00 1.000683960611389312e+00 1.000309619867810973e+00 9.999957201494794612e-01 9.997863114580801680e-01 9.996307858737518703e-01 9.993585291122425440e-01 9.992495017375488953e-01 9.992849227194835482e-01
1.004504559371912853e+00 1.004069646427095508e+00 1.003609811995350043e+00 1.002836549846613412e+00 1.002450357993709851e+00 1.002338476182093929e+00 1.002004640483036280e+00 1.001775994243629953e+00 1.001533131306218571e+00 1.001404997286873932e+00 1.001155282599689000e+00 1.000934835618369823e+00 1.000680550850644446e+00 1.000294930888707468e+00 9.999863500719408105e-01 9.997609673614330505e-01 9.996012841938454185e-01 9.993404927649488512e-01 9.992325421039630617e-01 9.992585182961480905e-01
1.004623751798513931e+00 1.004124119496585754e+00 1.003629619518754845e+00 1.002859381133814898e+00 1.002477740656358085e+00 1.002361333602933557e+00 1.002036468750990839e+00 1.001794063906820353e+00 1.001546974372866883e+00 1.001405284432036025e+00 1.001155952302337004e+00 1.000928885855798756e+00 1.000674226736365302e+00 1.000291468963003805e+00 9.999590483795156581e-01 9.997426153498559787e-01 9.995723919458241458e-01 9.992932922124549977e-01 9.991783248713821397e-01 9.992129216562931626e-01
1.004517532504481503e+00 1.004089151402228763e+00 1.003570743118249675e+00 1.002787461101402933e+00 1.002415843777476168e+00 1.002296627275486962e+00 1.001975368466108129e+00 1.001727442186353789e+00 1.001488945157115396e+00 1.001349001259762117e+00 1.001103772347419429e+00 1.000877977877003167e+00 1.000632106209200956e+00 1.000254800500281815e+00 9.999415797205010170e-01 9.997423275559140787e-01 9.995858089816349601e-01 9.993256894399863421e-01 9.992228266935088143e-01 9.992606862675111890e-01
1.004578330191869817e+00 1.004104147014585058e+00 1.003596903638689808e+00 1.002837149547976647e+00 1.002464159673622568e+00 1.002323881483428325e+00 1.001980341712743972e+00 1.001741296474102594e+00 1.001514661042900434e+00 1.001382930345858568e+00 1.001154716235111541e+00 1.000927949315779442e+00 1.000684021496285991e+00 1.000301840969239686e+00 9.999917671460941682e-01 9.997769702199169606e-01 9.996151131659345435e-01 9.993596702394456077e-01 9.992523281975493887e-01 9.992810628159284336e-01
1.004617905586694615e+00 1.004227989959614042e+00 1.003737083583170486e+00 1.002947913010240555e+00 1.002584635242795619e+00 1.002466690640609448e+00 1.002137097228359863e+00 1.001885549857225666e+00 1.001644666775752368e+00 1.001497711485182629e+00 1.001273154744408256e+00 1.001039887065647616e+00 1.000797961130005298e+00 1.000408921088702385e+00 1.000084177739939850e+00 9.998540606717143397e-01 9.996717512273108897e-01 9.993912564329776593e-01 9.992753671467881071e-01 9.992947962652218852e-01
1.004573197987760125e+00 1.004140143130428209e+00 1.003647200876255807e+00 1.002817303027861762e+00 1.002474663835741575e+00 1.002342072452781618e+00 1.002013598733433097e+00 1.001758890420410664e+00 1.001512752692704789e+00 1.001377159889823121e+00 1.001139829509770207e+00 1.000902247910192999e+00 1.000654995779083789e+00 1.000267947731906304e+00 9.999589651866326312e-01 9.997529371499160877e-01 9.996025259076555258e-01 9.993357015528024911e-01 9.992214755628329170e-01 9.992580643866748602e-01
1.004581138829831799e+00 1.004139715177785996e+00 1.003664998825941623e+00 1.002893752186447829e+00 1.002521148353420433e+00 1.002388166308000317e+00 1.002063081347057460e+00 1.001814300514212164e+00 1.001586763485137865e+00 1.001454836799718251e+00 1.001206130367623182e+00 1.000969181632037852e+00 1.000733742041471919e+00 1.000365407875400736e+00 1.000055469541740516e+00 9.998438888831676641e-01 9.996820452954436886e-01 9.994190778800258190e-01 9.993198143679604684e-01 9.993540731296111090e-01
1.004620305221856524e+00 1.004111002906045158e+00 1.003633551626351261e+00 1.002865737856544870e+00 1.002495313768946072e+00 1.002376259650654244e+00 1.002046209517520436e+00 1.001794275817469826e+00 1.001559043698937446e+00 1.001403908908973683e+00 1.001157335159198025e+00 1.000931294296701246e+00 1.000678160762123792e+00 1.000296181389314754e+00 9.999821794915457751e-01 9.997674362419858296e-01 9.996134644596137431e-01 9.993472745592483220e-01 9.992340721536232540e-01 9.992568328042382708e-01
1.004551116587917736e+00 1.004122440183403464e+00 1.003633367536000520e+00 1.002830665257221199e+00 1.002467667050094713e+00 1.002330599041681092e+00 1.001989598056826525e+00 1.001737959313793391e+00 1.001518029492156625e+00 1.001369443949525095e+00 1.001123385757833884e+00 1.000884270026541900e+00 1.000625143378790494e+00 1.000233328849762238e+00 9.998941249775111784e-01 9.996770946603803498e-01 9.995182838906937484e-01 9.992474924959185989e-01 9.991327823288450594e-01 9.991665594387788563e-01
1.004603888501594655e+00 1.004152904346741204e+00 1.003648488604274691e+00 1.002872497200626434e+00 1.002481546921844879e+00 1.002371342994414549e+00 1.002044523890997407e+00 1.001825364070765279e+00 1.001588121119371344e+00 1.001451216208446127e+00 1.001207755875480832e+00 1.000988044967190405e+00 1.000745037808574489e+00 1.000365963151576221e+00 1.000055545375571731e+00 9.998456658858473345e-01 9.996845035608072916e-01 9.994244919019648066e-01 9.993215837099084231e-01 9.993580106388268991e-01
1.004619553641528995e+00 1.004139736167490415e+00 1.003652653870898970e+00 1.002869851548843227e+00 1.002498126276262669e+00 1.002376245273987054e+00 1.002044586599572185e+00 1.001810268155833628e+00 1.001587237890654958e+00 1.001458136406647048e+00 1.001226254750148259e+00 1.000988665459017435e+00 1.000732987133242879e+00 1.000349986871167163e+00 1.000030635161432979e+00 9.997963415280983757e-01 9.996318801378119012e-01 9.993532376586555799e-01 9.992362007715803740e-01 9.992537446624124575e-01
1.004590545758067055e+00 1.004146235074767857e+00 1.003636827080823357e+00 1.002848132026630257e+00 1.002472088538959083e+00 1.002353002432796458e+00 1.002045939172393485e+00 1.001798771941501354e+00 1.001572350902050434e+00 1.001448010141178457e+00 1.001201224028025027e+00 1.000967900241472863e+00 1.000723582984879290e+00 1.000342448681655005e+00 1.000020487903256150e+00 9.998034600852894194e-01 9.996455599505201794e-01 9.993801389415257752e-01 9.992729119610008759e-01 9.993008106142232672e-01
1.004484398294561931e+00 1.004026391885328495e+00 1.003537407053631370e+00 1.002755659928797671e+00 1.002371060590094176e+00 1.002257646435633420e+00 1.001926928845703335e+00 1.001685474541745835e+00 1.001469552558247988e+00 1.001342842595122740e+00 1.001107454440836264e+00 1.000883862619208031e+00 1.000639309814756350e+00 1.000268274115299949e+00 9.999654774864853435e-01 9.997708148482479240e-01 9.996243318959426860e-01 9.993694012068923271e-01 9.992667522945752889e-01 9.993194683915166410e-01
1.004573197496053227e+00 1.004075792005995504e+00 1.003617934206059159e+00 1.002849815988028581e+00 1.002448624263686527e+00 1.002351959663523084e+00 1.002022834288180952e+00 1.001799881166248740e+00 1.001577923853222307e+00 1.001442161996859426e+00 1.001202342791323918e+00 1.000977942641300356e+00 1.000715991708241770e+00 1.000334642573932342e+00 1.000006307185744792e+00 9.997881528667752482e-01 9.996393168975400423e-01 9.993874583852329074e-01 9.993124331707475827e-01 9.993562890805132159e-01
1.004628486477266325e+00 1.004187053466073287e+00 1.003695775208016006e+00 1.002923763423274606e+00 1.002568713137266254e+00 1.002426777734816588e+00 1.002101986335745876e+00 1.001879354016364188e+00 1.001643882477814218e+00 1.001505139333369820e+00 1.001271577164361437e+00 1.001044655092230062e+00 1.000804844387006787e+00 1.000442536828407114e+00 1.000140447852100767e+00 9.999225689898699754e-01 9.997672889212141367e-01 9.995066963911273250e-01 9.994135991391912555e-01 9.994568594030838193e-01
1.004512050274987578e+00 1.004053217381132734e+00 1.003572258904393388e+00 1.002786406073395309e+00 1.002412357275544785e+00 1.002300539195102536e+00 1.001965914565137172e+00 1.001731938510249220e+00 1.001504752103577367e+00 1.001370436594233526e+00 1.001127639262717306e+00 1.000909302134960432e+00 1.000677346382518484e+00 1.000303098322545825e+00 9.999909325372214886e-01 9.997753604621937296e-01 9.996238365460824449e-01 9.993750214727847858e-01 9.992840268400946524e-01 9.993285004237896230e-01
1.004516596808302520e+00 1.004065082312334489e+00 1.003611808353749746e+00 1.002777599640121364e+00 1.002445682357282930e+00 1.002320811338664353e+00 1.002007415596829265e+00 1.001771035865977932e+00 1.001557111866085537e+00 1.001423634962301579e+00 1.001182617319840151e+00 1.000953864089308976e+00 1.000697738131624437e+00 1.000317063794793793e+00 9.999976498974421091e-01 9.997622902508052078e-01 9.995988806504236823e-01 9.993255030764625069e-01 9.992155715279138484e-01 9.992369671193955805e-01
1.004514306027460613e+00 1.004061954280832669e+00 1.003552861513367978e+00 1.002769395611298631e+00 1.002401868367742255e+00 1.002261012446137300e+00 1.001941017079259533e+00 1.001700463229073357e+00 1.001465746253879852e+00 1.001317762311643378e+00 1.001071600387490657e+00 1.000844829696877047e+00 1.000599109642420936e+00 1.000211040249641359e+00 9.998782768960656764e-01 9.996605543741163835e-01 9.995140062443312878e-01 9.992798490884793328e-01 9.992084913085601539e-01 9.992488330696426280e-01
1.004567128020600775e+00 1.004142837666071264e+00 1.003634847387783635e+00 1.002860199844516798e+00 1.002509941747184774e+00 1.002375380999977805e+00 1.002042944081058096e+00 1.001795354038273800e+00 1.001565626172864931e+00 1.001429736765620637e+00 1.001192563238823219e+00 1.000979387148615229e+00 1.000727396714510720e+00 1.000350835969592733e+00 1.000042778533581700e+00 9.998261584642487154e-01 9.996643670824788552e-01 9.994013111598994969e-01 9.993113162178288711e-01 9.993551493634484917e-01
1.004570866865645451e+00 1.004129852014199464e+00 1.003626327435078958e+00 1.002848704503289001e+00 1.002502529299768685e+00 1.002379881364657610e+00 1.002054937500418852e+00 1.001822257688147033e+00 1.001574920477612096e+00 1.001444777867831704e+00 1.001205759580171772e+00 1.000980910948976232e+00 1.000734778815112191e+00 1.000349464843631742e+00 1.000038366263348522e+00 9.998282673250356023e-01 9.996814755212963810e-01 9.994169203347289532e-01 9.992992344794315862e-01 9.993327701273037045e-01
1.004568493897203929e+00 1.004097542858827685e+00 1.003657100028104487e+00 1.002865877714240961e+00 1.002505147460573731e+00 1.002376452794013328e+00 1.002031927081767027e+00 1.001811277873201345e+00 1.001591066836052146e+00 1.001462977633927665e+00 1.001233140554050660e+00 1.001025161265583829e+00 1.000787249623671826e+00 1.000428303103252814e+00 1.000126842182899267e+00 9.999377384141693303e-01 9.997916160463093949e-01 9.995256169480201125e-01 9.994184141994182369e-01 9.994746098937180578e-01
1.004582699782604838e+00 1.004069892425325961e+00 1.003602171869483861e+00 1.002847984939049475e+00 1.002504080205930403e+00 1.002369355829214381e+00 1.002031022407356309e+00 1.001809105976666059e+00 1.001580069814719032e+00 1.001444565856628000e+00 1.001208946798010313e+00 1.000996327318221857e+00 1.000761163541492582e+00 1.000400256811363908e+00 1.000100904987264894e+00 9.999001764759135602e-01 9.997698547472541053e-01 9.995119621817297739e-01 9.993986395916469867e-01 9.994070595246200561e-01
1.004570223622883951e+00 1.004095172341411768e+00 1.003612792961536604e+00 1.002796880568186610e+00 1.002470275322513427e+00 1.002328194431924446e+00 1.001993407017423232e+00 1.001738364190665864e+00 1.001534701078359069e+00 1.001416977640043893e+00 1.001175414148155030e+00 1.000952391730197455e+00 1.000704734546618679e+00 1.000321924374026228e+00 1.000005631555348495e+00 9.997852217905589534e-01 9.996234551884551900e-01 9.993640117473732154e-01 9.992606958912867432e-01 9.992819713855187747e-01
1.004562243793016618e+00 1.004134964926312046e+00 1.003619879052577435e+00 1.002844504960380689e+00 1.002477536738792363e+00 1.002363090362335285e+00 1.002033786326960829e+00 1.001773273024764821e+00 1.001551663265103365e+00 1.001418153339569184e+00 1.001185305358288646e+00 1.000961415521615105e+00 1.000709094151625456e+00 1.000317396820126881e+00 9.999950722029062877e-01 9.997710005511799558e-01 9.995920026164971661e-01 9.993185078808908273e-01 9.992110602387785923e-01 9.992401979451908112e-01
1.004589160527338931e+00 1.004184966085931885e+00 1.003684064754084559e+00 1.002907810147119383e+00 1.002530195456607043e+00 1.002422235782716831e+00 1.002092365539795304e+00 1.001841351097105592e+00 1.001618016798872857e+00 1.001479464600251834e+00 1.001249230394769762e+00 1.001009259876151081e+00 1.000774364852186293e+00 1.000415425741176811e+00 1.000139716073449758e+00 9.999535393611193035e-01 9.998411339712636181e-01 9.996058140253003543e-01 9.995228432455247614e-01 9.995775492762045689e-01
1.004564629781944829e+00 1.004079491662609458e+00 1.003627558542581344e+00 1.002843992008131568e+00 1.002475397631069631e+00 1.002338365097288575e+00 1.001999464340315837e+00 1.001777561319881604e+00 1.001539226676687599e+00 1.001413601877066073e+00 1.001184389666018193e+00 1.000953686760372774e+00 1.000715385114625766e+00 1.000357338291169018e+00 1.000070400601863696e+00 9.998724349581087356e-01 9.997208620361482945e-01 9.994748500841300620e-01 9.993692211586645557e-01 9.993708079760773577e-01
1.004568810968249126e+00 1.004132909490323300e+00 1.003646024375360657e+00 1.002854862008657033e+00 1.002482601077772317e+00 1.002368335984886283e+00 1.002040420021247380e+00 1.001815063913211512e+00 1.001572249049741403e+00 1.001436502107949655e+00 1.001200443283005281e+00 1.000985229161223566e+00 1.000758414037350219e+00 1.000395555685774873e+00 1.000076039308254172e+00 9.998488310285241765e-01 9.996842445304023883e-01 9.994207867748375884e-01 9.993014064143433961e-01 9.993132399762250095e-01
1.004521424989769596e+00 1.004081561537860434e+00 1.003576237553628347e+00 1.002797271346618668e+00 1.002441729246410285e+00 1.002301382099680227e+00 1.001980209705313873e+00 1.001743556206457386e+00 1.001512069597629395e+00 1.001382581717417564e+00 1.001155609012102321e+00 1.000937286734450593e+00 1.000688893056316919e+00 1.000327989349320434e+00 1.000022966808455038e+00 9.998025126789982231e-01 9.996521739975606780e-01 9.993919734210158223e-01 9.992852000667052925e-01 9.993203431369325207e-01
1.004562861068800661e+00 1.004176014205066858e+00 1.003608883813661201e+00 1.002841819766237652e+00 1.002467234197506496e+00 1.002365751948074646e+00 1.002024051442330199e+00 1.001791578301718832e+00 1.001556170839929649e+00 1.001410880411870430e+00 1.001185666561555943e+00 1.000960259418839149e+00 1.000717119304045832e+00 1.000344283379479338e+00 1.000020685036382195e+00 9.998053962887998303e-01 9.996457691517420807e-01 9.993787211670530635e-01 9.992642837577275783e-01 9.992766408852934434e-01
1.004565378367682449e+00 1.004105738000893755e+00 1.003604257010027201e+00 1.002812068189600669e+00 1.002440681100057240e+00 1.002325099653434526e+00 1.001972394459713422e+00 1.001753271072470808e+00 1.001533455472620737e+00 1.001408527250337244e+00 1.001168241873012121e+00 1.000933181411831185e+00 1.000683499521456854e+00 1.000300571210933853e+00 9.999765469653650873e-01 9.997557018540995655e-01 9.995907461040471897e-01 9.993186803614958480e-01 9.992095433882527411e-01 9.992319720051952014e-01
1.004579132586542745e+00 1.004110015643065124e+00 1.003638070581628794e+00 1.002851009071962451e+00 1.002457213200152131e+00 1.002337808691194487e+00 1.002014696985681796e+00 1.001759766557164477e+00 1.001527466028175439e+00 1.001400030711942835e+00 1.001162007452970126e+00 1.000937174283403230e+00 1.000688295986919218e+00 1.000318377387732438e+00 1.000005498028977868e+00 9.997929352987948715e-01 9.996292421840667908e-01 9.993652237152805817e-01 9.992636679646569320e-01 9.992912841969091575e-01
1.004601447935254521e+00 1.004074684504825399e+00 1.003625342912133789e+00 1.002831689515781388e+00 1.002460011896951331e+00 1.002295348367727268e+00 1.001972211494898346e+00 1.001731096851965930e+00 1.001502204526960371e+00 1.001372528439045784e+00 1.001135932244092031e+00 1.000924403974560617e+00 1.000669407445905934e+00 1.000308855767394922e+00 9.999949459926438244e-01 9.997732247253031668e-01 9.996126097543081013e-01 9.993323576213155590e-01 9.992082392057438645e-01 9.992428904442015591e-01
1.004521225227926973e+00 1.004128119427277976e+00 1.003622629513836184e+00 1.002825705838425785e+00 1.002453675923915544e+00 1.002341743906340010e+00 1.002021328444602233e+00 1.001792139195346820e+00 1.001546760462754149e+00 1.001397698816044901e+00 1.001149296608917716e+00 1.000926677322435898e+00 1.000689746330263086e+00 1.000316749249885451e+00 9.999896425942903511e-01 9.997588060975394209e-01 9.995851273768761036e-01 9.993319695620039855e-01 9.992214180196312689e-01 9.992546659437525625e-01
1.004578237653048767e+00 1.004122846499482691e+00 1.003659313726613211e+00 1.002868708322108171e+00 1.002482423832425695e+00 1.002365433260444583e+00 1.002051611742836190e+00 1.001813685124721687e+00 1.001571710058834608e+00 1.001444588510777445e+00 1.001207257327161981e+00 1.000985338318099993e+00 1.000746429721401709e+00 1.000367921699139906e+00 1.000044052114477111e+00 9.998234915610878515e-01 9.996658272098589704e-01 9.994056178777855903e-01 9.993057777462395208e-01 9.993416613798188353e-01
1.004630699218952428e+00 1.004204608097075013e+00 1.003699981879669911e+00 1.002901300475744550e+00 1.002529630637136071e+00 1.002400451477968080e+00 1.002070664776734787e+00 1.001820268775073908e+00 1.001595002124467504e+00 1.001456515454121066e+00 1.001209896698942892e+00 1.000979385589602311e+00 1.000733846890858647e+00 1.000343908244355262e+00 1.000023791019210240e+00 9.998088012730658170e-01 9.996480071540880807e-01 9.993846108017276908e-01 9.992861057658189994e-01 9.993147196479345018e-01
1.004564677264627059e+00 1.004117980729172022e+00 1.003609701991942771e+00 1.002834790114172092e+00 1.002473812137229414e+00 1.002356269280760603e+00 1.002028626903408437e+00 1.001782207679548176e+00 1.001562691315476705e+00 1.001430752058438012e+00 1.001206101235981860e+00 1.000984636022532070e+00 1.000746102087583411e+00 1.000369562444876737e+00 1.000051894619377935e+00 9.998364431309232359e-01 9.996823457915336997e-01 9.994119464846342726e-01 9.993168580351481367e-01 9.993636245114156935e-01
1.004606097842924761e+00 1.004139337677576016e+00 1.003645244993975894e+00 1.002882420304530120e+00 1.002467801644924883e+00 1.002344400270718916e+00 1.002028963531993222e+00 1.001775744825152747e+00 1.001555458904299423e+00 1.001407137666464164e+00 1.001172079808783089e+00 1.000952244903030586e+00 1.000720513580330762e+00 1.000335318984280297e+00 1.000021565189135764e+00 9.997965188630697497e-01 9.996467115596709974e-01 9.993857127858009060e-01 9.992764508068047169e-01 9.993166064464393816e-01
1.004569425584066700e+00 1.004100602978446943e+00 1.003635968171734394e+00 1.002845530291473830e+00 1.002498673266150497e+00 1.002363954722016892e+00 1.002037264253006654e+00 1.001809667114518465e+00 1.001565435340176169e+00 1.001417494744816672e+00 1.001162748640836764e+00 1.000919047273949536e+00 1.000676249346148294e+00 1.000295998129441921e+00 9.999641448488433282e-01 9.997264914238925826e-01 9.995504832233143011e-01 9.992838242738237842e-01 9.991553022972006204e-01 9.991978866461478370e-01
1.004555867851349094e+00 1.004128671907454695e+00 1.003629074764591067e+00 1.002856942735175672e+00 1.002480507286746425e+00 1.002350010384174706e+00 1.002023442150144605e+00 1.001781805605643560e+00 1.001548952205550291e+00 1.001402196711966619e+00 1.001179315210149134e+00 1.000955795245802804e+00 1.000719863087629946e+00 1.000348310037000310e+00 1.000043171108610407e+00 9.998350854060729098e-01 9.996758810182462263e-01 9.994152950157856319e-01 9.993008894471820946e-01 9.993389052443445442e-01
1.004557956077940517e+00 1.004110657306650722e+00 1.003644328585403755e+00 1.002843759085429998e+00 1.002468719205642511e+00 1.002304290199096615e+00 1.001984751163739640e+00 1.001748831385246730e+00 1.001508295845022989e+00 1.001377309658732173e+00 1.001122325676337077e+00 1.000900977029130834e+00 1.000669943840553744e+00 1.000282631945597744e+00 9.999525463157945548e-01 9.997306672832254604e-01 9.995739777184966535e-01 9.993161866241251357e-01 9.992004802337833835e-01 9.992235427751702259e-01
1.004541173663725973e+00 1.004078120675689689e+00 1.003615453948682568e+00 1.002875754268364172e+00 1.002516924891596828e+00 1.002358272170714493e+00 1.002038424532324612e+00 1.001807193386897055e+00 1.001564658507597905e+00 1.001436700734054774e+00 1.001199700130785297e+00 1.000960262550940838e+00 1.000708687903262728e+00 1.000330385934187660e+00 1.000008396848963033e+00 9.997888700396168060e-01 9.996266413990266830e-01 9.993828215747972976e-01 9.992667006905703309e-01 9.992740927490929570e-01
1.004609994851865862e+00 1.004175182292256219e+00 1.003665127321543338e+00 1.002874529027413253e+00 1.002502159713233088e+00 1.002381381178490516e+00 1.002065634551130735e+00 1.001841911500656934e+00 1.001593544980830641e+00 1.001461374052107667e+00 1.001218613890012765e+00 1.001005115326739414e+00 1.000745481561059691e+00 1.000379495093040028e+00 1.000100748127810801e+00 9.999068205078558425e-01 9.997475211385495886e-01 9.994861495046368782e-01 9.994131481226791180e-01 9.994893124016656083e-01
1.004590876550594425e+00 1.004134646399327924e+00 1.003633926790226560e+00 1.002835539270433562e+00 1.002493698006739598e+00 1.002368345206328781e+00 1.002044682421547872e+00 1.001809538875441774e+00 1.001574099950254704e+00 1.001428692770491402e+00 1.001194937932844198e+00 1.000961865679786289e+00 1.000709720395632996e+00 1.000331658292596071e+00 1.000009718295805872e+00 9.997920106918717353e-01 9.996338746871228365e-01 9.993771446797491409e-01 9.992686655361602277e-01 9.992964942677003970e-01
1.004573372672992626e+00 1.004122420976415908e+00 1.003666305292146399e+00 1.002837385481114785e+00 1.002475673718476568e+00 1.002356787387948645e+00 1.002028265544554930e+00 1.001788724503642536e+00 1.001560281848641543e+00 1.001421761091235929e+00 1.001174222700506045e+00 1.000952304839993534e+00 1.000710548428153546e+00 1.000326670903713744e+00 9.999960042279725236e-01 9.997699776200696942e-01 9.996071435887609047e-01 9.993434066578561481e-01 9.992489074638268853e-01 9.992870811494550809e-01
1.004504357250626478e+00 1.004076570349529796e+00 1.003559319160958863e+00 1.002779190947645338e+00 1.002398532797811770e+00 1.002260902898083561e+00 1.001922076367836700e+00 1.001682081267578628e+00 1.001455326314613536e+00 1.001324855458064711e+00 1.001079950382122608e+00 1.000850000976624354e+00 1.000601208817114784e+00 1.000211062258111072e+00 9.998879721602444981e-01 9.996769554729901808e-01 9.995412640874635768e-01 9.993293055163067207e-01 9.993154518431413003e-01 9.994184573249013104e-01
1.004497898093299701e+00 1.004048558325353557e+00 1.003566727916791246e+00 1.002796755944112661e+00 1.002446749957565331e+00 1.002327828634300255e+00 1.001975982195599579e+00 1.001738796514167529e+00 1.001497212054023089e+00 1.001369522492118191e+00 1.001125711053356460e+00 1.000898678643070916e+00 1.000649826036942747e+00 1.000273060155037363e+00 9.999624320835117652e-01 9.997372713268151134e-01 9.995679139474331620e-01 9.992838976912108429e-01 9.991522310206726321e-01 9.991479013833828304e-01
1.004545998661187767e+00 1.004123291038699239e+00 1.003654426642207609e+00 1.002860419603386344e+00 1.002479218969313690e+00 1.002374661175891468e+00 1.002039812626061233e+00 1.001805325544963488e+00 1.001585416654420468e+00 1.001444857187807846e+00 1.001198155987096605e+00 1.000972132251809477e+00 1.000708938399665238e+00 1.000320972818821375e+00 1.000001476033117287e+00 9.998030991065240958e-01 9.996507424763299010e-01 9.993843488444594803e-01 9.992723167552115537e-01 9.992898769877373022e-01
1.004539178414653344e+00 1.004079051807232892e+00 1.003620094210191382e+00 1.002809306643603682e+00 1.002473153258205851e+00 1.002338140044387815e+00 1.002015252339423013e+00 1.001756124508299317e+00 1.001525169616521493e+00 1.001394266277909617e+00 1.001158981884079813e+00 1.000944803944166850e+00 1.000693813076020122e+00 1.000321227724266793e+00 1.000007849753013156e+00 9.997893693833063145e-01 9.996309796090109279e-01 9.993657661836754524e-01 9.992507456526513732e-01 9.992788939148143923e-01
1.004559389518070001e+00 1.004119931294393142e+00 1.003627839797464283e+00 1.002814103385769373e+00 1.002474708587862695e+00 1.002341885082417505e+00 1.002023251477906607e+00 1.001800980883740699e+00 1.001568559386774693e+00 1.001418593902011489e+00 1.001188584786063762e+00 1.000962665216322156e+00 1.000714617994362676e+00 1.000333328809024369e+00 1.000021796018282227e+00 9.998018883508293930e-01 9.996356357068320042e-01 9.993822891732683233e-01 9.992827420686748452e-01 9.993193763535369589e-01
1.004465000813737907e+00 1.003976158544271469e+00 1.003538944088097962e+00 1.002741539886039535e+00 1.002355765374656649e+00 1.002232609210383707e+00 1.001905907469967882e+00 1.001677877357491697e+00 1.001439933573081920e+00 1.001303443528972270e+00 1.001078685132666291e+00 1.000867742611562861e+00 1.000628427068913195e+00 1.000255241889527635e+00 9.999504876198220815e-01 9.997249748567197392e-01 9.995419767206304984e-01 9.992655856240607593e-01 9.991337877027754999e-01 9.991387271587244268e-01
1.004580824367349745e+00 1.004086775302120316e+00 1.003588330485871927e+00 1.002796910990025658e+00 1.002450164912148667e+00 1.002327414727667731e+00 1.001983595880377331e+00 1.001748649342612874e+00 1.001526202998066051e+00 1.001396419762616841e+00 1.001162313829231598e+00 1.000937883984316379e+00 1.000697449744673673e+00 1.000324500235554304e+00 1.000004831274790007e+00 9.997824537603048345e-01 9.996383734336654614e-01 9.993798220735580218e-01 9.992700268650199780e-01 9.992982822761488082e-01
1.004566300545481905e+00 1.004100798419134355e+00 1.003562796251943334e+00 1.002772022047506484e+00 1.002411146475061354e+00 1.002310530696427726e+00 1.001975569053883852e+00 1.001751073835218220e+00 1.001510014645828228e+00 1.001371646237035895e+00 1.001135612081261339e+00 1.000914201577660423e+00 1.000680916209339300e+00 1.000317867724846543e+00 1.000000465946002670e+00 9.997733923999074790e-01 9.996037114103306642e-01 9.993357320529423493e-01 9.992210498852154288e-01 9.992589067380500678e-01
1.004607277448425817e+00 1.004192259906667273e+00 1.003676064216841857e+00 1.002899171908427922e+00 1.002529238227012565e+00 1.002384265886133718e+00 1.002069213401804548e+00 1.001815378711647941e+00 1.001580578031593172e+00 1.001441246395934126e+00 1.001202577117360271e+00 1.000969695954295968e+00 1.000731537099020851e+00 1.000349342942929765e+00 1.000023239310486645e+00 9.998078797538759721e-01 9.996499528155757819e-01 9.993876492460984640e-01 9.992876017049171500e-01 9.993363566183010027e-01
1.004571713199782224e+00 1.004136557367850457e+00 1.003663267958308625e+00 1.002842492204101932e+00 1.002479191316427709e+00 1.002379631665781146e+00 1.002058000189441245e+00 1.001801774581208004e+00 1.001563696584500063e+00 1.001424833785922175e+00 1.001185370026145272e+00 1.000959056853984119e+00 1.000726278467436448e+00 1.000355922609815762e+00 1.000041666323257861e+00 9.998461839078398583e-01 9.996966554213926326e-01 9.994385712126494514e-01 9.993218766815533671e-01 9.993483494401709244e-01
1.004498131560138674e+00 1.004060888740992308e+00 1.003570018193538083e+00 1.002797337621154306e+00 1.002422357439539891e+00 1.002279963168147159e+00 1.001966522650642899e+00 1.001718872385127357e+00 1.001495262021791843e+00 1.001355468068316990e+00 1.001116946122270424e+00 1.000890829694973228e+00 1.000636132652563015e+00 1.000252757900988332e+00 9.999366052613387623e-01 9.997224984465341580e-01 9.995685816829554815e-01 9.992965363601841178e-01 9.991937707577475125e-01 9.992398491588213583e-01
1.004544801622845762e+00 1.004097354690836497e+00 1.003650814039796613e+00 1.002826539932176297e+00 1.002435760765091777e+00 1.002321925275084347e+00 1.002001291744072153e+00 1.001774454495845568e+00 1.001548965929353274e+00 1.001417926305901318e+00 1.001177219853010891e+00 1.000951529998377776e+00 1.000695378157250293e+00 1.000317641627407106e+00 1.000001793074730250e+00 9.997846077937021514e-01 9.996209697500515468e-01 9.993558559821308362e-01 9.992351601630511393e-01 9.992603935658594949e-01
1.004615800319817343e+00 1.004168629588289896e+00 1.003698868193819482e+00 1.002923695298475248e+00 1.002543389076282709e+00 1.002404749714603582e+00 1.002097623973061680e+00 1.001844429536580483e+00 1.001603844758945261e+00 1.001457093224276784e+00 1.001209598649911658e+00 1.000969693596836407e+00 1.000719581974570227e+00 1.000337137948682065e+00 1.000032087163256422e+00 9.998165257297996211e-01 9.996644013206616997e-01 9.994040728723009304e-01 9.992947128263325318e-01 9.993349768401239563e-01
1.004650281053518501e+00 1.004182895522585328e+00 1.003669090010822718e+00 1.002865084172210430e+00 1.002502360530590275e+00 1.002381131181685481e+00 1.002044271537748887e+00 1.001801088973717446e+00 1.001573552458278060e+00 1.001442416820679027e+00 1.001204946987664046e+00 1.000977082974567889e+00 1.000740483423754768e+00 1.000374133693158418e+00 1.000052013450609678e+00 9.998253757937717312e-01 9.996483741523158884e-01 9.993905620319353256e-01 9.993018848003815124e-01 9.993344319986957602e-01
1.004616436407404390e+00 1.004176314216516763e+00 1.003637084862099460e+00 1.002849013555765278e+00 1.002504667069434197e+00 1.002390998115508136e+00 1.002034745108403957e+00 1.001794475585305877e+00 1.001554579248875365e+00 1.001416863370594212e+00 1.001173294204929620e+00 1.000937580692317530e+00 1.000693701223370979e+00 1.000313742277560980e+00 9.999980096666423179e-01 9.997883964635544407e-01 9.996342129355532125e-01 9.993553441083590227e-01 9.992286041203523039e-01 9.992447760414573388e-01
1.004613376458757479e+00 1.004108506179256288e+00 1.003633254337400693e+00 1.002848133428159150e+00 1.002479056954316272e+00 1.002332624169399944e+00 1.002018281996268856e+00 1.001763773610958586e+00 1.001533949107753951e+00 1.001400455151081337e+00 1.001155324891833898e+00 1.000932344181157729e+00 1.000685438451423215e+00 1.000313122531824916e+00 9.999947164543392386e-01 9.997750949825540134e-01 9.996199108223470242e-01 9.993530273435031752e-01 9.992415418391079607e-01 9.992655911174413985e-01
1.004576169118667650e+00 1.004080089218699401e+00 1.003577897492360815e+00 1.002823962622048537e+00 1.002429651035467773e+00 1.002322010863134549e+00 1.001978346226304328e+00 1.001766125977003430e+00 1.001525339955854577e+00 1.001405040986510953e+00 1.001161197719235174e+00 1.000938143844086969e+00 1.000703213453860929e+00 1.000321407558304454e+00 1.000003249870754063e+00 9.997620431665209528e-01 9.995974558819616940e-01 9.993309527705512840e-01 9.992345211095383650e-01 9.992676694530030490e-01
1.004573506336989830e+00 1.004131990869461477e+00 1.003661895398667125e+00 1.002847924429050241e+00 1.002534160399205510e+00 1.002385905438288649e+00 1.002046105831927214e+00 1.001819373360483434e+00 1.001575535121332239e+00 1.001444740121325561e+00 1.001194197704223798e+00 1.000964879261886153e+00 1.000716175089319648e+00 1.000324249312444236e+00 9.999971964259534163e-01 9.997776594896753410e-01 9.996155365155541261e-01 9.993482997915641430e-01 9.992271191137216402e-01 9.992615037425363056e-01
1.004633215119812739e+00 1.004112719835196010e+00 1.003636438784136775e+00 1.002884117711362988e+00 1.002499321244931796e+00 1.002374267047193124e+00 1.002038179249314487e+00 1.001803172705719502e+00 1.001566507587422272e+00 1.001428967370286971e+00 1.001195283364452182e+00 1.000959338211642624e+00 1.000713170564034193e+00 1.000325622953091909e+00 9.999972997261862284e-01 9.997648119441987502e-01 9.996032216074653975e-01 9.993458571201387919e-01 9.992276890241312826e-01 9.992477438454910876e-01
1.004543327863542501e+00 1.004072880448550809e+00 1.003653839067384812e+00 1.002865607391414171e+00 1.002480422196995624e+00 1.002341243039504670e+00 1.002030643787618081e+00 1.001790373888445718e+00 1.001563024346229680e+00 1.001419150792391743e+00 1.001178156829799271e+00 1.000939502705575412e+00 1.000690705642071965e+00 1.000306616456090092e+00 9.999754576428140362e-01 9.997425723340119808e-01 9.995890255835591098e-01 9.993011395645884365e-01 9.991282439883552025e-01 9.990900455823411574e-01
1.004634176477185781e+00 1.004133025807465440e+00 1.003710990872344500e+00 1.002907418591370448e+00 1.002499506309673327e+00 1.002403477591247816e+00 1.002078347491975441e+00 1.001826971068826122e+00 1.001594089025140688e+00 1.001449171554408268e+00 1.001216542718298408e+00 1.000980181995068108e+00 1.000719156444419777e+00 1.000329464568170401e+00 1.000008390932515479e+00 9.997916987665628197e-01 9.996199123833215960e-01 9.993168738258803030e-01 9.991652091308934613e-01 9.991466675649288698e-01
1.004543437210670076e+00 1.004067315463661236e+00 1.003548260203671605e+00 1.002780627729048302e+00 1.002433767744433046e+00 1.002302182939637021e+00 1.001966673094800253e+00 1.001738133175059442e+00 1.001502181921163581e+00 1.001371929696627694e+00 1.001144320691516487e+00 1.000928985672865812e+00 1.000702240733679638e+00 1.000338042674501438e+00 1.000050716828829955e+00 9.998563059879367332e-01 9.996835121503138133e-01 9.993966131109371931e-01 9.992795823514996068e-01 9.993127111939937857e-01
1.004251939745213207e+00 1.003803115314546357e+00 1.003344438223004120e+00 1.002567154432832730e+00 1.002190699707939725e+00 1.002049395703675128e+00 1.001718876745884446e+00 1.001477113609984260e+00 1.001241119927094525e+00 1.001095245649625820e+00 1.000843657001586173e+00 1.000618098435493986e+00 1.000370094279828814e+00 9.999833566924029027e-01 9.996377015872288663e-01 9.993854207911695431e-01 9.991810084064544073e-01 9.988836313436300074e-01 9.987217727768274989e-01 9.986748258732628392e-01
1.004626792947074909e+00 1.004204060443466329e+00 1.003709243276087903e+00 1.002897829093843729e+00 1.002548018058017520e+00 1.002408656339199622e+00 1.002077772974408809e+00 1.001831546033074893e+00 1.001599895206196411e+00 1.001457998151868090e+00 1.001212603806728607e+00 1.000988191226547475e+00 1.000754672286141123e+00 1.000376764788741379e+00 1.000053369416848303e+00 9.998225376079791227e-01 9.996577241639852396e-01 9.993870255731526209e-01 9.992747746409911258e-01 9.992891263074643593e-01
1.004471341787296579e+00 1.004009216185779874e+00 1.003512872298634395e+00 1.002727260752352301e+00 1.002393801634490877e+00 1.002263380116060754e+00 1.001908576791672223e+00 1.001679295368886002e+00 1.001449115650216548e+00 1.001302628609195278e+00 1.001056546781107448e+00 1.000832988784520428e+00 1.000590653682772002e+00 1.000213476838820448e+00 9.998997954756554396e-01 9.996872192473524876e-01 9.995336511309528271e-01 9.992784389544803192e-01 9.991964474727977885e-01 9.992444681116876559e-01
1.004638219163297652e+00 1.004143228929034182e+00 1.003686552030345958e+00 1.002864339377253833e+00 1.002522935734967202e+00 1.002408361824522309e+00 1.002085134278432488e+00 1.001843483332377938e+00 1.001601484837760125e+00 1.001465544969607935e+00 1.001222274148378277e+00 1.000993807911068734e+00 1.000738367418536612e+00 1.000374397563240869e+00 1.000072337905212105e+00 9.998687064950341208e-01 9.997045294512489910e-01 9.994568230206283266e-01 9.993701670353948296e-01 9.994079817750382011e-01
1.004593163645886023e+00 1.004121382962966935e+00 1.003630081059264212e+00 1.002872500906615727e+00 1.002502195896073589e+00 1.002363231530438936e+00 1.002039580142624731e+00 1.001784926984115032e+00 1.001554909218673295e+00 1.001419759129599463e+00 1.001172398443212375e+00 1.000928291901576284e+00 1.000660730543178945e+00 1.000258585020538549e+00 9.999212711649999585e-01 9.996887356713490824e-01 9.995171057566150097e-01 9.992517644351156525e-01 9.991524704962853054e-01 9.991754734674924698e-01
1.004542263442695038e+00 1.004069042280605562e+00 1.003604638166491148e+00 1.002805534756168182e+00 1.002435767520858612e+00 1.002338933126951881e+00 1.001997173442053857e+00 1.001777201165690467e+00 1.001552986830247738e+00 1.001422797631566386e+00 1.001174225620992120e+00 1.000957510598547984e+00 1.000718295944045932e+00 1.000341595564991248e+00 1.000023195223073591e+00 9.998042786537056914e-01 9.996406513230925439e-01 9.993663680657783877e-01 9.992623342830692090e-01 9.992882812985107721e-01
1.004599422473656967e+00 1.004105730997744139e+00 1.003634441953982881e+00 1.002843961897543323e+00 1.002478828121279530e+00 1.002338066978854414e+00 1.002011054603468176e+00 1.001761001082138725e+00 1.001517984142245465e+00 1.001388739834079500e+00 1.001151867861101552e+00 1.000933065697102053e+00 1.000687171474029524e+00 1.000303971615722265e+00 9.999900016643800127e-01 9.997835169660400645e-01 9.996185750890813626e-01 9.993677274333334637e-01 9.992724033494926328e-01 9.993105345365475012e-01
1.004571977775174263e+00 1.004080521457434649e+00 1.003629117595819631e+00 1.002847609712600230e+00 1.002469925557848196e+00 1.002328203331801726e+00 1.001990769068224374e+00 1.001754143559881349e+00 1.001520353317662426e+00 1.001398888685349098e+00 1.001166158492585945e+00 1.000942309820644249e+00 1.000684784283545348e+00 1.000314279650548199e+00 1.000004151623961279e+00 9.997926530618970187e-01 9.996264235167302559e-01 9.993547528048132289e-01 9.992355866540851839e-01 9.992718505706683629e-01
1.004519186668902719e+00 1.004076431872380271e+00 1.003584052904028523e+00 1.002794500401586575e+00 1.002424411044511521e+00 1.002315614477135908e+00 1.001977155419332188e+00 1.001748671370034316e+00 1.001526493107364413e+00 1.001400429199035269e+00 1.001163227789519050e+00 1.000945728878365637e+00 1.000703678522956386e+00 1.000330142054840499e+00 1.000003662304632002e+00 9.997804481089541673e-01 9.996182820216293896e-01 9.993663291990284581e-01 9.992677184724356731e-01 9.992926911443005267e-01
1.004548872865020481e+00 1.004079281121851519e+00 1.003630481468522406e+00 1.002846899724164409e+00 1.002472245194946154e+00 1.002337169496175129e+00 1.002012494101518270e+00 1.001781223198070947e+00 1.001532750444659836e+00 1.001415308441340635e+00 1.001173564463608390e+00 1.000961760001204182e+00 1.000732400064494820e+00 1.000366172742715332e+00 1.000063307743862984e+00 9.998606942107909346e-01 9.997120300476941557e-01 9.994314994278258313e-01 9.993166442267857885e-01 9.993353718785620288e-01
1.004550043526450054e+00 1.004095223646286783e+00 1.003613225986158319e+00 1.002795746021262424e+00 1.002442522058830221e+00 1.002327879654519416e+00 1.001992805533979292e+00 1.001753685506969083e+00 1.001506818802383236e+00 1.001376109042269480e+00 1.001130288182392247e+00 1.000908220942099636e+00 1.000666018434540616e+00 1.000294756732879042e+00 9.999761283754118324e-01 9.997633249977033731e-01 9.996113947528327826e-01 9.993441164109282404e-01 9.992273108257249126e-01 9.992556114558148739e-01
1.004584165136081175e+00 1.004132297590490719e+00 1.003624909738465076e+00 1.002842264955978502e+00 1.002452798897053743e+00 1.002325486026056645e+00 1.001995963885906393e+00 1.001763758426716056e+00 1.001522239763470434e+00 1.001382020860127620e+00 1.001144576749313675e+00 1.000912926933278380e+00 1.000664041872003640e+00 1.000271962231822132e+00 9.999474178509628608e-01 9.997241730420094452e-01 9.995560563539842569e-01 9.992970882668418264e-01 9.992020082985739737e-01 9.992324220535870882e-01
1.004522845559863597e+00 1.004024426943010972e+00 1.003592160436081793e+00 1.002791821109510817e+00 1.002438642602964114e+00 1.002292064360566171e+00 1.001979619682273226e+00 1.001747332297477255e+00 1.001530399031286711e+00 1.001396982629572552e+00 1.001147034857990281e+00 1.000926380399137061e+00 1.000685585669003563e+00 1.000308386655319959e+00 9.999938526393306049e-01 9.997838150736351182e-01 9.996448662763359749e-01 9.994060892609910596e-01 9.993064801078128667e-01 9.993480073697571520e-01
1.004555056512275835e+00 1.004093394019187624e+00 1.003614793297201713e+00 1.002831662370848198e+00 1.002472898059919126e+00 1.002310783384194881e+00 1.002006096801582258e+00 1.001770016408523478e+00 1.001542491965475179e+00 1.001412877385288835e+00 1.001195436069383771e+00 1.000964359839411566e+00 1.000717415556709122e+00 1.000341367715223750e+00 1.000018280045149810e+00 9.998008396351010241e-01 9.996348415324400882e-01 9.993624938428891102e-01 9.992391797799969888e-01 9.992576626413397500e-01
1.004633807274310398e+00 1.004180179835957309e+00 1.003682774863117189e+00 1.002905052493593185e+00 1.002531412391821863e+00 1.002390352859467981e+00 1.002053143344775465e+00 1.001814169203210314e+00 1.001584300767442093e+00 1.001437702938433816e+00 1.001200888707166392e+00 1.000960707311405518e+00 1.000701801476220121e+00 1.000318181045079191e+00 9.999940074473592233e-01 9.997671513451864556e-01 9.996018830799421329e-01 9.993361156614177787e-01 9.992450091236568799e-01 9.992838843706176588e-01
1.004595417697917270e+00 1.004108666500436398e+00 1.003637224868445976e+00 1.002835294427578905e+00 1.002480193329182701e+00 1.002342396271889591e+00 1.002028030822282201e+00 1.001793619735196206e+00 1.001554643925937738e+00 1.001411374438988977e+00 1.001164641968413704e+00 1.000937906892658047e+00 1.000689565328270358e+00 1.000305830221641434e+00 9.999904326548406663e-01 9.997754562506695475e-01 9.996135200404777654e-01 9.993613828361631590e-01 9.992521296671988962e-01 9.992750339481356603e-01
1.004535679087514177e+00 1.004045980932169568e+00 1.003607886932427640e+00 1.002837626665540105e+00 1.002454657242998204e+00 1.002325416842560157e+00 1.001980576578206383e+00 1.001735523920992410e+00 1.001509005466282964e+00 1.001389439827050198e+00 1.001136705209876077e+00 1.000901882209618288e+00 1.000653280877122020e+00 1.000278435726153381e+00 9.999529705971218485e-01 9.997357919460848619e-01 9.995948015120849073e-01 9.993384977964346882e-01 9.992525394296061236e-01 9.992863175269581788e-01
1.004528888873452486e+00 1.004101979538068345e+00 1.003602059386967893e+00 1.002837793394626864e+00 1.002473855861114149e+00 1.002321919465368749e+00 1.001988766605968362e+00 1.001748373263813718e+00 1.001499244223978735e+00 1.001356968791293545e+00 1.001122124310673378e+00 1.000893092038820154e+00 1.000643852581135418e+00 1.000268911525009630e+00 9.999586306881215192e-01 9.997416347647485324e-01 9.995762063217352722e-01 9.993092309289225428e-01 9.992063362789812553e-01 9.992454487842419297e-01
1.004637399441742129e+00 1.004197472277367664e+00 1.003673764651021649e+00 1.002901771718354373e+00 1.002514628023447152e+00 1.002380045770518535e+00 1.002062484021436717e+00 1.001801224005441915e+00 1.001554237219323573e+00 1.001422467256867233e+00 1.001175274367429813e+00 1.000950088646045621e+00 1.000703921943545183e+00 1.000317043288961205e+00 1.000000249506114880e+00 9.997825588720878898e-01 9.996166059884907806e-01 9.993390329449388654e-01 9.992360145679756167e-01 9.992641314721261159e-01
1.004609118749435925e+00 1.004161118482042925e+00 1.003629050995035410e+00 1.002855921669435713e+00 1.002466717120173101e+00 1.002341703109503879e+00 1.002005634177769444e+00 1.001768489398116246e+00 1.001531223193605324e+00 1.001382208232585391e+00 1.001152187804814853e+00 1.000933211776122267e+00 1.000701552553348916e+00 1.000326948447196385e+00 1.000015456760298127e+00 9.997961298336633940e-01 9.996417257721671445e-01 9.993779181895471320e-01 9.992789002236988072e-01 9.993091066720635185e-01
1.004550045324221541e+00 1.004142785758244560e+00 1.003621201423112730e+00 1.002818143010760110e+00 1.002467616765251091e+00 1.002330483353658819e+00 1.002010609561810206e+00 1.001768867151774378e+00 1.001536661262675709e+00 1.001411757726110130e+00 1.001182877502859281e+00 1.000950184420756672e+00 1.000704560000423404e+00 1.000321144833993481e+00 1.000002549738285396e+00 9.997925039292847593e-01 9.996253039782274641e-01 9.993502568650785012e-01 9.992263824900939895e-01 9.992435865263801231e-01
1.004566834619503357e+00 1.004107472227916853e+00 1.003622089580894716e+00 1.002815353955639477e+00 1.002451955643764991e+00 1.002338741277869039e+00 1.002010472037573985e+00 1.001780293198834881e+00 1.001560277603137594e+00 1.001424781104716555e+00 1.001203448449572431e+00 1.000982111466399926e+00 1.000750290420477473e+00 1.000358162210100765e+00 1.000045562107731767e+00 9.998421172774553112e-01 9.996861008418326255e-01 9.994251425499702801e-01 9.993184385632638556e-01 9.993557725205696185e-01
1.004584908353358674e+00 1.004180530648074665e+00 1.003681613935981209e+00 1.002879097353088778e+00 1.002497438121765283e+00 1.002377927892410980e+00 1.002029715071844240e+00 1.001797250569151920e+00 1.001571296896326846e+00 1.001436162129809793e+00 1.001207459504306119e+00 1.000985218836694113e+00 1.000747427840550596e+00 1.000361667821907385e+00 1.000039180817530848e+00 9.998117523473174506e-01 9.996507988749567808e-01 9.993918345749113197e-01 9.992954741987590817e-01 9.993407046146441930e-01
1.004592269323293152e+00 1.004138567195704823e+00 1.003638132930860349e+00 1.002861936789032571e+00 1.002469038046075234e+00 1.002339282951336230e+00 1.002026264333966132e+00 1.001762300456260135e+00 1.001535507207225173e+00 1.001404314354284120e+00 1.001159427768031129e+00 1.000942741645902245e+00 1.000705339660053816e+00 1.000322237514569501e+00 1.000009351905148280e+00 9.997968507767486246e-01 9.996478510417562413e-01 9.993912425828395119e-01 9.992937083518244057e-01 9.993264757422726241e-01
1.004565386358161394e+00 1.004111298153605114e+00 1.003633348602403164e+00 1.002815814044731413e+00 1.002446695142486632e+00 1.002342061521015237e+00 1.002003417815745090e+00 1.001761446754901863e+00 1.001524557406733074e+00 1.001381517100810692e+00 1.001141477419322134e+00 1.000932866420465750e+00 1.000684159444216403e+00 1.000307720801062006e+00 9.999879951565718850e-01 9.997802706115276328e-01 9.996227550948196816e-01 9.993504985021391951e-01 9.992373864777572834e-01 9.992749020839848395e-01
1.004533312700978120e+00 1.004031397543929449e+00 1.003576422913905253e+00 1.002808927587617305e+00 1.002406212200671609e+00 1.002301330058071871e+00 1.001974843469448873e+00 1.001731344257321465e+00 1.001508027726959682e+00 1.001373667493082653e+00 1.001146059951443013e+00 1.000921167144884549e+00 1.000682996531580660e+00 1.000310844870925253e+00 9.999918503565019545e-01 9.997683669669291673e-01 9.996198569457234173e-01 9.993562829925218827e-01 9.992280966329002423e-01 9.992574995820722172e-01
1.004520931506615922e+00 1.004051732054019874e+00 1.003592625403915806e+00 1.002782142416559052e+00 1.002427285952409042e+00 1.002297746573366455e+00 1.001977933342798499e+00 1.001741961222498922e+00 1.001522391725184313e+00 1.001382390392987709e+00 1.001145332911659303e+00 1.000922218323598845e+00 1.000678933887835687e+00 1.000289558346228347e+00 9.999561608986924366e-01 9.997367593486828907e-01 9.995863524413765022e-01 9.993166521940786140e-01 9.992043413869270418e-01 9.992341687468123679e-01
1.004584726573659825e+00 1.004147091411153880e+00 1.003671808666310117e+00 1.002892080695932497e+00 1.002518703354922769e+00 1.002397000120075710e+00 1.002073075282975179e+00 1.001820484268552969e+00 1.001573657221580982e+00 1.001441348825039990e+00 1.001196257445783111e+00 1.000966545009583042e+00 1.000701771779290095e+00 1.000313186419305334e+00 1.000009523706561598e+00 9.998012649914310712e-01 9.996448849091486011e-01 9.994147327137496983e-01 9.993572690351311127e-01 9.994224661115586050e-01
1.004542631117254503e+00 1.004067025749528108e+00 1.003604705398886798e+00 1.002807854811698984e+00 1.002432258971469814e+00 1.002327959128363366e+00 1.001982134442178651e+00 1.001748075252366643e+00 1.001498278523617502e+00 1.001363438861169186e+00 1.001118499575051279e+00 1.000894156347511776e+00 1.000659165098433778e+00 1.000305716450630378e+00 1.000023546207577052e+00 9.998656686855725839e-01 9.997442374856070346e-01 9.995115432297687619e-01 9.994376009459685628e-01 9.995202844172933476e-01
1.004605672682622908e+00 1.004118106833949975e+00 1.003645191394697100e+00 1.002855473101091022e+00 1.002483309106825482e+00 1.002361080514051039e+00 1.002026697581752668e+00 1.001775382306708817e+00 1.001521783203426885e+00 1.001379079689522777e+00 1.001142892280737495e+00 1.000916538631577035e+00 1.000679738649275841e+00 1.000288029114020816e+00 9.999540321026954004e-01 9.996987093410005798e-01 9.995134096451393502e-01 9.992282497097670912e-01 9.990671462996538743e-01 9.990247737112368798e-01
1.004690023944588839e+00 1.004244388819183431e+00 1.003739713406812450e+00 1.002954089011399263e+00 1.002590833564533046e+00 1.002475295291314961e+00 1.002153184898175509e+00 1.001907421794789643e+00 1.001667348627848453e+00 1.001515939774440866e+00 1.001281840330473072e+00 1.001070712651481953e+00 1.000849388653354044e+00 1.000478377039994760e+00 1.000176103168982866e+00 9.999729107373559467e-01 9.998149332789498800e-01 9.995573984691384917e-01 9.994652567364733509e-01 9.994918846271734214e-01
1.004588691540494461e+00 1.004100963355005760e+00 1.003604376632247774e+00 1.002856452054781355e+00 1.002488676763560127e+00 1.002373271733802973e+00 1.002046566188292687e+00 1.001812255747592362e+00 1.001569555476042872e+00 1.001435018348782124e+00 1.001204557108453796e+00 1.000985032128653529e+00 1.000748765735036017e+00 1.000373482607260556e+00 1.000053925471293903e+00 9.998355207467990446e-01 9.996781459674737302e-01 9.994020261594869226e-01 9.993053277741299478e-01 9.993512150291583573e-01
1.004544040800224858e+00 1.004087380784955519e+00 1.003610155314875740e+00 1.002783718365978460e+00 1.002438871875212190e+00 1.002304303020178367e+00 1.001975060346036006e+00 1.001733806868593701e+00 1.001492185338240359e+00 1.001339590976267235e+00 1.001108444812066622e+00 1.000883358569083059e+00 1.000650621729120004e+00 1.000280614033044468e+00 9.999698295794015035e-01 9.997606141818990988e-01 9.996174602471108450e-01 9.993676487006482034e-01 9.992821458331401230e-01 9.993577381023994732e-01
1.004451593417682975e+00 1.004040000343262129e+00 1.003564089445466712e+00 1.002758303010166552e+00 1.002396350734173547e+00 1.002271197960240556e+00 1.001950256158541386e+00 1.001724430727326753e+00 1.001485060080165690e+00 1.001331774724674162e+00 1.001077474139351775e+00 1.000854789694714864e+00 1.000610461353951708e+00 1.000236307784422296e+00 9.999308442893856119e-01 9.997316940120277717e-01 9.995968001037731643e-01 9.993683123830934267e-01 9.993296966310092344e-01 9.994273483164926031e-01
1.004537419730983538e+00 1.004157690272452497e+00 1.003631461258633228e+00 1.002818123657703620e+00 1.002423364480649726e+00 1.002330618372613946e+00 1.001991351843463107e+00 1.001762469899790897e+00 1.001537856307227470e+00 1.001397647024056203e+00 1.001169809522083343e+00 1.000954101319065259e+00 1.000715443223320733e+00 1.000337559335047644e+00 1.000011082549053354e+00 9.997854862165347356e-01 9.996246314597644345e-01 9.993577397728926615e-01 9.992510582141072017e-01 9.992751503387121703e-01
1.004649008486637296e+00 1.004191242382045157e+00 1.003730747780335886e+00 1.002899414002791589e+00 1.002507624381576257e+00 1.002399663584307765e+00 1.002061054067724832e+00 1.001808954258632145e+00 1.001564412276369831e+00 1.001415575604934549e+00 1.001172482688231113e+00 1.000945205752879152e+00 1.000700923524012520e+00 1.000325905496502799e+00 1.000006964595556491e+00 9.997872891670059881e-01 9.996184000681563875e-01 9.993379703494018607e-01 9.992295486490315737e-01 9.992648021247073631e-01
1.004467269893535297e+00 1.004017667406325254e+00 1.003529179649327085e+00 1.002743985073803801e+00 1.002367050996566755e+00 1.002242405925509061e+00 1.001909644548454326e+00 1.001676658933491115e+00 1.001457499765457504e+00 1.001326870104436662e+00 1.001090269101765129e+00 1.000863595764544423e+00 1.000614047831411613e+00 1.000247251174850360e+00 9.999384383222101880e-01 9.997283058996508931e-01 9.995808020834449081e-01 9.993303715023302836e-01 9.992472407412642532e-01 9.993084107624869983e-01
1.004577660172386588e+00 1.004105282905184193e+00 1.003636328997297600e+00 1.002852646133672199e+00 1.002475378368701708e+00 1.002350493494174044e+00 1.002018588285337186e+00 1.001784085807456259e+00 1.001556981805336477e+00 1.001416724596853713e+00 1.001170225933416758e+00 1.000932727006526468e+00 1.000673467422098506e+00 1.000288011179601533e+00 9.999589722223944932e-01 9.997355560728530266e-01 9.995687840951797964e-01 9.993233514257983119e-01 9.992428705633167318e-01 9.992640772112196812e-01
1.004578977606881862e+00 1.004073811134850835e+00 1.003652624300664487e+00 1.002833331255518212e+00 1.002480786514638345e+00 1.002361909600376411e+00 1.002032173863869779e+00 1.001789415091232538e+00 1.001545075624923564e+00 1.001418811341585835e+00 1.001176211285830897e+00 1.000940545330911480e+00 1.000694784271661586e+00 1.000318050516735502e+00 9.999993644048283947e-01 9.997782539961559412e-01 9.996111102228359968e-01 9.993495151867680670e-01 9.992421508768336569e-01 9.992649432677980226e-01
1.004621100700131997e+00 1.004173934507418098e+00 1.003672112469050859e+00 1.002882664349413533e+00 1.002526520393936194e+00 1.002394090957400730e+00 1.002060274592997402e+00 1.001813376333039018e+00 1.001574723562816072e+00 1.001427080223423749e+00 1.001182156409717416e+00 1.000953492645915599e+00 1.000694850945894832e+00 1.000318499491686719e+00 1.000008028231021306e+00 9.997922688870560792e-01 9.996330436493465754e-01 9.993791887602671009e-01 9.992739608573684151e-01 9.993002351700335240e-01
1.004505422184749364e+00 1.004106040935294653e+00 1.003619229249515410e+00 1.002848711256189018e+00 1.002437968209029417e+00 1.002350713849190056e+00 1.002017247002364719e+00 1.001776519113256381e+00 1.001525810062177557e+00 1.001396967068368671e+00 1.001152028300088093e+00 1.000926538016732925e+00 1.000691699035668680e+00 1.000314154589067250e+00 9.999924227475557315e-01 9.997778159985690749e-01 9.996132861927546909e-01 9.993386669760359053e-01 9.992369256274205025e-01 9.992665199028456513e-01
