# th, boost_factor, err_boost_factor
2.805046135754908576e+00 1.006998098589260593e+00 8.532610739575049574e-04
3.531343861556885511e+00 1.005972383451700924e+00 7.362359960201965642e-04
4.445698525097307119e+00 1.004665904839324941e+00 6.155239381559935189e-04
5.596802846420849242e+00 1.003893494947852849e+00 5.318271861751003088e-04
7.045957328161136068e+00 1.003454968935970637e+00 4.834760743633179569e-04
8.870334730839386950e+00 1.003436571722217563e+00 4.551573910666977213e-04
1.116708980377407912e+01 1.003200500771182835e+00 4.073089865054938278e-04
1.405853312975872704e+01 1.002762185302828568e+00 4.084816361712298254e-04
1.769864460960344488e+01 1.002254759966145548e+00 3.908787992364481218e-04
2.228127345334364406e+01 1.002382728448945270e+00 3.784254815459343088e-04
2.805046135754909287e+01 1.002001951750113085e+00 3.849892903155846926e-04
3.531343861556886310e+01 1.002056171841750665e+00 3.982554634589055586e-04
4.445698525097307652e+01 1.001829596298720482e+00 4.047082622744064455e-04
5.596802846420851552e+01 1.001626958011851531e+00 4.337036167655019701e-04
7.045957328161136957e+01 1.001495299315845466e+00 4.775156518977319471e-04
8.870334730839388726e+01 1.001451438002078698e+00 5.197545955589969596e-04
1.116708980377408125e+02 1.001333811113995109e+00 5.620780913793463991e-04
1.405853312975872882e+02 1.001234812347440606e+00 6.518463019700758768e-04
1.769864460960346548e+02 1.001434031332740116e+00 7.856502133684933799e-04
2.228127345334363838e+02 1.001537664725461241e+00 9.266578381931600637e-04
