# randoms (sum of randoms from all patches except for one, different each time)
1.933780914561380432e-06 -7.310847290242632136e-07 2.244101621353014310e-07 -1.506512781740441671e-07 -1.548632077825495316e-06 -3.581699362429571766e-07 -1.023405993922760763e-07 -7.928289196893229653e-07 -3.871994955183314301e-07 -1.110958078731403427e-06 -1.371027319092110999e-06 -1.459370357073295980e-06 -1.910745419597894180e-06 -2.294345531944161251e-06 -2.676747879093379314e-06 -2.412462352275421233e-06 -1.256204846495212666e-06 -4.719845584647213828e-07 -9.986610600209850865e-07 -8.367420701176997858e-07
2.000977973600492594e-06 -6.330670685060887348e-07 1.641819506414619003e-07 -2.855089401859898401e-07 -1.475014241053783789e-06 -3.247917244125839705e-07 1.582777030718431550e-07 -3.796995391663826427e-07 1.043700647215701837e-07 -6.472095653973474902e-07 -8.597498168867667071e-07 -8.557329223317121960e-07 -1.172019522182345066e-06 -1.486595753767895119e-06 -1.945397192078177774e-06 -1.986330187437324662e-06 -1.722905114651232995e-06 -2.311719494096499520e-06 -4.323897531810043710e-06 -5.733944939068140334e-06
1.898174431824229327e-06 -5.462165085108436799e-07 5.354765433770231870e-07 2.683412945484602075e-08 -1.439927494863932067e-06 -4.002623839808968968e-07 -3.289397204139526870e-08 -6.035616781274987195e-07 -2.428277321017583457e-07 -1.054274144701995311e-06 -1.318080566129938609e-06 -1.535343462941514226e-06 -2.019821107184450460e-06 -2.570492132870132424e-06 -3.324489334481358400e-06 -3.579873268721117512e-06 -3.141198004093346051e-06 -3.514581765103097051e-06 -4.683493101293186470e-06 -4.406601449721040126e-06
1.990360231103820703e-06 -5.965817184903788168e-07 3.819924003892773029e-07 -1.861877776290045600e-07 -1.526115484452118169e-06 -4.756260218351155082e-07 -1.349204150942975738e-07 -6.310227534695259559e-07 -1.200525147611169730e-07 -8.262682021356195990e-07 -1.129816416781110713e-06 -1.174200023367304505e-06 -1.409181858161575386e-06 -1.525626914188957446e-06 -1.628815254448276344e-06 -1.663555798132936109e-06 -1.029047343700488323e-06 -8.195864806536239175e-07 -9.814734164332952211e-07 6.431822673748642619e-07
1.618836996293514086e-06 -7.647147257265970487e-07 2.454695180505004077e-07 -1.873543324177371261e-07 -1.646491321802039824e-06 -3.781002253447979429e-07 2.287873620467172209e-08 -4.957615474212770645e-07 -8.118922849366142249e-08 -9.252897897478876065e-07 -1.197025084063322781e-06 -1.237890972433343652e-06 -1.614931639735105470e-06 -1.888691591069385241e-06 -2.282293619619821001e-06 -2.489704928466905467e-06 -2.092048892330570225e-06 -2.093419416081681359e-06 -3.318075230438515500e-06 -2.822580362758769576e-06
2.096138743774057427e-06 -4.935085150704695312e-07 4.697028535752541710e-07 -7.973960552043645291e-08 -1.479900859450170115e-06 -3.769623219458792675e-07 1.809925616953609055e-08 -5.450949197847219965e-07 7.901385096444139555e-08 -5.593239048278050698e-07 -7.755652543381154272e-07 -8.871898556202077898e-07 -1.232368153867042023e-06 -1.799066052228723831e-06 -2.610125724883625552e-06 -3.125843563169153272e-06 -3.058657422099423840e-06 -2.997254286159025842e-06 -4.062064631747975577e-06 -4.397487197446804660e-06
2.109937859507387262e-06 -5.269692660627640801e-07 4.677119961063415305e-07 7.844454367943188320e-08 -1.462532529700097635e-06 -2.889164081038670600e-07 -2.487482243887453314e-08 -5.817031976731538428e-07 -9.072817115272174946e-08 -9.115668445878089850e-07 -1.305793107809003857e-06 -1.449394375426916330e-06 -1.662737129822554634e-06 -1.940652692683161111e-06 -2.259137447712414949e-06 -2.212149841064608098e-06 -1.677672678369529175e-06 -1.783450799231351047e-06 -2.349309149531463777e-06 -1.411443913389716151e-06
2.013117652867609412e-06 -4.423277546227936499e-07 4.805802758747349722e-07 -5.505273805542354212e-08 -1.460640747466019679e-06 -3.627329708868401010e-07 -9.442979795361107696e-08 -6.437617831677605378e-07 -2.047111211621904789e-07 -1.011144355067685988e-06 -1.198701456559196588e-06 -1.248093093308917996e-06 -1.635758000693144824e-06 -2.194283946758293434e-06 -2.827205312963098918e-06 -2.997656868884517475e-06 -2.631277847917960852e-06 -3.135250336673997796e-06 -4.615842804081974762e-06 -5.254812413272680334e-06
2.044012029416454071e-06 -4.682915934199214819e-07 5.010137903811723385e-07 9.238374924287674962e-08 -1.341542769285835523e-06 -1.610553814006516804e-07 8.374740084345638757e-08 -4.661798760737953993e-07 -3.376866297866181526e-08 -7.260856093240448603e-07 -8.708225801721289007e-07 -8.293302806795557785e-07 -1.011703463014217821e-06 -9.903890948100075610e-07 -1.221950244599255526e-06 -1.596835522125558664e-06 -1.596882971327271581e-06 -2.307505598732330406e-06 -3.943780370762351662e-06 -2.886421223214749981e-06
1.921743281621460813e-06 -4.651412621742386676e-07 3.956118588651917953e-07 -1.621922790610904319e-07 -1.435081756048452959e-06 -3.975586915388127297e-07 9.536302793839293860e-08 -4.541070854652435881e-07 4.822682576490532037e-08 -6.062510885480168124e-07 -7.287899130772397220e-07 -7.632482305169935410e-07 -8.940679140432889041e-07 -1.268281834916197165e-06 -1.853962623131869476e-06 -2.211685978711224445e-06 -1.529427837846398936e-06 -1.624143725400614976e-06 -3.402022239758478711e-06 -3.758008836644030628e-06
1.929542882493897531e-06 -7.059728747115875723e-07 2.886641766316480328e-07 -1.048721402273701452e-07 -1.358534862539759501e-06 -2.045939919337359603e-07 1.583021247777861610e-07 -5.037379998386149522e-07 2.651335713220416313e-08 -6.757125050830270047e-07 -7.710955341120475451e-07 -7.541319970502651933e-07 -9.276412874930986126e-07 -1.133266558534896691e-06 -1.495253966244529504e-06 -1.763684109260514516e-06 -1.113136185215822571e-06 -6.458105907192958327e-07 -1.025056088265039460e-06 -1.883583803311591248e-07
2.154767637551745743e-06 -3.411674992696549080e-07 4.539615913102058827e-07 -5.772839101978266102e-08 -1.490761737086143877e-06 -2.389241051128494977e-07 1.746957846420974570e-07 -3.269382550987777109e-07 2.089332183410622686e-07 -5.723515807842972673e-07 -8.599063069477142702e-07 -1.040724501864093977e-06 -1.502266398085295451e-06 -1.881345653488647592e-06 -2.382837879749202074e-06 -2.652001721569682147e-06 -2.091724735268157783e-06 -1.438976855452353193e-06 -1.594349821465697145e-06 -5.202046735152871169e-07
2.172450094895006324e-06 -4.333848690312800405e-07 5.155141764398286833e-07 2.184646979855511738e-08 -1.486284354532105525e-06 -4.573298872959695576e-07 1.033463437642727209e-08 -6.643284439265700659e-07 -1.985781596596441800e-07 -9.522921443556462195e-07 -1.020690872678339510e-06 -8.614957190551650987e-07 -9.473052070316945513e-07 -1.014520059451630778e-06 -1.166894021550203820e-06 -1.532912750773148225e-06 -1.387079053479916331e-06 -2.253521731346842897e-06 -4.044433413722246947e-06 -3.676308208174431169e-06
2.082706471902267810e-06 -4.394525467483275149e-07 5.058784200478257700e-07 -1.008151997426316502e-07 -1.505844212673319112e-06 -2.419474750007072379e-07 1.077876043980132164e-07 -4.950547263622518712e-07 -1.170637029995722383e-07 -8.647915282025796164e-07 -8.896746530310308297e-07 -9.846415613313183725e-07 -1.320909511286751159e-06 -1.805464637328725077e-06 -2.655740384217204870e-06 -2.990675377788818016e-06 -2.570464831791920118e-06 -2.446776258589357135e-06 -2.945611315031855933e-06 -1.111921104528607429e-06
2.032101854700226197e-06 -3.853549069781492023e-07 5.479094740755941289e-07 -3.449758125654904646e-09 -1.334918802994572892e-06 -1.745213951963239548e-07 1.535234057587412283e-07 -4.371771632056029874e-07 2.493871199190602515e-07 -3.628100433159236502e-07 -4.701544400751365047e-07 -4.042566177939033930e-07 -5.668432101663814739e-07 -7.283637202164405157e-07 -1.105396226577253066e-06 -1.031603976575548746e-06 -4.777120704642097882e-07 -5.873695997697839917e-07 -1.242657409378867206e-06 6.383716615659052613e-07
1.888888097456619104e-06 -6.994581650268385618e-07 3.874226065977760733e-07 -1.606487468427900565e-07 -1.689624180863401787e-06 -4.773111325983287288e-07 -1.080988157496813045e-07 -6.648899520656135590e-07 -1.869683326845413730e-07 -9.474134423057020026e-07 -1.111669211109484830e-06 -1.126688629258917315e-06 -1.537351974955239870e-06 -1.966687077050318603e-06 -2.541823696635185712e-06 -2.871147406160333323e-06 -2.338326682751835903e-06 -2.179375800546610407e-06 -3.465871182360095303e-06 -3.126786505724064446e-06
1.973061893970508697e-06 -5.407292871753464143e-07 2.904977695080551470e-07 -2.293972965996365282e-07 -1.565454139726679794e-06 -3.466762546462204888e-07 5.422392728771540971e-08 -5.687875313344039921e-07 -2.788661255732881518e-08 -6.533999280343915671e-07 -8.634407139563727777e-07 -9.223647317709324547e-07 -1.174361057091609377e-06 -1.559520989933492425e-06 -2.232723949591849636e-06 -2.526543348432478068e-06 -2.175725736113004312e-06 -2.628161361063046367e-06 -3.946393821089642721e-06 -3.929395113452217736e-06
1.929930134942589467e-06 -4.410192132108071430e-07 3.989312856045599611e-07 -1.629461908800144347e-07 -1.530481839996775962e-06 -3.884621347559670431e-07 1.219171287921636784e-08 -6.169430963366236236e-07 -3.802145848873625748e-09 -7.264131425670123980e-07 -8.877469423230936401e-07 -9.720990944660848275e-07 -1.378371634199122012e-06 -1.991757539031340175e-06 -2.739688313108219535e-06 -3.211388118180554563e-06 -2.883238283023768850e-06 -3.092809325603831264e-06 -4.365834866543732301e-06 -3.463475888741868885e-06
2.082659139489837131e-06 -4.526067903940700914e-07 4.650580391834616092e-07 -1.142452251981596826e-08 -1.293381385671875110e-06 -2.669984023294771508e-07 4.914625131346982682e-08 -5.332316346415648986e-07 3.868913079822908428e-08 -5.744442647752732789e-07 -7.319090106998244470e-07 -8.102567255129967520e-07 -9.229750468542798429e-07 -1.059390328508372695e-06 -1.407054951977278242e-06 -1.738842611493899479e-06 -1.497834499146041795e-06 -1.475402054705743328e-06 -2.166720934944613117e-06 -1.434749367726897033e-06
1.766641195088626106e-06 -6.822424721621887243e-07 3.884852521658602099e-07 -1.700687094549018392e-07 -1.474414529778793958e-06 -3.681360754210549587e-07 -1.113551157467970407e-07 -7.166907289844345964e-07 -1.675184021946743572e-07 -8.285161997515931785e-07 -1.154926177231603301e-06 -1.316627267150875140e-06 -1.777079394417677982e-06 -2.404583613130257553e-06 -3.328145939853528677e-06 -4.226751293471002145e-06 -4.582600489188447407e-06 -5.266782672612411545e-06 -6.409433745672179837e-06 -5.905488460507561307e-06
1.973429930048438394e-06 -7.886907734421804758e-07 2.088455350262984905e-07 -1.634525288302223704e-07 -1.545633913243908812e-06 -3.961847427154019502e-07 3.151233014410620883e-08 -5.582723669163109667e-07 -9.729597538228283215e-08 -8.731531909535539954e-07 -1.086085868158086682e-06 -1.280154838561175539e-06 -1.552291083296240558e-06 -2.024856455663754915e-06 -2.814779491284213822e-06 -3.501543002152328483e-06 -3.355264276427457601e-06 -4.335559412989847980e-06 -6.369296750180299871e-06 -6.396071892703882420e-06
2.118282119178854551e-06 -4.825930102709141663e-07 3.623478193962089140e-07 -8.654829023895581123e-08 -1.503725004034011511e-06 -4.892935334757263806e-07 -1.055439489058675566e-07 -7.282968036160276073e-07 -2.897563796019608673e-07 -1.031409155019960809e-06 -1.340173650037698281e-06 -1.507771945854715929e-06 -1.781168742706410122e-06 -1.968059701825163916e-06 -2.454429649084896881e-06 -2.657045700724836909e-06 -1.967142042361230773e-06 -1.693048770601698557e-06 -1.825535929344190491e-06 -6.767135856891595160e-07
2.032375078877141823e-06 -4.967703314555151586e-07 4.808016482744207415e-07 -9.721364146757428114e-09 -1.584853329563630188e-06 -3.740510177628337704e-07 6.852167907509979067e-08 -5.829897044901870650e-07 -1.500364079535142813e-07 -8.607322691659228793e-07 -1.157082722575374773e-06 -1.243861148472475988e-06 -1.549361031347880170e-06 -1.908576434323952081e-06 -2.315754163626670742e-06 -2.321916551609295956e-06 -1.763552865418380439e-06 -1.923732412408802819e-06 -3.264124295482788396e-06 -2.816863825648892926e-06
2.120215314758033830e-06 -3.602387019620962334e-07 3.999000239254602621e-07 -9.615010296041838905e-08 -1.470691344536607761e-06 -2.949988087607554402e-07 1.213617646789143667e-07 -4.497843470414926906e-07 8.862856413721491605e-08 -6.512821879965746933e-07 -9.579200195585331617e-07 -1.219338064614929326e-06 -1.865262245262203819e-06 -2.569363718582099054e-06 -3.419496034829141759e-06 -4.095502524566457786e-06 -4.430296015931946528e-06 -5.272990361005684686e-06 -6.772467189055554610e-06 -7.544450779137906919e-06
2.189142610228699867e-06 -3.187969009561714488e-07 6.482601686319533188e-07 9.413364730624500464e-08 -1.303378341946927969e-06 -1.794806186325795392e-07 1.660234943360872109e-07 -3.273098509112993181e-07 1.466103014490589843e-07 -6.728583166920509422e-07 -8.095201124623073480e-07 -8.774136841489575627e-07 -1.441039536278149000e-06 -2.188189753758812414e-06 -3.070457510147519153e-06 -3.227217137590440839e-06 -2.931428437488680551e-06 -3.198794437915401020e-06 -4.784299523476134316e-06 -5.079990416814635237e-06
1.995141492593655663e-06 -4.667362121027632343e-07 4.011997751562768876e-07 -1.816313930708381494e-07 -1.513057491942158375e-06 -2.101992208479956191e-07 2.644919207700503425e-07 -4.089121112628916122e-07 1.790957401990699357e-07 -5.350349642006290193e-07 -5.555840023146574018e-07 -5.318858622104672574e-07 -6.259859540883208630e-07 -5.840979058939276225e-07 -9.696678577420641596e-07 -8.914511885951830794e-07 2.245251956488329019e-07 1.289389334586075596e-06 7.057058251639330958e-07 1.459620988995468987e-06
2.015597528066678595e-06 -4.073933245898381008e-07 5.303981829110353996e-07 -1.020481996535680898e-07 -1.441358863396969868e-06 -2.854514222874525702e-07 7.381313765690651042e-08 -4.292101858424000470e-07 2.308281973570186903e-08 -5.882693925433196268e-07 -7.415954872949974987e-07 -8.177860214182889418e-07 -1.046437800063966398e-06 -1.494147328638547822e-06 -2.133308474299517209e-06 -2.549234840268236116e-06 -2.040303694311156103e-06 -1.750059593424281392e-06 -2.158129177363363153e-06 -7.705509994874623776e-07
2.229853427687596110e-06 -4.357435384115123019e-07 3.343959236123607858e-07 -1.089448744836418567e-07 -1.481792116768257966e-06 -2.024174495463349204e-07 2.281952681167766793e-07 -2.569258528754854719e-07 3.441484037324984211e-07 -2.410455807907290907e-07 -1.890002427283664001e-07 5.115604374572714709e-08 -6.560997220088771463e-08 -3.009995210867710790e-07 -7.277481399865325643e-07 -1.027988258877981324e-06 -9.485162636386628646e-07 -1.125041251914457252e-06 -1.847673927302012435e-06 -1.232690371421146242e-06
2.166696464300790535e-06 -3.741389013227436644e-07 4.967334992094125002e-07 -2.007503236219086444e-08 -1.410703803232992960e-06 -2.007353364109970141e-07 1.361105310183946569e-07 -4.070457331251949786e-07 1.862142724577759220e-07 -4.610899140810825603e-07 -4.699670525363435574e-07 -3.763593020918490490e-07 -7.248203508114222532e-07 -1.179208493494366619e-06 -1.651294008451921345e-06 -1.421279125302683658e-06 -5.837745354384153384e-07 -1.345598933586382406e-06 -3.299826818404679123e-06 -3.402337358729980415e-06
1.976417933518362119e-06 -6.478930228860078619e-07 3.513902384680656305e-07 -6.680045887041516903e-08 -1.343620592819358356e-06 -9.798901693281463070e-08 1.567824286440265970e-07 -4.093667918436084179e-07 1.578193288695668730e-07 -4.383648502076230021e-07 -5.799491037021422214e-07 -6.826964326482167580e-07 -1.055018890056006219e-06 -1.531366811305559784e-06 -2.124972269319846497e-06 -2.389155891597029172e-06 -1.593822673774413500e-06 -5.486631894833850981e-07 -4.389582671056907807e-07 1.028823014948557732e-06
2.050842171665413519e-06 -4.806768738884326084e-07 4.269224167063502408e-07 -1.672440752158575514e-07 -1.600874715496589018e-06 -4.802042004604953520e-07 8.555812964208883141e-09 -6.090162826781863485e-07 -2.077962773700900978e-07 -8.647772734610695730e-07 -1.071117125823297998e-06 -1.107757999455586420e-06 -1.268037413150077354e-06 -1.515572619509552610e-06 -1.863621107099683761e-06 -1.814425372742663529e-06 -1.281189679225935927e-06 -1.180164880935405610e-06 -1.829134441269940597e-06 -8.081664854074025431e-07
2.069794799316536581e-06 -4.310037001557696333e-07 5.722609355042773270e-07 1.435037461188498043e-07 -1.324859662437711910e-06 -2.808611201163353444e-07 6.876176996363558191e-08 -4.452682104162109018e-07 -5.898946592764912711e-10 -5.965906922996291629e-07 -8.574545247162795860e-07 -9.776023474268890505e-07 -1.512040832140690670e-06 -2.161873756474536750e-06 -3.050797413903371558e-06 -4.087236023226149680e-06 -4.611838479290195153e-06 -5.748274406938014659e-06 -7.466066762047023773e-06 -7.461041853671247674e-06
2.065570376072532570e-06 -5.884182526076564430e-07 4.213964655311247995e-07 -8.929232393609309839e-08 -1.512622541863929621e-06 -4.344686274708896974e-07 -1.044810077184389661e-07 -6.782521879680280246e-07 -3.081905738975931607e-07 -1.020644064576762082e-06 -1.145019445261320004e-06 -1.075698957743944226e-06 -1.339029784317420148e-06 -1.560326045240577947e-06 -1.972479832431989626e-06 -2.131796516039314749e-06 -1.209330326216029303e-06 -5.685548339378592324e-07 -7.205651239792407515e-07 6.505598259920062598e-07
1.963480342867075838e-06 -6.232105967871856472e-07 3.026428194635335104e-07 -3.290598965167943918e-07 -1.654796184265996452e-06 -3.298933102403388632e-07 7.961802982971045309e-08 -5.194984655889378824e-07 6.963437916236492506e-08 -7.030109643127216486e-07 -8.960934239843226430e-07 -9.779489193643051533e-07 -1.432911975155379514e-06 -1.976742024391689251e-06 -2.590310118305567629e-06 -3.114129207393709525e-06 -2.837324684532206996e-06 -3.206385433894274844e-06 -4.209121661911210705e-06 -3.379715805133880401e-06
1.969880672006109394e-06 -4.386483942054140375e-07 5.870471355584051362e-07 -6.372597681814079567e-09 -1.402605085505789044e-06 -2.570672608655147546e-07 1.341767724040378834e-07 -4.143863882142315402e-07 6.579388944325904585e-08 -6.232662729933860243e-07 -5.427732081298260361e-07 -5.016566371880370098e-07 -9.103375221612167819e-07 -1.506826910295314134e-06 -2.579198329850033125e-06 -3.512750603414167899e-06 -3.888723657137190837e-06 -4.423824154862887767e-06 -5.569593327511497830e-06 -4.937220857957600909e-06
2.046159837446711509e-06 -5.404973928928296017e-07 4.068417272794898766e-07 -6.791742906034784805e-08 -1.618287590311741913e-06 -5.809286881537975787e-07 -6.733489084440251136e-08 -6.979785745766655586e-07 -1.605098014851263336e-07 -1.042177975689767297e-06 -1.219373619170352135e-06 -1.391213749399120359e-06 -2.012991047875358855e-06 -2.524216763195538659e-06 -3.083622579408311238e-06 -3.507175200608223331e-06 -3.806297828444672438e-06 -5.224527544198435768e-06 -7.502684730762315735e-06 -7.636414876237455972e-06
2.073418956070092048e-06 -4.055505642318427740e-07 4.025208351838886214e-07 -8.267552217817811039e-08 -1.526448842283715851e-06 -4.021643983014475529e-07 5.623866610372989318e-10 -6.470711645298762009e-07 -1.674661072088610300e-07 -8.931230767004940577e-07 -9.163045396050745650e-07 -9.722158241257073114e-07 -1.278807990459477167e-06 -1.645919808788737442e-06 -2.271083639209353719e-06 -2.546452103914403506e-06 -1.940815015730171259e-06 -2.143643514242904259e-06 -3.565074780924349230e-06 -3.202301335678891931e-06
2.081055589219720361e-06 -5.173783040731266638e-07 3.469555226514047984e-07 -3.025056173006622684e-08 -1.337720755640438570e-06 -2.397060452726278975e-07 1.884285005229727650e-07 -4.287192810370369153e-07 -3.568610103775870567e-08 -6.796099400027518806e-07 -9.917599420184468253e-07 -1.123819773365106337e-06 -1.435093583842398137e-06 -1.863449600557518732e-06 -2.508526916324865524e-06 -2.619888421326972008e-06 -1.647403227957746348e-06 -7.703715808554184639e-07 -6.770910215005505017e-07 4.687839872459652421e-07
2.015016890070841013e-06 -6.535608167021669463e-07 2.538044868640543690e-07 -2.319364169159829578e-07 -1.704378297213464673e-06 -4.152661574160125770e-07 3.970671759624517783e-08 -5.929933410197787100e-07 -1.444425278913074354e-07 -8.403889669504271137e-07 -9.892133623159568102e-07 -9.962121731101067585e-07 -1.343030627590099824e-06 -1.743561323133072170e-06 -2.375859602210069445e-06 -2.702908810218220224e-06 -2.220741749382625863e-06 -2.385233791276388034e-06 -3.353902101668428090e-06 -2.780927079947325459e-06
1.882722639873803904e-06 -8.265507465782912101e-07 1.064421648801358093e-07 -2.070760555613659856e-07 -1.515623201337690576e-06 -3.258023508948050434e-07 1.170589984073197964e-07 -4.993487444607918836e-07 -4.806586219917291946e-08 -8.042569503795919693e-07 -1.245265689468097629e-06 -1.692836819493312582e-06 -2.278399743315434740e-06 -3.091144084477802573e-06 -4.190488464133913816e-06 -5.187159196617461472e-06 -5.737198229651509080e-06 -7.247365078941627057e-06 -9.786123377884041284e-06 -1.122445405327931075e-05
1.905823788885612259e-06 -6.144221530570131459e-07 2.970515670303879386e-07 -1.572330139868081107e-07 -1.504551546872277235e-06 -3.730743300604512347e-07 2.429442984800963593e-09 -5.320778703210155740e-07 -4.508782975973989716e-08 -7.508679364364637198e-07 -8.813538862050682138e-07 -1.236896632060340116e-06 -1.738162898356374950e-06 -2.106003204206468106e-06 -2.824321561399123591e-06 -3.386458236993521165e-06 -3.236783179646654751e-06 -3.822556905050119252e-06 -5.213469285258602975e-06 -5.423490920009479069e-06
2.188423858589262634e-06 -3.238394843109138204e-07 5.525547808417078460e-07 2.825447556706900558e-08 -1.369852877694748131e-06 -3.212613967406547555e-07 2.167454862283823328e-07 -4.348223926897807711e-07 -4.558533166657696242e-08 -8.493278006917553002e-07 -1.043079264236050901e-06 -1.388443569120850095e-06 -1.671303691296126886e-06 -1.938047599885254348e-06 -2.700067208851859599e-06 -3.468229970541355034e-06 -3.844989695762992059e-06 -5.073032272045765754e-06 -6.846726603537593248e-06 -6.985101142266461696e-06
2.036438439144452461e-06 -5.415025850187832518e-07 3.446999699446084458e-07 -6.674110799680596769e-08 -1.379197369666226936e-06 -3.224351404309188732e-07 9.456739994043668036e-08 -3.745543262190557944e-07 2.497733372021669395e-07 -5.152644365834761253e-07 -6.886121692655923190e-07 -5.979756380324350795e-07 -8.633644426465086334e-07 -1.432118544079974893e-06 -2.086164004077150203e-06 -2.486780872740249328e-06 -2.277625606767083562e-06 -2.620600515687797757e-06 -3.453723985514545982e-06 -2.844350188818836884e-06
1.951559806939958997e-06 -4.608629288126891419e-07 4.345781069763975127e-07 2.528061101777187117e-08 -1.335921804841047277e-06 -3.224013809296495282e-07 3.742256434425142521e-08 -5.840468580512108474e-07 -9.839946193973862338e-08 -7.799341044472145309e-07 -1.009174685400806863e-06 -1.071952369439554385e-06 -1.272946082328760805e-06 -1.511090002296382514e-06 -1.911219759875783161e-06 -1.971911172754524664e-06 -1.336254575261719089e-06 -1.460481827152381938e-06 -2.449163912093375799e-06 -1.930730385144928606e-06
1.892642035680265510e-06 -5.851087808377421584e-07 4.274545136942141137e-07 -1.682186960667715557e-08 -1.489646967743143202e-06 -3.859757440915686945e-07 -6.963267364755989488e-08 -7.298727048975193653e-07 -1.738109245314077810e-07 -9.248912444035648558e-07 -9.900436062904874557e-07 -9.629807560992089463e-07 -1.140656830153405753e-06 -1.297795482864471883e-06 -1.578375383054729720e-06 -1.760826919291447168e-06 -1.274965117717333419e-06 -1.470084704619810545e-06 -2.434677298892509491e-06 -1.745265518606061713e-06
2.026217146456232186e-06 -5.711011432147068005e-07 3.465739499903818293e-07 -7.443467503561989614e-08 -1.396772597676909057e-06 -2.450557221326932085e-07 1.509566879026173363e-07 -4.498058297283140134e-07 1.074071774771684607e-08 -6.858648987707385802e-07 -8.311626665931736480e-07 -8.507707504458720637e-07 -1.074126868422247266e-06 -1.191425821050627057e-06 -1.609949011091407824e-06 -1.771336331146619136e-06 -1.212072264359127127e-06 -9.004162196800603677e-07 -9.292932339248667586e-07 3.771594268669239338e-07
1.892161882454653903e-06 -5.887940113609544729e-07 3.430021549979496737e-07 -2.180515787104235302e-07 -1.556773386282037286e-06 -4.594289129440208692e-07 -1.174951822331034863e-07 -6.365792606717635289e-07 -1.435493105224533332e-07 -8.217479709057396935e-07 -1.042657563977926531e-06 -1.114618385987283792e-06 -1.425425444498812107e-06 -1.726511102447558174e-06 -2.269453433816080665e-06 -2.874757407297501859e-06 -2.913787052178358875e-06 -3.210202107357764594e-06 -4.730551461902653442e-06 -5.063636005692399623e-06
2.026553175469928666e-06 -5.220603646705159938e-07 3.641839501086188509e-07 -1.013345724911221532e-07 -1.470495074598432447e-06 -4.171906987700127539e-07 -1.152292573707261228e-07 -6.818887127019068879e-07 -2.744354393384248537e-07 -8.674665545646443039e-07 -8.323067648059391774e-07 -8.232358296258126798e-07 -1.156111422616906130e-06 -1.332671497355544421e-06 -1.635459893805774757e-06 -1.710750612167377932e-06 -7.900900165713607356e-07 -4.920810174847961108e-07 -2.125756972850207017e-06 -2.977901311034663230e-06
2.033429937655486982e-06 -5.218284119803846937e-07 3.076508365208781402e-07 -6.505675808306209603e-08 -1.432543325818257524e-06 -2.826825823472865093e-07 8.125659879143909966e-08 -5.844361124497007922e-07 -2.148715310909290260e-07 -9.781591052188963965e-07 -1.226403860484278855e-06 -1.300646466131330217e-06 -1.659794722363706939e-06 -2.125184526887319511e-06 -2.869797753269291504e-06 -3.366624287578313220e-06 -3.021321976547755322e-06 -3.837198994747698673e-06 -5.878540164395946533e-06 -5.315782647388960327e-06
1.941330772559713206e-06 -5.343385351276484328e-07 3.815818552805117013e-07 -1.367750241383923059e-07 -1.476928184242269165e-06 -3.331866217059078938e-07 7.433169630010026848e-08 -5.594991318865165658e-07 -1.466664233275461290e-07 -9.496871016883138968e-07 -1.025510226821906140e-06 -1.125359964722173397e-06 -1.400853324722214478e-06 -1.739362284907373886e-06 -2.370312731371736193e-06 -2.556676364171358829e-06 -1.548522101605205990e-06 -7.777918009268267297e-07 -8.879906800146861527e-07 4.660620287987621579e-07
2.113562749625012325e-06 -4.071609321407527291e-07 5.160388435974423998e-07 -4.138481468404083568e-08 -1.523007517302293482e-06 -3.766902327165509244e-07 1.808784319642029571e-08 -6.566371475302047825e-07 -8.392190942509741044e-08 -6.824545902722943585e-07 -6.736494663238217236e-07 -6.060469279600045640e-07 -8.591207497936297931e-07 -1.179381742929561203e-06 -1.895924488848635561e-06 -2.602188548464728660e-06 -2.685524280410432716e-06 -3.008546554481780664e-06 -4.666883414704095635e-06 -4.917535119240986752e-06
2.232554999559410567e-06 -5.708918167670756528e-07 4.533481021961419306e-07 -1.691612087314526301e-07 -1.486035661052346128e-06 -3.451183786079796049e-07 2.936582668989304974e-08 -6.158838065807859500e-07 -2.723615083295391766e-08 -6.350760857562158010e-07 -8.750150024996469326e-07 -1.038223794576340686e-06 -1.437354007998157515e-06 -1.784250207626918217e-06 -2.292992631784148754e-06 -2.484029274841669484e-06 -1.788324717456119698e-06 -1.868981801770257000e-06 -3.130290342076485623e-06 -2.465571096533995749e-06
1.998539092236740563e-06 -5.548198293039450704e-07 2.863556787018173772e-07 -1.414393157970717193e-07 -1.530857927341838551e-06 -3.878322314470903460e-07 -3.585034283758419868e-08 -6.133026882457509685e-07 -6.204067162203828919e-08 -6.996711852682376807e-07 -8.715262532204090731e-07 -8.135320642740615094e-07 -1.063424440971312786e-06 -1.199356283590066898e-06 -1.555551295942936786e-06 -1.634760504071505341e-06 -1.374496126113018185e-06 -1.367238692019667231e-06 -2.148183823224261192e-06 -7.773100088757702798e-07
1.995493453566042965e-06 -4.713260104018217409e-07 3.955169732873278845e-07 -1.797560759644498645e-07 -1.489830682424884464e-06 -4.793740515332954522e-07 -9.531438146545455192e-08 -7.465064307827682391e-07 -3.233105012321025575e-07 -9.540798677011745336e-07 -1.272808066608792171e-06 -1.456786948813015949e-06 -1.873131026403501305e-06 -2.309339114172357937e-06 -3.039027831679034010e-06 -3.506752297447124657e-06 -2.998096398423961162e-06 -2.904360882172076297e-06 -3.675620793193876470e-06 -2.972506238852112913e-06
1.980570331547181367e-06 -4.425877789076902813e-07 3.579674757839667066e-07 -1.117986750298057458e-07 -1.429154085486795345e-06 -2.178825901915283781e-07 2.134633167366352441e-07 -3.056355090313849433e-07 -1.187195779574493675e-08 -6.485819001207365115e-07 -7.763443790419165157e-07 -7.905965021487349774e-07 -1.133552618206221080e-06 -1.584069776137343061e-06 -2.069788577089868958e-06 -2.126668115253909523e-06 -9.209260961404357876e-07 -7.561231379290171813e-07 -2.142607626156907306e-06 -1.630040342920976250e-06
1.896229156424968754e-06 -5.569620564570662039e-07 4.604234056978455699e-07 -8.332100199502065338e-08 -1.497804533347768975e-06 -3.641797479392545640e-07 5.410353712795519973e-08 -5.073509125276484010e-07 7.694457322925067618e-08 -6.828338373594840413e-07 -7.853387747392997428e-07 -7.073833566017597043e-07 -9.259641597823401840e-07 -1.115054677371285187e-06 -1.358870902990301934e-06 -1.280345945448349529e-06 -3.459072776320524654e-07 2.711750439927266790e-07 -5.000283366485023579e-07 3.146521620746035744e-07
2.022576025941237917e-06 -4.224442138256425058e-07 5.106891037755315123e-07 -1.762188699568975666e-07 -1.512649726004541891e-06 -2.756391191354512412e-07 1.952415974245542109e-07 -2.302557717627158834e-07 3.471632568165900525e-07 -2.823678776486462718e-07 -4.930232251670289176e-07 -6.761337579502366360e-07 -1.052711871179357816e-06 -1.675186723596891285e-06 -2.657721175943708449e-06 -3.448707692617231705e-06 -3.500750191477382537e-06 -3.733677409368084133e-06 -4.892884271505288609e-06 -4.047826338414345708e-06
2.137862020583488151e-06 -3.571617347469166110e-07 2.905464247372987331e-07 -1.009628255013911237e-07 -1.454262457886151754e-06 -3.904939645969830816e-07 1.402657673340257970e-07 -5.490101466526104218e-07 9.352749315911322270e-08 -5.672868169861246349e-07 -5.708673999321156240e-07 -5.617663595693263211e-07 -6.725321927065172867e-07 -7.984516756327148652e-07 -1.149808688347698292e-06 -1.431890600994407785e-06 -6.769796537196707734e-07 8.864075868138950190e-08 -2.750889803269217522e-07 5.627660604637606542e-07
2.082285917181263785e-06 -4.508946418830473422e-07 3.987039835165912985e-07 -1.179482494109116523e-07 -1.422819353378267087e-06 -1.767708933413543811e-07 2.716658955358608706e-07 -2.509585340493884740e-07 3.106703145829018587e-07 -2.878808616072508446e-07 -4.129925278403349837e-07 -4.072253289083333244e-07 -6.419323095910937264e-07 -7.779622695064294961e-07 -1.367634941901848315e-06 -2.022290868055171078e-06 -1.965212833396504712e-06 -2.381654078081358009e-06 -3.673882642189018388e-06 -3.953199023596637367e-06
1.845259267053767199e-06 -6.635093502102215220e-07 3.298397359514125385e-07 5.146991964479030600e-08 -1.362746838828490722e-06 -1.836545529520422441e-07 1.759104223230993550e-07 -4.108098454661853654e-07 1.431599961150172323e-07 -4.673798442894421796e-07 -7.086630248654258495e-07 -6.987571564952336927e-07 -8.605442340136805430e-07 -9.604646089065349990e-07 -1.369186668261836390e-06 -1.501349821910519463e-06 -6.694941214989863300e-07 -3.740629924589359007e-07 -1.070699635910902433e-06 -1.228305000101533296e-06
2.090875647321981395e-06 -4.424174653901156646e-07 4.687933698586846229e-07 -1.552669203613523460e-08 -1.424183132145084532e-06 -3.450122513499151371e-07 1.098196615977670471e-07 -5.306879241403709181e-07 -1.999321601169110455e-08 -7.895416198775609786e-07 -9.510809888170068479e-07 -1.082208810035625331e-06 -1.358335846605840731e-06 -1.608497217051034053e-06 -2.131290358494357012e-06 -2.254043363490866395e-06 -1.509208709028691363e-06 -1.443622725563237090e-06 -1.426570646630795874e-06 8.521765834798639020e-07
2.192317179300809686e-06 -3.203479157622976641e-07 6.188342148331012966e-07 5.188274005232327518e-08 -1.246954121799251182e-06 -1.045576949680828136e-07 2.142707566165768172e-07 -3.739257810823021770e-07 1.195430488283246522e-07 -4.764541603370238324e-07 -5.784528710374101434e-07 -4.941567488256456646e-07 -5.996087567886839653e-07 -7.144245181342981244e-07 -9.763072332957254137e-07 -1.437264067102294452e-06 -1.255867143479184797e-06 -1.206138419717165123e-06 -1.219926572060357025e-06 7.156252099318008757e-07
2.250135083012901326e-06 -3.128762474961903897e-07 5.201416720176262009e-07 -6.931445818929092767e-08 -1.479727936548684762e-06 -1.879926594269040116e-07 3.424979113886145295e-07 -2.398099428443424821e-07 2.289978587475340098e-07 -4.411035447120634259e-07 -6.201871429661018036e-07 -7.588598484783590891e-07 -1.169674592136235878e-06 -1.699740625600041200e-06 -2.318181301244248228e-06 -2.260200156967664534e-06 -8.878119001040980899e-07 2.881606302662485180e-07 -3.777190092927997305e-07 5.960929436098438113e-08
2.169110283770995058e-06 -5.034945511243832502e-07 3.471194055957465544e-07 -2.331332771360949536e-07 -1.550378972582609980e-06 -3.089870082629906692e-07 7.808579085447151891e-08 -5.362275037484185917e-07 -5.633844140770348644e-09 -7.669199569541742377e-07 -9.992358390424640777e-07 -1.174378178087401485e-06 -1.520706081844449961e-06 -1.782373347429137870e-06 -2.291906794852531360e-06 -2.651267584545103468e-06 -2.287526662583572307e-06 -2.554675360768103300e-06 -3.458621910867115122e-06 -2.788588778810302236e-06
2.117270989089275731e-06 -4.243258821354547357e-07 5.033253349103812802e-07 6.775316180302951911e-08 -1.471841649638448784e-06 -4.766547010908050318e-07 -2.726263628478413063e-08 -7.155729078109192258e-07 -2.921222302441146711e-07 -1.105472104080236964e-06 -1.306743226080052465e-06 -1.424485805291762982e-06 -1.735817411002037028e-06 -2.004147310201308701e-06 -2.229285444832344247e-06 -2.152867546575372513e-06 -1.537716387089269389e-06 -1.489302789911109435e-06 -2.451331658041052299e-06 -1.903575082602286910e-06
2.170701415052941227e-06 -4.066800154990897466e-07 3.968168160387871407e-07 -5.567308903120677352e-09 -1.519499461443208796e-06 -3.877977144053288077e-07 -5.638865838467512243e-08 -6.228551985870436003e-07 -6.227934509946897703e-08 -7.400910368700688597e-07 -8.267862503904458287e-07 -8.464530946690335919e-07 -1.177667987137992242e-06 -1.643251255421224297e-06 -2.204681020816459306e-06 -2.561322987005121583e-06 -2.388179074111469500e-06 -2.575582493773666635e-06 -3.482094202472063760e-06 -2.977883239620880846e-06
2.104335859087620551e-06 -4.809669756899246245e-07 2.483453005494739466e-07 -1.402513666100110335e-07 -1.486575106155746062e-06 -4.491518981998247847e-07 -4.992705711172901511e-09 -4.743368356367415114e-07 1.277164871496800358e-07 -6.112505464242768374e-07 -7.895409086766318082e-07 -7.283347548166253621e-07 -9.595958528070018306e-07 -1.108537630197012853e-06 -1.501206549037745332e-06 -1.510763952376890803e-06 -4.933929172013040963e-07 -2.530948126667484270e-07 -1.638535657672362818e-06 -1.171029026871600858e-06
2.037642184085927160e-06 -3.604907510397865588e-07 5.085356654990302789e-07 -1.242058491928809582e-08 -1.447784892376213676e-06 -2.417587970470503965e-07 1.543704582336033148e-07 -5.111520677495204513e-07 6.138828249347784555e-08 -6.855063575634339506e-07 -8.396851803163122870e-07 -9.143123081836670713e-07 -1.327109746852370693e-06 -1.784380062809344753e-06 -2.504703341558535297e-06 -2.918172528441242064e-06 -2.444743706400257806e-06 -2.425857096057670390e-06 -3.132138441773917536e-06 -1.990655082194773704e-06
2.015022965360905025e-06 -4.960812137645661756e-07 4.469074180705281194e-07 -1.086638993385050346e-07 -1.453444550050786995e-06 -3.706221173556086471e-07 1.059905839924407329e-07 -4.784669925538176327e-07 1.384305308754273905e-07 -4.884382318256701809e-07 -5.823724504775786027e-07 -6.219813709767837916e-07 -9.099883841698547481e-07 -1.274085628816019860e-06 -1.866967492120730891e-06 -2.239924792394711081e-06 -1.685396910410624637e-06 -1.685933866801463267e-06 -2.342467932715059020e-06 -8.782162380769709927e-07
2.022551596862573972e-06 -4.480603545958843071e-07 4.963192621499797925e-07 4.358554295267911530e-08 -1.399631489273229425e-06 -2.551407870089934680e-07 4.263373108474511706e-08 -6.219644632962683902e-07 -1.284220763609301566e-07 -8.637449753459298156e-07 -1.248377075456051158e-06 -1.365453906478572737e-06 -1.541492938583259461e-06 -1.533889906925094719e-06 -1.548300339555884774e-06 -1.680826632927214683e-06 -1.409965478736120944e-06 -1.713842991854932161e-06 -2.568813629639385011e-06 -1.844874744126177819e-06
2.218969673234362425e-06 -3.996251947446865608e-07 5.407286145765357286e-07 -6.510056046751484613e-08 -1.419722354264447841e-06 -3.074927188864565825e-07 3.694462317193942298e-08 -5.142040082329408557e-07 1.306643903107223336e-07 -5.311927160764053756e-07 -6.137827204337403212e-07 -5.080945815650067497e-07 -5.344999445618164502e-07 -6.913239886980907133e-07 -1.130537184317104373e-06 -1.524629682852624502e-06 -1.563985266727005729e-06 -2.258804396129619905e-06 -4.172754971701174210e-06 -4.879436862116725715e-06
1.862965725844871176e-06 -5.901524072850151751e-07 4.044289369287302617e-07 -1.353457706695883188e-07 -1.407977969020301821e-06 -1.568327628814134281e-07 2.814358320408493607e-07 -2.976826818017223892e-07 1.337759422515269574e-07 -5.410284845364307047e-07 -7.655656658841608267e-07 -8.896623415246164291e-07 -1.237281323778258008e-06 -1.402672736233174325e-06 -1.654598884925950565e-06 -1.811330012460932829e-06 -1.428210673760967420e-06 -1.460544603896789935e-06 -2.943087737860908321e-06 -2.737826658848314719e-06
2.020910209221279389e-06 -7.266962523710455605e-07 2.408802404232603462e-07 -2.536479600305122540e-07 -1.653648312662841880e-06 -2.913283891556579028e-07 -9.983789493492538357e-08 -7.464344046817747367e-07 -1.867964941407699863e-07 -1.036584560081895228e-06 -1.419890750756351359e-06 -1.659175122722900797e-06 -2.261274633989968112e-06 -2.690530825240144237e-06 -3.297389512661894459e-06 -3.596935600619223218e-06 -3.332123026068668247e-06 -3.729052654000665340e-06 -4.795071098940489509e-06 -4.631175643054623957e-06
2.324189939736128964e-06 -5.383534559961130085e-07 3.496768515412680861e-07 -8.489330976517888653e-08 -1.342899072497023167e-06 -3.442504422774164101e-07 -4.582366034986900173e-08 -6.641298301857064917e-07 -1.593973097497065757e-07 -8.787052342870937518e-07 -1.223359060940364274e-06 -1.476506512745472298e-06 -2.146412846699565902e-06 -2.683577218200688541e-06 -3.559113222542085250e-06 -4.228491191447949311e-06 -4.380324053020389059e-06 -4.918735321968412482e-06 -6.486291462936232926e-06 -6.598470909626012240e-06
2.006044468955663960e-06 -4.129680500678155143e-07 5.341974991536399571e-07 3.030729764655699744e-08 -1.413634396094272171e-06 -3.163599249510454673e-07 -1.257609154824185820e-07 -6.703164615331213291e-07 -4.996473823648921686e-08 -7.200745798951861373e-07 -1.013512578407668072e-06 -1.122521707873973803e-06 -1.486287084158939181e-06 -1.996891227249306718e-06 -2.822366764622003823e-06 -3.735011431237132262e-06 -4.433433997716406235e-06 -5.180476830991133381e-06 -5.933431276430344588e-06 -5.474120201437017901e-06
2.044516478500086057e-06 -5.602559426906236671e-07 4.591229691971450337e-07 3.100352164870346530e-08 -1.489276743222322534e-06 -2.476691100286576602e-07 5.191941125883840943e-09 -5.452721011567710909e-07 -6.990447010439788219e-08 -8.113284694298092979e-07 -1.175978646771157309e-06 -1.486847556897970152e-06 -2.152928249015039120e-06 -3.014740045552142251e-06 -3.976585605695051044e-06 -4.563843934382112398e-06 -4.613083506667982912e-06 -5.239315328862032716e-06 -7.008978833352254660e-06 -7.365623984458730189e-06
2.056838725148075038e-06 -4.621497425999108826e-07 5.903807380273315299e-07 2.375228311866673254e-08 -1.384044947059530425e-06 -2.006034592400538857e-07 2.116827186677064768e-07 -3.151529457843853867e-07 3.113114847705518373e-07 -3.655570472214470570e-07 -6.082916647578210058e-07 -6.534845950092498030e-07 -9.493644000355340895e-07 -1.370105948923820080e-06 -1.836931988727417426e-06 -1.878175469139191788e-06 -1.112219761211792670e-06 -8.324988113237211676e-07 -1.332556599857628655e-06 -8.631507555954643429e-09
1.874192665160631072e-06 -7.334167390669677897e-07 5.231170552039417632e-07 -9.272625723842860290e-08 -1.524158303382535322e-06 -2.393771333491923958e-07 2.072492112246759686e-07 -4.590320712493826430e-07 8.549500171399364054e-08 -5.388913090998568866e-07 -7.667796548216554200e-07 -9.435377669444122353e-07 -1.180307354687380520e-06 -1.512751424759079502e-06 -2.204864062159429523e-06 -2.486392321019303901e-06 -2.255075968134916975e-06 -3.364615784756082806e-06 -5.925808063835135737e-06 -6.345195016899763673e-06
2.119293140381157073e-06 -4.635208168652390795e-07 5.083566963514057129e-07 7.869009898585248257e-10 -1.495904610165570948e-06 -3.835047092823892919e-07 -2.073275403879155343e-08 -5.828117524943486690e-07 -3.149349480494372275e-08 -6.905720798270670506e-07 -8.436687532194128865e-07 -8.784614710458111765e-07 -1.224685287284183359e-06 -1.477954258012139845e-06 -1.849599416973114693e-06 -1.882363039069564951e-06 -1.361209875558807032e-06 -1.359835990358625695e-06 -1.506396420834255693e-06 3.032621503502227599e-07
1.900948173466128612e-06 -6.176754784653852235e-07 3.091792864886035678e-07 -1.731422543553149137e-07 -1.458282905064709303e-06 -3.520115433485307899e-07 7.604437971017442027e-08 -5.736167367086659223e-07 4.164607622473924063e-08 -5.788239967925756978e-07 -7.168170712809962437e-07 -7.045813419934291132e-07 -8.219327671770927589e-07 -1.066957120795031690e-06 -1.500421558435200577e-06 -1.353429915293530612e-06 -5.386115801845966340e-07 -6.609624888582938098e-07 -2.259425170710169316e-06 -1.968038370469642185e-06
2.054313447543417945e-06 -2.998287211497163273e-07 4.313680063951162501e-07 -1.809291108866914736e-07 -1.744290939863884273e-06 -5.648533416854295712e-07 -7.659636595833365257e-08 -7.917853544674950656e-07 -2.727090047237453413e-07 -9.826478603431998507e-07 -1.233205595043019505e-06 -1.268001109365337246e-06 -1.638973710272099623e-06 -1.785523000032380263e-06 -2.044548602643588748e-06 -2.134759132472650592e-06 -1.653877149364017456e-06 -2.064562177204999352e-06 -3.792154908632052804e-06 -3.648325428539540285e-06
1.921601928289934885e-06 -6.538206885145777781e-07 3.063167231799189337e-07 -1.221172024526708968e-07 -1.447810481140681733e-06 -2.373466308587795164e-07 1.719751433801224652e-07 -4.196188244632352419e-07 7.277045862892968214e-08 -6.210023338181563844e-07 -8.107872090662966433e-07 -7.777022424890131530e-07 -9.183385621902911145e-07 -1.224134864154900203e-06 -1.892773674297699590e-06 -2.139882954156509497e-06 -2.011873067239259263e-06 -2.682881580208243329e-06 -4.001165630589762741e-06 -2.838691499921884191e-06
1.953684176492965780e-06 -6.348984004965207283e-07 4.103927566682361531e-07 -2.644709632362317031e-07 -1.378834818410591518e-06 -3.035252507949714370e-07 -7.681132671568569556e-08 -6.015695915728639512e-07 -1.018456373967452869e-07 -7.734696053348365180e-07 -9.791034945987462504e-07 -1.107091334080768262e-06 -1.311612193245203059e-06 -1.686144461136047962e-06 -2.560129890738871989e-06 -3.171706778119594146e-06 -3.236435260043388468e-06 -4.032784386989317184e-06 -5.553525179369051648e-06 -5.237224359512904256e-06
2.075340238097381595e-06 -4.489505755696729364e-07 3.818471019998408809e-07 -1.528149694888172104e-07 -1.362285090745973428e-06 -4.233989976487539237e-07 -4.824781933646041405e-08 -5.422494137582284942e-07 1.232995060723559436e-07 -6.061397300071244206e-07 -7.428347636462199723e-07 -7.646597178736385153e-07 -8.826360175007248224e-07 -1.187252152905871579e-06 -1.625539426375759080e-06 -1.986688557433476169e-06 -2.047807607025695029e-06 -2.523072039372146399e-06 -4.174715442040401704e-06 -4.816097603514790441e-06
1.997446483018751916e-06 -4.248221384495015270e-07 4.953299362193702127e-07 -4.667806925173689654e-08 -1.270752808862163168e-06 -1.810145584493234711e-07 2.323527637180908720e-07 -3.373704664370737181e-07 1.701101224496277450e-07 -6.521406343113123338e-07 -8.689325859802415766e-07 -1.099552223215673051e-06 -1.379981205663409786e-06 -1.615155558451945810e-06 -2.179833342872104175e-06 -2.245078900392773006e-06 -1.649346748856105720e-06 -1.765975548043981695e-06 -3.340623333958876533e-06 -3.919520179183913672e-06
1.922875611539029729e-06 -4.226710324172967607e-07 3.372622985030514530e-07 -1.350437660371416797e-07 -1.438120820256329295e-06 -3.044919029967848912e-07 1.137586156265558557e-07 -4.552990796594085864e-07 -1.951332521583100131e-08 -5.662690350270614266e-07 -7.173060838580960853e-07 -8.108091639535617667e-07 -1.149134413481753947e-06 -1.393774750333310633e-06 -2.160191059037367228e-06 -2.906855873381592560e-06 -2.860452885559644890e-06 -3.705742611462953941e-06 -6.059677335621115949e-06 -6.581513357732174927e-06
1.907640508791924710e-06 -6.554250266814807243e-07 2.906228727491249185e-07 -2.033112627026331633e-07 -1.570195780262306579e-06 -5.652786195638137799e-07 -1.734682213596180117e-07 -7.917005486276342132e-07 -2.995971473388406908e-07 -1.045957476858435420e-06 -1.259649251408274767e-06 -1.406293354889095987e-06 -1.867283674730435648e-06 -2.500216325916210168e-06 -3.371567873776550775e-06 -3.901564311187670180e-06 -3.632667898052018181e-06 -3.815852601866218745e-06 -5.210924251519389101e-06 -5.227225241930531851e-06
1.975531447954742309e-06 -6.205131777894876192e-07 5.368317749473959222e-07 1.171249157238060193e-07 -1.256254692872791129e-06 -1.744030294330292386e-07 2.157964389075991476e-07 -3.235246165383174333e-07 2.029018930415851437e-07 -4.367525161108546541e-07 -5.060162778508672224e-07 -5.417609865366119738e-07 -7.648612717324574336e-07 -9.679752942173741098e-07 -1.613269765862535120e-06 -1.963728700235088772e-06 -1.839472927736836578e-06 -2.329563626937101436e-06 -3.767485422172522174e-06 -3.077896436548424599e-06
1.969220867014814311e-06 -4.720866904108932453e-07 4.345406135068741760e-07 2.754083064283785637e-09 -1.373428126627396684e-06 -3.494266726895852164e-07 1.349716016003166890e-07 -4.197292635778592575e-07 7.950364501096818107e-08 -5.224303721317341900e-07 -7.236105592474509564e-07 -8.333466062391508632e-07 -1.196811508823721276e-06 -1.306744476487607537e-06 -1.595005779122099456e-06 -1.634675896951079099e-06 -1.370939567976336904e-06 -1.793393632582480457e-06 -2.880804496675209579e-06 -1.674353793976881830e-06
1.855778961813616970e-06 -6.215535948168164411e-07 3.232348419452478480e-07 -2.733438120350249666e-07 -1.559938926326904372e-06 -3.371830491650023373e-07 1.114458373547918021e-07 -4.225171093825253159e-07 1.303763084596009320e-07 -5.285413508889420929e-07 -7.704405053058735906e-07 -7.224004545567121028e-07 -8.646076015594818754e-07 -9.859707253273000589e-07 -1.275385377484746261e-06 -1.607229957639581002e-06 -1.715162780484189007e-06 -2.119153594608170485e-06 -3.131139249113860651e-06 -2.788435450374978004e-06
1.840729684606020851e-06 -7.156573102889949627e-07 4.511636274012406182e-07 -2.214138649477726234e-07 -1.500007887905261759e-06 -3.230691595415094473e-07 1.168877933160344622e-07 -5.312663303312565267e-07 -2.403757488075667709e-08 -7.664140953440758710e-07 -9.911910283689993093e-07 -8.967577563388409230e-07 -8.928345408527982634e-07 -8.597180397129044382e-07 -1.098094516528264940e-06 -1.686680460858711137e-06 -2.315025150099030679e-06 -3.567639392736796381e-06 -6.001019822339247629e-06 -5.420232366145216272e-06
1.775869990928060327e-06 -4.809237576573260660e-07 5.757544523590679670e-07 7.941582079343320205e-08 -1.428042069069051352e-06 -2.378279085602682366e-07 2.070808922677990535e-07 -3.811439528469952273e-07 1.012335463445445737e-07 -7.273652404721196732e-07 -9.615930966748139743e-07 -1.215183026383120703e-06 -1.670718024843001600e-06 -1.903899180165146952e-06 -2.615504542374475754e-06 -2.932295072142785386e-06 -2.082248925695104107e-06 -9.961895267709552039e-07 -2.687758756054292074e-07 2.122571142515668941e-06
2.282521444627184729e-06 -1.417129844077235854e-07 6.938602384193987392e-07 -1.661074573636959197e-07 -1.491125556454856863e-06 -2.337691339844865817e-07 6.197446684176800809e-08 -5.575784499407332465e-07 -9.428146115856708272e-08 -8.398339121355017397e-07 -1.151596894264207441e-06 -1.026503066386080309e-06 -1.226942553909734505e-06 -1.238629706782698320e-06 -1.462490294022507065e-06 -1.653057309426451376e-06 -1.222864751439975709e-06 -1.899473486943473730e-06 -3.850152770212082212e-06 -4.545515631691867935e-06
2.033413491652749641e-06 -5.522190283368821279e-07 3.064349338369534397e-07 -1.954263710096079889e-07 -1.505495269340081312e-06 -4.649459379275496455e-07 -1.166667246615490634e-07 -6.810200095711331131e-07 -1.002933159908010021e-07 -7.678408943014297892e-07 -9.689971555885931476e-07 -1.070839659899070369e-06 -1.463511439130165815e-06 -1.724376600374572357e-06 -2.119940740248664098e-06 -2.290527147723042819e-06 -1.388831046052558089e-06 -1.058508231423366346e-06 -2.370933496663942532e-06 -1.441719019735141546e-06
1.987482223417527974e-06 -5.998481102277193958e-07 4.879842069975248842e-07 -1.145611314845429886e-07 -1.447857876348287475e-06 -3.860464005405847482e-07 -8.860735348506157387e-08 -6.453960361324775569e-07 -2.134736268156135202e-07 -1.009088083813334456e-06 -1.367241380562181891e-06 -1.504732940272188769e-06 -1.843937354974659865e-06 -2.527289880511367828e-06 -3.153111004721327790e-06 -3.592286258203630764e-06 -3.338967042174457246e-06 -4.023474992733575867e-06 -6.035931276882738398e-06 -6.855286623450828736e-06
1.984232970232672699e-06 -4.557898400842380973e-07 3.446768091801767774e-07 -3.696285844737801304e-08 -1.524972108027675796e-06 -3.770772065730804313e-07 4.253538837806155031e-08 -4.859099196890620028e-07 4.854639238352193627e-08 -6.423333267354619295e-07 -7.818767991185733822e-07 -8.759834589639390418e-07 -1.268962307578195707e-06 -1.509564114719501728e-06 -2.095049703824635958e-06 -2.306991116711852906e-06 -1.924356059763471141e-06 -1.677551406924630643e-06 -2.710870466058615498e-06 -2.008915411288991172e-06
2.149632996569903647e-06 -5.303235502350045400e-07 4.929722468204834351e-07 -1.327378191857228121e-08 -1.312910616535797606e-06 -1.979550924856022592e-07 1.765083631429896713e-07 -2.942464652462529844e-07 1.875874743749356894e-07 -5.204763568711459924e-07 -6.907057790562120810e-07 -7.864973952710528544e-07 -1.133790612600986486e-06 -1.422668765912860576e-06 -1.931126489410241645e-06 -2.289979440097529546e-06 -2.135538248958458829e-06 -2.598221662616187645e-06 -4.140243620968644032e-06 -3.460371486295993175e-06
2.225112890549994638e-06 -4.289650374638621934e-07 5.866654745609488844e-07 -6.143660064430548559e-08 -1.434951050515291983e-06 -3.648594510412116665e-07 -4.780683576198591883e-08 -6.771750781569723234e-07 -3.961630325509532378e-08 -8.599209969272531612e-07 -1.054450001527535533e-06 -1.093447966938247511e-06 -1.398753008314950627e-06 -1.623880321359914999e-06 -1.732639159487572919e-06 -1.690352393970804092e-06 -8.458580036985513941e-07 -6.733657377919447780e-08 -4.038165440851788862e-07 8.619563225496945473e-07
2.086924323131979288e-06 -3.863727044363656456e-07 4.359813215420999658e-07 -7.080918149329371815e-09 -1.490879025258255929e-06 -3.172767773218722035e-07 5.971463116162032729e-09 -6.790305887973816511e-07 -1.328794367043624779e-07 -9.271670015153441992e-07 -1.075682411717150787e-06 -1.227697921995337290e-06 -1.539389928816378321e-06 -1.898948256856075944e-06 -2.372029987206421027e-06 -2.736306790607751035e-06 -2.621896155537628297e-06 -2.918761142064675815e-06 -4.552624478166679465e-06 -4.504135948810636110e-06
1.915655847490292911e-06 -5.492414458375501627e-07 2.694122103323107168e-07 -1.391616764920527168e-07 -1.545287395266371496e-06 -2.619577088301710046e-07 1.615328442118408601e-07 -3.899470464996258771e-07 2.277447486071662840e-07 -4.447334285752434541e-07 -4.649860313255699631e-07 -3.691220495764254360e-07 -5.189314867877496333e-07 -7.126140461397707984e-07 -9.174705032648343213e-07 -8.388147538112016153e-07 2.609544394520717274e-07 8.926497239949855590e-07 5.603770199396044686e-07 1.395967924124101933e-06
1.916697777816601264e-06 -6.749756969377592063e-07 4.116432855683946867e-07 3.503183533379253931e-08 -1.310322322597338277e-06 -1.791297528287826069e-07 1.335913202995628544e-07 -5.126835684396923493e-07 1.684713561287830692e-07 -4.996556249074539483e-07 -6.623204572800952479e-07 -5.625287403335371999e-07 -7.509485967400021554e-07 -9.690270634340516337e-07 -1.284795758859844990e-06 -1.297223932394274184e-06 -6.464997112977494279e-07 -3.629753802204031161e-07 -1.128372085696266302e-06 -4.193267524846604539e-07
2.196152267917477713e-06 -5.143123831419819055e-07 5.044771910707456240e-07 -2.201357427596217383e-07 -1.582019261251027260e-06 -4.484414182827187589e-07 5.023104706031372881e-08 -6.673871340529194179e-07 -2.797366981123614898e-07 -1.134198495539218234e-06 -1.381833748503178940e-06 -1.609155370373147743e-06 -2.045941547782917439e-06 -2.486282654332483082e-06 -3.146834068970154276e-06 -3.686474147644955566e-06 -3.604485562983005770e-06 -3.549884064230794766e-06 -4.198301381107418952e-06 -2.742101592405527851e-06
1.813179129580835113e-06 -5.875920845964019054e-07 2.636269603425612692e-07 1.915245004503395873e-08 -1.385892466098855233e-06 -1.716862928973097989e-07 1.124958370421222152e-07 -5.370518165593650252e-07 -1.081263561382947178e-07 -6.875382645734928454e-07 -8.535001867986321074e-07 -1.002804757794513891e-06 -1.385926942862137710e-06 -1.950594932214226328e-06 -2.620916095320215951e-06 -3.057542669205080270e-06 -2.904843567540134149e-06 -2.820802663983473628e-06 -3.267091811549742243e-06 -2.407839509483186251e-06
1.844267305830495212e-06 -4.858508944193789691e-07 3.514827408836259961e-07 1.517094965389209521e-07 -1.257247628098987430e-06 -4.296417849764625866e-07 -1.422024916769923266e-07 -6.082073233955073655e-07 2.583297887878745479e-08 -6.414682783269636509e-07 -8.548776098334428841e-07 -1.031645451060081760e-06 -1.258057882643097242e-06 -1.406659271963132127e-06 -1.950556497880724598e-06 -2.116354008203459645e-06 -1.264041520678180890e-06 -1.230500888327776080e-06 -3.351426180347826351e-06 -4.200378667425572498e-06
1.922596313047127738e-06 -6.535812496743364134e-07 2.492072672501764006e-07 -2.782476911861229255e-07 -1.445358332918246188e-06 -5.014767137741282944e-07 -2.325843800084341606e-08 -5.845754223981743867e-07 -1.669385102595854289e-07 -7.884683790179817832e-07 -9.102047708972270902e-07 -8.848476718998109426e-07 -1.324103642772674288e-06 -1.516007129328268779e-06 -1.958119756576783726e-06 -2.148188339896313937e-06 -1.910643035364958875e-06 -2.730004497377250920e-06 -3.940770620251943354e-06 -2.694431026434935414e-06
1.946782169432685340e-06 -5.384057015170664297e-07 5.172476577142087318e-07 4.299061814809655897e-08 -1.357233389994418794e-06 -2.668587090925481143e-07 1.211436096084827941e-07 -3.772147672613807174e-07 6.849237771159570744e-08 -6.545621389310656362e-07 -8.740220796515101730e-07 -9.121373632733042102e-07 -1.216705815111130041e-06 -1.685638845621919321e-06 -2.251492816021891299e-06 -2.441742300508032976e-06 -1.749386233054473182e-06 -1.196277360081716784e-06 -1.115403293456382123e-06 7.277131303823648813e-07
2.239974816246801961e-06 -4.923565688363664077e-07 4.424725265750985472e-07 -2.628696686918117087e-07 -1.689706354834821555e-06 -6.106911496836227258e-07 -2.091847207553599678e-07 -8.334579209419609607e-07 -3.414136796702418611e-07 -1.000258298132350915e-06 -1.083431226046199779e-06 -1.189384374255399556e-06 -1.412593463014137973e-06 -1.810774033494803851e-06 -2.454462402277607162e-06 -2.951887486531949169e-06 -2.724642109649962578e-06 -2.337428285195902481e-06 -2.908847834339324875e-06 -3.403495477204992674e-06
2.000163531621523854e-06 -6.746648363346111549e-07 3.094584794501515913e-07 -3.668792348115688963e-08 -1.453085539602419005e-06 -1.692146724512853088e-07 3.714704382266820353e-07 -1.601508513065660569e-07 4.734243787136836101e-07 -4.491735779407497413e-08 -5.414945145404271272e-08 8.832881932226104493e-08 1.115030225489965065e-08 -7.945557811713685933e-08 -5.045664646857449657e-07 -6.607911421515955411e-07 -3.136507482746214947e-07 -6.956465157595690891e-07 -2.334019856889680254e-06 -2.351897433996166427e-06
2.014871916985893151e-06 -4.955202111228947436e-07 3.875182206077275250e-07 -1.435587409678804134e-07 -1.452580874638359758e-06 -3.063080523154201098e-07 1.874202681151368042e-07 -4.443400126298010356e-07 -4.167770981191629229e-08 -7.331871283855688952e-07 -9.012140490350479782e-07 -9.212310869257561562e-07 -1.095597765684955081e-06 -1.219159975792711329e-06 -1.669806260014822369e-06 -1.804492807692743248e-06 -1.165808908337446535e-06 -1.174636762246687436e-06 -2.416235714132660612e-06 -1.731609544659483302e-06
2.007396461020393816e-06 -6.358064763204422009e-07 3.679961153575916367e-07 -4.334524378431245713e-08 -1.523735558131872804e-06 -3.501558899544147781e-07 8.072278057376877315e-08 -4.632158034870360668e-07 7.119684231081342764e-08 -8.067473942403928383e-07 -1.166479016606721949e-06 -1.377752289132052229e-06 -1.784224828055768717e-06 -2.147287175643740304e-06 -2.557806899308045163e-06 -2.669053693383647947e-06 -2.394943072826713583e-06 -2.471803287266848787e-06 -3.414113479423383421e-06 -2.508526220049675547e-06
2.101778668650193558e-06 -6.457031735613268156e-07 3.944777973020706087e-07 -3.636931253053845106e-08 -1.449409927224832567e-06 -3.347546659263228391e-07 1.258996490373059578e-07 -5.135629953545279291e-07 3.551948101785492489e-08 -8.023281570647795942e-07 -1.193277415809299319e-06 -1.440905755363769373e-06 -2.073196790907749445e-06 -2.662962384752821797e-06 -3.370410082775287876e-06 -3.733173987112985593e-06 -3.572021570639276898e-06 -4.164351455997060350e-06 -5.490711027770147856e-06 -4.931412220887513271e-06
2.002040841728407127e-06 -4.356876020115209606e-07 5.343996457045539622e-07 -9.275412534456655896e-08 -1.533643365323578753e-06 -2.917233093541049363e-07 -1.925119806163041011e-08 -5.110701460082222381e-07 -7.604675769366897447e-08 -7.414496875748587502e-07 -8.573600952954922309e-07 -9.473544381072237051e-07 -1.242017964662312505e-06 -1.553451410330550329e-06 -2.015485078248402460e-06 -2.005264627344513076e-06 -1.266130984641248402e-06 -1.527832301744181097e-06 -2.633887951500922065e-06 -7.088330003683091477e-07
1.982154118767478402e-06 -5.905762070154784586e-07 2.150056355517085699e-07 -3.401706369358429081e-07 -1.665988398716226142e-06 -4.568897581806442079e-07 3.188292033218030476e-08 -5.928370635466115832e-07 -1.771995070217107351e-07 -8.619506277622497241e-07 -1.223340026234166847e-06 -1.398824523989026980e-06 -1.733850465564837380e-06 -1.930229959524294446e-06 -2.203922612995586912e-06 -2.263604548113048194e-06 -1.671885974743420891e-06 -1.471025249535955421e-06 -2.173993043936377269e-06 -1.515329657243863357e-06
1.831813909128499274e-06 -6.853457959645429122e-07 2.290447692896352464e-07 -2.712671547702283597e-07 -1.365127931597268403e-06 -4.247731932556824537e-07 -7.168143628605611572e-09 -5.151463669377194744e-07 -6.227625497572199407e-09 -6.572289564827899741e-07 -8.329695243499839494e-07 -1.006605525330900467e-06 -1.485043477089616114e-06 -2.058349134145870072e-06 -2.817992497567542729e-06 -2.859777428662287004e-06 -1.896037086230155786e-06 -1.535631549894103152e-06 -2.783854593961880101e-06 -2.688865242208065293e-06
1.904755256659573400e-06 -6.085863589863831508e-07 3.923098106132534910e-07 -1.197754441342256002e-07 -1.293472541641929855e-06 -2.709223800303475470e-07 1.706646231706690214e-07 -4.978458623597776139e-07 -2.489719261888970795e-08 -7.051676138984694242e-07 -8.324656733553500839e-07 -8.825737482909375910e-07 -1.123632930223946351e-06 -1.395772886298521248e-06 -1.857449666159634958e-06 -2.095483226010482903e-06 -1.958092885777545186e-06 -1.998623909674893860e-06 -2.585566469019000312e-06 -1.457760583291481715e-06
2.081482217805123527e-06 -4.019289268226969710e-07 3.881163409023217211e-07 -1.391733218305333787e-07 -1.532268975047497938e-06 -4.055634949429605489e-07 6.033015618881413425e-08 -5.602121722382961522e-07 -1.558284135816618925e-07 -8.519459340287573209e-07 -1.035688859930762599e-06 -1.093708743781535765e-06 -1.339770674160372978e-06 -1.635523373112429889e-06 -2.175693230620050550e-06 -2.371056133616584564e-06 -1.919336085595807547e-06 -1.479570583666001999e-06 -9.232198227217187842e-07 1.336516334623640497e-06
1.847399958183763102e-06 -5.331822285433750728e-07 3.069462574465062782e-07 -2.648214191151439357e-07 -1.613902948064141801e-06 -4.475653948618622684e-07 6.431337815251723850e-08 -5.264434945568675868e-07 -1.385524824887353738e-07 -9.792286013258382969e-07 -1.034721734646117454e-06 -1.035185275037158812e-06 -1.233884712773154709e-06 -1.300475984017669107e-06 -1.440779846465292124e-06 -1.354286742878170381e-06 -1.376161328434018579e-06 -2.745845131653075485e-06 -4.598707326306161976e-06 -5.211139788181697759e-06
2.089087704661569482e-06 -5.955761381968981123e-07 3.944265156968361945e-07 -5.777573423382091912e-08 -1.394041296672217626e-06 -1.725054426060273084e-07 1.164583643759517950e-07 -5.556369674426435103e-07 9.802200567015384056e-09 -7.628697287421042202e-07 -1.141447625845402046e-06 -1.355653594514506242e-06 -1.901336477697231977e-06 -2.197769787002705146e-06 -2.614814245658825449e-06 -2.914013464390112563e-06 -2.755612067914190560e-06 -2.838521413452984405e-06 -3.513236841112216414e-06 -3.201548544648367389e-06
1.906092694430019591e-06 -6.826039984426650646e-07 4.142141064495818147e-07 -1.447239313116944999e-07 -1.486775170194924124e-06 -4.097715586751643337e-07 7.696389391537620672e-08 -4.629387502758005518e-07 -5.650809599023116537e-08 -6.444653487102098219e-07 -8.844882943149027688e-07 -9.792962698405874562e-07 -1.171234239084663178e-06 -1.464963576960804466e-06 -1.910945733956835498e-06 -1.945291239004998677e-06 -1.246772012451615077e-06 -1.164656544161228868e-06 -1.624269008383290111e-06 2.018319999607523350e-08
2.189790441746967580e-06 -3.681516395777750310e-07 5.828722629729156261e-07 5.630566773676194760e-08 -1.378591572671038291e-06 -3.090405280377117889e-07 3.894855665928680837e-08 -4.457584784769991667e-07 -8.948040271170367810e-08 -8.939393926298669223e-07 -1.063463968113410316e-06 -1.122346244006218567e-06 -1.503404748121741445e-06 -1.987470266719503621e-06 -2.800710842124332023e-06 -3.178513784930058442e-06 -2.840258240724499750e-06 -3.005452519056935531e-06 -3.908244691845076015e-06 -3.126742056082975505e-06
2.133346779437080374e-06 -3.869710353747067552e-07 4.137898394562000338e-07 -1.889287728915048544e-07 -1.618434975239598689e-06 -3.778446290746029666e-07 1.884496115502961979e-07 -3.760429557481835637e-07 8.559215530364457889e-08 -5.763251420349008607e-07 -8.233418066637895976e-07 -9.755622427247250577e-07 -1.484872060329410309e-06 -2.187714784945870346e-06 -2.967511729125525677e-06 -3.253776231791366309e-06 -2.703084392754270272e-06 -2.313840350299464923e-06 -3.254337088425839655e-06 -3.414051198615763154e-06
1.976066788769578383e-06 -3.918538082377885133e-07 5.757825301984265774e-07 -5.275885456229300432e-08 -1.524672223545468172e-06 -4.803566045353563853e-07 -8.550640651102100081e-08 -7.195046057500130849e-07 -1.432995365362657244e-08 -6.947006065288079314e-07 -8.819726821899604696e-07 -8.816107442022340561e-07 -8.529599161896662368e-07 -9.027870601491086380e-07 -1.402501741965073534e-06 -1.730380496051723392e-06 -1.401637823940407464e-06 -1.718244116903072714e-06 -3.620892916653919238e-06 -3.837787897124522688e-06
1.896505528130165575e-06 -6.611344722055582874e-07 3.841239082895712522e-07 -5.250234696414998960e-08 -1.508375881082030375e-06 -3.090484007847577060e-07 3.694583110906736480e-08 -5.088182815147208892e-07 2.628699812712283551e-08 -7.161810183776518481e-07 -9.899987301267564652e-07 -1.130203110584362155e-06 -1.386154021585509760e-06 -1.725452195215594823e-06 -2.241224998512074694e-06 -2.201118241926379583e-06 -1.381081205621282685e-06 -1.138381940439817943e-06 -1.971330250338431926e-06 -1.444688418512661007e-06
1.983726829749070173e-06 -5.913729552836361886e-07 2.745380726256793784e-07 -2.594859221287123009e-08 -1.483397231449456933e-06 -4.214950632419630018e-07 7.854560858628616436e-08 -3.713961535653283956e-07 2.789084598482158511e-07 -3.816167669199332283e-07 -5.965309481035667778e-07 -7.312039317010556616e-07 -9.511909522625462216e-07 -1.085331091528869404e-06 -1.302611051655484483e-06 -1.086469543614530500e-06 -5.710214388493917908e-07 -8.516146719521557617e-07 -2.172289324964322196e-06 -2.037193359928224763e-06
2.084006350118756381e-06 -3.552576953319851099e-07 4.669403828007977931e-07 -4.561752139535856540e-08 -1.355299704188672305e-06 -2.156556452213232951e-07 1.317391926217968489e-07 -5.277757566677598952e-07 3.904803020732175910e-08 -7.778070930480704874e-07 -9.732879878456908292e-07 -1.066092169440751178e-06 -1.204606026538036938e-06 -1.235178569294517085e-06 -1.501559117249800373e-06 -1.996347005814295965e-06 -2.139787299751487228e-06 -3.219290848615549089e-06 -5.260693522850674650e-06 -5.264909343977650396e-06
2.048981888936481044e-06 -5.902534817730662278e-07 3.357468723904903489e-07 -2.626562017175277315e-07 -1.669746431513401125e-06 -4.461162093876864900e-07 -1.275856478270950168e-09 -5.675320359464225465e-07 -8.713605398149844879e-08 -8.568327020428012477e-07 -1.142547521732607244e-06 -1.157287723891002170e-06 -1.603857792638201422e-06 -2.087897596436040825e-06 -2.826856763383117191e-06 -3.091157218210287119e-06 -2.611699225888818315e-06 -2.510250345310855271e-06 -2.862913957793394862e-06 -1.163650666180350839e-06
1.796012387071611318e-06 -6.865223382733926355e-07 1.141834839698612240e-07 -2.414625865662730276e-07 -1.374449212936464938e-06 -2.460812796678839152e-07 7.028975570516711866e-08 -5.806846037090739951e-07 -6.545625661325221396e-08 -8.590335122791461312e-07 -1.051671601508419910e-06 -1.266483511567825556e-06 -1.651963522671540262e-06 -2.219534603531599934e-06 -2.879939239333196806e-06 -3.293317060243868761e-06 -2.991246688682096790e-06 -3.212953171166014695e-06 -4.216217406610813462e-06 -3.557805358798384678e-06
2.248340615099774746e-06 -2.605495993672697421e-07 4.347334658118430149e-07 -2.106016396865613208e-07 -1.451003375803275672e-06 -2.070353647031464787e-07 1.832935188114569533e-07 -4.154100154436302638e-07 8.979708396025686370e-08 -6.705260718146139237e-07 -8.140991624372301438e-07 -9.406093427947564547e-07 -1.216525938002968411e-06 -1.600731107972384354e-06 -2.227846105814247200e-06 -2.552500589667669100e-06 -2.395500835580910801e-06 -2.685680235701992905e-06 -3.883365499585048465e-06 -3.262160261968710530e-06
1.822931744166465591e-06 -4.809846070947346984e-07 4.666685574736523959e-07 -3.683033398910643517e-08 -1.359648719911627561e-06 -1.361689438120710651e-07 3.559432072998977684e-07 -1.915642465183017894e-07 3.421370951080005808e-07 -2.402654184732416705e-07 -2.429174401874201069e-07 -1.745779394353312932e-07 -4.314343071433753603e-07 -8.527380513232342003e-07 -1.176699931427608023e-06 -8.079454153620791849e-07 4.231497675446591017e-07 7.825804347285245641e-07 -1.149849565082549627e-08 5.046226183244321433e-07
1.963533880213209628e-06 -6.017939567260150153e-07 3.867617589292716688e-07 -8.500990608044172112e-08 -1.439156896519887059e-06 -2.766384598299887280e-07 1.772560957980403859e-07 -4.264077488999610730e-07 6.007445401378243532e-08 -6.442087318898202064e-07 -7.956334087427934853e-07 -9.602098526714731789e-07 -1.427192341335968768e-06 -1.799481747178526648e-06 -2.739761491785947657e-06 -3.431746691913147014e-06 -3.384913836466927109e-06 -3.694183144108606967e-06 -5.253424083358031273e-06 -5.734353676497757840e-06
1.947451243307791279e-06 -5.876404544661449872e-07 3.127386540979352408e-07 -2.124272366698334522e-07 -1.558262413191752692e-06 -4.124267093204158030e-07 -1.628871780346386565e-08 -6.838339947670080129e-07 -1.809228394565028580e-07 -9.013173305705478700e-07 -1.055337889168955747e-06 -1.069430701286728875e-06 -1.491328126312942442e-06 -1.712550475801819541e-06 -2.359977120617010426e-06 -2.310939564222948097e-06 -1.490096334747600145e-06 -1.339489502595080329e-06 -2.540489074953073038e-06 -2.168837940644110828e-06
2.041262489014786686e-06 -6.343268495651284125e-07 3.490594170043223360e-07 -1.262735642061379512e-07 -1.365787932460735702e-06 -1.913345452156396888e-07 5.640082231732513037e-08 -4.277516209072047408e-07 1.151661905924012194e-08 -6.212950132953423892e-07 -7.975399821493038184e-07 -6.953524657026715184e-07 -8.126665409620648185e-07 -9.790466072537190272e-07 -1.396259717130267278e-06 -2.068714119948914771e-06 -2.286956298029989152e-06 -2.641605756693091868e-06 -3.342905412242732056e-06 -2.434815012558313084e-06
2.065580630780263464e-06 -5.141216161441019429e-07 3.332348850169759288e-07 -2.086411161017765599e-07 -1.497901038912681434e-06 -4.900377316399146914e-07 -8.378721441363131112e-08 -6.531938496503477417e-07 -1.981132434839654067e-07 -8.374946180396354113e-07 -8.965134259981258460e-07 -8.508054762223685226e-07 -9.070198642170315608e-07 -7.277102468867664572e-07 -9.380976111775694249e-07 -9.613156402519166988e-07 -4.086992613607664792e-08 -1.961800504726319667e-07 -1.888921996212515898e-06 -1.993551092440244419e-06
1.985101242833362166e-06 -5.792857106027941172e-07 4.376902734017436851e-07 -1.674179850867951973e-07 -1.528148878351349149e-06 -3.537914314193670675e-07 -1.412229852943854226e-08 -5.895747951469999023e-07 -1.704182724629845744e-07 -9.570079439261591858e-07 -1.217378153238106080e-06 -1.364308090033242998e-06 -1.696069785013204748e-06 -1.948589199129364126e-06 -2.374885722118223775e-06 -2.695365171766284483e-06 -2.640723403036474358e-06 -3.345544818966726471e-06 -4.581350932922950153e-06 -4.081195602528905078e-06
2.084731624286907922e-06 -5.498950182430339233e-07 3.669551574988645605e-07 -1.852768838903616449e-07 -1.442752567601312679e-06 -2.002895320489002959e-07 2.525451894280513821e-08 -5.103006438243621236e-07 6.334431714185754406e-08 -4.886145544825593634e-07 -5.810179155357519435e-07 -5.946688114836105417e-07 -8.303213785349297436e-07 -1.097078665706255915e-06 -1.491401105164003061e-06 -1.953292290044646456e-06 -2.071637815210059779e-06 -2.699103779265630769e-06 -3.888745836876027276e-06 -3.264059230762681098e-06
2.143210812996552811e-06 -3.491213604155923238e-07 4.584486235052441550e-07 3.515087848888663413e-08 -1.217962345716308994e-06 -3.388355344609612934e-08 3.648955244696822121e-07 -1.760438275079529984e-07 2.866260330611056739e-07 -4.297935997251919876e-07 -6.476084410333935025e-07 -7.558642250354772009e-07 -1.163944720742788392e-06 -1.764065068809223404e-06 -2.481143102887100277e-06 -2.843913526454694207e-06 -2.222726275099685229e-06 -1.689422379275896469e-06 -1.785958710838406623e-06 -7.494249849622478217e-07
2.049508893008229767e-06 -5.197455567032576326e-07 3.101918204593222352e-07 -2.370631108050703381e-07 -1.471940500434942099e-06 -3.430343114216148214e-07 -6.827954726764562732e-08 -6.910306768152224445e-07 -1.468852100759173682e-07 -8.107448542569651243e-07 -1.117719834735022858e-06 -1.245332254015488916e-06 -1.660055091620508634e-06 -2.075596185674362855e-06 -2.605029749993443297e-06 -2.847995146571757463e-06 -2.573830079510556502e-06 -3.137111712064909115e-06 -4.841053256649096555e-06 -4.780038963287262717e-06
2.088142832006287432e-06 -5.332156051597295538e-07 3.350066403345653826e-07 -1.144016082440264087e-07 -1.372048004991330323e-06 -1.957989815749641406e-07 2.492870784216430146e-07 -2.773385028834506386e-07 1.902842127662243496e-07 -3.629327152093531760e-07 -5.270476741306992262e-07 -3.934443924115205333e-07 -3.099701416431221506e-07 -4.980423956386678027e-07 -9.693911005697165774e-07 -1.495381215748140634e-06 -1.446223816231015122e-06 -1.578186934557092108e-06 -2.242583910118617862e-06 -1.449556814552639342e-06
1.968839639044056732e-06 -4.646793301658039010e-07 3.239100366325531588e-07 -1.052328662531367926e-07 -1.573142660682067329e-06 -3.679187477102703021e-07 5.210607628595917128e-08 -5.073570760600805160e-07 6.519694456587702985e-08 -5.799261389280985518e-07 -8.274206468305129934e-07 -1.004007160813859084e-06 -1.305280552444127740e-06 -1.515413614044548397e-06 -1.769383337198579000e-06 -1.820695094707196472e-06 -1.101695762444828515e-06 -6.973535115646389505e-07 -1.284105401140222832e-06 -6.560784826137091805e-07
2.102148867959305556e-06 -4.521160373177684057e-07 4.922856654988503341e-07 -8.678501541755126465e-08 -1.499626030838209604e-06 -3.263945735058626527e-07 3.858933235106764355e-08 -5.686935841698285937e-07 5.286440704340828470e-08 -7.889406492901584889e-07 -9.874484040884049332e-07 -1.094721933812277408e-06 -1.490591605565022546e-06 -1.887440122472773754e-06 -2.517282012509549179e-06 -2.955060882121245635e-06 -2.784077724908013637e-06 -3.121248299061905242e-06 -4.196226634995990892e-06 -3.443022285343665572e-06
2.271390097882480793e-06 -3.284043748606797471e-07 5.308487748428587343e-07 -6.320133107658046804e-08 -1.511112375790544448e-06 -3.578901839898718844e-07 5.345176658505707770e-08 -5.048448698665560441e-07 1.038736036087597967e-07 -5.699347025085107560e-07 -8.714007771703489075e-07 -1.032164979451911303e-06 -1.238701101044661683e-06 -1.271296883683916879e-06 -1.561215303311975901e-06 -1.735861494282304700e-06 -1.309964673409799433e-06 -1.630438041193935308e-06 -2.756238694135773813e-06 -2.229763554283858480e-06
2.036380773548779649e-06 -4.098205487918713318e-07 5.699705618885002769e-07 -6.039126711859668648e-08 -1.425718603353640490e-06 -3.359841655106602712e-07 2.365426954609432147e-08 -6.524505508826586029e-07 -2.370650464249189422e-07 -1.192809399143484141e-06 -1.528501268476591561e-06 -1.604339160924603168e-06 -1.865670432202129678e-06 -1.874028342975141043e-06 -2.304871510752920324e-06 -2.906019817287004405e-06 -2.906131117299035790e-06 -2.938663125990910690e-06 -3.410068797206060212e-06 -3.292621375328353768e-06
2.028458204957526003e-06 -5.481540098371293643e-07 2.049630867568585886e-07 -1.734743487970371523e-08 -1.553808623768977904e-06 -3.925288529863881309e-07 4.153691057393058038e-08 -4.858874109861452381e-07 1.257917506356276440e-07 -5.577662821348474967e-07 -9.205520157228775294e-07 -1.167794624708467511e-06 -1.564742456561878759e-06 -1.967876670092476629e-06 -2.516010714158284873e-06 -2.735518262978133605e-06 -2.183452389336566759e-06 -2.629685839509277268e-06 -4.362501741863850380e-06 -4.003496216872408904e-06
2.139305725679041234e-06 -5.797477354512613315e-07 3.259714863847053616e-07 -8.575165014537960004e-08 -1.540772185396903265e-06 -3.582606399194993374e-07 -5.886102263796820294e-08 -5.397649879623716721e-07 2.663580333252450635e-09 -8.045185809168631285e-07 -8.507630097283675877e-07 -8.174916895331706416e-07 -1.197382479147367677e-06 -1.618826016946890083e-06 -2.301329619930137754e-06 -2.563142216211664116e-06 -2.274658695700683646e-06 -2.651591515112985280e-06 -3.291661877675868190e-06 -1.890293604591861961e-06
2.162857583767624508e-06 -5.630604816337616567e-07 3.213429259116698860e-07 -1.345725165215265381e-07 -1.572846017609159159e-06 -4.151088029837250709e-07 4.727998079417597783e-08 -4.969318973552765772e-07 1.942304988811867031e-09 -5.630067707059583853e-07 -6.794376401001051761e-07 -6.878792495064247119e-07 -1.003705243635965765e-06 -1.241816841638629081e-06 -1.572150297053055362e-06 -1.620399362458151644e-06 -8.502609789584688589e-07 -4.734424506412467987e-07 -1.211025008898774176e-06 5.062779394824187669e-07
1.986983006531244844e-06 -4.939867486818108600e-07 4.742472971189902787e-07 -1.127279928522500476e-07 -1.549635971807750624e-06 -4.020316233392709658e-07 7.610666503062620692e-08 -4.887229833825667909e-07 9.296158534582535334e-08 -7.228143755532204453e-07 -9.793298266074296399e-07 -1.072268859979112379e-06 -1.373613006082655620e-06 -1.608184969101905175e-06 -1.947176251565372578e-06 -2.076228677856226506e-06 -1.414628334229911689e-06 -8.931770882706846047e-07 -1.295615733295728144e-06 -4.291690165314616658e-07
2.092596482801716083e-06 -5.588543526546470578e-07 5.279130174388586284e-07 1.550520459124703407e-08 -1.338136367445059744e-06 -2.877072767882239712e-07 5.507924165850787835e-08 -4.693545890400095759e-07 1.849102245969814607e-07 -5.654338664170986602e-07 -6.370619029012973511e-07 -6.633023911101422963e-07 -8.747377319867854801e-07 -1.118333701889461160e-06 -1.610090888385739259e-06 -2.057941380682791135e-06 -1.792747054260841060e-06 -1.984945475543074903e-06 -2.548693661599125495e-06 -1.287285737690086824e-06
2.205177345691816656e-06 -3.946107885480832143e-07 5.077408515147933617e-07 -7.264452994656598736e-08 -1.474096987315341658e-06 -3.893149977125406900e-07 -2.420329906965688708e-08 -5.501036314218499084e-07 8.038374733464567996e-08 -7.676057901276536925e-07 -8.476927792849587297e-07 -1.070322578616844438e-06 -1.497887220374888843e-06 -1.921938006819380904e-06 -2.620967017144884220e-06 -2.938409869500837254e-06 -2.600768015245477626e-06 -2.784360592228391167e-06 -3.996523844172247826e-06 -4.203221250704681068e-06
2.026974661092535085e-06 -5.852457181603120574e-07 4.248226685728745395e-07 -1.326470606420020471e-07 -1.473786248153592973e-06 -4.186074792701999381e-07 -3.777733898705742285e-09 -4.710466696391271880e-07 -2.579166782300306922e-08 -7.793812748032785577e-07 -9.003212954975191387e-07 -8.796069781933128462e-07 -1.265401525976769293e-06 -1.702259639225089276e-06 -2.141340506678766376e-06 -1.983531517648254668e-06 -1.453559716245227397e-06 -2.146763548587683999e-06 -3.661317083117193174e-06 -2.898900967761190511e-06
1.733844588080642605e-06 -6.852716979479744554e-07 1.759235998832374470e-07 -3.002710206073967607e-07 -1.405047191390962959e-06 -2.621001914556416829e-07 1.579517806810477421e-07 -4.625670621267104399e-07 1.958499710670872833e-07 -5.766761445263113214e-07 -7.312099293541699936e-07 -8.464795624795368434e-07 -1.173558224582754589e-06 -1.567113373762170743e-06 -2.154468477623248724e-06 -2.651198841873693363e-06 -2.512555354905107990e-06 -2.843399052632094220e-06 -4.993258321055359549e-06 -5.331456258475324445e-06
