# errs for all jackknife regions
2.417627371181726325e-05 1.917911516457546767e-05 1.526214337362725125e-05 1.213051043890993458e-05 9.651595140152857048e-06 7.670656109465873222e-06 6.086883022725769743e-06 4.831935638011281798e-06 3.839076834967847632e-06 3.047988489297476637e-06 2.421616132134489667e-06 1.924658140194296818e-06 1.529357014146320547e-06 1.215343983511757638e-06 9.662088956224348914e-07 7.676189015256812710e-07 6.090244697320479552e-07 4.833143833865954412e-07 3.836281192267748677e-07 3.043035655323135742e-07
2.814217870567191633e-05 2.232453460931379348e-05 1.773997962226092889e-05 1.409764783538614486e-05 1.120394357687092869e-05 8.890681710081794792e-06 7.060896862908688763e-06 5.608390047576335148e-06 4.452369130554443592e-06 3.533763293490386853e-06 2.805242563092782902e-06 2.225585831935400801e-06 1.764819961987290076e-06 1.399190451629265084e-06 1.109939208390376188e-06 8.813583239568435197e-07 6.996958396218653244e-07 5.554890159652309755e-07 4.415661164607240854e-07 3.516242194699901270e-07
2.585854020111795726e-05 2.054264132687412851e-05 1.631731527214839081e-05 1.298884685243910375e-05 1.032640600954567813e-05 8.206387640860587123e-06 6.521003842208425242e-06 5.176941509610570202e-06 4.115214513903326361e-06 3.270535970550634627e-06 2.600994993242719097e-06 2.068361152751290348e-06 1.644827302329112163e-06 1.307667854361069876e-06 1.039578216065047825e-06 8.250229112926000507e-07 6.547065398104962433e-07 5.194946133832774387e-07 4.123538498702218466e-07 3.277587316897549900e-07
2.416810610613297721e-05 1.913652732428728826e-05 1.521889856558828373e-05 1.210376804367209382e-05 9.621398844041338964e-06 7.640288147937415413e-06 6.068641183238649635e-06 4.826788590874915160e-06 3.834212575720797136e-06 3.044603995995808168e-06 2.419720424680676809e-06 1.924032806628475066e-06 1.528281641361710433e-06 1.214498129929657695e-06 9.644945920467027604e-07 7.663469163251741613e-07 6.098774360639554037e-07 4.854738161783830651e-07 3.858993404721824564e-07 3.064415797749691247e-07
2.408587295083367650e-05 1.911586402922421817e-05 1.520577575402002142e-05 1.206751256436264225e-05 9.585822940211202134e-06 7.604940783103169511e-06 6.044812560001117188e-06 4.802722299316410306e-06 3.815173264919664240e-06 3.025812562771736314e-06 2.402655248489469599e-06 1.909269309720993205e-06 1.517636743418248002e-06 1.205696103966840571e-06 9.572901595079894934e-07 7.606894127897995683e-07 6.048368232598735973e-07 4.807200230533339688e-07 3.823121333673600903e-07 3.043393284051613573e-07
3.201921891771391230e-05 2.533748089263999418e-05 2.016263200513853884e-05 1.599362503606695821e-05 1.271412373281408852e-05 1.010742760708828273e-05 8.024473538195458290e-06 6.380135692597043452e-06 5.065109702828401447e-06 4.026237758085935357e-06 3.199006324550318003e-06 2.540524050403196856e-06 2.019157587283257206e-06 1.604251339656143718e-06 1.276672740459148393e-06 1.015054391884217979e-06 8.069093249999212297e-07 6.407455645708963607e-07 5.087255679881419556e-07 4.051750479172436789e-07
2.652512432748768112e-05 2.109866063405546312e-05 1.674661762843895438e-05 1.328441991653059759e-05 1.056343385780249664e-05 8.384340867202222806e-06 6.659567080371955631e-06 5.291518181174345490e-06 4.202811521518449799e-06 3.339584987316917412e-06 2.654800655047559546e-06 2.107973600061727028e-06 1.675004661406159416e-06 1.329754944616987474e-06 1.055420362908460253e-06 8.380871053258282592e-07 6.644101773897065300e-07 5.277919873951071984e-07 4.197128790645311576e-07 3.336620991878602366e-07
2.706067446832165237e-05 2.154725093574777248e-05 1.711173579489024606e-05 1.359786573310317197e-05 1.078303829255387434e-05 8.576783264811326324e-06 6.811964833191264249e-06 5.408079137826338202e-06 4.297367328461092332e-06 3.414043056957372288e-06 2.708962189092387345e-06 2.150725768615933021e-06 1.707810067252264169e-06 1.355197342559902389e-06 1.075625458460162023e-06 8.539594956187899929e-07 6.786198792215471408e-07 5.397460535236046146e-07 4.282839843113459323e-07 3.408362166762309884e-07
2.510698239356411071e-05 1.995810402787870930e-05 1.586842868724520837e-05 1.258945179930941656e-05 1.001104467871761227e-05 7.959606318403012598e-06 6.336332129397089663e-06 5.038562628052444771e-06 4.008225052731900672e-06 3.189665816912344921e-06 2.539126300098618430e-06 2.022751500534684644e-06 1.610965660181155636e-06 1.283764423608483170e-06 1.024272085323362602e-06 8.195205615003365311e-07 6.587301379958373566e-07 5.320483845133712282e-07 4.314921921563193664e-07 3.516655019058007386e-07
2.537280052130381046e-05 2.016951684962611934e-05 1.608711405039743594e-05 1.275679860036516140e-05 1.014633467472947404e-05 8.067983444538272668e-06 6.418710491017673444e-06 5.101194425802964329e-06 4.057187172419494272e-06 3.227627246435984977e-06 2.572971186772475047e-06 2.049169333457978685e-06 1.634608278502779220e-06 1.302968852411048299e-06 1.040792728481174788e-06 8.331192857881452964e-07 6.689017112517458420e-07 5.392999159100752548e-07 4.368805711795127895e-07 3.570912565776252576e-07
2.643215132344972927e-05 2.104031453495886116e-05 1.669344051504971811e-05 1.327856620089719298e-05 1.053050243210035535e-05 8.365557415157179034e-06 6.659225753559623075e-06 5.289698183983592676e-06 4.204382163313083412e-06 3.339879411912712677e-06 2.654933517778211643e-06 2.110034447850289617e-06 1.676576492139637857e-06 1.331805579214947226e-06 1.057760042387111590e-06 8.401322407109688227e-07 6.678573514432128207e-07 5.302302284727852936e-07 4.206251599428065297e-07 3.339892105904871365e-07
2.688151960501730648e-05 2.135781824837275719e-05 1.698294747297510846e-05 1.349193406339126818e-05 1.072571973904404931e-05 8.511573785687152985e-06 6.753330027318138767e-06 5.369573600817292947e-06 4.268890892595304395e-06 3.393833808007116605e-06 2.697517448712709812e-06 2.144269958180549337e-06 1.703982761271932251e-06 1.353953513141308292e-06 1.075063916950818052e-06 8.538394521601903931e-07 6.788970778722698264e-07 5.396033342589579948e-07 4.286538353000881082e-07 3.407691765269861825e-07
2.648846642579899286e-05 2.105253828629460123e-05 1.672662122529036829e-05 1.328784036882276796e-05 1.054483382612123659e-05 8.390011945991799090e-06 6.668313244643302401e-06 5.292397942212722884e-06 4.203427461107544221e-06 3.336602556437666067e-06 2.650763872667125602e-06 2.105487758612381378e-06 1.672824283263280702e-06 1.328342437500210590e-06 1.053994734663938885e-06 8.360517719830980873e-07 6.626691252229795635e-07 5.246783219239322707e-07 4.156385397837287511e-07 3.297931258466584501e-07
2.635061167316736446e-05 2.099258561829665858e-05 1.666680348547519488e-05 1.325043953992914239e-05 1.052890035387759899e-05 8.366675477795766872e-06 6.650029182313151517e-06 5.287501989520370563e-06 4.201606544137359685e-06 3.339231417717053282e-06 2.651836413951346344e-06 2.108326450436788441e-06 1.675297863907599247e-06 1.331015678106629757e-06 1.058231706388097276e-06 8.419211290220703205e-07 6.689788597162793721e-07 5.315197669620226816e-07 4.221980515378115851e-07 3.354624048585656710e-07
2.304179926360704539e-05 1.829967632134219397e-05 1.457062695114791644e-05 1.156576899108482457e-05 9.196837892349925828e-06 7.310668157536272389e-06 5.804351464063893364e-06 4.612718967180407628e-06 3.663774923806839707e-06 2.910422851088987273e-06 2.310727830571735072e-06 1.834578189288932417e-06 1.456641285064367835e-06 1.156762314354095949e-06 9.187896534995346588e-07 7.300019273098447589e-07 5.806829838151000205e-07 4.619372049448804873e-07 3.671160537237861564e-07 2.917710700390461956e-07
2.450964365511427618e-05 1.943299644653781694e-05 1.542446099667645391e-05 1.226078005549340745e-05 9.750010719571997387e-06 7.744878482467092756e-06 6.158379714295049614e-06 4.888137289604689940e-06 3.885222331219518213e-06 3.087522462663804937e-06 2.451486480170674843e-06 1.947694138112468315e-06 1.547921441285781286e-06 1.230101554364108345e-06 9.774180535084958000e-07 7.772749999572715324e-07 6.174302012759235023e-07 4.897964154848024545e-07 3.887492926959277847e-07 3.091608959664835595e-07
2.562104729532261043e-05 2.039555686877583712e-05 1.618962098234018543e-05 1.286732350443316773e-05 1.022702321794957849e-05 8.121527264042155864e-06 6.448177407849454870e-06 5.124826633384941734e-06 4.071376266173373013e-06 3.234466717588059380e-06 2.570735115857325897e-06 2.042237411963331399e-06 1.621615600138788584e-06 1.288137847097538773e-06 1.024448697358187181e-06 8.145823059053319777e-07 6.468501839370598712e-07 5.135009341029798692e-07 4.073845770792176634e-07 3.233124922560015618e-07
3.036892190245219948e-05 2.418044217626661916e-05 1.922602909319136571e-05 1.526812383929711730e-05 1.213853811370452007e-05 9.656722776229226433e-06 7.680995817078304164e-06 6.113250764817752815e-06 4.871264371538719611e-06 3.880426272827670359e-06 3.095919402321014634e-06 2.468608295335473417e-06 1.969425390789082057e-06 1.574696069286474133e-06 1.263736118305434376e-06 1.016638206473541849e-06 8.188884102482961663e-07 6.623973064142417511e-07 5.410352338895524116e-07 4.485447820099657668e-07
2.403627923880667015e-05 1.906458198991769346e-05 1.517611587664830191e-05 1.208573805430645096e-05 9.596018929864644941e-06 7.626944066096808409e-06 6.067867978518519320e-06 4.828294476208465690e-06 3.841805750000303347e-06 3.060110635667457592e-06 2.439624167826103192e-06 1.945443893061758359e-06 1.554697237938191005e-06 1.244069554217098322e-06 9.955743738403161296e-07 7.974594708092454626e-07 6.394632009050964181e-07 5.144766003890478839e-07 4.162825885074604931e-07 3.396020367784499310e-07
2.219488242447679958e-05 1.761972946973319268e-05 1.396994924954332007e-05 1.112333041701400441e-05 8.829006594453044543e-06 7.016326241366744790e-06 5.578576981845906899e-06 4.429358075572290145e-06 3.520338622892068538e-06 2.796396081110440495e-06 2.222418997264773902e-06 1.766251733685347556e-06 1.402255262344940433e-06 1.113998925591715685e-06 8.857842187065416101e-07 7.042342976000345104e-07 5.593081035363495714e-07 4.439739413428548761e-07 3.522632562765312811e-07 2.797524037795717315e-07
2.689361335314982652e-05 2.142092230273378038e-05 1.698942461600467293e-05 1.349537818065391922e-05 1.071978545196269879e-05 8.518387799407714164e-06 6.763600856960075063e-06 5.377894476894835755e-06 4.271853981474817403e-06 3.396542810806701978e-06 2.699549458901705320e-06 2.146190120036588476e-06 1.704641584519146942e-06 1.353468428613735375e-06 1.075268175927289918e-06 8.541300059804933683e-07 6.782509732036970881e-07 5.391526110752958314e-07 4.300901879499253202e-07 3.429670016411236650e-07
2.527968427773176024e-05 2.008840132835804969e-05 1.595231890407709492e-05 1.268206076836311633e-05 1.006904469958953759e-05 7.999206262209363310e-06 6.356012702784673876e-06 5.050599474014867095e-06 4.006655745096820931e-06 3.182799200222803866e-06 2.526393727725449282e-06 2.007112115842244908e-06 1.595666636853664071e-06 1.268051617265902613e-06 1.006845500555680852e-06 8.000793433817949135e-07 6.356572436413330278e-07 5.056094307668138278e-07 4.014643303529073110e-07 3.190066334472507185e-07
2.614684009853652982e-05 2.077090727106959165e-05 1.653287035566390343e-05 1.312498582906683923e-05 1.044220730536778708e-05 8.292872331454415754e-06 6.597344088923383835e-06 5.251328320727933597e-06 4.179016544124555360e-06 3.329212277608665798e-06 2.653638681160870526e-06 2.117463991781561941e-06 1.692410033882172704e-06 1.353316705848970068e-06 1.083071812127182928e-06 8.677397339192773378e-07 6.975539434550213402e-07 5.624291973647361324e-07 4.556466507404647192e-07 3.718067402834968173e-07
2.587954965525424494e-05 2.061496184803152283e-05 1.636580054951466596e-05 1.300459456633642280e-05 1.033539943272142286e-05 8.211385590124735225e-06 6.524882505126924870e-06 5.190306099217782637e-06 4.121586851511674295e-06 3.277083206582662314e-06 2.604625585974714240e-06 2.068269473714703397e-06 1.642588159984015842e-06 1.304178408460420605e-06 1.034847536578057940e-06 8.209647219585326455e-07 6.510277191514583429e-07 5.161241833598728254e-07 4.086774273350672430e-07 3.234679515670868668e-07
2.554218013439901196e-05 2.029862319249085834e-05 1.614488961168353008e-05 1.283719575204681756e-05 1.020850108050167587e-05 8.106696239033037084e-06 6.435316078128122326e-06 5.116223122918866475e-06 4.063809909934169138e-06 3.227186886628371671e-06 2.562932046852423940e-06 2.036147633753948018e-06 1.616742157177930334e-06 1.282606495640149133e-06 1.018455951271834530e-06 8.096059912283378189e-07 6.437886004613089927e-07 5.114600821166662235e-07 4.061994334375867817e-07 3.223293481733549995e-07
2.509266491494805508e-05 1.991521985584102669e-05 1.586546561982775012e-05 1.257940513743313252e-05 9.997901591355832585e-06 7.946462430215474535e-06 6.312757277530037502e-06 5.010275781535508037e-06 3.980947954598864541e-06 3.161942609442748824e-06 2.512269464603841156e-06 1.996066696708264530e-06 1.585517553787071210e-06 1.260092847529812551e-06 1.000971455441558202e-06 7.948255979819504663e-07 6.308225956841092006e-07 5.003256893774703992e-07 3.966170338616249934e-07 3.144299009582115257e-07
2.852892879035942336e-05 2.263410533610382648e-05 1.798704472059274383e-05 1.432255670860461802e-05 1.137344324949671187e-05 9.056134054811060800e-06 7.201760195635948891e-06 5.727080975389493594e-06 4.556735359102744221e-06 3.629842480882519287e-06 2.888223984450573998e-06 2.302280105956984286e-06 1.836691585386626491e-06 1.468218391030505138e-06 1.176581582382030268e-06 9.459470599534226634e-07 7.609025970991657353e-07 6.143861137940498911e-07 4.971088580223370222e-07 4.051074208089819151e-07
2.540620801719312491e-05 2.024861093800657812e-05 1.609926906949929934e-05 1.279356657935878854e-05 1.017092510877232498e-05 8.087175318724262174e-06 6.440847764970505220e-06 5.121447000843894718e-06 4.074039437939497704e-06 3.242209700079375130e-06 2.582734436807896893e-06 2.057893070516864460e-06 1.642002845451550680e-06 1.311422053009910612e-06 1.048625540612529237e-06 8.411222080396256501e-07 6.767021636857403271e-07 5.457671764073784537e-07 4.418624825842281817e-07 3.603412564875160193e-07
2.737856505182860095e-05 2.175077783403283019e-05 1.731703970684382460e-05 1.374160629186908367e-05 1.092037985648273537e-05 8.674109735496141865e-06 6.889681554700370968e-06 5.476440221547328857e-06 4.349732372007764064e-06 3.453429122468719888e-06 2.744542871957181028e-06 2.177523487042758729e-06 1.728093443911748018e-06 1.371308160558028758e-06 1.088270611753357704e-06 8.634025922948743452e-07 6.848190845942560544e-07 5.433028191650903310e-07 4.303685315199514129e-07 3.408669268955862792e-07
2.612589790444246041e-05 2.079974103685388405e-05 1.652245186261919619e-05 1.312950851902549349e-05 1.043298792843266203e-05 8.289047778609403842e-06 6.588480922485658770e-06 5.233709928298630765e-06 4.158760051761239446e-06 3.302941855469177545e-06 2.623872776845528949e-06 2.083674268196384477e-06 1.655323095979574419e-06 1.314707039511257762e-06 1.043946352008173315e-06 8.296041831176856961e-07 6.593287359922381434e-07 5.239401655265933769e-07 4.162440612126170631e-07 3.311864213841543533e-07
2.893901585690555631e-05 2.297903745021143788e-05 1.829378023625099700e-05 1.452477518013233069e-05 1.154033867983486668e-05 9.184730078126257429e-06 7.305545651326728011e-06 5.812862495474271400e-06 4.629595894502449183e-06 3.686820821453143187e-06 2.935798242496355900e-06 2.341947446327151577e-06 1.869732454444973786e-06 1.492917270412282594e-06 1.194624459364881109e-06 9.576111261918847974e-07 7.692930701304358156e-07 6.206493819787615195e-07 5.031581423772585191e-07 4.109514524693487218e-07
2.468360159520158648e-05 1.960641750397134825e-05 1.555932449447204168e-05 1.235882346063469801e-05 9.833860000571750356e-06 7.809750742426557746e-06 6.204856504436168883e-06 4.933064080041071330e-06 3.920098037356383537e-06 3.112018076818188880e-06 2.473741515359686252e-06 1.965638887291602954e-06 1.561538079029840083e-06 1.239841853103605750e-06 9.844987431947278462e-07 7.814424055356813479e-07 6.203476131823147790e-07 4.933192538681458421e-07 3.927018244443739337e-07 3.128498272806125988e-07
2.660608692652466947e-05 2.116590918031190286e-05 1.683791818239460582e-05 1.339061059855297516e-05 1.063005417182231311e-05 8.451879750959601027e-06 6.712226562782114947e-06 5.327854962149280398e-06 4.233504746176898869e-06 3.361406712223878761e-06 2.670439668336758478e-06 2.121951261994911229e-06 1.685390451916662418e-06 1.338349154131269108e-06 1.063354852006076589e-06 8.449161105086705442e-07 6.721260202749412161e-07 5.345478075344405381e-07 4.254353959063649593e-07 3.391997635984313784e-07
2.829942035883233862e-05 2.250381092026280152e-05 1.787315416279290986e-05 1.422276596414741020e-05 1.130630106599254179e-05 8.973937702709676743e-06 7.132813789486628545e-06 5.664763424217412019e-06 4.501589435122885978e-06 3.578714785990430426e-06 2.844593935281250478e-06 2.260862094759056038e-06 1.797794690072422349e-06 1.429881421889737923e-06 1.137856085670141960e-06 9.050348887281117927e-07 7.186783529564621177e-07 5.708952512056188775e-07 4.529635405629745500e-07 3.598713188718808927e-07
2.784453569608907384e-05 2.207938829185011263e-05 1.757975007897318175e-05 1.393608331103483549e-05 1.108492829622782952e-05 8.804922384945545484e-06 6.996469525235826829e-06 5.560853684170841150e-06 4.414327795874699112e-06 3.508613248706796848e-06 2.785713425912008591e-06 2.213012903137151718e-06 1.756906682022650887e-06 1.395698179833951684e-06 1.109828122734031019e-06 8.818109615861563533e-07 7.004866753786759821e-07 5.561302973883791742e-07 4.418513019228824287e-07 3.509264719283961692e-07
2.216310267926379455e-05 1.760031899733876496e-05 1.400498062193654280e-05 1.113173476614722172e-05 8.846052420051702555e-06 7.036632536926051771e-06 5.598819537723384465e-06 4.453413041839190037e-06 3.541412606877111381e-06 2.818820789923402644e-06 2.243151935920169792e-06 1.785379126390014808e-06 1.423232290422003053e-06 1.134969755412119873e-06 9.057179711555915201e-07 7.241561061283033663e-07 5.804459393475034975e-07 4.664525154912509081e-07 3.766893547130318116e-07 3.063329948954386292e-07
2.754353345862318908e-05 2.186997145723268074e-05 1.737760984283177808e-05 1.382966807760195841e-05 1.098991521163831114e-05 8.728399512179540567e-06 6.932369665098779579e-06 5.509842679689159221e-06 4.375976221134807136e-06 3.478927956673965939e-06 2.764598775421647995e-06 2.197822748308449892e-06 1.745768389030905136e-06 1.387829378642389920e-06 1.103361494121035047e-06 8.770252451614499015e-07 6.979902510278575662e-07 5.553344139144515860e-07 4.419469620661151579e-07 3.517670543907811251e-07
2.761085473408814194e-05 2.193924667626793459e-05 1.739330812273193346e-05 1.382294653395181300e-05 1.100492250938276540e-05 8.738636132870109362e-06 6.944323386159162224e-06 5.514400614436959723e-06 4.381673435955143362e-06 3.479782520775579608e-06 2.763227631277490572e-06 2.193991008335699987e-06 1.742740024076278475e-06 1.383289654445133293e-06 1.096900701698128086e-06 8.702274436537595832e-07 6.884286002755472638e-07 5.445996681206392031e-07 4.309371118542224257e-07 3.405654151386014595e-07
2.829300782418716167e-05 2.254153276151331449e-05 1.795023996573324733e-05 1.426101426044622540e-05 1.133102510164183658e-05 9.020373721087261259e-06 7.185371254527230545e-06 5.716397992400984911e-06 4.558506175110680646e-06 3.635692072121218268e-06 2.900344707934780549e-06 2.314620989422377265e-06 1.848988069744111693e-06 1.478142196836971094e-06 1.185000375090293997e-06 9.509829658986755055e-07 7.659977429962646065e-07 6.199594728735394052e-07 5.036012122970618518e-07 4.119539351868389642e-07
2.664944770079240185e-05 2.111687053505163656e-05 1.680996963416534989e-05 1.335851889344279908e-05 1.058926790486597687e-05 8.421099564485206142e-06 6.683571731058588314e-06 5.308833569691404204e-06 4.215686436755397178e-06 3.346377232000808331e-06 2.658734262215550444e-06 2.112774805979217414e-06 1.679084213829235257e-06 1.333191890525319685e-06 1.058235887455847232e-06 8.406565734849446474e-07 6.677324887390984868e-07 5.307017396249549004e-07 4.215420314650104045e-07 3.342709605312305596e-07
2.460032498101779241e-05 1.956304557631360959e-05 1.559980893875053656e-05 1.236870856980529869e-05 9.834578979648495113e-06 7.842151842160727539e-06 6.234603232829032929e-06 4.958674030408944628e-06 3.947781493697204062e-06 3.142843873805742650e-06 2.504287084464481578e-06 1.996053911565991686e-06 1.591943242678429247e-06 1.271135500268190769e-06 1.017170415118800730e-06 8.154545373027155000e-07 6.548478864594564243e-07 5.284496151119856736e-07 4.288668817543929173e-07 3.519709283646682500e-07
2.470226247797103767e-05 1.970410749357953478e-05 1.564586230442585518e-05 1.241473600408547882e-05 9.865037693019759407e-06 7.833906387206206840e-06 6.225307441522896863e-06 4.943553933828460115e-06 3.928418545432193675e-06 3.122240933364533845e-06 2.481538919050416375e-06 1.971968215240164683e-06 1.567336110109694713e-06 1.245878269698953222e-06 9.902605097339327353e-07 7.874670584182142774e-07 6.260592897182664137e-07 4.976994305664491146e-07 3.959736501830138795e-07 3.153785947960441488e-07
2.913058059272795466e-05 2.312403831375073248e-05 1.839662029347867526e-05 1.463383287791659311e-05 1.162101810956756601e-05 9.223030880378335562e-06 7.327548289864417325e-06 5.823182285789461394e-06 4.623261699501667476e-06 3.671903057574022287e-06 2.915796835377870878e-06 2.313805129746928532e-06 1.835351698252905773e-06 1.458247069411401183e-06 1.160396891083656137e-06 9.227931390807342816e-07 7.331638741931733341e-07 5.833954401175498280e-07 4.637486682011978460e-07 3.678457576739584561e-07
3.290739861099753043e-05 2.621210733580554630e-05 2.080787335793399961e-05 1.649931849813388851e-05 1.311604427380625960e-05 1.042448793096237336e-05 8.280043577539463769e-06 6.573203770903953490e-06 5.223386394279876863e-06 4.146572183025337115e-06 3.296113866484233265e-06 2.618702828683175805e-06 2.080488944932074577e-06 1.653139223249751243e-06 1.313002278084226385e-06 1.041868362741024801e-06 8.261361696696274396e-07 6.553229688064427984e-07 5.198317458143091467e-07 4.123284362589302210e-07
2.922508137872255969e-05 2.318717341720382845e-05 1.840026569448584550e-05 1.465370508903289211e-05 1.164335532360108848e-05 9.251467466815192764e-06 7.353805841330280293e-06 5.845758729295326195e-06 4.649154714970818492e-06 3.699778453769173050e-06 2.951852165088438363e-06 2.353754769871784049e-06 1.877115451022998459e-06 1.501036492430481129e-06 1.204193107036618432e-06 9.681675305394107574e-07 7.800041562569231828e-07 6.309856106310255409e-07 5.126845145173220094e-07 4.200366422881020471e-07
2.689858323027553960e-05 2.136471789291389506e-05 1.697030248962815200e-05 1.349824767029988790e-05 1.073354344951278462e-05 8.524985949791695725e-06 6.775117587107789280e-06 5.383753755269533593e-06 4.280810421963279915e-06 3.400069880696004292e-06 2.703377967634358262e-06 2.148221405176424750e-06 1.708524824940769509e-06 1.358578015311373526e-06 1.079363414611126696e-06 8.573286566582711353e-07 6.812640100060778202e-07 5.415249805452305623e-07 4.293287046019429093e-07 3.401604613079393322e-07
2.759464990177389727e-05 2.185745941721445689e-05 1.740100556195330771e-05 1.383012477711001045e-05 1.098880677206220031e-05 8.732861857582846634e-06 6.945037130461467158e-06 5.523163389640898140e-06 4.387635668729668415e-06 3.487554763447955688e-06 2.770541097177352487e-06 2.200050850799123622e-06 1.748550271092758367e-06 1.389330644925903753e-06 1.103034807085297718e-06 8.761366185529939527e-07 6.960086139734695500e-07 5.524792226480924545e-07 4.384386861294121275e-07 3.485489023392395227e-07
2.402040148408687202e-05 1.909971526765850868e-05 1.514713101094536568e-05 1.204748248064526656e-05 9.568891867358364625e-06 7.599968136339756463e-06 6.038545648937370143e-06 4.797465472747973632e-06 3.809209674938749287e-06 3.025081834674534703e-06 2.403015648268725990e-06 1.909050165468330050e-06 1.515066027581459757e-06 1.202334172732124445e-06 9.532539076009105051e-07 7.557444819994876731e-07 5.992332019737613227e-07 4.753436421409315616e-07 3.769158642357167702e-07 2.992972007297464598e-07
2.382668339681695522e-05 1.892779065757683172e-05 1.501452286120044930e-05 1.191858041914082677e-05 9.477090623725631784e-06 7.532113640304901991e-06 5.977227261757875767e-06 4.752954360990389561e-06 3.779425268551166399e-06 3.003943104716301698e-06 2.388133107003225057e-06 1.897485781226075662e-06 1.507787556998522837e-06 1.196983339513558780e-06 9.513336621806089496e-07 7.567284025414780942e-07 6.021601559881797845e-07 4.792948700187818270e-07 3.817525279747770519e-07 3.039220257754835163e-07
3.095163192994082526e-05 2.459960001586032339e-05 1.950628643629931375e-05 1.552045839619786537e-05 1.232242687335472166e-05 9.795894551250728446e-06 7.780380184526584485e-06 6.186242198054599881e-06 4.913133602556973442e-06 3.904272555311799297e-06 3.101419795575134086e-06 2.461964241803836473e-06 1.954787499860869207e-06 1.551490192066990234e-06 1.232594691270059486e-06 9.802542592358861265e-07 7.797924779313782204e-07 6.207854988907473281e-07 4.932927240421975669e-07 3.923711779809817253e-07
2.931966467147831623e-05 2.327310681451766878e-05 1.850217613205982752e-05 1.468730059253943420e-05 1.166855674032657245e-05 9.277983068329182341e-06 7.367927057411588138e-06 5.853882035054087424e-06 4.650420632575622274e-06 3.695196278636470773e-06 2.937573132082631444e-06 2.333355537893587930e-06 1.853549423059657744e-06 1.472270738149477192e-06 1.168851631364632571e-06 9.286589757639041210e-07 7.367900782789805586e-07 5.842930834645034050e-07 4.636307671991839858e-07 3.690086608923208904e-07
2.469452513755467495e-05 1.963715502886053605e-05 1.560478447992752585e-05 1.241602571431807623e-05 9.876275406597318036e-06 7.850380176538554903e-06 6.245050820084929072e-06 4.969098554364865413e-06 3.952906466040072536e-06 3.147939210399249935e-06 2.505931144794668432e-06 1.997153843126440927e-06 1.592406630503173260e-06 1.271103551282905468e-06 1.015369721879278445e-06 8.132289999536867356e-07 6.533583863072132288e-07 5.268404581119989233e-07 4.262332570296693754e-07 3.473433563426851086e-07
2.268113491544765449e-05 1.803669195852834303e-05 1.435086934257835247e-05 1.139453951047102008e-05 9.045684715480273812e-06 7.196291145186045273e-06 5.716860439743878328e-06 4.542487998753908455e-06 3.609989778728865641e-06 2.867623122041789741e-06 2.277109053462827159e-06 1.807294485526341028e-06 1.435324501342095100e-06 1.139840788841489137e-06 9.059753397603759678e-07 7.204571376018548911e-07 5.731463875962225643e-07 4.567520197807187664e-07 3.636034380975065460e-07 2.891564239199428677e-07
3.076470433322215633e-05 2.451310443685137270e-05 1.950546775724006998e-05 1.548428812423705724e-05 1.232578615720229802e-05 9.801860358515599648e-06 7.797411929488334454e-06 6.210900065833701317e-06 4.948820285446493673e-06 3.942522864470131961e-06 3.141152966647113636e-06 2.508665946718673722e-06 2.004960050599616739e-06 1.604577476498186546e-06 1.286360326104180980e-06 1.034037349340042044e-06 8.340894117620717382e-07 6.771522325109761149e-07 5.541798845056252066e-07 4.594959796404501121e-07
2.644490946854078723e-05 2.102275151490502739e-05 1.671874845887172135e-05 1.326108880483564079e-05 1.053780700685352496e-05 8.367703927290116305e-06 6.647231579276851828e-06 5.282679644120540946e-06 4.199333066189224680e-06 3.337475257377490131e-06 2.651262070948865554e-06 2.106546059185022884e-06 1.673915094746236967e-06 1.330686492131902240e-06 1.057604926283418200e-06 8.398949096014714836e-07 6.669884459993171259e-07 5.299915387137009785e-07 4.218170473409176153e-07 3.358742369702405760e-07
2.622074887784458302e-05 2.080507148772358264e-05 1.652549463355123540e-05 1.312167341290419728e-05 1.041148297136625485e-05 8.277509818079432829e-06 6.580159130124521349e-06 5.229953889173716110e-06 4.154618487965387841e-06 3.300364691285715348e-06 2.621279101332031091e-06 2.080670758239103696e-06 1.651250675431186231e-06 1.311503065523816463e-06 1.040435160149843818e-06 8.264813413118192120e-07 6.561272608235191536e-07 5.211196942486227506e-07 4.146218484001742273e-07 3.300900933265024877e-07
2.947131729040363665e-05 2.337278087577644064e-05 1.859217647455905069e-05 1.476884603995882582e-05 1.174892835269552735e-05 9.341606631685561016e-06 7.437168763657105294e-06 5.907097923109849094e-06 4.696902544770232253e-06 3.738240451626502774e-06 2.976495179223868042e-06 2.372320034063631412e-06 1.892421558541764749e-06 1.510722324302730929e-06 1.208730145474031766e-06 9.687761005684262988e-07 7.787680970470788954e-07 6.268655079298039562e-07 5.075175559077898323e-07 4.137152676058402741e-07
2.646185291902615030e-05 2.101165654549129198e-05 1.669605237516711774e-05 1.327852501570223246e-05 1.054451126026486486e-05 8.374571667332364789e-06 6.648420926692864106e-06 5.276674776569406677e-06 4.190156890219122582e-06 3.329834387383758638e-06 2.644074153502622537e-06 2.099876006049897438e-06 1.665597299909083227e-06 1.321454088951580395e-06 1.048909510539547715e-06 8.333387253312463194e-07 6.625500660692959124e-07 5.266317992873220585e-07 4.185959651248517866e-07 3.324451194095507713e-07
2.997204647284424658e-05 2.379577144219151801e-05 1.893122965270369602e-05 1.503657818191019927e-05 1.199594581053689241e-05 9.545625368338257782e-06 7.592537467588346764e-06 6.038362264211704008e-06 4.809027382612892337e-06 3.832398110057047734e-06 3.058834199922527207e-06 2.447025116024079116e-06 1.962789896099474128e-06 1.576566621204068038e-06 1.268024306796413038e-06 1.024556311320496008e-06 8.338587620445290376e-07 6.821256489359345309e-07 5.596304101634131903e-07 4.595241634444699395e-07
2.835517470386462438e-05 2.256223396921519934e-05 1.791066076933925172e-05 1.420831705429637790e-05 1.129814457648788442e-05 8.967100548097736547e-06 7.129193059493848783e-06 5.663757327977880677e-06 4.502020095882692184e-06 3.576287870366808683e-06 2.838812110639758822e-06 2.253646273211930549e-06 1.790291077110594089e-06 1.424077434916826914e-06 1.131190097863217247e-06 8.981281607719287644e-07 7.130521744033532189e-07 5.655882821363247507e-07 4.479401109894877969e-07 3.544358503865732078e-07
2.603529595903388200e-05 2.066617316858081524e-05 1.644516700912605436e-05 1.307639499861037504e-05 1.040364597729133024e-05 8.261199842593503970e-06 6.577329637425754701e-06 5.232109949831660825e-06 4.163352904580496316e-06 3.316904267970509045e-06 2.645171624585575982e-06 2.110700712075587112e-06 1.684289339698506025e-06 1.344844182966437905e-06 1.075009841730725260e-06 8.590845306616713891e-07 6.877312066740570788e-07 5.527865680040640706e-07 4.449234233211708249e-07 3.593630557492300507e-07
2.824237844792426569e-05 2.242194612703064113e-05 1.782837242610957725e-05 1.414503237032290462e-05 1.125962300477662478e-05 8.942368864637988449e-06 7.097300874204996584e-06 5.638111517751977663e-06 4.480880429949880324e-06 3.559050213436667581e-06 2.826448184300120751e-06 2.242883369794506180e-06 1.779160416831476583e-06 1.413065178348165023e-06 1.121609451026525118e-06 8.916469478733167070e-07 7.085279815197799026e-07 5.627114508674135723e-07 4.469729697564579754e-07 3.553685893651029660e-07
2.869587106716201978e-05 2.283055289104469443e-05 1.813014763890660782e-05 1.441164128610640624e-05 1.144956411289933710e-05 9.087122685848704796e-06 7.214057866291331412e-06 5.733951742811500904e-06 4.554953711221082292e-06 3.618644694837526793e-06 2.875985358033662051e-06 2.285071994272364073e-06 1.816006394301539668e-06 1.442933304222027967e-06 1.146405098615363943e-06 9.101085018986132338e-07 7.217205141220919561e-07 5.713319246846547320e-07 4.518448397312788859e-07 3.583968483578080326e-07
2.626797742935879561e-05 2.085405945879314815e-05 1.657972607736482587e-05 1.318868995819156564e-05 1.048691273592034159e-05 8.341331384838830703e-06 6.631336845411897799e-06 5.274366689510388629e-06 4.199217903489172327e-06 3.343180644805589435e-06 2.663971006203150153e-06 2.124891640318613916e-06 1.698021415229362922e-06 1.359265411079208219e-06 1.089387576150940144e-06 8.737892470863179110e-07 7.024182701834063867e-07 5.665308786347329138e-07 4.585034121802238605e-07 3.725467503114620090e-07
2.685630056462980349e-05 2.140893958568616025e-05 1.702492582877054622e-05 1.349361766975822695e-05 1.071971588213643652e-05 8.522897499264579733e-06 6.781334181880251027e-06 5.399213767324062502e-06 4.299192639897810391e-06 3.419972613058019157e-06 2.723843274480324573e-06 2.170645913472846848e-06 1.733301606648574284e-06 1.386124841802413751e-06 1.110006957459878643e-06 8.891923119791900475e-07 7.136964781977159929e-07 5.751756622526575730e-07 4.658570927043523153e-07 3.803363784443297340e-07
2.710515087456484435e-05 2.150789783248953688e-05 1.706051664876733626e-05 1.359616261569817619e-05 1.078610479208032707e-05 8.565681378437010554e-06 6.803451701806209540e-06 5.411147889483507718e-06 4.300555135654767001e-06 3.419344203973756241e-06 2.716473902630900359e-06 2.158954638728511844e-06 1.716446656092454321e-06 1.364693609399205187e-06 1.085911031821211725e-06 8.643554631826072258e-07 6.875330768028109493e-07 5.462187149633107422e-07 4.335450485297527727e-07 3.438141601727169088e-07
2.678172869134920093e-05 2.130203084849065275e-05 1.690686758297744151e-05 1.342870155635437910e-05 1.066908049731201468e-05 8.481911618222933626e-06 6.737632089337162651e-06 5.350618663177321800e-06 4.249461790218701602e-06 3.372855703437021850e-06 2.679041169526268180e-06 2.127555550232026973e-06 1.689670139406065150e-06 1.341235928232812151e-06 1.064427953581135748e-06 8.450454734554910702e-07 6.701918095416727974e-07 5.313112593488533502e-07 4.210417356468340209e-07 3.336463917115157862e-07
2.763284791581156790e-05 2.197764481452325503e-05 1.748579341688655570e-05 1.392224093558740404e-05 1.107235624132714958e-05 8.801022471931731141e-06 7.000691016424463637e-06 5.578093278176440750e-06 4.441542724154144043e-06 3.543083731089390743e-06 2.828462099707056042e-06 2.260958572016482943e-06 1.812481677515771209e-06 1.457354299189071453e-06 1.175492607918849251e-06 9.525717815125926962e-07 7.750288324331657378e-07 6.341672554286863545e-07 5.231195580990386125e-07 4.361615639735024452e-07
2.836412211385958354e-05 2.256570666814676439e-05 1.797264691790457394e-05 1.427781545869380286e-05 1.137789645203753054e-05 9.040174282438063371e-06 7.199918948539894568e-06 5.734793927937497145e-06 4.560671637273257637e-06 3.634077543198131199e-06 2.897794732333568744e-06 2.313044582721570284e-06 1.849781272116225936e-06 1.478570117521839461e-06 1.185195743499834580e-06 9.508980203958689896e-07 7.659357764731174708e-07 6.205650619574518791e-07 5.060579627996408041e-07 4.142527053019305708e-07
3.212337827820312440e-05 2.547146883398535079e-05 2.022536498398689849e-05 1.606989408356496410e-05 1.277827949015993003e-05 1.018594311770916286e-05 8.110053390673852171e-06 6.456920624987116339e-06 5.135921329149729171e-06 4.093711202015541420e-06 3.267237756543787514e-06 2.610256805159977133e-06 2.088680125510186383e-06 1.674295893171502607e-06 1.344459992025254003e-06 1.086839447046759993e-06 8.820846354336190883e-07 7.193474587636884353e-07 5.916308682160546360e-07 4.883102314992448196e-07
2.608125797154776240e-05 2.069622407485502812e-05 1.644530079025642696e-05 1.306846556645972727e-05 1.037807971302037389e-05 8.238985023144961012e-06 6.542511581208564939e-06 5.197403083569723525e-06 4.126389007388245636e-06 3.278492111981203713e-06 2.602824055112875612e-06 2.066853513040289857e-06 1.641098291455332823e-06 1.303068540231288360e-06 1.034212156189223170e-06 8.204434927790969027e-07 6.511763896372385716e-07 5.169794873704338780e-07 4.109061779800869676e-07 3.269808374031784177e-07
2.753534255184862485e-05 2.186689334953535206e-05 1.736273559590761895e-05 1.380140322770100581e-05 1.096074130336313271e-05 8.705442549808391079e-06 6.919263951460526062e-06 5.493873959709380049e-06 4.364048628426225137e-06 3.469140800072915287e-06 2.755910558006572683e-06 2.188632835085502780e-06 1.739294198862403777e-06 1.381466999098793543e-06 1.095963604229983711e-06 8.707218544334105129e-07 6.919518330681670716e-07 5.495365596595409812e-07 4.374546107561336430e-07 3.489563019914053702e-07
2.424820121690908018e-05 1.931352940379462942e-05 1.533260775992705241e-05 1.218738507792675353e-05 9.681530335074450811e-06 7.682261410616354221e-06 6.106100023790475341e-06 4.851847204668492372e-06 3.855340051041274940e-06 3.063328629211287232e-06 2.432466987953594985e-06 1.933426875996716549e-06 1.535557035592165245e-06 1.218970962309957107e-06 9.675076693650252759e-07 7.678447695626256080e-07 6.095003787878643538e-07 4.836352783980525243e-07 3.839348851514124957e-07 3.050821792929476080e-07
2.598552247919882444e-05 2.058887353711457769e-05 1.635876569281731864e-05 1.302136911166423883e-05 1.036451011367883950e-05 8.227554357649343220e-06 6.533822147010858960e-06 5.191315083800283860e-06 4.122240196667914929e-06 3.275159716271932710e-06 2.601505508054890770e-06 2.066058391996654064e-06 1.641840221969675480e-06 1.305258740425701460e-06 1.037490070459698754e-06 8.251227782955687439e-07 6.555339805399331376e-07 5.211602232445882853e-07 4.141650417582271739e-07 3.290017013053100323e-07
2.441857003395300218e-05 1.942817577263520733e-05 1.542669459091876235e-05 1.226059172846904750e-05 9.749303660487740336e-06 7.743315368838269433e-06 6.155641524972183176e-06 4.892458595755792254e-06 3.888058946264146415e-06 3.086457493512012229e-06 2.452580898396508389e-06 1.948206461802616948e-06 1.549411888264966803e-06 1.231531691979183279e-06 9.797971999178404838e-07 7.797553004124876675e-07 6.208388330920978869e-07 4.942746067237806246e-07 3.929673758873734320e-07 3.130931136611210435e-07
2.260392492625624495e-05 1.793912026031420107e-05 1.430958370314254044e-05 1.135349865957743434e-05 9.021716235467614785e-06 7.167164645428723329e-06 5.692360250918850680e-06 4.524431807977442258e-06 3.595858462552141860e-06 2.857601866559672955e-06 2.271907991907663233e-06 1.805185756690305902e-06 1.435365726684235573e-06 1.141583235399732283e-06 9.076655457939057307e-07 7.223390888133498040e-07 5.750254839993836887e-07 4.580128772556099964e-07 3.643601153268179832e-07 2.893104659072046133e-07
2.910282204146571403e-05 2.313468834313232639e-05 1.845620950531657906e-05 1.463589255651417485e-05 1.164022751310236575e-05 9.248193948866917355e-06 7.339247335829519104e-06 5.831851214222129596e-06 4.633319318444277411e-06 3.680706766218625507e-06 2.924129765871882737e-06 2.322577956495627862e-06 1.845339567464039585e-06 1.466101314154034140e-06 1.166417688543553922e-06 9.284364687509348557e-07 7.376731842427291195e-07 5.859836063777131818e-07 4.657478576568086239e-07 3.700625042235487208e-07
2.668428834774709812e-05 2.126450757131821578e-05 1.684015766980695368e-05 1.338272573489459911e-05 1.064050141769037630e-05 8.456984112495557105e-06 6.718749136883790031e-06 5.339264072838925963e-06 4.239626355466417024e-06 3.368190387760953397e-06 2.673782825118468974e-06 2.122994929256843226e-06 1.686408606309004975e-06 1.339667597418974838e-06 1.065858310412024143e-06 8.477936379707093475e-07 6.740984573284021337e-07 5.353237800643181291e-07 4.253911085594679834e-07 3.384005849179886990e-07
3.232167972045497462e-05 2.572922969823910133e-05 2.048103660350142146e-05 1.626059282415891018e-05 1.291153165920297930e-05 1.024132658866481921e-05 8.141696658152564888e-06 6.466541635024982590e-06 5.137659504802945322e-06 4.080048999588889788e-06 3.242541542642346170e-06 2.576090176333169118e-06 2.047239693953981820e-06 1.628186035900826302e-06 1.295706776971197765e-06 1.030667203666914431e-06 8.204888232035472341e-07 6.517645899544257446e-07 5.178032696468798469e-07 4.122797683570715452e-07
2.422093100247217943e-05 1.922744252732888566e-05 1.528242725879013942e-05 1.211881157897988094e-05 9.640214483211059183e-06 7.660871999308055256e-06 6.083718992887434884e-06 4.836586795681416884e-06 3.842243284702983270e-06 3.054282323833735019e-06 2.426490106616955379e-06 1.928715133710950754e-06 1.532739454195344992e-06 1.217732274775196906e-06 9.683580809260724441e-07 7.699802419503677284e-07 6.120450832465040401e-07 4.864055603957791755e-07 3.868274484020705894e-07 3.079526466201012975e-07
2.839950422630039900e-05 2.260977497786768964e-05 1.797601901119008178e-05 1.428899599604177841e-05 1.135458023965953086e-05 9.033281966423188240e-06 7.176796122572860833e-06 5.709667679043216373e-06 4.538799087745025016e-06 3.614746416960284337e-06 2.875572529834270519e-06 2.291798021412229907e-06 1.827110413985547845e-06 1.457010969380210713e-06 1.164836706831782128e-06 9.344349869834705442e-07 7.526788524401330948e-07 6.082333584675252807e-07 4.951701031943953413e-07 4.072135549303048418e-07
3.190518828551498721e-05 2.533693702213513847e-05 2.016196916627010398e-05 1.600004380258831561e-05 1.271937442952334442e-05 1.011735788221667463e-05 8.042844398649960362e-06 6.377695120934266356e-06 5.070234297324574948e-06 4.030668401216948269e-06 3.200388443451340232e-06 2.544102049520424287e-06 2.019862729705448567e-06 1.602007213785398686e-06 1.271561463541538126e-06 1.009019899670284775e-06 8.010438139588913170e-07 6.363368204121563833e-07 5.060120301976842762e-07 4.012324716504301585e-07
2.219951181262945378e-05 1.764209016015846454e-05 1.404392492313215599e-05 1.115933919384945653e-05 8.859223668731769247e-06 7.047545067518136803e-06 5.596256657602641815e-06 4.447975626962051457e-06 3.535297689902304640e-06 2.809791993572095204e-06 2.234118567655313856e-06 1.776159165404113099e-06 1.411696835413460103e-06 1.122389070561539005e-06 8.922495055006958031e-07 7.093996573224730260e-07 5.635545890714382402e-07 4.474152286933337564e-07 3.547893915905915821e-07 2.811967720764676398e-07
2.480541263564309273e-05 1.971718311502800770e-05 1.569810895136381469e-05 1.245129018198940941e-05 9.890721109576731433e-06 7.868495380675141903e-06 6.249800690458847523e-06 4.967408133836272068e-06 3.947007112172858285e-06 3.139081630614020330e-06 2.495681838316289793e-06 1.983852160773930477e-06 1.576975139265075598e-06 1.252092011646041319e-06 9.932581507748774936e-07 7.880122583992918725e-07 6.242473371979787805e-07 4.937259499296497189e-07 3.905012804198082102e-07 3.091111402777810662e-07
2.539338142222554242e-05 2.019991893637615167e-05 1.605797846669785504e-05 1.275308210863807821e-05 1.015305220560589070e-05 8.068030357165374277e-06 6.420784049950986393e-06 5.105670522264189251e-06 4.062517596282486704e-06 3.236483150360792756e-06 2.577730708865634971e-06 2.052625500755808570e-06 1.638115805601403858e-06 1.307971317428374676e-06 1.045618857370020306e-06 8.360456421159849552e-07 6.689925215964971682e-07 5.373634894544917730e-07 4.338309785663862769e-07 3.528758860960331805e-07
2.926272478924835877e-05 2.324163638174953618e-05 1.847078187082138386e-05 1.470232713904760930e-05 1.168867546764029047e-05 9.283261414177303180e-06 7.362751658257136143e-06 5.850785908970854846e-06 4.652814786743377934e-06 3.699329564962264559e-06 2.940526067432340288e-06 2.337129347257507629e-06 1.857228175398713667e-06 1.475753152445650095e-06 1.173250753768093744e-06 9.321938984964105837e-07 7.398032565442343911e-07 5.873944843819059611e-07 4.667086256829990514e-07 3.718048102341092777e-07
3.273013294139924241e-05 2.599458296648865283e-05 2.068105437190384074e-05 1.640144351445342889e-05 1.305860852720905357e-05 1.037578779352881952e-05 8.225297292956906426e-06 6.545470416128928255e-06 5.199721524032769269e-06 4.133167710536074926e-06 3.282876149248084230e-06 2.607879668608373781e-06 2.074213649534090528e-06 1.652168735443100743e-06 1.315306512582935952e-06 1.045362930647277564e-06 8.293616584552962917e-07 6.586098002513288717e-07 5.245559748102787985e-07 4.211511334086885429e-07
3.371344731608762039e-05 2.689870212257381181e-05 2.140760784071885599e-05 1.703298249384411676e-05 1.353065990755437654e-05 1.076590639789557125e-05 8.563462304580240326e-06 6.820208358848646098e-06 5.432628577317364705e-06 4.334363962933094765e-06 3.457026690706745382e-06 2.759422910100392135e-06 2.207702623830146857e-06 1.770421534923001214e-06 1.423519381401622904e-06 1.148792603416350440e-06 9.308231655256167790e-07 7.577302636449190779e-07 6.228000020680179093e-07 5.168908805670247470e-07
2.654440817267569757e-05 2.109058596626255846e-05 1.675612624248126853e-05 1.330444358631201006e-05 1.058796981316775125e-05 8.411991505301826731e-06 6.680806548262185586e-06 5.310283466746277275e-06 4.221254114930383449e-06 3.356317532272496449e-06 2.668238274973134827e-06 2.120814439152313947e-06 1.685233966759571869e-06 1.338062447205058829e-06 1.062476780245953421e-06 8.432501661359344980e-07 6.691584974123812646e-07 5.304423705233400459e-07 4.198995617357878126e-07 3.321392711782571416e-07
2.547952802458663106e-05 2.022801276210462598e-05 1.608779768976528233e-05 1.276615731919457334e-05 1.014582486380333155e-05 8.064519709769346324e-06 6.400361482360246066e-06 5.087073968485441760e-06 4.039629296333385190e-06 3.206983812187949516e-06 2.545321586632425040e-06 2.020696275152876023e-06 1.604405323150397456e-06 1.272760430192021040e-06 1.009811799005260685e-06 8.023561506409703748e-07 6.384733898188214933e-07 5.084495023481059478e-07 4.046105653325064953e-07 3.210712275023632301e-07
2.745046171193068818e-05 2.182474776343248249e-05 1.734766167996490050e-05 1.378767581612401376e-05 1.096619535802136008e-05 8.709572239823044337e-06 6.923959698923039152e-06 5.493663218705747640e-06 4.368565281016379642e-06 3.467412127778012558e-06 2.753684316698946453e-06 2.184714871285740921e-06 1.732487863397765667e-06 1.373345473493440885e-06 1.088580371935498862e-06 8.637465462924914412e-07 6.865672780748151500e-07 5.458161757423819686e-07 4.336828359253225251e-07 3.441784215259167137e-07
2.647166062015727289e-05 2.102383153882629593e-05 1.673840842091673715e-05 1.328549351706429763e-05 1.056930769575751282e-05 8.398850749282587265e-06 6.674216497941558016e-06 5.298099106355701402e-06 4.212319786087583928e-06 3.345893620104003531e-06 2.657526050754608331e-06 2.113031148732976412e-06 1.679254452583256414e-06 1.333217402585970215e-06 1.059540341544703691e-06 8.427874342143635522e-07 6.703090053630028670e-07 5.319422537304083731e-07 4.215409841049830344e-07 3.339796571362678581e-07
2.689398408531093573e-05 2.133512570093988950e-05 1.695985826219109871e-05 1.344177956131283179e-05 1.069703807977155214e-05 8.497438903846043969e-06 6.749276460288774350e-06 5.368112158382255550e-06 4.264071145795309949e-06 3.388640502627320445e-06 2.691969468967630970e-06 2.139908533107173359e-06 1.700209199043006889e-06 1.350149044406507446e-06 1.072109805691465146e-06 8.512041990436025932e-07 6.752035127637652068e-07 5.354020886375814397e-07 4.245542078653197940e-07 3.375194055025446804e-07
2.667969724306797267e-05 2.122502159741846854e-05 1.686758318719449250e-05 1.339829631832387797e-05 1.064904846266690785e-05 8.459283299258446830e-06 6.718765388077134382e-06 5.337511410071494479e-06 4.239197111820667569e-06 3.368058619361442423e-06 2.678568289604915908e-06 2.130210175401962993e-06 1.693615844444382342e-06 1.345527559281567296e-06 1.068662459153424045e-06 8.480013205020716794e-07 6.724825997517978584e-07 5.338189555740735287e-07 4.237372420119381971e-07 3.358703339648250476e-07
2.810250980707798503e-05 2.232205856003529050e-05 1.775964481385741673e-05 1.413786328164086839e-05 1.121484267218329154e-05 8.932596517119996405e-06 7.086672388805072261e-06 5.626108535437342967e-06 4.472115838728958238e-06 3.552786008703468231e-06 2.824377740066808609e-06 2.243610632625697336e-06 1.782398424859559585e-06 1.415402410877137228e-06 1.122414539947120429e-06 8.899430065372777487e-07 7.059236718422144810e-07 5.601388918144254467e-07 4.440668416389064775e-07 3.532988560447877668e-07
2.666756482710770009e-05 2.122357958300441274e-05 1.683215632343992141e-05 1.340852688114186111e-05 1.066116224963183264e-05 8.468224919007346269e-06 6.727205445500265175e-06 5.346067784753880044e-06 4.250045319607935594e-06 3.375722501534791108e-06 2.678251048879778110e-06 2.126223307850887393e-06 1.688761871470684456e-06 1.341565918930498546e-06 1.065902668198628352e-06 8.467411399020252110e-07 6.730435850156511355e-07 5.353303019011026568e-07 4.254056593798998602e-07 3.378171370013425810e-07
2.474011094141172437e-05 1.963681648022306129e-05 1.562643693662618197e-05 1.242430735430213495e-05 9.869225118494722454e-06 7.852722247207470689e-06 6.249720781971656438e-06 4.968521497744565997e-06 3.952535590231348830e-06 3.146132379337770133e-06 2.510004188159373962e-06 2.000428628172416123e-06 1.596777707562866339e-06 1.275918771613379909e-06 1.021776183699315913e-06 8.196950922866911637e-07 6.587216722648010169e-07 5.316478931473728333e-07 4.316928296379322910e-07 3.523758552444048802e-07
2.524254827944985289e-05 2.010073873527705611e-05 1.594639230292688162e-05 1.266030126520560833e-05 1.005501098942594854e-05 7.998965617076758219e-06 6.343533667096082084e-06 5.046914407674833027e-06 4.011005815177107635e-06 3.188027369467081369e-06 2.532765697018146512e-06 2.013711316925441364e-06 1.599537725294673281e-06 1.271018918086146217e-06 1.009377622473175004e-06 8.015786255428733125e-07 6.369618381527019923e-07 5.051684214204610730e-07 4.009790328138558483e-07 3.177876633478466612e-07
2.312519115888587662e-05 1.842066067988842561e-05 1.460875885318028538e-05 1.160522890922536415e-05 9.213921287127972939e-06 7.336650934067387917e-06 5.830088626996911531e-06 4.631817843911080381e-06 3.679580874833136278e-06 2.923190573593846567e-06 2.321884359905488669e-06 1.845796301428001089e-06 1.466463312298702742e-06 1.164630317126112623e-06 9.250318081983953518e-07 7.348869882958159510e-07 5.839021527745794481e-07 4.632906447786768804e-07 3.676166872998963610e-07 2.921613575953323848e-07
2.652518776117984513e-05 2.113504256189055244e-05 1.677846072400284412e-05 1.330302863031244698e-05 1.057481323308123046e-05 8.404277316223698468e-06 6.677152005324013461e-06 5.309872296734800298e-06 4.217966571771832587e-06 3.348312281715887007e-06 2.656573822193076732e-06 2.107444758384081457e-06 1.674432890709169329e-06 1.329064017863997248e-06 1.055746763324684905e-06 8.387360315090116982e-07 6.658311127323165597e-07 5.288756545316671419e-07 4.199940573629414851e-07 3.335516831077031868e-07
2.268150030531903937e-05 1.806286559158864439e-05 1.433305973719145909e-05 1.141396213945495272e-05 9.061114557164781497e-06 7.195206113609331569e-06 5.721420460066898739e-06 4.546991072713402123e-06 3.611545046838352758e-06 2.869286466593334329e-06 2.277583666677278916e-06 1.807870432330530448e-06 1.435582388013116439e-06 1.140758778093962549e-06 9.051335559425886242e-07 7.184509932373407296e-07 5.701627882752415233e-07 4.524504371212391099e-07 3.589903880952963335e-07 2.847429726331412744e-07
2.471170036499643359e-05 1.966214691419883325e-05 1.556210648744842429e-05 1.238308233865761199e-05 9.831929696677439148e-06 7.810597804776970082e-06 6.212024559297884364e-06 4.932470328368287107e-06 3.920763703482814660e-06 3.115493857176047879e-06 2.475357598110603630e-06 1.966878002572991318e-06 1.561979592766944623e-06 1.241723070303954541e-06 9.872436693342389491e-07 7.846016844670902228e-07 6.242179944130662472e-07 4.965906691389867444e-07 3.955248485822912586e-07 3.145434524413599487e-07
2.606187244449211500e-05 2.077727045487305705e-05 1.651310861853582632e-05 1.311300273286765971e-05 1.040680335717345820e-05 8.259800961656263007e-06 6.568822362953884584e-06 5.220693567538745890e-06 4.143266252888583909e-06 3.290528710048168061e-06 2.613266334258509893e-06 2.077625121168923555e-06 1.650144643444841520e-06 1.312019021055161711e-06 1.042949471338797289e-06 8.291469556452377257e-07 6.590473558418661547e-07 5.239382652066998335e-07 4.159102912831957979e-07 3.302181363861436492e-07
2.195679574107007345e-05 1.742724727565632205e-05 1.387616084925393877e-05 1.103315222253757814e-05 8.761405895805052704e-06 6.968324316795211853e-06 5.537193735247906999e-06 4.401349704781925329e-06 3.497091367253781730e-06 2.778867555047856011e-06 2.209144137134548291e-06 1.755581209643520675e-06 1.394608335714836106e-06 1.107658901979118303e-06 8.792815608527764828e-07 6.982900373870051349e-07 5.540910851770232939e-07 4.398638585676696641e-07 3.495111394367022488e-07 2.779000272156876349e-07
2.472316352941826491e-05 1.961906191279237373e-05 1.559961413614309450e-05 1.239093041460627212e-05 9.845777778761949649e-06 7.827748898152882417e-06 6.211630048551069158e-06 4.933499149044394322e-06 3.918522713231414867e-06 3.111816380026471181e-06 2.469648293516839802e-06 1.961145758423517664e-06 1.557038741890742717e-06 1.235634917061802492e-06 9.809032133007743162e-07 7.778639813252051647e-07 6.176659378072590626e-07 4.910038677788837348e-07 3.904077770744465159e-07 3.109093601952288956e-07
2.347984387725957143e-05 1.870288905104138888e-05 1.487070633036315063e-05 1.181425774402295177e-05 9.386658914017816587e-06 7.455166459874186904e-06 5.923888891305354301e-06 4.707347749329972811e-06 3.741703623490564440e-06 2.970862856568562130e-06 2.358120483194901646e-06 1.872767114516143570e-06 1.488888112336999172e-06 1.182997247196016141e-06 9.405578634277274747e-07 7.480094983516237230e-07 5.943696680309175045e-07 4.724692967592172651e-07 3.755560727308852496e-07 2.982112044450615985e-07
2.432685107935733277e-05 1.939933344034729546e-05 1.537688397614273225e-05 1.221273372069641387e-05 9.714653259808503420e-06 7.735276155548115318e-06 6.151219948881157804e-06 4.891784453303395072e-06 3.897469535620646960e-06 3.105371428079292936e-06 2.475048541995620128e-06 1.975077396061625569e-06 1.577619426423077178e-06 1.261315683445087575e-06 1.009497615449583659e-06 8.095423111473120531e-07 6.512314297342864937e-07 5.262094790861700524e-07 4.282567232879030269e-07 3.519983955799612653e-07
2.832354959271233635e-05 2.247527452164543740e-05 1.787047848182421686e-05 1.416695310414829110e-05 1.126895611078511934e-05 8.965455366196084790e-06 7.129131094895070294e-06 5.671447467873290071e-06 4.514194600824284834e-06 3.591759978011790642e-06 2.856382666456011087e-06 2.276788551618883385e-06 1.814246480933600323e-06 1.445621847419969444e-06 1.152202888439699093e-06 9.213734516617438773e-07 7.383086149587015358e-07 5.937562162406462185e-07 4.807730073847506728e-07 3.925860599813009519e-07
2.587044807903306321e-05 2.057412545465266799e-05 1.635695251779066276e-05 1.298386178605889714e-05 1.030339216147387358e-05 8.192487426109928611e-06 6.514302777745181313e-06 5.183126076352530578e-06 4.125336185248336076e-06 3.286934657351570836e-06 2.620461186700899609e-06 2.090092731422769924e-06 1.667589333933207202e-06 1.332945085479963325e-06 1.067594241143993402e-06 8.569945572159486806e-07 6.899741811303593264e-07 5.574604185124766891e-07 4.520587605616522887e-07 3.684549919388286010e-07
2.498490266286031779e-05 1.986042224611367019e-05 1.578693861796952259e-05 1.256321686641679382e-05 9.997636310411499197e-06 7.948421352706598643e-06 6.338308494531640705e-06 5.054450342715887812e-06 4.028806881205215910e-06 3.215371852266363189e-06 2.570737763831973642e-06 2.058327580632125804e-06 1.649431094242425030e-06 1.322885129164204770e-06 1.063614423462213157e-06 8.589644008632801871e-07 6.977294762636605976e-07 5.693944043833283928e-07 4.682849564445450062e-07 3.905058724359274933e-07
2.487157364442266999e-05 1.977378773235857220e-05 1.571013071797326720e-05 1.247615327835109707e-05 9.916060065305769682e-06 7.874134178026814332e-06 6.256069917676292439e-06 4.976482568642974235e-06 3.951780782205770526e-06 3.138486139731602167e-06 2.492291473764616782e-06 1.979882192112945149e-06 1.572660069078137400e-06 1.249576092608229327e-06 9.927562090330896759e-07 7.882641407612419317e-07 6.262247790095773254e-07 4.968721291106675763e-07 3.938868065472882594e-07 3.124823738214445931e-07
2.614523697551132157e-05 2.076183125758848566e-05 1.649980140632400556e-05 1.311914763882164706e-05 1.041072516617070862e-05 8.274383867374567240e-06 6.574407143739787855e-06 5.226809772225996817e-06 4.149681968455447998e-06 3.294731166571364126e-06 2.617402585623073709e-06 2.079849740420711513e-06 1.652814539776548784e-06 1.314144587482098864e-06 1.043759392105357917e-06 8.284573252293082095e-07 6.569066701365930241e-07 5.215792926230824803e-07 4.145527514856645414e-07 3.286670052112795366e-07
2.402866949310329418e-05 1.904402504375289499e-05 1.511859190045754795e-05 1.203482608472324048e-05 9.550604823917345902e-06 7.580584735633659524e-06 6.028432691011408539e-06 4.785896832042692727e-06 3.806096862940384151e-06 3.023285762140900696e-06 2.401129228297909865e-06 1.905790135921984280e-06 1.513251566945629320e-06 1.201061539127349875e-06 9.532939963643797815e-07 7.566781017653546886e-07 6.008650834540817741e-07 4.771446788329709549e-07 3.791404610717418612e-07 3.015117873590688884e-07
2.425785655632008256e-05 1.930295893253016574e-05 1.533507305709188521e-05 1.219360677774271570e-05 9.681534804179288937e-06 7.696847061275199393e-06 6.120517597431152775e-06 4.863918232307645959e-06 3.872076954654572446e-06 3.079245762567080380e-06 2.451725125500583074e-06 1.950758015033078627e-06 1.556699782354022833e-06 1.242609063529172740e-06 9.935895801275623185e-07 7.947315112645830746e-07 6.372512361966297542e-07 5.123136218874319909e-07 4.126681370030425097e-07 3.341924103459647416e-07
2.560245273148044454e-05 2.039017403357471457e-05 1.619884260493159117e-05 1.287036015517639041e-05 1.022119938234299006e-05 8.116076588840499237e-06 6.449321238085017107e-06 5.124406423703769732e-06 4.069669158399832911e-06 3.233187918689673946e-06 2.569405184381893358e-06 2.041341393346233569e-06 1.622508086120779308e-06 1.289000277347073140e-06 1.023877469714865484e-06 8.134806851074069003e-07 6.465200322255007163e-07 5.137560724065915456e-07 4.073506271795314417e-07 3.224245215559724549e-07
2.656193299985290174e-05 2.106376634615774753e-05 1.671996403873750078e-05 1.330303996751821664e-05 1.058156575303892731e-05 8.402063951749508733e-06 6.680656907945306456e-06 5.306476011840931183e-06 4.215020707770628170e-06 3.348294811310718481e-06 2.657279295278459453e-06 2.110085656205883199e-06 1.673088550615737567e-06 1.326091999308218968e-06 1.051763731454218530e-06 8.333728012567259985e-07 6.608175977201129768e-07 5.242814260788220983e-07 4.160186886330738485e-07 3.296342799949937528e-07
2.439560429407631889e-05 1.936223615676212992e-05 1.540284650791922766e-05 1.223033567384363015e-05 9.715843750924652397e-06 7.721914237170066854e-06 6.134157149065737333e-06 4.871739017162836004e-06 3.872642831819752590e-06 3.078643317613792214e-06 2.446593372334286313e-06 1.946370954610695506e-06 1.547899374254819370e-06 1.230227116721755496e-06 9.780681510817306182e-07 7.771517596225623033e-07 6.178174169917604968e-07 4.910585299582222894e-07 3.903749108814935738e-07 3.100876847434090629e-07
2.809634230469113989e-05 2.242610360734062790e-05 1.775698290623210738e-05 1.412209347469630736e-05 1.122226333245744658e-05 8.922189404867565018e-06 7.084254181952706028e-06 5.625691480028621872e-06 4.466952537560517970e-06 3.550901581847208155e-06 2.821898615523062951e-06 2.241324718397078164e-06 1.779753827636246255e-06 1.412113690011455805e-06 1.120822645090263444e-06 8.900278586513458852e-07 7.075044368399126828e-07 5.629061401497496842e-07 4.489340426825477601e-07 3.599847189468788484e-07
2.523584575160612016e-05 2.007819617482607501e-05 1.596383614560314726e-05 1.267358485990347023e-05 1.009161693868746243e-05 8.012016381662350682e-06 6.374152645146995743e-06 5.071889716404668354e-06 4.032883945568449378e-06 3.210530245058467645e-06 2.556008378498364826e-06 2.034440337134167957e-06 1.618930291236238497e-06 1.290566675657173798e-06 1.030321027409416390e-06 8.246547983906187232e-07 6.619327248445959078e-07 5.331172442964195044e-07 4.310621670313422531e-07 3.505658372008518223e-07
2.826021503189763985e-05 2.252160681824694698e-05 1.781746866753097111e-05 1.418468581060538111e-05 1.124603021050093241e-05 8.942997185533804426e-06 7.105072939363813510e-06 5.637898451731213307e-06 4.480926744202434288e-06 3.559611996621783676e-06 2.825594366892175774e-06 2.244911327013306887e-06 1.785500092355319743e-06 1.419566261110123218e-06 1.127836135465326366e-06 8.957693313395293340e-07 7.122892955621114633e-07 5.666542779234387721e-07 4.502006125810840748e-07 3.578481370414578786e-07
2.648305265843057795e-05 2.098589280107803856e-05 1.666205278511864331e-05 1.322716556364520351e-05 1.050030357754572366e-05 8.343286585534440686e-06 6.630339734642367128e-06 5.267356568558894106e-06 4.186650044944377069e-06 3.325462972286080410e-06 2.642114471844350558e-06 2.098440501091720069e-06 1.666311885592051948e-06 1.323777716024143601e-06 1.052130751131436759e-06 8.361563256606217487e-07 6.652343755466462353e-07 5.301786743966996828e-07 4.222501964649569075e-07 3.364258744536614934e-07
2.434899677077197489e-05 1.936070683646697583e-05 1.538094199877159754e-05 1.219900310402228950e-05 9.709762200113885989e-06 7.710268378564784589e-06 6.129126161785157861e-06 4.867862775056633234e-06 3.869299781916978709e-06 3.071012390085656798e-06 2.439477646198682710e-06 1.938805940989597404e-06 1.538228349296262449e-06 1.220378149276100377e-06 9.677601298069320481e-07 7.678571904413272662e-07 6.101364095884833725e-07 4.849113768682380806e-07 3.853703625601028710e-07 3.055164204081683780e-07
2.730228225832757825e-05 2.172957781782431359e-05 1.723156845689333456e-05 1.370250285316596739e-05 1.087988284432518424e-05 8.635567339567164113e-06 6.860654645342427391e-06 5.441382671749095225e-06 4.325302556070150706e-06 3.436813174623421756e-06 2.728534006394403225e-06 2.167353474951665012e-06 1.721646794127748323e-06 1.367553116078554697e-06 1.086575062597607645e-06 8.638328845536968146e-07 6.873984818678321291e-07 5.463129964023852136e-07 4.341341312507215806e-07 3.464982564976741146e-07
2.597700411488732032e-05 2.066484095341773264e-05 1.645446590469728403e-05 1.309000920297824360e-05 1.039883780478916682e-05 8.272928206908710560e-06 6.578145501594546353e-06 5.232994910503335862e-06 4.165083987076908667e-06 3.315887248453209847e-06 2.642507444998774250e-06 2.106443140366225775e-06 1.680513813479727346e-06 1.344285511042044648e-06 1.075875238128268853e-06 8.614891048423116907e-07 6.916003678150160880e-07 5.567267888304569143e-07 4.510920508857077004e-07 3.701105407075697370e-07
2.414213645455374858e-05 1.920660695976755033e-05 1.524007915578799462e-05 1.212038352418527573e-05 9.632262892269028408e-06 7.655136055637454774e-06 6.081183735233930468e-06 4.828182108686847684e-06 3.835982267761005250e-06 3.047932841975159477e-06 2.422099496339302276e-06 1.925297014406666854e-06 1.529786748514992801e-06 1.214976436942419531e-06 9.656041303886084099e-07 7.672330115685809629e-07 6.097716850256403867e-07 4.855968472405132631e-07 3.877107498341214514e-07 3.098215214512157375e-07
2.640661178929144882e-05 2.097816209519181695e-05 1.668035959255650949e-05 1.324542620629109456e-05 1.051852658193474060e-05 8.348074718592836391e-06 6.634714123304448064e-06 5.273034129012888227e-06 4.189011389329168607e-06 3.328072080717489737e-06 2.643972058044164382e-06 2.099034314806742027e-06 1.667115970954411533e-06 1.323833456447739875e-06 1.051413144283357124e-06 8.345997900278845379e-07 6.630864623580435475e-07 5.261621789328772556e-07 4.176608548748815608e-07 3.315177049819629955e-07
2.676671765162493886e-05 2.127308582222329155e-05 1.686285803168459136e-05 1.340052891122115460e-05 1.064846021965360746e-05 8.466425943399698474e-06 6.722628908877870090e-06 5.340177125829468083e-06 4.241462960306793071e-06 3.370533258969880577e-06 2.676652000584085206e-06 2.127160626358243524e-06 1.690453751381346304e-06 1.342570717797066729e-06 1.066256528385525059e-06 8.479897604525703271e-07 6.742202383625785689e-07 5.361420190711345683e-07 4.261686386705618315e-07 3.384376817082155336e-07
2.647748167879479558e-05 2.106955535972239649e-05 1.670688292779860774e-05 1.326854758794143226e-05 1.052928739682486668e-05 8.370994220446104916e-06 6.647928963983696256e-06 5.285497364834157849e-06 4.198269268476603427e-06 3.333239967678414463e-06 2.646361917973044775e-06 2.101235294824231895e-06 1.669569020678855117e-06 1.325784546927888096e-06 1.052292617135666381e-06 8.351295411500058990e-07 6.636173444701666110e-07 5.279504575232021163e-07 4.192715104760900549e-07 3.327495796471090510e-07
2.536958600303651168e-05 2.016782121443706427e-05 1.600920215609445154e-05 1.272648150420617954e-05 1.010343336184496101e-05 8.016961154143497519e-06 6.375812077236877513e-06 5.064360429557145750e-06 4.019052575042500516e-06 3.193867483179079203e-06 2.536258767157842686e-06 2.014257091799145325e-06 1.599400049230957675e-06 1.270652036097648962e-06 1.009964289803754242e-06 8.031576373197519245e-07 6.383097923816989230e-07 5.064989340032702753e-07 4.015768569933221583e-07 3.187355586468842375e-07
2.398226419722750580e-05 1.908327085180893778e-05 1.517022775996387229e-05 1.207041373509556399e-05 9.581947773229898378e-06 7.616980179895667327e-06 6.047461613830040299e-06 4.809018355389220765e-06 3.819681983357182367e-06 3.034630709946752906e-06 2.411039862888712737e-06 1.915568022234469484e-06 1.521271131150172314e-06 1.209185058105246183e-06 9.604542188923903991e-07 7.631746883445458279e-07 6.065217963022993993e-07 4.831637070304398698e-07 3.857978262238353141e-07 3.086211113269120750e-07
2.361820248410877469e-05 1.874892434753209052e-05 1.491375100655290985e-05 1.184419797181393046e-05 9.406051638637269197e-06 7.476968863277791199e-06 5.933967367676577051e-06 4.717351884135010577e-06 3.746360131592478519e-06 2.977786560504726658e-06 2.365776244179180588e-06 1.878479625273976605e-06 1.492398290296529758e-06 1.184709210084482873e-06 9.413561555814766654e-07 7.481107533654559900e-07 5.942866964374018736e-07 4.720213636537579572e-07 3.753652370731286815e-07 2.988421473265866825e-07
2.572359152294221153e-05 2.039387259411392847e-05 1.620900352352465932e-05 1.287662775507987233e-05 1.022374777187603600e-05 8.124229461364013369e-06 6.448287086217359358e-06 5.130147009797887221e-06 4.075820363665258271e-06 3.236876197133714559e-06 2.571320660231039497e-06 2.042431036152058989e-06 1.623297703833878965e-06 1.290430757380056737e-06 1.026169688213553486e-06 8.162990057253843131e-07 6.493878121360119160e-07 5.165969802567979536e-07 4.106384613699281456e-07 3.261344334728184065e-07
2.504790484280839969e-05 1.988711009849763157e-05 1.581912717765270547e-05 1.256913441303242937e-05 9.983989452968737075e-06 7.937340525164983119e-06 6.306583859916487001e-06 5.012116258238395036e-06 3.984696054382252866e-06 3.163705938906834354e-06 2.514150581534599538e-06 1.998737065571380590e-06 1.587959589929677030e-06 1.261466764813030973e-06 1.002322479798184806e-06 7.962261838949014271e-07 6.319480403206640436e-07 5.014143736006987418e-07 3.989739327322624193e-07 3.173956058028333538e-07
2.533864460142386065e-05 2.009114426371387424e-05 1.599981871429730562e-05 1.270289007622261716e-05 1.008248568478976905e-05 8.013639045219164581e-06 6.367986603105212987e-06 5.058088278780544195e-06 4.022262677595401948e-06 3.196751224376960712e-06 2.539036098543285699e-06 2.017190620186168311e-06 1.603998081352019842e-06 1.274970577048155269e-06 1.013579577906837128e-06 8.056370595916796504e-07 6.397323375719464830e-07 5.080907918714357576e-07 4.031351908717760145e-07 3.195353540651960689e-07
2.268823791066560820e-05 1.803298223612584910e-05 1.433320654602795132e-05 1.137264029684019212e-05 9.040884495833715362e-06 7.188104860937498712e-06 5.709578107459481313e-06 4.533039890423800352e-06 3.599731420032833191e-06 2.860950877306466907e-06 2.274242362284067646e-06 1.807328922034106343e-06 1.436427301639451386e-06 1.141644202836332215e-06 9.074696141447783538e-07 7.211918983447911312e-07 5.735695882699876305e-07 4.560093961206753524e-07 3.626811634362978824e-07 2.885203057443451711e-07
2.981325420272610985e-05 2.365406887057379216e-05 1.882839182306708130e-05 1.499055491053531827e-05 1.189182034030825466e-05 9.440097224896130929e-06 7.503074735967063170e-06 5.956886091374700411e-06 4.733258046512141239e-06 3.758845731681390458e-06 2.985118549562519519e-06 2.373885345432199765e-06 1.885269488141597057e-06 1.498560591688918385e-06 1.190561146161212568e-06 9.458249564726688558e-07 7.512163651191352589e-07 5.960979635324240723e-07 4.729535161202472910e-07 3.756911044759643623e-07
2.562096169520924812e-05 2.038778363431303499e-05 1.622543051878126726e-05 1.288450857571811319e-05 1.025201110533661703e-05 8.153392492270854900e-06 6.486850595365126393e-06 5.168960836668284219e-06 4.115769023977938942e-06 3.280351801460851923e-06 2.615769047109950449e-06 2.088268671805759514e-06 1.669179167410333006e-06 1.337575488711654353e-06 1.073356595485083230e-06 8.639145809985831844e-07 6.975912865818854244e-07 5.668767358110171255e-07 4.638591317007876765e-07 3.819004211224554907e-07
2.585899719551589492e-05 2.053922820326987712e-05 1.635101244058518970e-05 1.300384357486931987e-05 1.033480873021238064e-05 8.209710269426895521e-06 6.531371766855627916e-06 5.196244947242595318e-06 4.135316704501661678e-06 3.296618292155403639e-06 2.627913865697974282e-06 2.096355216501310226e-06 1.673956545154992421e-06 1.338924978636827090e-06 1.074410717712021458e-06 8.650826954089631738e-07 6.986369922240991976e-07 5.660070787243564366e-07 4.594794533830993536e-07 3.747094880635596522e-07
2.964544513158500191e-05 2.362550936242573070e-05 1.875551388924149261e-05 1.493597809122391745e-05 1.189223154855172584e-05 9.465289617838349757e-06 7.540662908952416750e-06 6.005795183570934248e-06 4.794729667268982258e-06 3.830497605514806822e-06 3.065296362909075401e-06 2.458618523738801212e-06 1.976669380875033691e-06 1.595696507281081488e-06 1.292144289658597044e-06 1.052559361729106858e-06 8.630534959828841293e-07 7.131940879898167071e-07 5.984110948561124730e-07 5.114666187409200748e-07
2.695656150649404921e-05 2.145189550169638142e-05 1.704785285285085258e-05 1.355178774391983766e-05 1.077838013243062852e-05 8.572309066880476908e-06 6.821610272003032415e-06 5.429068963925009529e-06 4.320538419529881892e-06 3.440508364145588641e-06 2.741235992583994297e-06 2.183708079827088846e-06 1.741566843798166432e-06 1.391230097916637382e-06 1.112592301783935843e-06 8.911857626682595040e-07 7.155540191255080935e-07 5.767217409800453938e-07 4.666108370977069308e-07 3.809860609774898651e-07
2.873109288262066540e-05 2.285740069308128274e-05 1.815469663216272145e-05 1.443494941319863691e-05 1.146286814923609641e-05 9.106482136715824546e-06 7.231882880923322559e-06 5.742873273691431758e-06 4.561245572487961475e-06 3.624922725544236001e-06 2.879818077214128421e-06 2.286230499811343229e-06 1.816072056821632258e-06 1.442406310325435529e-06 1.145489037890993556e-06 9.091430330935389509e-07 7.206220214821983628e-07 5.722391436919775401e-07 4.541139995062050298e-07 3.600368451906946219e-07
2.525234945996758732e-05 2.010121031619086074e-05 1.600041196625022935e-05 1.270411210687609012e-05 1.009834309310668368e-05 8.035122400581219072e-06 6.390775657950561520e-06 5.087597980054375366e-06 4.048121765709888477e-06 3.224939774085538362e-06 2.570695200059418689e-06 2.051522618361319966e-06 1.639427291258548261e-06 1.310274352770375516e-06 1.049409016457198264e-06 8.428890749079848840e-07 6.787126334992091804e-07 5.495338019036888589e-07 4.476207805228025038e-07 3.673975378948531783e-07
2.955323528994498110e-05 2.344539251616171763e-05 1.866329191308928944e-05 1.484908881314104181e-05 1.180206237887179230e-05 9.388591586715064327e-06 7.463474178549455790e-06 5.935548574276154324e-06 4.725736485170399760e-06 3.762045483385425052e-06 2.994535281877700894e-06 2.387191870588591056e-06 1.906921960205378750e-06 1.522920795783916717e-06 1.217242815635861023e-06 9.754265923258045716e-07 7.835415841836886923e-07 6.309164686562295511e-07 5.111027964187649847e-07 4.189152625768159509e-07
2.421604350165753054e-05 1.923917874850278176e-05 1.531018349965375267e-05 1.215673867410870853e-05 9.660616457298140534e-06 7.678563464029825806e-06 6.098409015011761171e-06 4.845320471538668320e-06 3.845902523680380738e-06 3.056663171253233011e-06 2.427498343410978344e-06 1.927561126270650523e-06 1.531391964804627653e-06 1.216503800961130338e-06 9.663655308118322447e-07 7.680405591950569210e-07 6.108393368393530145e-07 4.857621488106899265e-07 3.858567364940734784e-07 3.061747528186033194e-07
2.576514515085154478e-05 2.045916779756443618e-05 1.625982785971828574e-05 1.288866578727417994e-05 1.025581895370095000e-05 8.152764824183665103e-06 6.479303956594150739e-06 5.151429546896501107e-06 4.090194233286173439e-06 3.249375428676714085e-06 2.582192152597583373e-06 2.051097844284492060e-06 1.628746918454610960e-06 1.292114273038718812e-06 1.024843368999365151e-06 8.137001060162784921e-07 6.459665974025117478e-07 5.128995071069491380e-07 4.073659484446000696e-07 3.225894582842980041e-07
2.572760883972957102e-05 2.037530918738692629e-05 1.620242651632338376e-05 1.286910175446979620e-05 1.022344455479971077e-05 8.122518958273223290e-06 6.451877946295918849e-06 5.122067459134718327e-06 4.070950773019649165e-06 3.232953002625090184e-06 2.570361513651301875e-06 2.040705004110883121e-06 1.621044559479773420e-06 1.287668685290796559e-06 1.022517722250529551e-06 8.120721519613953248e-07 6.446833901743127516e-07 5.112972309265319553e-07 4.053235215584230867e-07 3.210893546372266030e-07
2.706849227542575787e-05 2.151495482379270168e-05 1.711218636006175622e-05 1.358581484127862509e-05 1.080445550007609024e-05 8.580163000550756135e-06 6.833559287498469898e-06 5.439247581387546443e-06 4.333946115127478263e-06 3.453342049702565548e-06 2.752494796456469105e-06 2.195187157513944509e-06 1.751748819900173945e-06 1.400896654725881338e-06 1.122348314111925412e-06 9.021207640965679494e-07 7.273740837056524766e-07 5.903408680763248712e-07 4.815305291592146236e-07 3.958397802568298912e-07
2.369628138985774597e-05 1.880563535041627064e-05 1.496162922889549061e-05 1.188032919668800762e-05 9.431962343172716745e-06 7.499438351746961542e-06 5.953737256935064976e-06 4.729308604926127249e-06 3.758814693904959999e-06 2.986733005421577092e-06 2.372336482732199126e-06 1.883559645378239700e-06 1.495757545093435976e-06 1.187498384462890297e-06 9.435227684166651978e-07 7.488973626443434707e-07 5.938372107974258470e-07 4.711482388147933854e-07 3.741753775623024960e-07 2.963451724440102104e-07
2.497586044691576534e-05 1.982583030164921316e-05 1.577432356991339475e-05 1.252801409073012485e-05 9.962599282628696503e-06 7.906771039148754150e-06 6.283048526430833862e-06 4.989812954274578694e-06 3.965298876686752837e-06 3.151628533249840081e-06 2.503172181708892684e-06 1.986674229624371255e-06 1.578194183546331333e-06 1.253927735249378247e-06 9.962257444407350530e-07 7.910541719373530454e-07 6.285089100105290673e-07 4.993731120027310628e-07 3.964838128308083735e-07 3.152331726447192499e-07
2.609733531890132902e-05 2.065256503998218486e-05 1.647324382092086058e-05 1.307125149131360972e-05 1.037520022088293841e-05 8.255641203742433547e-06 6.559925941172806207e-06 5.209198299965087214e-06 4.142066253282731119e-06 3.291444556682362755e-06 2.616106466667647658e-06 2.076871456980257865e-06 1.648662065405721073e-06 1.308750043800224226e-06 1.038912218256058036e-06 8.254465061119337110e-07 6.561393411063266060e-07 5.212014528842427421e-07 4.144810677241017279e-07 3.301518777490370134e-07
