# th, randoms, err_randoms
2.805046135754908576e+00 2.022267710153768740e-06 1.459163665534884106e-06
3.531343861556885511e+00 -5.177998951589311021e-07 1.422054749659616929e-06
4.445698525097307119e+00 4.056645371684333895e-07 1.328302175817768175e-06
5.596802846420849242e+00 -9.698830340199156184e-08 1.235855251633687670e-06
7.045957328161136068e+00 -1.466297310949342911e-06 1.195873557067970754e-06
8.870334730839386950e+00 -3.267158685694425651e-07 1.278484095096494763e-06
1.116708980377407912e+01 6.318469236094948575e-08 1.392708445048534199e-06
1.405853312975872704e+01 -5.188631901019874319e-07 1.622615448886905817e-06
1.769864460960344488e+01 -6.746308759767479840e-09 1.962638148531521601e-06
2.228127345334364406e+01 -7.138487914718866191e-07 2.441282133965536789e-06
2.805046135754909287e+01 -9.003549776885903924e-07 3.065260659091285397e-06
3.531343861556886310e+01 -9.743760416838352740e-07 3.901604917033401043e-06
4.445698525097307652e+01 -1.281932253802817575e-06 5.033758098247048409e-06
5.596802846420851552e+01 -1.606751826691207649e-06 6.436132667553315069e-06
7.045957328161136957e+01 -2.134617943402971943e-06 8.169153451955448383e-06
8.870334730839388726e+01 -2.414519045700177632e-06 9.989834586272639940e-06
1.116708980377408125e+02 -2.031014134541778301e-06 1.293120797813783671e-05
1.405853312975872882e+02 -2.179152439513225927e-06 1.708234306086407932e-05
1.769864460960346548e+02 -3.258864789126626245e-06 2.196560827157529404e-05
2.228127345334363838e+02 -2.731267711828999066e-06 2.813512613694144507e-05
