# npairs for all jackknife regions
2.053280000000000000e+06 3.229399000000000000e+06 5.084513000000000000e+06 8.014311000000000000e+06 1.264114500000000000e+07 1.994221100000000000e+07 3.147299000000000000e+07 4.957551900000000000e+07 7.802020300000000000e+07 1.228324360000000000e+08 1.931729740000000000e+08 3.034300680000000000e+08 4.766181170000000000e+08 7.492950050000000000e+08 1.172957450000000000e+09 1.826582259000000000e+09 2.834265839000000000e+09 4.369642962000000000e+09 6.662897958000000000e+09 1.001030414900000000e+10
1.659943000000000000e+06 2.606695000000000000e+06 4.092509000000000000e+06 6.435346000000000000e+06 1.012665900000000000e+07 1.598227300000000000e+07 2.526284000000000000e+07 3.975546600000000000e+07 6.262705900000000000e+07 9.882491200000000000e+07 1.557769270000000000e+08 2.455204130000000000e+08 3.859476520000000000e+08 6.052166780000000000e+08 9.451780460000000000e+08 1.466943611000000000e+09 2.270758846000000000e+09 3.492801837000000000e+09 5.296917084000000000e+09 7.974605389000000000e+09
1.486409000000000000e+06 2.332948000000000000e+06 3.661496000000000000e+06 5.744539000000000000e+06 9.012967000000000000e+06 1.415203000000000000e+07 2.228830000000000000e+07 3.496352800000000000e+07 5.474289100000000000e+07 8.570284000000000000e+07 1.337886900000000000e+08 2.079813920000000000e+08 3.225494310000000000e+08 4.989788930000000000e+08 7.680228750000000000e+08 1.173549096000000000e+09 1.775527403000000000e+09 2.634062169000000000e+09 3.816307329000000000e+09 5.365945275000000000e+09
1.168391000000000000e+06 1.838737000000000000e+06 2.899266000000000000e+06 4.570424000000000000e+06 7.217434000000000000e+06 1.138327200000000000e+07 1.792957000000000000e+07 2.824566700000000000e+07 4.446264300000000000e+07 7.018132200000000000e+07 1.109309570000000000e+08 1.754814120000000000e+08 2.776203460000000000e+08 4.406403260000000000e+08 6.989282640000000000e+08 1.106737050000000000e+09 1.758397910000000000e+09 2.792351985000000000e+09 4.411563305000000000e+09 6.943005488000000000e+09
1.813460000000000000e+06 2.847288000000000000e+06 4.484349000000000000e+06 7.068637000000000000e+06 1.114290300000000000e+07 1.757196400000000000e+07 2.767433700000000000e+07 4.359194300000000000e+07 6.860841800000000000e+07 1.080959150000000000e+08 1.701527930000000000e+08 2.668554380000000000e+08 4.174084400000000000e+08 6.501741180000000000e+08 1.004273007000000000e+09 1.539346092000000000e+09 2.332513252000000000e+09 3.477691169000000000e+09 5.093666743000000000e+09 7.278516223000000000e+09
1.118083000000000000e+06 1.763541000000000000e+06 2.774177000000000000e+06 4.378311000000000000e+06 6.907557000000000000e+06 1.090213400000000000e+07 1.720693000000000000e+07 2.710898900000000000e+07 4.271051200000000000e+07 6.726830200000000000e+07 1.058320900000000000e+08 1.658840490000000000e+08 2.594692510000000000e+08 4.072975590000000000e+08 6.377053050000000000e+08 9.999925650000000000e+08 1.574959573000000000e+09 2.493111335000000000e+09 3.937229634000000000e+09 6.179175874000000000e+09
1.484704000000000000e+06 2.339959000000000000e+06 3.691131000000000000e+06 5.811483000000000000e+06 9.164004000000000000e+06 1.443025600000000000e+07 2.272495300000000000e+07 3.575448100000000000e+07 5.619779600000000000e+07 8.830340700000000000e+07 1.385276500000000000e+08 2.172018650000000000e+08 3.409538930000000000e+08 5.362362490000000000e+08 8.414043030000000000e+08 1.312816206000000000e+09 2.040902340000000000e+09 3.156774420000000000e+09 4.879705032000000000e+09 7.487670794000000000e+09
1.823477000000000000e+06 2.872561000000000000e+06 4.533109000000000000e+06 7.145056000000000000e+06 1.128962800000000000e+07 1.783661000000000000e+07 2.820992800000000000e+07 4.449416500000000000e+07 7.028032300000000000e+07 1.111572050000000000e+08 1.757170540000000000e+08 2.777797480000000000e+08 4.387387450000000000e+08 6.921900300000000000e+08 1.088474614000000000e+09 1.703745545000000000e+09 2.662968544000000000e+09 4.159024282000000000e+09 6.452455892000000000e+09 9.887801514000000000e+09
1.362961000000000000e+06 2.146506000000000000e+06 3.383714000000000000e+06 5.342369000000000000e+06 8.415429000000000000e+06 1.327245300000000000e+07 2.094753600000000000e+07 3.302856400000000000e+07 5.205531400000000000e+07 8.204908100000000000e+07 1.293522930000000000e+08 2.041486540000000000e+08 3.225848420000000000e+08 5.113086850000000000e+08 8.120034060000000000e+08 1.288741876000000000e+09 2.043668951000000000e+09 3.256957793000000000e+09 5.216851483000000000e+09 8.317824034000000000e+09
1.142635000000000000e+06 1.801626000000000000e+06 2.840495000000000000e+06 4.478478000000000000e+06 7.057908000000000000e+06 1.112672300000000000e+07 1.754650400000000000e+07 2.767109900000000000e+07 4.370160900000000000e+07 6.903991900000000000e+07 1.091700610000000000e+08 1.723862440000000000e+08 2.730623160000000000e+08 4.343136080000000000e+08 6.953414320000000000e+08 1.115887086000000000e+09 1.790704013000000000e+09 2.887636665000000000e+09 4.652592899000000000e+09 7.438403411000000000e+09
1.329864000000000000e+06 2.098786000000000000e+06 3.309514000000000000e+06 5.215821000000000000e+06 8.222510000000000000e+06 1.298934300000000000e+07 2.053037200000000000e+07 3.243993400000000000e+07 5.126852600000000000e+07 8.113707900000000000e+07 1.285726090000000000e+08 2.039733340000000000e+08 3.231182660000000000e+08 5.118498090000000000e+08 8.090788720000000000e+08 1.276316200000000000e+09 2.010894866000000000e+09 3.164645444000000000e+09 4.992726798000000000e+09 7.864144390000000000e+09
1.748629000000000000e+06 2.757753000000000000e+06 4.355304000000000000e+06 6.881142000000000000e+06 1.086763500000000000e+07 1.717335500000000000e+07 2.711837600000000000e+07 4.282367600000000000e+07 6.764031300000000000e+07 1.069153030000000000e+08 1.691493260000000000e+08 2.676732030000000000e+08 4.236059330000000000e+08 6.700168230000000000e+08 1.057873378000000000e+09 1.673356791000000000e+09 2.657426364000000000e+09 4.223782253000000000e+09 6.720570265000000000e+09 1.073095116600000000e+10
2.081368000000000000e+06 3.278408000000000000e+06 5.159782000000000000e+06 8.135535000000000000e+06 1.284832300000000000e+07 2.029312100000000000e+07 3.208066000000000000e+07 5.073835000000000000e+07 8.020761100000000000e+07 1.268411620000000000e+08 2.009575660000000000e+08 3.185040670000000000e+08 5.053574600000000000e+08 8.005473330000000000e+08 1.268692314000000000e+09 2.011004675000000000e+09 3.187043557000000000e+09 5.050127065000000000e+09 7.989421192000000000e+09 1.265037697300000000e+10
1.285223000000000000e+06 2.025839000000000000e+06 3.189837000000000000e+06 5.030374000000000000e+06 7.938554000000000000e+06 1.252805800000000000e+07 1.974663100000000000e+07 3.108477000000000000e+07 4.894332300000000000e+07 7.721135600000000000e+07 1.218311380000000000e+08 1.922491390000000000e+08 3.035053720000000000e+08 4.824592360000000000e+08 7.710014760000000000e+08 1.237656355000000000e+09 1.991260150000000000e+09 3.206694201000000000e+09 5.142036478000000000e+09 8.220522102000000000e+09
1.410197000000000000e+06 2.220805000000000000e+06 3.491516000000000000e+06 5.490680000000000000e+06 8.622723000000000000e+06 1.355507700000000000e+07 2.128123100000000000e+07 3.335540600000000000e+07 5.220192000000000000e+07 8.161964700000000000e+07 1.273534280000000000e+08 1.981708570000000000e+08 3.076610970000000000e+08 4.767620620000000000e+08 7.362889370000000000e+08 1.131467907000000000e+09 1.735517986000000000e+09 2.613834734000000000e+09 3.856863879000000000e+09 5.636958093000000000e+09
1.544855000000000000e+06 2.432998000000000000e+06 3.847717000000000000e+06 6.070595000000000000e+06 9.589586000000000000e+06 1.515225800000000000e+07 2.396254100000000000e+07 3.789886500000000000e+07 5.988083300000000000e+07 9.477729000000000000e+07 1.499767000000000000e+08 2.373416240000000000e+08 3.756865980000000000e+08 5.946480840000000000e+08 9.415808310000000000e+08 1.491191441000000000e+09 2.363215916000000000e+09 3.744669726000000000e+09 5.938000424000000000e+09 9.410078022000000000e+09
1.297120000000000000e+06 2.048098000000000000e+06 3.231981000000000000e+06 5.112078000000000000e+06 8.081678000000000000e+06 1.279903900000000000e+07 2.026446700000000000e+07 3.213319400000000000e+07 5.090606500000000000e+07 8.073978000000000000e+07 1.280332070000000000e+08 2.033671930000000000e+08 3.232468480000000000e+08 5.136230900000000000e+08 8.170428420000000000e+08 1.302277551000000000e+09 2.071180030000000000e+09 3.295957204000000000e+09 5.251843296000000000e+09 8.443749343000000000e+09
1.669987000000000000e+06 2.616753000000000000e+06 4.117715000000000000e+06 6.497958000000000000e+06 1.024877900000000000e+07 1.616319700000000000e+07 2.550360400000000000e+07 4.022728400000000000e+07 6.345313600000000000e+07 1.001893670000000000e+08 1.583727790000000000e+08 2.511803190000000000e+08 3.986179340000000000e+08 6.335705280000000000e+08 1.005877454000000000e+09 1.594013502000000000e+09 2.521697832000000000e+09 3.973803334000000000e+09 6.242919346000000000e+09 9.762718729000000000e+09
1.790893000000000000e+06 2.812460000000000000e+06 4.424991000000000000e+06 6.970124000000000000e+06 1.098178600000000000e+07 1.729425000000000000e+07 2.726982800000000000e+07 4.284725100000000000e+07 6.722173300000000000e+07 1.053519830000000000e+08 1.645306220000000000e+08 2.559837850000000000e+08 3.962034680000000000e+08 6.087579190000000000e+08 9.257877790000000000e+08 1.382680552000000000e+09 2.028003623000000000e+09 2.892332071000000000e+09 3.913585580000000000e+09 4.862497326000000000e+09
1.514809000000000000e+06 2.386696000000000000e+06 3.767064000000000000e+06 5.929739000000000000e+06 9.341506000000000000e+06 1.471004200000000000e+07 2.315541600000000000e+07 3.641764400000000000e+07 5.727962500000000000e+07 9.012831400000000000e+07 1.418011810000000000e+08 2.232589530000000000e+08 3.505745720000000000e+08 5.517368030000000000e+08 8.703824600000000000e+08 1.375542962000000000e+09 2.194074728000000000e+09 3.519523458000000000e+09 5.631915605000000000e+09 8.977753795000000000e+09
2.217201000000000000e+06 3.481157000000000000e+06 5.487502000000000000e+06 8.656899000000000000e+06 1.367350900000000000e+07 2.159716600000000000e+07 3.412233000000000000e+07 5.385747500000000000e+07 8.505630800000000000e+07 1.344176080000000000e+08 2.126559160000000000e+08 3.361741530000000000e+08 5.314959270000000000e+08 8.403072710000000000e+08 1.328385771000000000e+09 2.102904520000000000e+09 3.328413909000000000e+09 5.251325407000000000e+09 8.257176172000000000e+09 1.294472505000000000e+10
1.423989000000000000e+06 2.229659000000000000e+06 3.497623000000000000e+06 5.491801000000000000e+06 8.611786000000000000e+06 1.351341100000000000e+07 2.115290100000000000e+07 3.305508700000000000e+07 5.161586000000000000e+07 8.053158800000000000e+07 1.253039520000000000e+08 1.951769870000000000e+08 3.026012340000000000e+08 4.664467660000000000e+08 7.163344260000000000e+08 1.094212799000000000e+09 1.665027208000000000e+09 2.505850941000000000e+09 3.701003066000000000e+09 5.408790608000000000e+09
1.756171000000000000e+06 2.759215000000000000e+06 4.338246000000000000e+06 6.837061000000000000e+06 1.075891600000000000e+07 1.694819800000000000e+07 2.671674200000000000e+07 4.209091200000000000e+07 6.627244200000000000e+07 1.044690260000000000e+08 1.646292540000000000e+08 2.591451830000000000e+08 4.077085960000000000e+08 6.410284700000000000e+08 1.007821764000000000e+09 1.583394777000000000e+09 2.503091154000000000e+09 3.980757079000000000e+09 6.339242570000000000e+09 1.013145518000000000e+10
1.654945000000000000e+06 2.606387000000000000e+06 4.114986000000000000e+06 6.490986000000000000e+06 1.024740500000000000e+07 1.622019400000000000e+07 2.565920200000000000e+07 4.051409200000000000e+07 6.403205400000000000e+07 1.013275770000000000e+08 1.602880760000000000e+08 2.535505580000000000e+08 4.011975580000000000e+08 6.354461890000000000e+08 1.006447762000000000e+09 1.588097024000000000e+09 2.500755962000000000e+09 3.913464678000000000e+09 6.100388157000000000e+09 9.544713307000000000e+09
1.907792000000000000e+06 3.002663000000000000e+06 4.737813000000000000e+06 7.466856000000000000e+06 1.177405700000000000e+07 1.858297500000000000e+07 2.934538800000000000e+07 4.637875700000000000e+07 7.318972400000000000e+07 1.153863040000000000e+08 1.819704380000000000e+08 2.871004080000000000e+08 4.532095220000000000e+08 7.177088810000000000e+08 1.136681598000000000e+09 1.797572975000000000e+09 2.833673383000000000e+09 4.442891886000000000e+09 6.955742502000000000e+09 1.091710551700000000e+10
1.002633000000000000e+06 1.568424000000000000e+06 2.456047000000000000e+06 3.858378000000000000e+06 6.062383000000000000e+06 9.554509000000000000e+06 1.508783300000000000e+07 2.365526600000000000e+07 3.712488300000000000e+07 5.820744800000000000e+07 9.076410900000000000e+07 1.413183710000000000e+08 2.189804550000000000e+08 3.377837790000000000e+08 5.188583200000000000e+08 7.930590690000000000e+08 1.205530889000000000e+09 1.805173018000000000e+09 2.643000165000000000e+09 3.786870505000000000e+09
1.647277000000000000e+06 2.595923000000000000e+06 4.083922000000000000e+06 6.447520000000000000e+06 1.017382400000000000e+07 1.603605000000000000e+07 2.532329500000000000e+07 3.995730100000000000e+07 6.312601700000000000e+07 9.971444400000000000e+07 1.574860760000000000e+08 2.490735800000000000e+08 3.934097090000000000e+08 6.210342700000000000e+08 9.774000420000000000e+08 1.533825370000000000e+09 2.401634452000000000e+09 3.762484818000000000e+09 5.900799306000000000e+09 9.205929742000000000e+09
8.280790000000000000e+05 1.301712000000000000e+06 2.047615000000000000e+06 3.222815000000000000e+06 5.075945000000000000e+06 7.991730000000000000e+06 1.256429600000000000e+07 1.981792700000000000e+07 3.116241200000000000e+07 4.909909300000000000e+07 7.725620100000000000e+07 1.216662790000000000e+08 1.918693780000000000e+08 3.030653630000000000e+08 4.786250750000000000e+08 7.528351060000000000e+08 1.179569552000000000e+09 1.848725469000000000e+09 2.886210944000000000e+09 4.498295644000000000e+09
9.577820000000000000e+05 1.509276000000000000e+06 2.380062000000000000e+06 3.742076000000000000e+06 5.905149000000000000e+06 9.299788000000000000e+06 1.464345900000000000e+07 2.301591500000000000e+07 3.619711200000000000e+07 5.695797800000000000e+07 8.958504000000000000e+07 1.408853480000000000e+08 2.211705860000000000e+08 3.467568420000000000e+08 5.420274240000000000e+08 8.472786250000000000e+08 1.324848300000000000e+09 2.071232276000000000e+09 3.243415548000000000e+09 5.146100154000000000e+09
1.328916000000000000e+06 2.096900000000000000e+06 3.304829000000000000e+06 5.214606000000000000e+06 8.240464000000000000e+06 1.302504400000000000e+07 2.054372700000000000e+07 3.247323200000000000e+07 5.125463400000000000e+07 8.091434900000000000e+07 1.276181690000000000e+08 2.013183420000000000e+08 3.175773150000000000e+08 5.011839930000000000e+08 7.901360840000000000e+08 1.245070169000000000e+09 1.958763180000000000e+09 3.093483285000000000e+09 4.917380220000000000e+09 7.746524674000000000e+09
6.817270000000000000e+05 1.063740000000000000e+06 1.673529000000000000e+06 2.619946000000000000e+06 4.098151000000000000e+06 6.452023000000000000e+06 1.019833700000000000e+07 1.602700300000000000e+07 2.520907500000000000e+07 3.963451800000000000e+07 6.222242900000000000e+07 9.769710400000000000e+07 1.529171340000000000e+08 2.396419440000000000e+08 3.745214780000000000e+08 5.820764240000000000e+08 9.028242830000000000e+08 1.413248265000000000e+09 2.224197805000000000e+09 3.420890362000000000e+09
1.943290000000000000e+06 3.060645000000000000e+06 4.824792000000000000e+06 7.600028000000000000e+06 1.198252600000000000e+07 1.891216900000000000e+07 2.986932900000000000e+07 4.711760600000000000e+07 7.434008100000000000e+07 1.173365800000000000e+08 1.850008000000000000e+08 2.912267890000000000e+08 4.579105810000000000e+08 7.194624400000000000e+08 1.127014689000000000e+09 1.754643538000000000e+09 2.714128348000000000e+09 4.168075953000000000e+09 6.340812210000000000e+09 9.528616051000000000e+09
1.519151000000000000e+06 2.372773000000000000e+06 3.711233000000000000e+06 5.815501000000000000e+06 9.120271000000000000e+06 1.434596000000000000e+07 2.259143600000000000e+07 3.531054100000000000e+07 5.510262300000000000e+07 8.594922000000000000e+07 1.332024090000000000e+08 2.054800770000000000e+08 3.143805330000000000e+08 4.772784990000000000e+08 7.130154340000000000e+08 1.041050769000000000e+09 1.475641459000000000e+09 2.011502206000000000e+09 2.557134777000000000e+09 2.925081413000000000e+09
2.028426000000000000e+06 3.178961000000000000e+06 5.004055000000000000e+06 7.870115000000000000e+06 1.236811600000000000e+07 1.944087700000000000e+07 3.056832800000000000e+07 4.798381400000000000e+07 7.516892200000000000e+07 1.177035010000000000e+08 1.839277450000000000e+08 2.867536770000000000e+08 4.459285340000000000e+08 6.908302340000000000e+08 1.067487773000000000e+09 1.644959583000000000e+09 2.522855975000000000e+09 3.817388254000000000e+09 5.681219863000000000e+09 8.292937618000000000e+09
1.917976000000000000e+06 3.022027000000000000e+06 4.768020000000000000e+06 7.516336000000000000e+06 1.185822400000000000e+07 1.871712500000000000e+07 2.953748400000000000e+07 4.661554300000000000e+07 7.360444800000000000e+07 1.161671850000000000e+08 1.832250630000000000e+08 2.889829920000000000e+08 4.566832550000000000e+08 7.248644440000000000e+08 1.151636317000000000e+09 1.828826677000000000e+09 2.897930419000000000e+09 4.590409903000000000e+09 7.270021146000000000e+09 1.140957073800000000e+10
1.322557000000000000e+06 2.087160000000000000e+06 3.290066000000000000e+06 5.187176000000000000e+06 8.179026000000000000e+06 1.289790000000000000e+07 2.035878900000000000e+07 3.209775600000000000e+07 5.069600000000000000e+07 8.019622700000000000e+07 1.268923330000000000e+08 2.006224620000000000e+08 3.172366030000000000e+08 5.004060550000000000e+08 7.881354330000000000e+08 1.241845585000000000e+09 1.950332904000000000e+09 3.062154572000000000e+09 4.778956063000000000e+09 7.389489246000000000e+09
1.592442000000000000e+06 2.502736000000000000e+06 3.934772000000000000e+06 6.193940000000000000e+06 9.757154000000000000e+06 1.538701000000000000e+07 2.430496700000000000e+07 3.820410500000000000e+07 6.006156300000000000e+07 9.445445200000000000e+07 1.482984290000000000e+08 2.328612710000000000e+08 3.648614690000000000e+08 5.698858900000000000e+08 8.858820940000000000e+08 1.367923265000000000e+09 2.096653042000000000e+09 3.184051302000000000e+09 4.764201031000000000e+09 6.984908660000000000e+09
1.264218000000000000e+06 1.994395000000000000e+06 3.144311000000000000e+06 4.971645000000000000e+06 7.850664000000000000e+06 1.240842200000000000e+07 1.962406500000000000e+07 3.103327700000000000e+07 4.912207800000000000e+07 7.780447100000000000e+07 1.233606980000000000e+08 1.957542840000000000e+08 3.112641400000000000e+08 4.961527880000000000e+08 7.903756140000000000e+08 1.259588741000000000e+09 2.006686504000000000e+09 3.184026521000000000e+09 5.064020100000000000e+09 8.026213410000000000e+09
1.869530000000000000e+06 2.940901000000000000e+06 4.644926000000000000e+06 7.335724000000000000e+06 1.158149300000000000e+07 1.830740000000000000e+07 2.895144500000000000e+07 4.574382800000000000e+07 7.232154100000000000e+07 1.144841580000000000e+08 1.813271690000000000e+08 2.871660970000000000e+08 4.543640900000000000e+08 7.192927280000000000e+08 1.139362835000000000e+09 1.806745832000000000e+09 2.871532587000000000e+09 4.583787304000000000e+09 7.316217506000000000e+09 1.166726761600000000e+10
9.779780000000000000e+05 1.540360000000000000e+06 2.435461000000000000e+06 3.846222000000000000e+06 6.072679000000000000e+06 9.580587000000000000e+06 1.512549700000000000e+07 2.385925000000000000e+07 3.759394200000000000e+07 5.929417800000000000e+07 9.361662700000000000e+07 1.475429640000000000e+08 2.326752920000000000e+08 3.688567940000000000e+08 5.881375280000000000e+08 9.422049250000000000e+08 1.515711847000000000e+09 2.446473793000000000e+09 3.946870694000000000e+09 6.404074960000000000e+09
1.705265000000000000e+06 2.687771000000000000e+06 4.235018000000000000e+06 6.676100000000000000e+06 1.051547400000000000e+07 1.658299000000000000e+07 2.614780700000000000e+07 4.121317400000000000e+07 6.497201700000000000e+07 1.026999360000000000e+08 1.623778690000000000e+08 2.566279990000000000e+08 4.057007430000000000e+08 6.431302010000000000e+08 1.020183071000000000e+09 1.620767127000000000e+09 2.571739537000000000e+09 4.083004330000000000e+09 6.550984027000000000e+09 1.054817877000000000e+10
1.996360000000000000e+06 3.138569000000000000e+06 4.949734000000000000e+06 7.811661000000000000e+06 1.231584500000000000e+07 1.945025200000000000e+07 3.070803500000000000e+07 4.843025900000000000e+07 7.641007100000000000e+07 1.205849250000000000e+08 1.904412690000000000e+08 3.014391740000000000e+08 4.772491030000000000e+08 7.563236340000000000e+08 1.198999975000000000e+09 1.903467296000000000e+09 3.027923936000000000e+09 4.818618533000000000e+09 7.625730494000000000e+09 1.204137559500000000e+10
1.538842000000000000e+06 2.426947000000000000e+06 3.831703000000000000e+06 6.042206000000000000e+06 9.535554000000000000e+06 1.509302800000000000e+07 2.387475400000000000e+07 3.768753400000000000e+07 5.957483800000000000e+07 9.431721000000000000e+07 1.492481170000000000e+08 2.364260820000000000e+08 3.746611240000000000e+08 5.939333920000000000e+08 9.412909560000000000e+08 1.488143410000000000e+09 2.357572064000000000e+09 3.731573779000000000e+09 5.902654360000000000e+09 9.334886694000000000e+09
1.740712000000000000e+06 2.738663000000000000e+06 4.314042000000000000e+06 6.806410000000000000e+06 1.074691400000000000e+07 1.696436700000000000e+07 2.680891900000000000e+07 4.227941000000000000e+07 6.669883700000000000e+07 1.052655260000000000e+08 1.659156490000000000e+08 2.612311150000000000e+08 4.104295260000000000e+08 6.432720370000000000e+08 1.007164640000000000e+09 1.575699931000000000e+09 2.456434139000000000e+09 3.792361711000000000e+09 5.799148998000000000e+09 8.770770025000000000e+09
1.355297000000000000e+06 2.137653000000000000e+06 3.362639000000000000e+06 5.296245000000000000e+06 8.345307000000000000e+06 1.315899900000000000e+07 2.076070600000000000e+07 3.271741500000000000e+07 5.152483300000000000e+07 8.136957500000000000e+07 1.285533790000000000e+08 2.027572030000000000e+08 3.191896370000000000e+08 5.037221470000000000e+08 7.976746650000000000e+08 1.264565281000000000e+09 2.008715808000000000e+09 3.206036618000000000e+09 5.122439674000000000e+09 8.088183093000000000e+09
2.019537000000000000e+06 3.173970000000000000e+06 5.006036000000000000e+06 7.885191000000000000e+06 1.243143500000000000e+07 1.957858200000000000e+07 3.086290200000000000e+07 4.866278600000000000e+07 7.668989000000000000e+07 1.209157810000000000e+08 1.908982590000000000e+08 3.015206060000000000e+08 4.768472560000000000e+08 7.580204540000000000e+08 1.211947545000000000e+09 1.942373136000000000e+09 3.111819004000000000e+09 4.987635612000000000e+09 7.987754076000000000e+09 1.280315666100000000e+10
1.759913000000000000e+06 2.782259000000000000e+06 4.383316000000000000e+06 6.929149000000000000e+06 1.095312000000000000e+07 1.732240800000000000e+07 2.738601400000000000e+07 4.329583900000000000e+07 6.851338900000000000e+07 1.085419330000000000e+08 1.721383960000000000e+08 2.729627410000000000e+08 4.330264690000000000e+08 6.869996530000000000e+08 1.089343759000000000e+09 1.728495251000000000e+09 2.739863246000000000e+09 4.324506733000000000e+09 6.808834239000000000e+09 1.074907939300000000e+10
1.826351000000000000e+06 2.878065000000000000e+06 4.536351000000000000e+06 7.147877000000000000e+06 1.128529500000000000e+07 1.781034800000000000e+07 2.815043800000000000e+07 4.438391800000000000e+07 6.990432300000000000e+07 1.100939590000000000e+08 1.730760930000000000e+08 2.718879000000000000e+08 4.269754630000000000e+08 6.703272720000000000e+08 1.050446667000000000e+09 1.640280583000000000e+09 2.550099203000000000e+09 3.935881451000000000e+09 5.988935081000000000e+09 9.023048794000000000e+09
1.389088000000000000e+06 2.188964000000000000e+06 3.441713000000000000e+06 5.417847000000000000e+06 8.544297000000000000e+06 1.347294300000000000e+07 2.126094600000000000e+07 3.350027800000000000e+07 5.278953500000000000e+07 8.333342400000000000e+07 1.315760020000000000e+08 2.078769790000000000e+08 3.286204070000000000e+08 5.191083260000000000e+08 8.191243720000000000e+08 1.291920658000000000e+09 2.039016074000000000e+09 3.229945820000000000e+09 5.125487568000000000e+09 8.131089587000000000e+09
1.332067000000000000e+06 2.103407000000000000e+06 3.325190000000000000e+06 5.252706000000000000e+06 8.300824000000000000e+06 1.312250500000000000e+07 2.075133100000000000e+07 3.277925300000000000e+07 5.186429600000000000e+07 8.223185600000000000e+07 1.304336150000000000e+08 2.069829170000000000e+08 3.281060200000000000e+08 5.203427980000000000e+08 8.247378330000000000e+08 1.306010258000000000e+09 2.071060576000000000e+09 3.276338301000000000e+09 5.193513122000000000e+09 8.268626057000000000e+09
1.393587000000000000e+06 2.200955000000000000e+06 3.468675000000000000e+06 5.479135000000000000e+06 8.667196000000000000e+06 1.369729800000000000e+07 2.165330000000000000e+07 3.421954800000000000e+07 5.413335900000000000e+07 8.572359100000000000e+07 1.356737390000000000e+08 2.148661470000000000e+08 3.401314360000000000e+08 5.383668830000000000e+08 8.527374910000000000e+08 1.351083184000000000e+09 2.128511959000000000e+09 3.332301080000000000e+09 5.176953092000000000e+09 8.099718816000000000e+09
1.187734000000000000e+06 1.875340000000000000e+06 2.959518000000000000e+06 4.672419000000000000e+06 7.397353000000000000e+06 1.171826600000000000e+07 1.853952500000000000e+07 2.926324200000000000e+07 4.622737400000000000e+07 7.309834700000000000e+07 1.155588750000000000e+08 1.826079890000000000e+08 2.880970240000000000e+08 4.542805090000000000e+08 7.169803060000000000e+08 1.128076440000000000e+09 1.771199039000000000e+09 2.760658960000000000e+09 4.275495377000000000e+09 6.685841162000000000e+09
1.580590000000000000e+06 2.494678000000000000e+06 3.947844000000000000e+06 6.239118000000000000e+06 9.857567000000000000e+06 1.562235100000000000e+07 2.471239300000000000e+07 3.911534900000000000e+07 6.194582000000000000e+07 9.811199300000000000e+07 1.554451430000000000e+08 2.464539100000000000e+08 3.912072780000000000e+08 6.206701000000000000e+08 9.853414710000000000e+08 1.566429731000000000e+09 2.488367253000000000e+09 3.943832102000000000e+09 6.216298556000000000e+09 9.789255107000000000e+09
1.742884000000000000e+06 2.747068000000000000e+06 4.336921000000000000e+06 6.847750000000000000e+06 1.082419100000000000e+07 1.711067400000000000e+07 2.705280300000000000e+07 4.278856400000000000e+07 6.770786700000000000e+07 1.071933080000000000e+08 1.697306100000000000e+08 2.689199710000000000e+08 4.264177220000000000e+08 6.755214270000000000e+08 1.069872564000000000e+09 1.691030597000000000e+09 2.669843101000000000e+09 4.207824847000000000e+09 6.635204909000000000e+09 1.044244372500000000e+10
1.695662000000000000e+06 2.665263000000000000e+06 4.200113000000000000e+06 6.620421000000000000e+06 1.043345000000000000e+07 1.645600200000000000e+07 2.595747100000000000e+07 4.091705100000000000e+07 6.456897600000000000e+07 1.019554780000000000e+08 1.611534890000000000e+08 2.549527480000000000e+08 4.038462430000000000e+08 6.412393500000000000e+08 1.020258676000000000e+09 1.629692478000000000e+09 2.608922606000000000e+09 4.164298910000000000e+09 6.642804728000000000e+09 1.066896710600000000e+10
1.470339000000000000e+06 2.318891000000000000e+06 3.653042000000000000e+06 5.754556000000000000e+06 9.085420000000000000e+06 1.433559500000000000e+07 2.267034500000000000e+07 3.577982500000000000e+07 5.648297000000000000e+07 8.924450300000000000e+07 1.409418060000000000e+08 2.221534690000000000e+08 3.496304160000000000e+08 5.488589940000000000e+08 8.590217400000000000e+08 1.337791766000000000e+09 2.070912727000000000e+09 3.185294076000000000e+09 4.861310919000000000e+09 7.371335780000000000e+09
1.506735000000000000e+06 2.364185000000000000e+06 3.713020000000000000e+06 5.845901000000000000e+06 9.209739000000000000e+06 1.451737300000000000e+07 2.290683000000000000e+07 3.606273100000000000e+07 5.665483600000000000e+07 8.901368100000000000e+07 1.393991140000000000e+08 2.178048110000000000e+08 3.389932100000000000e+08 5.269705360000000000e+08 8.148677440000000000e+08 1.255750898000000000e+09 1.935660792000000000e+09 2.963653196000000000e+09 4.520589223000000000e+09 6.809755291000000000e+09
1.591620000000000000e+06 2.501988000000000000e+06 3.932487000000000000e+06 6.182103000000000000e+06 9.721418000000000000e+06 1.528845600000000000e+07 2.405752800000000000e+07 3.772928200000000000e+07 5.907111100000000000e+07 9.233039100000000000e+07 1.438037610000000000e+08 2.231976250000000000e+08 3.452538760000000000e+08 5.331072940000000000e+08 8.217412290000000000e+08 1.257782453000000000e+09 1.910588841000000000e+09 2.861690967000000000e+09 4.174783726000000000e+09 6.034100464000000000e+09
1.413843000000000000e+06 2.227404000000000000e+06 3.507875000000000000e+06 5.534226000000000000e+06 8.744418000000000000e+06 1.378163900000000000e+07 2.177591600000000000e+07 3.436489800000000000e+07 5.427145600000000000e+07 8.561349200000000000e+07 1.351414790000000000e+08 2.137980770000000000e+08 3.379259510000000000e+08 5.342487780000000000e+08 8.461452520000000000e+08 1.338178144000000000e+09 2.112747637000000000e+09 3.339772703000000000e+09 5.308264914000000000e+09 8.463266789000000000e+09
1.194476000000000000e+06 1.888728000000000000e+06 2.976660000000000000e+06 4.701163000000000000e+06 7.428132000000000000e+06 1.174699200000000000e+07 1.860344000000000000e+07 2.946562100000000000e+07 4.672256400000000000e+07 7.407326500000000000e+07 1.175826740000000000e+08 1.864588690000000000e+08 2.958895460000000000e+08 4.699507370000000000e+08 7.457835150000000000e+08 1.180924965000000000e+09 1.866373009000000000e+09 2.941241244000000000e+09 4.634377555000000000e+09 7.317412131000000000e+09
1.940049000000000000e+06 3.052309000000000000e+06 4.809442000000000000e+06 7.575480000000000000e+06 1.195586000000000000e+07 1.886109500000000000e+07 2.974584500000000000e+07 4.684901300000000000e+07 7.381245700000000000e+07 1.161914810000000000e+08 1.823850600000000000e+08 2.854785040000000000e+08 4.449613390000000000e+08 6.911953930000000000e+08 1.070689658000000000e+09 1.653523192000000000e+09 2.548559793000000000e+09 3.898651019000000000e+09 5.885385270000000000e+09 8.847930255000000000e+09
1.594916000000000000e+06 2.507368000000000000e+06 3.946662000000000000e+06 6.212730000000000000e+06 9.787419000000000000e+06 1.542886000000000000e+07 2.431327300000000000e+07 3.827092400000000000e+07 6.029361900000000000e+07 9.498353900000000000e+07 1.495564960000000000e+08 2.353630820000000000e+08 3.706714430000000000e+08 5.827613940000000000e+08 9.148039000000000000e+08 1.428067175000000000e+09 2.213072003000000000e+09 3.391035670000000000e+09 5.123089191000000000e+09 7.624354508000000000e+09
1.326291000000000000e+06 2.087337000000000000e+06 3.286196000000000000e+06 5.171631000000000000e+06 8.155404000000000000e+06 1.285314800000000000e+07 2.027608200000000000e+07 3.194603500000000000e+07 5.034576100000000000e+07 7.941284900000000000e+07 1.252296650000000000e+08 1.970299250000000000e+08 3.092768780000000000e+08 4.836382210000000000e+08 7.501497350000000000e+08 1.159297461000000000e+09 1.783861816000000000e+09 2.735253944000000000e+09 4.190773956000000000e+09 6.348609166000000000e+09
1.201943000000000000e+06 1.894346000000000000e+06 2.978878000000000000e+06 4.697867000000000000e+06 7.394617000000000000e+06 1.169361500000000000e+07 1.853227000000000000e+07 2.921338100000000000e+07 4.605688600000000000e+07 7.284815000000000000e+07 1.148747350000000000e+08 1.812213150000000000e+08 2.857464500000000000e+08 4.516229900000000000e+08 7.163951020000000000e+08 1.140183891000000000e+09 1.824500262000000000e+09 2.932610872000000000e+09 4.737071256000000000e+09 7.668754571000000000e+09
1.280446000000000000e+06 2.015712000000000000e+06 3.168490000000000000e+06 4.994451000000000000e+06 7.864393000000000000e+06 1.239524600000000000e+07 1.955567300000000000e+07 3.079470500000000000e+07 4.844334400000000000e+07 7.616821800000000000e+07 1.195952270000000000e+08 1.876240470000000000e+08 2.937713860000000000e+08 4.584734520000000000e+08 7.127966750000000000e+08 1.103020810000000000e+09 1.701507671000000000e+09 2.609260183000000000e+09 3.972155220000000000e+09 5.945133133000000000e+09
1.171045000000000000e+06 1.846105000000000000e+06 2.913745000000000000e+06 4.592907000000000000e+06 7.249658000000000000e+06 1.147505500000000000e+07 1.817872400000000000e+07 2.872679300000000000e+07 4.535497500000000000e+07 7.179128900000000000e+07 1.135596200000000000e+08 1.797851730000000000e+08 2.847722100000000000e+08 4.502856790000000000e+08 7.130324430000000000e+08 1.130547229000000000e+09 1.798057849000000000e+09 2.869940067000000000e+09 4.593934773000000000e+09 7.359633125000000000e+09
1.456017000000000000e+06 2.293727000000000000e+06 3.623899000000000000e+06 5.716927000000000000e+06 9.022999000000000000e+06 1.424658000000000000e+07 2.252464900000000000e+07 3.554670300000000000e+07 5.605617300000000000e+07 8.847516600000000000e+07 1.397686110000000000e+08 2.207398630000000000e+08 3.490019850000000000e+08 5.518806040000000000e+08 8.738426380000000000e+08 1.387139975000000000e+09 2.205463121000000000e+09 3.513595275000000000e+09 5.598948127000000000e+09 8.877921681000000000e+09
1.339762000000000000e+06 2.115470000000000000e+06 3.343217000000000000e+06 5.287929000000000000e+06 8.356360000000000000e+06 1.320484300000000000e+07 2.091611700000000000e+07 3.312345000000000000e+07 5.243757300000000000e+07 8.310561600000000000e+07 1.314392160000000000e+08 2.077448960000000000e+08 3.277968000000000000e+08 5.183084490000000000e+08 8.215101660000000000e+08 1.306764333000000000e+09 2.076795865000000000e+09 3.280994837000000000e+09 5.162887268000000000e+09 8.114428574000000000e+09
1.890631000000000000e+06 2.960276000000000000e+06 4.639509000000000000e+06 7.289338000000000000e+06 1.144787000000000000e+07 1.798448800000000000e+07 2.819749900000000000e+07 4.419762200000000000e+07 6.913861600000000000e+07 1.081486980000000000e+08 1.692358910000000000e+08 2.649015170000000000e+08 4.146507230000000000e+08 6.497852820000000000e+08 1.018084765000000000e+09 1.589201314000000000e+09 2.453453641000000000e+09 3.772497880000000000e+09 5.785276268000000000e+09 8.772908290000000000e+09
1.495781000000000000e+06 2.360490000000000000e+06 3.730556000000000000e+06 5.885201000000000000e+06 9.285784000000000000e+06 1.466861800000000000e+07 2.319023700000000000e+07 3.666394100000000000e+07 5.795878900000000000e+07 9.176088400000000000e+07 1.451863780000000000e+08 2.297283820000000000e+08 3.637712100000000000e+08 5.757100500000000000e+08 9.091914920000000000e+08 1.433394984000000000e+09 2.251935661000000000e+09 3.530832832000000000e+09 5.539764313000000000e+09 8.691840462000000000e+09
1.668483000000000000e+06 2.631819000000000000e+06 4.153387000000000000e+06 6.543624000000000000e+06 1.034110700000000000e+07 1.630494200000000000e+07 2.574011800000000000e+07 4.063192800000000000e+07 6.416686500000000000e+07 1.015161700000000000e+08 1.606573680000000000e+08 2.542785920000000000e+08 4.025375620000000000e+08 6.372804110000000000e+08 1.004927336000000000e+09 1.580440119000000000e+09 2.485577024000000000e+09 3.898907369000000000e+09 6.089677586000000000e+09 9.534189227000000000e+09
1.773700000000000000e+06 2.796462000000000000e+06 4.404177000000000000e+06 6.954921000000000000e+06 1.097140800000000000e+07 1.733568500000000000e+07 2.739771900000000000e+07 4.335745800000000000e+07 6.849961800000000000e+07 1.084404660000000000e+08 1.717657920000000000e+08 2.722473800000000000e+08 4.320014450000000000e+08 6.862982950000000000e+08 1.093780531000000000e+09 1.743783398000000000e+09 2.775846277000000000e+09 4.423082999000000000e+09 7.044111220000000000e+09 1.112148163900000000e+10
1.872416000000000000e+06 2.942629000000000000e+06 4.644229000000000000e+06 7.327393000000000000e+06 1.153123200000000000e+07 1.822579100000000000e+07 2.882259600000000000e+07 4.538841500000000000e+07 7.159269500000000000e+07 1.129581060000000000e+08 1.779299810000000000e+08 2.799853070000000000e+08 4.389766770000000000e+08 6.860078700000000000e+08 1.070326242000000000e+09 1.664508196000000000e+09 2.586170270000000000e+09 3.993867018000000000e+09 6.076665641000000000e+09 9.011873266000000000e+09
1.192421000000000000e+06 1.881761000000000000e+06 2.970186000000000000e+06 4.687841000000000000e+06 7.408510000000000000e+06 1.168031200000000000e+07 1.846132300000000000e+07 2.913560100000000000e+07 4.602043400000000000e+07 7.286423900000000000e+07 1.154036300000000000e+08 1.830525880000000000e+08 2.903877660000000000e+08 4.608559140000000000e+08 7.334315920000000000e+08 1.166672086000000000e+09 1.856278826000000000e+09 2.952920376000000000e+09 4.719859500000000000e+09 7.587327414000000000e+09
1.202423000000000000e+06 1.899064000000000000e+06 2.998765000000000000e+06 4.737255000000000000e+06 7.479109000000000000e+06 1.184134100000000000e+07 1.871670600000000000e+07 2.961102100000000000e+07 4.686037200000000000e+07 7.420857100000000000e+07 1.173988700000000000e+08 1.860245780000000000e+08 2.952861580000000000e+08 4.692328710000000000e+08 7.453397070000000000e+08 1.180248437000000000e+09 1.865943650000000000e+09 2.950875708000000000e+09 4.662189567000000000e+09 7.345642139000000000e+09
1.916535000000000000e+06 3.021721000000000000e+06 4.759924000000000000e+06 7.512372000000000000e+06 1.184079900000000000e+07 1.868222700000000000e+07 2.947214600000000000e+07 4.646806300000000000e+07 7.333651900000000000e+07 1.158967610000000000e+08 1.832499950000000000e+08 2.902668600000000000e+08 4.590767260000000000e+08 7.254429620000000000e+08 1.144947725000000000e+09 1.804533376000000000e+09 2.841348643000000000e+09 4.478184190000000000e+09 7.054929132000000000e+09 1.105740802700000000e+10
2.052393000000000000e+06 3.231878000000000000e+06 5.077805000000000000e+06 7.996533000000000000e+06 1.258892100000000000e+07 1.983658000000000000e+07 3.122143200000000000e+07 4.916355000000000000e+07 7.734761100000000000e+07 1.215496640000000000e+08 1.909734160000000000e+08 2.995466720000000000e+08 4.695808340000000000e+08 7.364844300000000000e+08 1.155288490000000000e+09 1.803861903000000000e+09 2.802440059000000000e+09 4.322911052000000000e+09 6.665526352000000000e+09 1.028078614500000000e+10
1.893183000000000000e+06 2.974106000000000000e+06 4.683691000000000000e+06 7.375495000000000000e+06 1.162658100000000000e+07 1.831777900000000000e+07 2.886494500000000000e+07 4.545035500000000000e+07 7.164025600000000000e+07 1.129216050000000000e+08 1.779035890000000000e+08 2.802694470000000000e+08 4.413998920000000000e+08 6.943140850000000000e+08 1.090166843000000000e+09 1.704880221000000000e+09 2.653756396000000000e+09 4.107307120000000000e+09 6.310788928000000000e+09 9.559086163000000000e+09
1.376744000000000000e+06 2.172981000000000000e+06 3.424881000000000000e+06 5.411881000000000000e+06 8.544987000000000000e+06 1.351522900000000000e+07 2.138312800000000000e+07 3.384127100000000000e+07 5.353555700000000000e+07 8.462404900000000000e+07 1.338290980000000000e+08 2.118489850000000000e+08 3.351971510000000000e+08 5.289359630000000000e+08 8.336935390000000000e+08 1.309548536000000000e+09 2.049629540000000000e+09 3.204294174000000000e+09 5.017448338000000000e+09 7.883282358000000000e+09
1.443247000000000000e+06 2.269629000000000000e+06 3.569021000000000000e+06 5.614984000000000000e+06 8.832721000000000000e+06 1.389543900000000000e+07 2.190862500000000000e+07 3.446657400000000000e+07 5.412323600000000000e+07 8.496361900000000000e+07 1.330575760000000000e+08 2.077877170000000000e+08 3.231433520000000000e+08 5.010812690000000000e+08 7.759668260000000000e+08 1.197262127000000000e+09 1.839276235000000000e+09 2.816042226000000000e+09 4.275240340000000000e+09 6.407992463000000000e+09
1.575350000000000000e+06 2.468336000000000000e+06 3.890586000000000000e+06 6.119272000000000000e+06 9.627620000000000000e+06 1.517895500000000000e+07 2.395721000000000000e+07 3.772635600000000000e+07 5.940156100000000000e+07 9.363272100000000000e+07 1.473934340000000000e+08 2.319435920000000000e+08 3.650477340000000000e+08 5.723013230000000000e+08 8.926974380000000000e+08 1.387186616000000000e+09 2.144396194000000000e+09 3.295541952000000000e+09 5.023466108000000000e+09 7.549892614000000000e+09
1.769865000000000000e+06 2.776540000000000000e+06 4.381100000000000000e+06 6.913734000000000000e+06 1.086841400000000000e+07 1.712463200000000000e+07 2.703184200000000000e+07 4.251776100000000000e+07 6.694091000000000000e+07 1.054543440000000000e+08 1.658127830000000000e+08 2.604848340000000000e+08 4.078350460000000000e+08 6.370017020000000000e+08 9.907151790000000000e+08 1.537173198000000000e+09 2.381918571000000000e+09 3.676778299000000000e+09 5.648101317000000000e+09 8.589120491000000000e+09
2.110036000000000000e+06 3.321992000000000000e+06 5.233372000000000000e+06 8.247310000000000000e+06 1.300441200000000000e+07 2.047802500000000000e+07 3.228159400000000000e+07 5.088520800000000000e+07 8.014706900000000000e+07 1.260600260000000000e+08 1.978443530000000000e+08 3.101565740000000000e+08 4.869717410000000000e+08 7.691201240000000000e+08 1.220305018000000000e+09 1.933734217000000000e+09 3.053808808000000000e+09 4.819227227000000000e+09 7.661862892000000000e+09 1.223487295400000000e+10
8.515980000000000000e+05 1.338170000000000000e+06 2.105857000000000000e+06 3.319552000000000000e+06 5.234461000000000000e+06 8.279096000000000000e+06 1.309203100000000000e+07 2.073305000000000000e+07 3.284354000000000000e+07 5.206744200000000000e+07 8.245086100000000000e+07 1.305225420000000000e+08 2.065308630000000000e+08 3.269772570000000000e+08 5.185994160000000000e+08 8.250991890000000000e+08 1.309359216000000000e+09 2.074991363000000000e+09 3.289666954000000000e+09 5.133007584000000000e+09
1.119078000000000000e+06 1.754725000000000000e+06 2.756889000000000000e+06 4.334010000000000000e+06 6.812377000000000000e+06 1.071145100000000000e+07 1.684086900000000000e+07 2.646522700000000000e+07 4.166584300000000000e+07 6.574455400000000000e+07 1.037285400000000000e+08 1.638483990000000000e+08 2.592022860000000000e+08 4.102639950000000000e+08 6.481890240000000000e+08 1.019684809000000000e+09 1.605684965000000000e+09 2.527136829000000000e+09 3.972210993000000000e+09 6.283750636000000000e+09
2.080306000000000000e+06 3.266314000000000000e+06 5.127122000000000000e+06 8.048602000000000000e+06 1.265686400000000000e+07 1.992064900000000000e+07 3.135371400000000000e+07 4.930104400000000000e+07 7.751188300000000000e+07 1.220929350000000000e+08 1.922608850000000000e+08 3.025375890000000000e+08 4.753356470000000000e+08 7.467222140000000000e+08 1.172921567000000000e+09 1.833903813000000000e+09 2.856593086000000000e+09 4.424436065000000000e+09 6.799318442000000000e+09 1.032914401500000000e+10
1.547122000000000000e+06 2.437654000000000000e+06 3.843287000000000000e+06 6.050647000000000000e+06 9.542333000000000000e+06 1.506307600000000000e+07 2.376001800000000000e+07 3.747612000000000000e+07 5.908739400000000000e+07 9.320219900000000000e+07 1.469429200000000000e+08 2.315969310000000000e+08 3.651250110000000000e+08 5.784208740000000000e+08 9.184171270000000000e+08 1.460565166000000000e+09 2.330048807000000000e+09 3.708198669000000000e+09 5.918238901000000000e+09 9.455003654000000000e+09
1.782766000000000000e+06 2.802083000000000000e+06 4.422956000000000000e+06 6.962746000000000000e+06 1.096988100000000000e+07 1.730282200000000000e+07 2.727804700000000000e+07 4.297497600000000000e+07 6.764019900000000000e+07 1.065359900000000000e+08 1.677768920000000000e+08 2.643713620000000000e+08 4.175973140000000000e+08 6.641062210000000000e+08 1.059620953000000000e+09 1.689422458000000000e+09 2.690164705000000000e+09 4.281556805000000000e+09 6.845695960000000000e+09 1.099216247000000000e+10
6.185670000000000000e+05 9.623530000000000000e+05 1.505562000000000000e+06 2.354299000000000000e+06 3.681610000000000000e+06 5.780474000000000000e+06 9.049986000000000000e+06 1.408070300000000000e+07 2.188475100000000000e+07 3.406730400000000000e+07 5.279222200000000000e+07 8.165880900000000000e+07 1.251352730000000000e+08 1.899488390000000000e+08 2.852069410000000000e+08 4.228813690000000000e+08 6.257631570000000000e+08 9.257875300000000000e+08 1.364546889000000000e+09 2.055286115000000000e+09
1.856865000000000000e+06 2.931847000000000000e+06 4.633180000000000000e+06 7.315397000000000000e+06 1.155315600000000000e+07 1.826081300000000000e+07 2.884619900000000000e+07 4.561480900000000000e+07 7.208411700000000000e+07 1.140144780000000000e+08 1.806963730000000000e+08 2.868249760000000000e+08 4.561673530000000000e+08 7.246062610000000000e+08 1.148600041000000000e+09 1.823301339000000000e+09 2.895180448000000000e+09 4.587012228000000000e+09 7.229583908000000000e+09 1.133753724200000000e+10
1.467831000000000000e+06 2.313078000000000000e+06 3.647772000000000000e+06 5.758172000000000000e+06 9.083647000000000000e+06 1.436263200000000000e+07 2.268382700000000000e+07 3.582075900000000000e+07 5.660452800000000000e+07 8.941779700000000000e+07 1.412351320000000000e+08 2.228519290000000000e+08 3.516545830000000000e+08 5.558752830000000000e+08 8.774711650000000000e+08 1.381614841000000000e+09 2.173132267000000000e+09 3.403973251000000000e+09 5.302669429000000000e+09 8.195268458000000000e+09
1.564290000000000000e+06 2.465621000000000000e+06 3.881189000000000000e+06 6.131501000000000000e+06 9.665391000000000000e+06 1.527290500000000000e+07 2.414541400000000000e+07 3.806401800000000000e+07 6.007082500000000000e+07 9.478945800000000000e+07 1.494653030000000000e+08 2.358650950000000000e+08 3.730276700000000000e+08 5.911327440000000000e+08 9.366288390000000000e+08 1.485272530000000000e+09 2.348250530000000000e+09 3.687960040000000000e+09 5.752928820000000000e+09 8.978723235000000000e+09
1.325080000000000000e+06 2.092870000000000000e+06 3.303319000000000000e+06 5.214949000000000000e+06 8.240870000000000000e+06 1.301447600000000000e+07 2.059902000000000000e+07 3.260594800000000000e+07 5.161038000000000000e+07 8.174667600000000000e+07 1.295093250000000000e+08 2.055386270000000000e+08 3.261929100000000000e+08 5.181674830000000000e+08 8.220387250000000000e+08 1.305444575000000000e+09 2.073636496000000000e+09 3.280516040000000000e+09 5.164691857000000000e+09 8.060508488000000000e+09
1.117526000000000000e+06 1.761965000000000000e+06 2.779108000000000000e+06 4.382346000000000000e+06 6.924713000000000000e+06 1.094312500000000000e+07 1.730522700000000000e+07 2.738538700000000000e+07 4.331118000000000000e+07 6.842942100000000000e+07 1.082433610000000000e+08 1.710169570000000000e+08 2.700309960000000000e+08 4.264885640000000000e+08 6.718197100000000000e+08 1.059630952000000000e+09 1.674025539000000000e+09 2.638887314000000000e+09 4.166272945000000000e+09 6.523050446000000000e+09
1.529705000000000000e+06 2.396282000000000000e+06 3.765792000000000000e+06 5.903079000000000000e+06 9.260823000000000000e+06 1.456600400000000000e+07 2.294089800000000000e+07 3.588261300000000000e+07 5.597200600000000000e+07 8.718351500000000000e+07 1.350657990000000000e+08 2.081391460000000000e+08 3.187206360000000000e+08 4.856223040000000000e+08 7.326258260000000000e+08 1.090274447000000000e+09 1.587165304000000000e+09 2.238424415000000000e+09 2.977086063000000000e+09 3.598894503000000000e+09
1.199101000000000000e+06 1.890721000000000000e+06 2.979468000000000000e+06 4.701520000000000000e+06 7.403420000000000000e+06 1.166323400000000000e+07 1.835843700000000000e+07 2.891542900000000000e+07 4.546267700000000000e+07 7.142698300000000000e+07 1.120974620000000000e+08 1.758173110000000000e+08 2.757223260000000000e+08 4.322130370000000000e+08 6.777515820000000000e+08 1.063164746000000000e+09 1.673464734000000000e+09 2.648836264000000000e+09 4.233195596000000000e+09 6.801544437000000000e+09
1.962638000000000000e+06 3.084062000000000000e+06 4.857829000000000000e+06 7.655684000000000000e+06 1.208146400000000000e+07 1.908163600000000000e+07 3.013163300000000000e+07 4.758131400000000000e+07 7.529847700000000000e+07 1.192797570000000000e+08 1.890032880000000000e+08 2.995730120000000000e+08 4.746612590000000000e+08 7.518501510000000000e+08 1.193248447000000000e+09 1.893845863000000000e+09 2.996169128000000000e+09 4.722019720000000000e+09 7.418807998000000000e+09 1.165034678100000000e+10
2.039339000000000000e+06 3.211285000000000000e+06 5.049613000000000000e+06 7.953234000000000000e+06 1.254750600000000000e+07 1.979163000000000000e+07 3.123007600000000000e+07 4.932514400000000000e+07 7.777926700000000000e+07 1.225801840000000000e+08 1.929950430000000000e+08 3.034808490000000000e+08 4.770966280000000000e+08 7.514000950000000000e+08 1.183931988000000000e+09 1.856875898000000000e+09 2.899017195000000000e+09 4.531671899000000000e+09 7.064864434000000000e+09 1.088532974700000000e+10
1.316129000000000000e+06 2.047579000000000000e+06 3.197851000000000000e+06 5.002585000000000000e+06 7.815344000000000000e+06 1.226358800000000000e+07 1.933104000000000000e+07 3.008668000000000000e+07 4.672446100000000000e+07 7.264486300000000000e+07 1.119364490000000000e+08 1.718565610000000000e+08 2.615221040000000000e+08 3.954125760000000000e+08 5.954433020000000000e+08 8.820247320000000000e+08 1.280743430000000000e+09 1.789812061000000000e+09 2.325703017000000000e+09 2.868855300000000000e+09
1.604216000000000000e+06 2.531220000000000000e+06 3.990469000000000000e+06 6.304638000000000000e+06 9.959925000000000000e+06 1.573215400000000000e+07 2.486239500000000000e+07 3.931175000000000000e+07 6.214178800000000000e+07 9.824577800000000000e+07 1.551995770000000000e+08 2.448695300000000000e+08 3.864059580000000000e+08 6.107052490000000000e+08 9.664741140000000000e+08 1.532573304000000000e+09 2.430451881000000000e+09 3.867158975000000000e+09 6.164494367000000000e+09 9.854907941000000000e+09
1.699133000000000000e+06 2.677717000000000000e+06 4.219211000000000000e+06 6.652186000000000000e+06 1.047729800000000000e+07 1.655140500000000000e+07 2.617931600000000000e+07 4.123096600000000000e+07 6.499871600000000000e+07 1.025917960000000000e+08 1.616304270000000000e+08 2.545912140000000000e+08 3.995693810000000000e+08 6.242976290000000000e+08 9.717831890000000000e+08 1.505277558000000000e+09 2.310181783000000000e+09 3.505489031000000000e+09 5.247857956000000000e+09 7.679958385000000000e+09
1.343106000000000000e+06 2.114232000000000000e+06 3.338132000000000000e+06 5.265817000000000000e+06 8.310569000000000000e+06 1.312821100000000000e+07 2.075104800000000000e+07 3.275907900000000000e+07 5.168611400000000000e+07 8.153836000000000000e+07 1.286866560000000000e+08 2.027132850000000000e+08 3.189405300000000000e+08 5.031277260000000000e+08 7.961762450000000000e+08 1.262619969000000000e+09 2.005954929000000000e+09 3.189513475000000000e+09 5.075939171000000000e+09 8.145705808000000000e+09
1.911660000000000000e+06 3.013877000000000000e+06 4.745113000000000000e+06 7.499432000000000000e+06 1.185759100000000000e+07 1.873339500000000000e+07 2.961757600000000000e+07 4.682913400000000000e+07 7.404680500000000000e+07 1.171994670000000000e+08 1.858315410000000000e+08 2.947923760000000000e+08 4.677113150000000000e+08 7.403692460000000000e+08 1.171465453000000000e+09 1.852629150000000000e+09 2.932094719000000000e+09 4.653931141000000000e+09 7.399238678000000000e+09 1.171145332200000000e+10
1.185864000000000000e+06 1.859639000000000000e+06 2.917854000000000000e+06 4.585236000000000000e+06 7.207439000000000000e+06 1.135273000000000000e+07 1.790295100000000000e+07 2.812055700000000000e+07 4.422175400000000000e+07 6.969790200000000000e+07 1.096968270000000000e+08 1.730164050000000000e+08 2.723896100000000000e+08 4.280619220000000000e+08 6.719173110000000000e+08 1.048405295000000000e+09 1.627736432000000000e+09 2.507806453000000000e+09 3.800003774000000000e+09 5.580684815000000000e+09
1.297443000000000000e+06 2.037341000000000000e+06 3.198502000000000000e+06 5.039822000000000000e+06 7.957006000000000000e+06 1.254483700000000000e+07 1.976674900000000000e+07 3.115784200000000000e+07 4.909376800000000000e+07 7.736603600000000000e+07 1.219497280000000000e+08 1.923033690000000000e+08 3.032580230000000000e+08 4.778699230000000000e+08 7.520875640000000000e+08 1.180672560000000000e+09 1.852397199000000000e+09 2.908587242000000000e+09 4.581312180000000000e+09 7.236300373000000000e+09
1.683540000000000000e+06 2.635467000000000000e+06 4.134012000000000000e+06 6.491869000000000000e+06 1.020576300000000000e+07 1.605723000000000000e+07 2.522657400000000000e+07 3.956000300000000000e+07 6.209456100000000000e+07 9.754361700000000000e+07 1.532670040000000000e+08 2.405850420000000000e+08 3.776352340000000000e+08 5.920236140000000000e+08 9.282248280000000000e+08 1.449337059000000000e+09 2.260383357000000000e+09 3.506694752000000000e+09 5.401597494000000000e+09 8.262682800000000000e+09
1.815008000000000000e+06 2.862000000000000000e+06 4.510605000000000000e+06 7.114184000000000000e+06 1.121341400000000000e+07 1.768178400000000000e+07 2.789178500000000000e+07 4.397552900000000000e+07 6.923094300000000000e+07 1.089008820000000000e+08 1.710145230000000000e+08 2.684334300000000000e+08 4.210407240000000000e+08 6.605037420000000000e+08 1.035265864000000000e+09 1.625674833000000000e+09 2.560103806000000000e+09 4.015199624000000000e+09 6.223522650000000000e+09 9.662829007000000000e+09
1.437342000000000000e+06 2.261460000000000000e+06 3.562592000000000000e+06 5.614711000000000000e+06 8.853488000000000000e+06 1.398516800000000000e+07 2.211213200000000000e+07 3.480956000000000000e+07 5.487232600000000000e+07 8.648294900000000000e+07 1.357992030000000000e+08 2.129280940000000000e+08 3.332517440000000000e+08 5.203937280000000000e+08 8.076958010000000000e+08 1.243879318000000000e+09 1.904245147000000000e+09 2.879124602000000000e+09 4.269464240000000000e+09 6.208107704000000000e+09
1.283127000000000000e+06 2.017136000000000000e+06 3.169978000000000000e+06 4.982979000000000000e+06 7.828709000000000000e+06 1.234310400000000000e+07 1.948857500000000000e+07 3.055560400000000000e+07 4.791504200000000000e+07 7.524467000000000000e+07 1.176610340000000000e+08 1.836075030000000000e+08 2.845788680000000000e+08 4.382004440000000000e+08 6.700302880000000000e+08 1.015379299000000000e+09 1.523421839000000000e+09 2.262887087000000000e+09 3.347003027000000000e+09 5.027656146000000000e+09
1.330192000000000000e+06 2.094264000000000000e+06 3.297036000000000000e+06 5.196442000000000000e+06 8.190712000000000000e+06 1.290232300000000000e+07 2.032542300000000000e+07 3.199319100000000000e+07 5.029924000000000000e+07 7.926546500000000000e+07 1.250312020000000000e+08 1.975243110000000000e+08 3.118193070000000000e+08 4.940203410000000000e+08 7.857194800000000000e+08 1.252359820000000000e+09 1.981264977000000000e+09 3.103716733000000000e+09 4.850500025000000000e+09 7.544124368000000000e+09
2.319861000000000000e+06 3.644912000000000000e+06 5.753638000000000000e+06 9.086711000000000000e+06 1.435586800000000000e+07 2.270432700000000000e+07 3.588439800000000000e+07 5.670674900000000000e+07 8.975695800000000000e+07 1.421227220000000000e+08 2.251512550000000000e+08 3.566001520000000000e+08 5.637207170000000000e+08 8.892533150000000000e+08 1.397054883000000000e+09 2.188528490000000000e+09 3.422267216000000000e+09 5.353878415000000000e+09 8.378657568000000000e+09 1.310349474400000000e+10
1.435576000000000000e+06 2.260574000000000000e+06 3.564278000000000000e+06 5.620558000000000000e+06 8.864212000000000000e+06 1.399849100000000000e+07 2.208645300000000000e+07 3.484236700000000000e+07 5.498423500000000000e+07 8.692129300000000000e+07 1.375517930000000000e+08 2.176453520000000000e+08 3.440551390000000000e+08 5.427292850000000000e+08 8.558168210000000000e+08 1.354030836000000000e+09 2.146046989000000000e+09 3.392587955000000000e+09 5.373547490000000000e+09 8.460142639000000000e+09
1.907342000000000000e+06 3.002970000000000000e+06 4.739961000000000000e+06 7.486551000000000000e+06 1.183191500000000000e+07 1.870732100000000000e+07 2.957885500000000000e+07 4.678366900000000000e+07 7.403912300000000000e+07 1.173317500000000000e+08 1.859500630000000000e+08 2.943040350000000000e+08 4.659089630000000000e+08 7.378703600000000000e+08 1.169354927000000000e+09 1.852821617000000000e+09 2.939188927000000000e+09 4.657117547000000000e+09 7.383373857000000000e+09 1.172969211800000000e+10
1.450558000000000000e+06 2.284854000000000000e+06 3.605979000000000000e+06 5.692675000000000000e+06 9.001022000000000000e+06 1.417433300000000000e+07 2.236155600000000000e+07 3.527951300000000000e+07 5.566772400000000000e+07 8.781677100000000000e+07 1.386155060000000000e+08 2.183864370000000000e+08 3.446125800000000000e+08 5.463220610000000000e+08 8.669658270000000000e+08 1.374431151000000000e+09 2.177229831000000000e+09 3.450352446000000000e+09 5.462408849000000000e+09 8.637819895000000000e+09
9.629790000000000000e+05 1.511776000000000000e+06 2.378117000000000000e+06 3.735187000000000000e+06 5.872388000000000000e+06 9.244538000000000000e+06 1.458322500000000000e+07 2.291355300000000000e+07 3.604269700000000000e+07 5.682040400000000000e+07 8.971598100000000000e+07 1.419273350000000000e+08 2.239967420000000000e+08 3.540901240000000000e+08 5.616372920000000000e+08 8.923591480000000000e+08 1.421180041000000000e+09 2.263563685000000000e+09 3.627192313000000000e+09 5.826099761000000000e+09
1.183711000000000000e+06 1.864554000000000000e+06 2.950270000000000000e+06 4.663145000000000000e+06 7.369320000000000000e+06 1.165810100000000000e+07 1.846029400000000000e+07 2.921958100000000000e+07 4.625320400000000000e+07 7.322043200000000000e+07 1.159531780000000000e+08 1.836285940000000000e+08 2.910266660000000000e+08 4.623677410000000000e+08 7.345379970000000000e+08 1.166681931000000000e+09 1.852763249000000000e+09 2.963140555000000000e+09 4.765001557000000000e+09 7.643349155000000000e+09
6.479240000000000000e+05 1.011799000000000000e+06 1.588340000000000000e+06 2.487957000000000000e+06 3.910106000000000000e+06 6.141444000000000000e+06 9.675123000000000000e+06 1.517973800000000000e+07 2.380278000000000000e+07 3.718560300000000000e+07 5.789905100000000000e+07 9.031172300000000000e+07 1.405622870000000000e+08 2.179225650000000000e+08 3.355333380000000000e+08 5.151982230000000000e+08 7.885969270000000000e+08 1.187945715000000000e+09 1.747280925000000000e+09 2.515925161000000000e+09
1.137524000000000000e+06 1.791395000000000000e+06 2.823661000000000000e+06 4.450786000000000000e+06 7.014255000000000000e+06 1.103951700000000000e+07 1.738879400000000000e+07 2.736440300000000000e+07 4.298451900000000000e+07 6.760212200000000000e+07 1.060077700000000000e+08 1.660926300000000000e+08 2.605058200000000000e+08 4.093974330000000000e+08 6.446771450000000000e+08 1.014977788000000000e+09 1.600650157000000000e+09 2.526530039000000000e+09 3.959853211000000000e+09 6.200443363000000000e+09
9.248550000000000000e+05 1.452100000000000000e+06 2.281069000000000000e+06 3.589704000000000000e+06 5.651547000000000000e+06 8.900377000000000000e+06 1.398783700000000000e+07 2.197081500000000000e+07 3.444124400000000000e+07 5.378370900000000000e+07 8.385072500000000000e+07 1.299725920000000000e+08 1.996091310000000000e+08 3.047296500000000000e+08 4.624181570000000000e+08 6.963909040000000000e+08 1.037900380000000000e+09 1.548757834000000000e+09 2.342850274000000000e+09 3.745170158000000000e+09
2.214481000000000000e+06 3.484495000000000000e+06 5.497250000000000000e+06 8.661025000000000000e+06 1.367056400000000000e+07 2.159476100000000000e+07 3.407481900000000000e+07 5.375456700000000000e+07 8.488738500000000000e+07 1.340354720000000000e+08 2.117522000000000000e+08 3.348618000000000000e+08 5.298153630000000000e+08 8.388167810000000000e+08 1.327501466000000000e+09 2.098093127000000000e+09 3.314231549000000000e+09 5.210891687000000000e+09 8.212507122000000000e+09 1.295803448200000000e+10
1.207695000000000000e+06 1.906642000000000000e+06 3.012464000000000000e+06 4.759606000000000000e+06 7.523237000000000000e+06 1.189535300000000000e+07 1.882001200000000000e+07 2.977877400000000000e+07 4.714048300000000000e+07 7.462072400000000000e+07 1.182754440000000000e+08 1.878167410000000000e+08 2.987590570000000000e+08 4.741400830000000000e+08 7.502837890000000000e+08 1.185206440000000000e+09 1.865891590000000000e+09 2.931661269000000000e+09 4.618388336000000000e+09 7.297350258000000000e+09
1.374718000000000000e+06 2.162216000000000000e+06 3.408671000000000000e+06 5.368179000000000000e+06 8.475897000000000000e+06 1.336687100000000000e+07 2.108874400000000000e+07 3.323308500000000000e+07 5.236166900000000000e+07 8.257464200000000000e+07 1.302188800000000000e+08 2.054568280000000000e+08 3.237247820000000000e+08 5.094320660000000000e+08 8.009967570000000000e+08 1.253585269000000000e+09 1.957264615000000000e+09 3.052497314000000000e+09 4.730751353000000000e+09 7.383879259000000000e+09
1.272394000000000000e+06 2.003656000000000000e+06 3.154695000000000000e+06 4.958368000000000000e+06 7.807467000000000000e+06 1.230025900000000000e+07 1.940434300000000000e+07 3.053629200000000000e+07 4.806215800000000000e+07 7.567191400000000000e+07 1.191269780000000000e+08 1.873599520000000000e+08 2.942841360000000000e+08 4.598111390000000000e+08 7.159281510000000000e+08 1.110514269000000000e+09 1.714450616000000000e+09 2.630829791000000000e+09 3.965897502000000000e+09 5.805643326000000000e+09
1.651249000000000000e+06 2.595920000000000000e+06 4.085497000000000000e+06 6.420423000000000000e+06 1.011767500000000000e+07 1.593284000000000000e+07 2.507634200000000000e+07 3.942935300000000000e+07 6.201410200000000000e+07 9.765125200000000000e+07 1.537051040000000000e+08 2.424048770000000000e+08 3.817436400000000000e+08 6.006330860000000000e+08 9.423120610000000000e+08 1.472429261000000000e+09 2.280447380000000000e+09 3.495335234000000000e+09 5.326095211000000000e+09 8.057011639000000000e+09
1.971212000000000000e+06 3.108745000000000000e+06 4.911649000000000000e+06 7.759590000000000000e+06 1.227882000000000000e+07 1.943647200000000000e+07 3.074466500000000000e+07 4.864772400000000000e+07 7.694810200000000000e+07 1.217860880000000000e+08 1.927703690000000000e+08 3.051285130000000000e+08 4.832308190000000000e+08 7.658867090000000000e+08 1.213417475000000000e+09 1.918035160000000000e+09 3.028343435000000000e+09 4.774717584000000000e+09 7.541063621000000000e+09 1.193279483300000000e+10
1.057693000000000000e+06 1.657167000000000000e+06 2.601905000000000000e+06 4.099337000000000000e+06 6.457968000000000000e+06 1.017721300000000000e+07 1.604705100000000000e+07 2.533625300000000000e+07 3.997978500000000000e+07 6.308241500000000000e+07 9.928047000000000000e+07 1.561150990000000000e+08 2.452309310000000000e+08 3.849882740000000000e+08 6.030462330000000000e+08 9.463526840000000000e+08 1.482161926000000000e+09 2.324074713000000000e+09 3.660170930000000000e+09 5.714507010000000000e+09
9.401130000000000000e+05 1.474427000000000000e+06 2.314183000000000000e+06 3.635739000000000000e+06 5.723035000000000000e+06 9.024258000000000000e+06 1.424679500000000000e+07 2.242831700000000000e+07 3.531154900000000000e+07 5.556830900000000000e+07 8.728636000000000000e+07 1.367827610000000000e+08 2.140983080000000000e+08 3.345652890000000000e+08 5.211897290000000000e+08 8.076593680000000000e+08 1.254405971000000000e+09 1.935834770000000000e+09 2.951644082000000000e+09 4.440925911000000000e+09
1.441810000000000000e+06 2.269245000000000000e+06 3.587912000000000000e+06 5.663926000000000000e+06 8.957512000000000000e+06 1.414633200000000000e+07 2.232446800000000000e+07 3.523323100000000000e+07 5.560656500000000000e+07 8.787316200000000000e+07 1.389595390000000000e+08 2.200035190000000000e+08 3.483486030000000000e+08 5.520289280000000000e+08 8.748529220000000000e+08 1.387939221000000000e+09 2.207186922000000000e+09 3.519482246000000000e+09 5.590609761000000000e+09 8.824397873000000000e+09
1.402335000000000000e+06 2.210992000000000000e+06 3.491938000000000000e+06 5.519022000000000000e+06 8.720362000000000000e+06 1.379182400000000000e+07 2.182824300000000000e+07 3.452333600000000000e+07 5.463172000000000000e+07 8.645066100000000000e+07 1.367618500000000000e+08 2.161304440000000000e+08 3.418241670000000000e+08 5.403329990000000000e+08 8.542535890000000000e+08 1.354217669000000000e+09 2.155634784000000000e+09 3.453479983000000000e+09 5.551421433000000000e+09 8.916443738000000000e+09
1.591961000000000000e+06 2.503760000000000000e+06 3.935923000000000000e+06 6.200660000000000000e+06 9.769736000000000000e+06 1.538277900000000000e+07 2.426835000000000000e+07 3.813082700000000000e+07 5.991863700000000000e+07 9.417105000000000000e+07 1.475884350000000000e+08 2.310509490000000000e+08 3.597877970000000000e+08 5.584548290000000000e+08 8.600488790000000000e+08 1.313253958000000000e+09 1.981817147000000000e+09 2.946421448000000000e+09 4.301500404000000000e+09 6.117944378000000000e+09
1.596267000000000000e+06 2.511298000000000000e+06 3.948163000000000000e+06 6.223263000000000000e+06 9.832062000000000000e+06 1.553740600000000000e+07 2.454333900000000000e+07 3.869498300000000000e+07 6.102175000000000000e+07 9.640228100000000000e+07 1.520857760000000000e+08 2.401361920000000000e+08 3.779207560000000000e+08 5.921517910000000000e+08 9.238753380000000000e+08 1.434380814000000000e+09 2.213327368000000000e+09 3.386497969000000000e+09 5.118818876000000000e+09 7.614946127000000000e+09
1.600428000000000000e+06 2.527959000000000000e+06 3.983777000000000000e+06 6.281266000000000000e+06 9.923588000000000000e+06 1.567936400000000000e+07 2.477519300000000000e+07 3.914599300000000000e+07 6.185292600000000000e+07 9.795331000000000000e+07 1.553080810000000000e+08 2.462699590000000000e+08 3.902594520000000000e+08 6.185068240000000000e+08 9.788712040000000000e+08 1.549533545000000000e+09 2.447466889000000000e+09 3.862270437000000000e+09 6.083001622000000000e+09 9.573690526000000000e+09
7.072070000000000000e+05 1.109201000000000000e+06 1.748563000000000000e+06 2.739828000000000000e+06 4.318383000000000000e+06 6.807016000000000000e+06 1.077915500000000000e+07 1.696547400000000000e+07 2.679032300000000000e+07 4.243160200000000000e+07 6.702406400000000000e+07 1.060546490000000000e+08 1.674331560000000000e+08 2.641391880000000000e+08 4.172205780000000000e+08 6.600776170000000000e+08 1.053909717000000000e+09 1.701255605000000000e+09 2.740644542000000000e+09 4.383459480000000000e+09
1.590185000000000000e+06 2.506672000000000000e+06 3.940998000000000000e+06 6.211482000000000000e+06 9.825158000000000000e+06 1.551619000000000000e+07 2.458559200000000000e+07 3.883738400000000000e+07 6.135623200000000000e+07 9.698043600000000000e+07 1.530470790000000000e+08 2.418411220000000000e+08 3.823830010000000000e+08 6.051237670000000000e+08 9.577604780000000000e+08 1.515670525000000000e+09 2.401643633000000000e+09 3.820321092000000000e+09 6.097457335000000000e+09 9.737632838000000000e+09
1.886909000000000000e+06 2.971378000000000000e+06 4.684324000000000000e+06 7.389923000000000000e+06 1.165991200000000000e+07 1.841190200000000000e+07 2.907207200000000000e+07 4.581826300000000000e+07 7.223283400000000000e+07 1.137104870000000000e+08 1.786315350000000000e+08 2.806703670000000000e+08 4.409700670000000000e+08 6.904386710000000000e+08 1.076859759000000000e+09 1.666815685000000000e+09 2.573746015000000000e+09 3.947235797000000000e+09 5.987211424000000000e+09 8.941818250000000000e+09
8.260540000000000000e+05 1.293819000000000000e+06 2.029844000000000000e+06 3.189275000000000000e+06 5.012298000000000000e+06 7.885002000000000000e+06 1.238862800000000000e+07 1.942153800000000000e+07 3.036265600000000000e+07 4.746802900000000000e+07 7.401949000000000000e+07 1.150248220000000000e+08 1.784398400000000000e+08 2.759784020000000000e+08 4.238828530000000000e+08 6.436364100000000000e+08 9.714760950000000000e+08 1.465847567000000000e+09 2.169922656000000000e+09 3.163708531000000000e+09
1.606486000000000000e+06 2.533190000000000000e+06 3.997590000000000000e+06 6.308931000000000000e+06 9.966697000000000000e+06 1.574687400000000000e+07 2.488427100000000000e+07 3.939264100000000000e+07 6.229364900000000000e+07 9.869144900000000000e+07 1.562955880000000000e+08 2.478572160000000000e+08 3.930804540000000000e+08 6.228598520000000000e+08 9.854836370000000000e+08 1.555743651000000000e+09 2.447621016000000000e+09 3.823680084000000000e+09 5.937256427000000000e+09 9.199148282000000000e+09
1.029211000000000000e+06 1.613925000000000000e+06 2.537123000000000000e+06 3.985333000000000000e+06 6.278419000000000000e+06 9.893222000000000000e+06 1.558790200000000000e+07 2.451107200000000000e+07 3.855326900000000000e+07 6.065139700000000000e+07 9.515665200000000000e+07 1.491824660000000000e+08 2.334469260000000000e+08 3.642875500000000000e+08 5.642590930000000000e+08 8.686115190000000000e+08 1.327290761000000000e+09 2.000406743000000000e+09 2.959782131000000000e+09 4.295731009000000000e+09
1.579428000000000000e+06 2.472920000000000000e+06 3.879606000000000000e+06 6.087829000000000000e+06 9.575275000000000000e+06 1.508096700000000000e+07 2.373120900000000000e+07 3.734948900000000000e+07 5.870910700000000000e+07 9.231300200000000000e+07 1.450541300000000000e+08 2.274042470000000000e+08 3.549503700000000000e+08 5.533081040000000000e+08 8.576494570000000000e+08 1.323364519000000000e+09 2.023627166000000000e+09 3.074872976000000000e+09 4.624149151000000000e+09 6.927704431000000000e+09
1.675178000000000000e+06 2.642489000000000000e+06 4.162916000000000000e+06 6.579424000000000000e+06 1.039829100000000000e+07 1.642256300000000000e+07 2.595073100000000000e+07 4.097827000000000000e+07 6.464485100000000000e+07 1.020628330000000000e+08 1.612750050000000000e+08 2.547786040000000000e+08 4.032657950000000000e+08 6.392807680000000000e+08 1.011275478000000000e+09 1.593899737000000000e+09 2.508999258000000000e+09 3.955418280000000000e+09 6.245606086000000000e+09 9.828995138000000000e+09
1.394644000000000000e+06 2.192233000000000000e+06 3.453111000000000000e+06 5.443308000000000000e+06 8.565574000000000000e+06 1.349941500000000000e+07 2.127320500000000000e+07 3.347721200000000000e+07 5.258566900000000000e+07 8.264103700000000000e+07 1.297514730000000000e+08 2.033798680000000000e+08 3.177927540000000000e+08 4.959180080000000000e+08 7.711300620000000000e+08 1.193213990000000000e+09 1.845677565000000000e+09 2.865049202000000000e+09 4.458443055000000000e+09 7.007705332000000000e+09
1.729553000000000000e+06 2.720095000000000000e+06 4.294756000000000000e+06 6.775056000000000000e+06 1.069477800000000000e+07 1.688304600000000000e+07 2.663938600000000000e+07 4.207272800000000000e+07 6.645142100000000000e+07 1.049663760000000000e+08 1.655232080000000000e+08 2.612110000000000000e+08 4.128564980000000000e+08 6.535674850000000000e+08 1.034398901000000000e+09 1.636472559000000000e+09 2.588534864000000000e+09 4.094323633000000000e+09 6.475670502000000000e+09 1.024579688600000000e+10
1.284500000000000000e+06 2.028388000000000000e+06 3.197038000000000000e+06 5.048023000000000000e+06 7.972503000000000000e+06 1.259937000000000000e+07 1.992915800000000000e+07 3.147478500000000000e+07 4.974630600000000000e+07 7.869600100000000000e+07 1.244735040000000000e+08 1.969938730000000000e+08 3.119290010000000000e+08 4.934970170000000000e+08 7.803979180000000000e+08 1.233110493000000000e+09 1.952698973000000000e+09 3.100348983000000000e+09 4.922142022000000000e+09 7.760505998000000000e+09
1.379872000000000000e+06 2.174768000000000000e+06 3.429655000000000000e+06 5.414118000000000000e+06 8.530257000000000000e+06 1.346966600000000000e+07 2.126579600000000000e+07 3.356846000000000000e+07 5.302191700000000000e+07 8.384630200000000000e+07 1.326368780000000000e+08 2.098054030000000000e+08 3.319374400000000000e+08 5.253452830000000000e+08 8.329134310000000000e+08 1.323984252000000000e+09 2.111069212000000000e+09 3.365602820000000000e+09 5.356365989000000000e+09 8.555559687000000000e+09
1.274494000000000000e+06 2.014389000000000000e+06 3.175773000000000000e+06 5.013889000000000000e+06 7.926392000000000000e+06 1.253472400000000000e+07 1.981179300000000000e+07 3.128476900000000000e+07 4.939997700000000000e+07 7.797820900000000000e+07 1.230650750000000000e+08 1.941442720000000000e+08 3.059107250000000000e+08 4.820122770000000000e+08 7.593584750000000000e+08 1.194964392000000000e+09 1.878466690000000000e+09 2.953259028000000000e+09 4.638333098000000000e+09 7.270419860000000000e+09
1.399471000000000000e+06 2.199143000000000000e+06 3.466687000000000000e+06 5.460837000000000000e+06 8.605257000000000000e+06 1.357339100000000000e+07 2.144737800000000000e+07 3.374863800000000000e+07 5.312300200000000000e+07 8.368424300000000000e+07 1.315037910000000000e+08 2.068140380000000000e+08 3.245815080000000000e+08 5.079627820000000000e+08 7.925661840000000000e+08 1.232405618000000000e+09 1.903726556000000000e+09 2.912079256000000000e+09 4.390999699000000000e+09 6.508555621000000000e+09
1.228792000000000000e+06 1.930419000000000000e+06 3.031382000000000000e+06 4.764674000000000000e+06 7.502965000000000000e+06 1.183164800000000000e+07 1.866417100000000000e+07 2.948005000000000000e+07 4.653988100000000000e+07 7.353245400000000000e+07 1.162004570000000000e+08 1.837623660000000000e+08 2.902592510000000000e+08 4.578380700000000000e+08 7.229390130000000000e+08 1.141670676000000000e+09 1.798521811000000000e+09 2.822417568000000000e+09 4.421630328000000000e+09 6.924970913000000000e+09
1.564921000000000000e+06 2.460956000000000000e+06 3.876837000000000000e+06 6.115644000000000000e+06 9.647023000000000000e+06 1.522340000000000000e+07 2.398270200000000000e+07 3.775956700000000000e+07 5.941245600000000000e+07 9.360717700000000000e+07 1.472323340000000000e+08 2.313782470000000000e+08 3.624913870000000000e+08 5.673660440000000000e+08 8.850055470000000000e+08 1.374593153000000000e+09 2.125107715000000000e+09 3.278347668000000000e+09 5.031750031000000000e+09 7.598132258000000000e+09
1.498030000000000000e+06 2.359696000000000000e+06 3.725761000000000000e+06 5.880840000000000000e+06 9.283107000000000000e+06 1.467227600000000000e+07 2.315855200000000000e+07 3.658344800000000000e+07 5.776654900000000000e+07 9.121683600000000000e+07 1.441770770000000000e+08 2.280401600000000000e+08 3.608701430000000000e+08 5.714991560000000000e+08 9.042690340000000000e+08 1.426501173000000000e+09 2.242744159000000000e+09 3.507331757000000000e+09 5.418183807000000000e+09 8.253008533000000000e+09
1.264514000000000000e+06 1.988928000000000000e+06 3.137504000000000000e+06 4.929452000000000000e+06 7.766401000000000000e+06 1.223565500000000000e+07 1.932118200000000000e+07 3.040892700000000000e+07 4.783983100000000000e+07 7.534674400000000000e+07 1.186667600000000000e+08 1.870067480000000000e+08 2.943159350000000000e+08 4.629651170000000000e+08 7.264548080000000000e+08 1.134592171000000000e+09 1.761555666000000000e+09 2.724992497000000000e+09 4.223085419000000000e+09 6.557492119000000000e+09
