1.969264544080912345e-08 1.476732596226306432e-09 9.710132966761738082e-10 -4.086735050643174251e-10 1.997806557534809693e-10 -1.137722464403285757e-09 -1.928911688522884340e-10 1.534985816680427093e-10 -7.644351702168709005e-11 -1.307931294147580768e-11 2.778137354266239189e-10 8.547547270703766461e-11 1.448766916852965492e-10 2.502929927523498648e-10 -9.363261300290637030e-11 -8.016404745970781069e-11 -1.048508152841973419e-10 -1.619324157381481081e-11 -1.019750285715046481e-10 -6.236578186210728097e-11
1.476732596226306432e-09 1.202073491323563139e-08 -1.625025103088338179e-09 5.334941056394989883e-10 1.509965011963644170e-10 1.224505415249067039e-13 -1.830608477377420353e-10 2.618212444626523541e-10 1.587742954392477065e-11 -3.340877241960450101e-12 3.241786915623123132e-11 1.887966895655072005e-10 9.169470284122410592e-11 6.614198940779383328e-11 -9.532061699303305927e-11 -1.551293151772967135e-10 -1.023772597306326219e-10 -3.825993033777520024e-11 2.202570146680984382e-11 -2.068212087386563693e-12
9.710132966761738082e-10 -1.625025103088338179e-09 7.897444369135104298e-09 6.321395474352980372e-11 4.253456681299194074e-10 5.570968936390653856e-11 1.435858682372391846e-10 2.172012972464926260e-11 4.103188081734201940e-10 2.633583135973478697e-10 -9.665673331134393245e-11 -7.555476505772340754e-11 -4.438682479095178514e-11 1.946932753845489891e-10 8.418746502140585671e-11 3.508844689093491174e-11 3.006641130318490270e-11 -3.050400998786335482e-13 -4.296030388047295776e-11 -2.361982686335472127e-11
-4.086735050643174251e-10 5.334941056394989883e-10 6.321395474352980372e-11 5.050701399555591398e-09 9.253838477146529446e-10 1.811545102164513705e-10 -1.246901862019027178e-10 -5.673760944247257635e-11 3.599515722290664591e-10 -2.158861222362741263e-11 3.153934258013646309e-11 1.112235425061620346e-10 2.052818764501186003e-11 -4.583070338898701157e-11 2.294725038573739465e-11 8.083856516522584504e-11 3.329981792677880161e-11 3.966859768997051132e-11 -7.410391021325974394e-12 -2.777214268683833506e-12
1.997806557534809693e-10 1.509965011963644170e-10 4.253456681299194074e-10 9.253838477146529446e-10 4.305791135048445142e-09 -3.070891943380715318e-12 -1.639165519109254833e-10 -1.538173702530857430e-10 4.312057518356831368e-11 -4.330605809463859480e-13 -1.190951012871913478e-11 8.811530862024809992e-12 -3.671631822053043961e-11 -2.953683682932614266e-11 -9.596266289814601019e-11 3.612594233864109847e-11 9.266061588681927103e-12 1.537424408142425224e-11 -3.620667006433742349e-11 -1.072501994790966839e-11
-1.137722464403285757e-09 1.224505415249067039e-13 5.570968936390653856e-11 1.811545102164513705e-10 -3.070891943380715318e-12 1.999641209908496192e-09 1.196777203047236436e-11 -9.653765037161382160e-11 3.011752245077876923e-11 1.456548242567943456e-10 7.978471015936283282e-11 3.499686945673950835e-11 4.709625904851019093e-11 5.426478652895551131e-12 8.001651107558559714e-12 2.114500944492415387e-11 5.802216818364609152e-11 6.472613943655803069e-12 1.934148365048266048e-12 1.163605072040487952e-11
-1.928911688522884340e-10 -1.830608477377420353e-10 1.435858682372391846e-10 -1.246901862019027178e-10 -1.639165519109254833e-10 1.196777203047236436e-11 1.531268546908618408e-09 2.278960634628810085e-10 -6.103908924271649310e-11 5.537706967258657399e-11 7.862668614746343033e-11 8.549304950008821068e-11 1.391460377880711923e-11 -3.760780732560744132e-11 -1.673267643544901951e-11 -3.761486597532134204e-11 -2.428336060706513740e-11 5.401922972275732926e-12 1.811876104907757894e-11 1.557900745503387226e-11
1.534985816680427093e-10 2.618212444626523541e-10 2.172012972464926260e-11 -5.673760944247257635e-11 -1.538173702530857430e-10 -9.653765037161382160e-11 2.278960634628810085e-10 1.044064629974698157e-09 1.162529384164198348e-10 5.394814143272259131e-11 -1.068263849892866717e-11 7.245706190745895549e-12 4.520837409842051144e-11 5.949950479083667878e-12 -2.977304854932359387e-11 -2.501962250721683399e-11 1.998276459371459521e-11 1.327481414568276589e-12 1.910309474121986014e-12 -3.740501639823149475e-12
-7.644351702168709005e-11 1.587742954392477065e-11 4.103188081734201940e-10 3.599515722290664591e-10 4.312057518356831368e-11 3.011752245077876923e-11 -6.103908924271649310e-11 1.162529384164198348e-10 4.978419100624378035e-10 1.012250210856459031e-10 -1.875027961806972789e-11 -6.749764205581606070e-12 -6.556668178046647890e-12 2.945697282150088450e-11 3.286965831663276534e-11 3.405761616506418542e-11 4.840882897952977113e-12 1.409951889156701831e-11 3.637823396975875327e-13 1.589488197848286835e-12
-1.307931294147580768e-11 -3.340877241960450101e-12 2.633583135973478697e-10 -2.158861222362741263e-11 -4.330605809463859480e-13 1.456548242567943456e-10 5.537706967258657399e-11 5.394814143272259131e-11 1.012250210856459031e-10 3.445455737932959461e-10 1.558973955266677972e-11 1.402760100849540853e-11 9.162269594361602989e-12 2.863140028022132913e-11 2.127404389227206788e-11 5.822710195684520843e-12 -1.175764278975938403e-11 1.294925602599000011e-11 -2.197428649354545764e-12 -8.447597046120495043e-12
2.778137354266239189e-10 3.241786915623123132e-11 -9.665673331134393245e-11 3.153934258013646309e-11 -1.190951012871913478e-11 7.978471015936283282e-11 7.862668614746343033e-11 -1.068263849892866717e-11 -1.875027961806972789e-11 1.558973955266677972e-11 2.480237595037117297e-10 8.100185956709282189e-11 3.033385348062573534e-11 1.864676960152115394e-11 -6.540989046341546392e-12 -2.489861725784403340e-12 -6.338494226060493206e-12 3.326404352772177511e-13 -4.958816193734099484e-12 2.142283881580631578e-12
8.547547270703766461e-11 1.887966895655072005e-10 -7.555476505772340754e-11 1.112235425061620346e-10 8.811530862024809992e-12 3.499686945673950835e-11 8.549304950008821068e-11 7.245706190745895549e-12 -6.749764205581606070e-12 1.402760100849540853e-11 8.100185956709282189e-11 2.554307247392720396e-10 3.721842060391155738e-11 1.593936292540959831e-11 6.262650756585889864e-12 -5.496631446846857990e-12 -8.938304004602932425e-12 -8.746585995415184147e-13 1.302169266068817390e-11 2.795277532577716637e-13
1.448766916852965492e-10 9.169470284122410592e-11 -4.438682479095178514e-11 2.052818764501186003e-11 -3.671631822053043961e-11 4.709625904851019093e-11 1.391460377880711923e-11 4.520837409842051144e-11 -6.556668178046647890e-12 9.162269594361602989e-12 3.033385348062573534e-11 3.721842060391155738e-11 1.664982565273635146e-10 3.922681195753547933e-11 6.880007830633017012e-12 -2.045503232250716244e-12 -1.263376766672304385e-11 4.653580899237493524e-12 1.214623591417138004e-12 -3.378955132537267708e-12
2.502929927523498648e-10 6.614198940779383328e-11 1.946932753845489891e-10 -4.583070338898701157e-11 -2.953683682932614266e-11 5.426478652895551131e-12 -3.760780732560744132e-11 5.949950479083667878e-12 2.945697282150088450e-11 2.863140028022132913e-11 1.864676960152115394e-11 1.593936292540959831e-11 3.922681195753547933e-11 8.958631780247916192e-11 2.773733234156169051e-11 8.206765741041151458e-12 4.266210125543506055e-12 5.315850057068050975e-12 9.389528602530014175e-13 -9.355965142965062135e-13
-9.363261300290637030e-11 -9.532061699303305927e-11 8.418746502140585671e-11 2.294725038573739465e-11 -9.596266289814601019e-11 8.001651107558559714e-12 -1.673267643544901951e-11 -2.977304854932359387e-11 3.286965831663276534e-11 2.127404389227206788e-11 -6.540989046341546392e-12 6.262650756585889864e-12 6.880007830633017012e-12 2.773733234156169051e-11 7.554631361971840080e-11 2.324913027132947011e-11 1.167049901985384268e-11 6.639228506568783130e-12 4.348525147833556499e-12 1.166804555004566336e-12
-8.016404745970781069e-11 -1.551293151772967135e-10 3.508844689093491174e-11 8.083856516522584504e-11 3.612594233864109847e-11 2.114500944492415387e-11 -3.761486597532134204e-11 -2.501962250721683399e-11 3.405761616506418542e-11 5.822710195684520843e-12 -2.489861725784403340e-12 -5.496631446846857990e-12 -2.045503232250716244e-12 8.206765741041151458e-12 2.324913027132947011e-11 5.019660784710746903e-11 1.957057629860583220e-11 6.437226651425407599e-12 -5.895436227945471629e-13 2.632123983754252522e-12
-1.048508152841973419e-10 -1.023772597306326219e-10 3.006641130318490270e-11 3.329981792677880161e-11 9.266061588681927103e-12 5.802216818364609152e-11 -2.428336060706513740e-11 1.998276459371459521e-11 4.840882897952977113e-12 -1.175764278975938403e-11 -6.338494226060493206e-12 -8.938304004602932425e-12 -1.263376766672304385e-11 4.266210125543506055e-12 1.167049901985384268e-11 1.957057629860583220e-11 5.793719252418720748e-11 9.627835028827364548e-12 2.481598293529092564e-12 3.854337772865947368e-12
-1.619324157381481081e-11 -3.825993033777520024e-11 -3.050400998786335482e-13 3.966859768997051132e-11 1.537424408142425224e-11 6.472613943655803069e-12 5.401922972275732926e-12 1.327481414568276589e-12 1.409951889156701831e-11 1.294925602599000011e-11 3.326404352772177511e-13 -8.746585995415184147e-13 4.653580899237493524e-12 5.315850057068050975e-12 6.639228506568783130e-12 6.437226651425407599e-12 9.627835028827364548e-12 3.409368979820546335e-11 8.589120559094699750e-12 8.949934697213271228e-13
-1.019750285715046481e-10 2.202570146680984382e-11 -4.296030388047295776e-11 -7.410391021325974394e-12 -3.620667006433742349e-11 1.934148365048266048e-12 1.811876104907757894e-11 1.910309474121986014e-12 3.637823396975875327e-13 -2.197428649354545764e-12 -4.958816193734099484e-12 1.302169266068817390e-11 1.214623591417138004e-12 9.389528602530014175e-13 4.348525147833556499e-12 -5.895436227945471629e-13 2.481598293529092564e-12 8.589120559094699750e-12 2.030299618454028319e-11 3.050141249349474633e-12
-6.236578186210728097e-11 -2.068212087386563693e-12 -2.361982686335472127e-11 -2.777214268683833506e-12 -1.072501994790966839e-11 1.163605072040487952e-11 1.557900745503387226e-11 -3.740501639823149475e-12 1.589488197848286835e-12 -8.447597046120495043e-12 2.142283881580631578e-12 2.795277532577716637e-13 -3.378955132537267708e-12 -9.355965142965062135e-13 1.166804555004566336e-12 2.632123983754252522e-12 3.854337772865947368e-12 8.949934697213271228e-13 3.050141249349474633e-12 1.757729465562460156e-11
