# npairs for all jackknife regions
2.595045000000000000e+06 4.080995000000000000e+06 6.438668000000000000e+06 1.014431600000000000e+07 1.599911200000000000e+07 2.524228600000000000e+07 3.982990000000000000e+07 6.274769400000000000e+07 9.879678500000000000e+07 1.556928650000000000e+08 2.451260500000000000e+08 3.855773920000000000e+08 6.064728100000000000e+08 9.533212150000000000e+08 1.490669528000000000e+09 2.314622444000000000e+09 3.578086183000000000e+09 5.473488409000000000e+09 8.271604010000000000e+09 1.225749454600000000e+10
1.925611000000000000e+06 3.026261000000000000e+06 4.750553000000000000e+06 7.462941000000000000e+06 1.176585200000000000e+07 1.857852600000000000e+07 2.936355800000000000e+07 4.623572100000000000e+07 7.287157800000000000e+07 1.150267260000000000e+08 1.813497900000000000e+08 2.860349950000000000e+08 4.496430540000000000e+08 7.057158180000000000e+08 1.103511961000000000e+09 1.715837582000000000e+09 2.661144518000000000e+09 4.103105992000000000e+09 6.257467019000000000e+09 9.512644783000000000e+09
1.485557000000000000e+06 2.329184000000000000e+06 3.653456000000000000e+06 5.725776000000000000e+06 8.996228000000000000e+06 1.414996000000000000e+07 2.231615800000000000e+07 3.500250700000000000e+07 5.482192400000000000e+07 8.595598100000000000e+07 1.344665690000000000e+08 2.096581080000000000e+08 3.261038270000000000e+08 5.064047020000000000e+08 7.810118730000000000e+08 1.195181996000000000e+09 1.808587335000000000e+09 2.673961922000000000e+09 3.854416060000000000e+09 5.356653935000000000e+09
1.628263000000000000e+06 2.568681000000000000e+06 4.043365000000000000e+06 6.371000000000000000e+06 1.004803900000000000e+07 1.585385700000000000e+07 2.495843200000000000e+07 3.924569900000000000e+07 6.183641800000000000e+07 9.749316700000000000e+07 1.538545480000000000e+08 2.432447130000000000e+08 3.849006900000000000e+08 6.105338090000000000e+08 9.659540010000000000e+08 1.524292343000000000e+09 2.405638688000000000e+09 3.787694032000000000e+09 5.958617347000000000e+09 9.312962815000000000e+09
2.337386000000000000e+06 3.678906000000000000e+06 5.785640000000000000e+06 9.112961000000000000e+06 1.437819700000000000e+07 2.267055600000000000e+07 3.571158900000000000e+07 5.621783600000000000e+07 8.853803800000000000e+07 1.393708290000000000e+08 2.191942520000000000e+08 3.440751720000000000e+08 5.382183610000000000e+08 8.371457650000000000e+08 1.289851434000000000e+09 1.964472361000000000e+09 2.945011581000000000e+09 4.331794298000000000e+09 6.286447324000000000e+09 8.918964215000000000e+09
1.153838000000000000e+06 1.815695000000000000e+06 2.858046000000000000e+06 4.514661000000000000e+06 7.124546000000000000e+06 1.127168900000000000e+07 1.780140700000000000e+07 2.808631700000000000e+07 4.436573100000000000e+07 7.001707500000000000e+07 1.105430250000000000e+08 1.743944300000000000e+08 2.754222120000000000e+08 4.357390900000000000e+08 6.874713350000000000e+08 1.087906560000000000e+09 1.732335906000000000e+09 2.766721137000000000e+09 4.381374627000000000e+09 6.870893899000000000e+09
2.058560000000000000e+06 3.241299000000000000e+06 5.112174000000000000e+06 8.053787000000000000e+06 1.268784300000000000e+07 1.999731800000000000e+07 3.149145500000000000e+07 4.952761800000000000e+07 7.786335600000000000e+07 1.224388640000000000e+08 1.921683340000000000e+08 3.011726370000000000e+08 4.720079810000000000e+08 7.394717550000000000e+08 1.153652920000000000e+09 1.786644514000000000e+09 2.751559151000000000e+09 4.209120575000000000e+09 6.433229847000000000e+09 9.725700822000000000e+09
1.816778000000000000e+06 2.856472000000000000e+06 4.491955000000000000e+06 7.088422000000000000e+06 1.117453500000000000e+07 1.764947600000000000e+07 2.792625900000000000e+07 4.405124100000000000e+07 6.954560600000000000e+07 1.099850600000000000e+08 1.736773050000000000e+08 2.744979230000000000e+08 4.333582640000000000e+08 6.825368970000000000e+08 1.073255252000000000e+09 1.677914643000000000e+09 2.617323822000000000e+09 4.072601211000000000e+09 6.318388836000000000e+09 9.737351269000000000e+09
1.546861000000000000e+06 2.439711000000000000e+06 3.840472000000000000e+06 6.050448000000000000e+06 9.544204000000000000e+06 1.502827600000000000e+07 2.371018900000000000e+07 3.732444200000000000e+07 5.881277300000000000e+07 9.258081700000000000e+07 1.457941000000000000e+08 2.298244600000000000e+08 3.624557100000000000e+08 5.724450460000000000e+08 9.050606520000000000e+08 1.430138860000000000e+09 2.260202067000000000e+09 3.589153687000000000e+09 5.717791241000000000e+09 9.086081630000000000e+09
1.316119000000000000e+06 2.069752000000000000e+06 3.261649000000000000e+06 5.148465000000000000e+06 8.115876000000000000e+06 1.281145800000000000e+07 2.019932200000000000e+07 3.188984300000000000e+07 5.039028400000000000e+07 7.965421500000000000e+07 1.258725520000000000e+08 1.989104810000000000e+08 3.154351010000000000e+08 5.030255230000000000e+08 8.104923820000000000e+08 1.312291554000000000e+09 2.126913399000000000e+09 3.480166695000000000e+09 5.724830474000000000e+09 9.398409089000000000e+09
1.812205000000000000e+06 2.851727000000000000e+06 4.492404000000000000e+06 7.086303000000000000e+06 1.118808400000000000e+07 1.764232400000000000e+07 2.789327000000000000e+07 4.406414600000000000e+07 6.967573900000000000e+07 1.103532060000000000e+08 1.748578950000000000e+08 2.773918230000000000e+08 4.392095000000000000e+08 6.949269440000000000e+08 1.094650880000000000e+09 1.714139119000000000e+09 2.672987694000000000e+09 4.140672496000000000e+09 6.378062909000000000e+09 9.709906841000000000e+09
2.176972000000000000e+06 3.437338000000000000e+06 5.418984000000000000e+06 8.546581000000000000e+06 1.350896000000000000e+07 2.134956100000000000e+07 3.374123300000000000e+07 5.329872300000000000e+07 8.424028300000000000e+07 1.332180820000000000e+08 2.106782270000000000e+08 3.336203550000000000e+08 5.288045270000000000e+08 8.394044620000000000e+08 1.331695160000000000e+09 2.114886996000000000e+09 3.370808917000000000e+09 5.373198516000000000e+09 8.592157820000000000e+09 1.381487056400000000e+10
2.718956000000000000e+06 4.277232000000000000e+06 6.746776000000000000e+06 1.062939100000000000e+07 1.678980000000000000e+07 2.652216900000000000e+07 4.191527300000000000e+07 6.623546400000000000e+07 1.047454570000000000e+08 1.658190240000000000e+08 2.628841230000000000e+08 4.167852770000000000e+08 6.613215820000000000e+08 1.048502793000000000e+09 1.663057126000000000e+09 2.638213764000000000e+09 4.180887329000000000e+09 6.615922107000000000e+09 1.044386980500000000e+10 1.651373283000000000e+10
1.703885000000000000e+06 2.686886000000000000e+06 4.238881000000000000e+06 6.689049000000000000e+06 1.055201700000000000e+07 1.666116200000000000e+07 2.626237500000000000e+07 4.134701400000000000e+07 6.511852400000000000e+07 1.026462170000000000e+08 1.618292730000000000e+08 2.549731600000000000e+08 4.015260880000000000e+08 6.351104170000000000e+08 1.010341345000000000e+09 1.613436223000000000e+09 2.580427988000000000e+09 4.112033377000000000e+09 6.493871888000000000e+09 1.015768138100000000e+10
1.748701000000000000e+06 2.750948000000000000e+06 4.326386000000000000e+06 6.814059000000000000e+06 1.070051200000000000e+07 1.682378100000000000e+07 2.643520800000000000e+07 4.144127400000000000e+07 6.489016600000000000e+07 1.015729670000000000e+08 1.585761060000000000e+08 2.472132930000000000e+08 3.844505670000000000e+08 5.972079140000000000e+08 9.236454370000000000e+08 1.417956017000000000e+09 2.165561678000000000e+09 3.243545363000000000e+09 4.731987366000000000e+09 6.855063135000000000e+09
1.753878000000000000e+06 2.769699000000000000e+06 4.367024000000000000e+06 6.892037000000000000e+06 1.089745100000000000e+07 1.720865500000000000e+07 2.719874900000000000e+07 4.296699000000000000e+07 6.785181500000000000e+07 1.073463190000000000e+08 1.697310870000000000e+08 2.682268470000000000e+08 4.230780000000000000e+08 6.674024950000000000e+08 1.053417517000000000e+09 1.665099450000000000e+09 2.638734560000000000e+09 4.182065445000000000e+09 6.612232860000000000e+09 1.044226426200000000e+10
1.446963000000000000e+06 2.282662000000000000e+06 3.602047000000000000e+06 5.699589000000000000e+06 9.022195000000000000e+06 1.429002300000000000e+07 2.260864400000000000e+07 3.578709200000000000e+07 5.668685100000000000e+07 8.985553500000000000e+07 1.424810080000000000e+08 2.262754300000000000e+08 3.592517480000000000e+08 5.702472590000000000e+08 9.063256010000000000e+08 1.441867252000000000e+09 2.289238455000000000e+09 3.648046980000000000e+09 5.837680796000000000e+09 9.411846432000000000e+09
1.910161000000000000e+06 3.000285000000000000e+06 4.718386000000000000e+06 7.439900000000000000e+06 1.173510200000000000e+07 1.850822400000000000e+07 2.923176900000000000e+07 4.612463200000000000e+07 7.275083700000000000e+07 1.149607470000000000e+08 1.819203260000000000e+08 2.886775470000000000e+08 4.584452090000000000e+08 7.299249640000000000e+08 1.160575148000000000e+09 1.839715204000000000e+09 2.910791019000000000e+09 4.601080331000000000e+09 7.274907368000000000e+09 1.146253874300000000e+10
2.356041000000000000e+06 3.700580000000000000e+06 5.820872000000000000e+06 9.172495000000000000e+06 1.444163400000000000e+07 2.273882200000000000e+07 3.586720500000000000e+07 5.636523300000000000e+07 8.849395000000000000e+07 1.387932720000000000e+08 2.169119690000000000e+08 3.377500770000000000e+08 5.232272490000000000e+08 8.053466140000000000e+08 1.223988718000000000e+09 1.823788267000000000e+09 2.659088404000000000e+09 3.760877978000000000e+09 5.026517234000000000e+09 6.149469777000000000e+09
1.761841000000000000e+06 2.773234000000000000e+06 4.369028000000000000e+06 6.882614000000000000e+06 1.083264600000000000e+07 1.705206600000000000e+07 2.683685700000000000e+07 4.221166800000000000e+07 6.647136800000000000e+07 1.047051610000000000e+08 1.648614840000000000e+08 2.595817990000000000e+08 4.076978170000000000e+08 6.408399970000000000e+08 1.008586535000000000e+09 1.589718698000000000e+09 2.531498409000000000e+09 4.051912124000000000e+09 6.454718967000000000e+09 1.028041315200000000e+10
2.905223000000000000e+06 4.568028000000000000e+06 7.209274000000000000e+06 1.135030100000000000e+07 1.792998500000000000e+07 2.830247800000000000e+07 4.470604500000000000e+07 7.058387100000000000e+07 1.114516670000000000e+08 1.761836650000000000e+08 2.788289410000000000e+08 4.407711670000000000e+08 6.959453350000000000e+08 1.098759900000000000e+09 1.734682266000000000e+09 2.740052439000000000e+09 4.334672265000000000e+09 6.838374609000000000e+09 1.077035959000000000e+10 1.691289043500000000e+10
1.764560000000000000e+06 2.765069000000000000e+06 4.331726000000000000e+06 6.794390000000000000e+06 1.065381100000000000e+07 1.669824100000000000e+07 2.617562100000000000e+07 4.090310500000000000e+07 6.390185700000000000e+07 9.970947300000000000e+07 1.552739120000000000e+08 2.419293480000000000e+08 3.756653240000000000e+08 5.803529050000000000e+08 8.918172500000000000e+08 1.358744928000000000e+09 2.057391110000000000e+09 3.083387899000000000e+09 4.542457324000000000e+09 6.633249435000000000e+09
2.156312000000000000e+06 3.386460000000000000e+06 5.320840000000000000e+06 8.376167000000000000e+06 1.320012500000000000e+07 2.077795700000000000e+07 3.274157900000000000e+07 5.157084100000000000e+07 8.114797400000000000e+07 1.278753740000000000e+08 2.014387380000000000e+08 3.166774430000000000e+08 4.975847810000000000e+08 7.817251220000000000e+08 1.228145010000000000e+09 1.930798906000000000e+09 3.050392104000000000e+09 4.839376168000000000e+09 7.684926585000000000e+09 1.229426859900000000e+10
1.743012000000000000e+06 2.745919000000000000e+06 4.338457000000000000e+06 6.846224000000000000e+06 1.080539600000000000e+07 1.707763000000000000e+07 2.702150500000000000e+07 4.270849700000000000e+07 6.747799100000000000e+07 1.065786250000000000e+08 1.683802210000000000e+08 2.658786070000000000e+08 4.191464810000000000e+08 6.599748830000000000e+08 1.038329732000000000e+09 1.625408334000000000e+09 2.534230598000000000e+09 3.925549064000000000e+09 6.067550273000000000e+09 9.444067040000000000e+09
2.213203000000000000e+06 3.477869000000000000e+06 5.484810000000000000e+06 8.635759000000000000e+06 1.361778200000000000e+07 2.147970500000000000e+07 3.394200600000000000e+07 5.364718900000000000e+07 8.474514100000000000e+07 1.337102840000000000e+08 2.108549000000000000e+08 3.326375150000000000e+08 5.249572900000000000e+08 8.308582340000000000e+08 1.313307704000000000e+09 2.070405118000000000e+09 3.248504359000000000e+09 5.070439341000000000e+09 7.913524457000000000e+09 1.239278864500000000e+10
8.333010000000000000e+05 1.304266000000000000e+06 2.043122000000000000e+06 3.204717000000000000e+06 5.039056000000000000e+06 7.952886000000000000e+06 1.255011100000000000e+07 1.970008100000000000e+07 3.093850500000000000e+07 4.859660600000000000e+07 7.588201100000000000e+07 1.183637110000000000e+08 1.835485450000000000e+08 2.833779880000000000e+08 4.344480370000000000e+08 6.627347910000000000e+08 1.010143242000000000e+09 1.523052873000000000e+09 2.253497056000000000e+09 3.273149008000000000e+09
1.960576000000000000e+06 3.083554000000000000e+06 4.862902000000000000e+06 7.662832000000000000e+06 1.207969900000000000e+07 1.905924400000000000e+07 3.007694500000000000e+07 4.747688000000000000e+07 7.504389800000000000e+07 1.185978270000000000e+08 1.873955810000000000e+08 2.961732220000000000e+08 4.678105100000000000e+08 7.383828420000000000e+08 1.161295329000000000e+09 1.821980616000000000e+09 2.857457176000000000e+09 4.500726411000000000e+09 7.097386056000000000e+09 1.116010098800000000e+10
9.164480000000000000e+05 1.437088000000000000e+06 2.256629000000000000e+06 3.559373000000000000e+06 5.600684000000000000e+06 8.823636000000000000e+06 1.390664000000000000e+07 2.188956100000000000e+07 3.442557900000000000e+07 5.413234600000000000e+07 8.505881300000000000e+07 1.342159780000000000e+08 2.116649390000000000e+08 3.346102600000000000e+08 5.274851500000000000e+08 8.263750040000000000e+08 1.286910147000000000e+09 2.002867384000000000e+09 3.098494634000000000e+09 4.747409423000000000e+09
8.750710000000000000e+05 1.378466000000000000e+06 2.173348000000000000e+06 3.420371000000000000e+06 5.394231000000000000e+06 8.507012000000000000e+06 1.340378100000000000e+07 2.106583000000000000e+07 3.314733900000000000e+07 5.216207900000000000e+07 8.205954800000000000e+07 1.289933560000000000e+08 2.028112850000000000e+08 3.189416190000000000e+08 5.015284670000000000e+08 7.906370620000000000e+08 1.253025966000000000e+09 1.991275651000000000e+09 3.178970517000000000e+09 5.182751460000000000e+09
1.500237000000000000e+06 2.364988000000000000e+06 3.730752000000000000e+06 5.891300000000000000e+06 9.306377000000000000e+06 1.467950900000000000e+07 2.319706100000000000e+07 3.663623200000000000e+07 5.782430000000000000e+07 9.121743400000000000e+07 1.437066350000000000e+08 2.262911710000000000e+08 3.562279480000000000e+08 5.610482480000000000e+08 8.816848010000000000e+08 1.384288162000000000e+09 2.177372544000000000e+09 3.454516020000000000e+09 5.529197240000000000e+09 8.781394701000000000e+09
6.308520000000000000e+05 9.890290000000000000e+05 1.554590000000000000e+06 2.436788000000000000e+06 3.813887000000000000e+06 5.995190000000000000e+06 9.478799000000000000e+06 1.491985100000000000e+07 2.347893000000000000e+07 3.693653500000000000e+07 5.812468500000000000e+07 9.122510000000000000e+07 1.429096350000000000e+08 2.237328950000000000e+08 3.493034650000000000e+08 5.439912600000000000e+08 8.532621450000000000e+08 1.351906684000000000e+09 2.152959888000000000e+09 3.352567856000000000e+09
1.822375000000000000e+06 2.865842000000000000e+06 4.512058000000000000e+06 7.113745000000000000e+06 1.120197600000000000e+07 1.768824400000000000e+07 2.795124400000000000e+07 4.410499000000000000e+07 6.949878500000000000e+07 1.096061520000000000e+08 1.726883150000000000e+08 2.718692630000000000e+08 4.274040210000000000e+08 6.714801270000000000e+08 1.053376214000000000e+09 1.641762591000000000e+09 2.539426313000000000e+09 3.896427623000000000e+09 5.939875520000000000e+09 8.956191513000000000e+09
1.620564000000000000e+06 2.530937000000000000e+06 3.959513000000000000e+06 6.200323000000000000e+06 9.731045000000000000e+06 1.529743000000000000e+07 2.410175800000000000e+07 3.769693200000000000e+07 5.892834900000000000e+07 9.205701500000000000e+07 1.428808540000000000e+08 2.203945540000000000e+08 3.371171070000000000e+08 5.111428690000000000e+08 7.620432660000000000e+08 1.111983650000000000e+09 1.575520806000000000e+09 2.143711248000000000e+09 2.703322282000000000e+09 3.071544624000000000e+09
2.159946000000000000e+06 3.388365000000000000e+06 5.332484000000000000e+06 8.371888000000000000e+06 1.316098600000000000e+07 2.070211900000000000e+07 3.255425200000000000e+07 5.108342000000000000e+07 8.014150200000000000e+07 1.255635360000000000e+08 1.963198490000000000e+08 3.062735050000000000e+08 4.760595950000000000e+08 7.374691500000000000e+08 1.142323277000000000e+09 1.770726978000000000e+09 2.740814743000000000e+09 4.203257934000000000e+09 6.364074185000000000e+09 9.506832630000000000e+09
2.419186000000000000e+06 3.812701000000000000e+06 6.017026000000000000e+06 9.497838000000000000e+06 1.499297800000000000e+07 2.364688800000000000e+07 3.731879300000000000e+07 5.888981700000000000e+07 9.303756500000000000e+07 1.469672900000000000e+08 2.315300730000000000e+08 3.649602340000000000e+08 5.756298370000000000e+08 9.102163140000000000e+08 1.439404450000000000e+09 2.274659632000000000e+09 3.589941949000000000e+09 5.671538710000000000e+09 8.961950911000000000e+09 1.409120333200000000e+10
1.464798000000000000e+06 2.308529000000000000e+06 3.642462000000000000e+06 5.743945000000000000e+06 9.056691000000000000e+06 1.428840900000000000e+07 2.251854100000000000e+07 3.548706900000000000e+07 5.593040800000000000e+07 8.837296600000000000e+07 1.396053700000000000e+08 2.207929740000000000e+08 3.487261120000000000e+08 5.499562220000000000e+08 8.668553500000000000e+08 1.366104214000000000e+09 2.142762131000000000e+09 3.355722150000000000e+09 5.221934763000000000e+09 8.137493501000000000e+09
1.565675000000000000e+06 2.455624000000000000e+06 3.859120000000000000e+06 6.080948000000000000e+06 9.571900000000000000e+06 1.509448700000000000e+07 2.386332700000000000e+07 3.753284700000000000e+07 5.899219800000000000e+07 9.287822800000000000e+07 1.458852090000000000e+08 2.291952670000000000e+08 3.589172370000000000e+08 5.599237320000000000e+08 8.696499370000000000e+08 1.340340882000000000e+09 2.050818933000000000e+09 3.105879746000000000e+09 4.655488227000000000e+09 6.891973720000000000e+09
1.517517000000000000e+06 2.396472000000000000e+06 3.783955000000000000e+06 5.972504000000000000e+06 9.430942000000000000e+06 1.488973500000000000e+07 2.352822700000000000e+07 3.720981500000000000e+07 5.890221700000000000e+07 9.323741300000000000e+07 1.476562290000000000e+08 2.339840490000000000e+08 3.714871540000000000e+08 5.907500240000000000e+08 9.377494250000000000e+08 1.488753409000000000e+09 2.358811808000000000e+09 3.734783652000000000e+09 5.961144696000000000e+09 9.471033358000000000e+09
2.518690000000000000e+06 3.973955000000000000e+06 6.257903000000000000e+06 9.883293000000000000e+06 1.561473300000000000e+07 2.467078700000000000e+07 3.902570700000000000e+07 6.174397200000000000e+07 9.758684900000000000e+07 1.545025550000000000e+08 2.447192670000000000e+08 3.881236530000000000e+08 6.143977530000000000e+08 9.731718020000000000e+08 1.541323937000000000e+09 2.444653433000000000e+09 3.878554388000000000e+09 6.174195014000000000e+09 9.840485067000000000e+09 1.567415076200000000e+10
1.018734000000000000e+06 1.605699000000000000e+06 2.533186000000000000e+06 3.993551000000000000e+06 6.310612000000000000e+06 9.970575000000000000e+06 1.573222500000000000e+07 2.483517100000000000e+07 3.919005300000000000e+07 6.186321800000000000e+07 9.774772600000000000e+07 1.543780480000000000e+08 2.439839020000000000e+08 3.881246260000000000e+08 6.201346630000000000e+08 9.947083470000000000e+08 1.602260460000000000e+09 2.582697387000000000e+09 4.168936616000000000e+09 6.776583632000000000e+09
2.048238000000000000e+06 3.224593000000000000e+06 5.079497000000000000e+06 8.003539000000000000e+06 1.261294200000000000e+07 1.990711100000000000e+07 3.139282500000000000e+07 4.945546900000000000e+07 7.790375100000000000e+07 1.231194900000000000e+08 1.944797280000000000e+08 3.074112600000000000e+08 4.859923750000000000e+08 7.691249530000000000e+08 1.217179809000000000e+09 1.926518298000000000e+09 3.046398142000000000e+09 4.815783712000000000e+09 7.698497504000000000e+09 1.234939204800000000e+10
2.585141000000000000e+06 4.065951000000000000e+06 6.413152000000000000e+06 1.011737900000000000e+07 1.595497600000000000e+07 2.517030500000000000e+07 3.970912000000000000e+07 6.260894100000000000e+07 9.871355800000000000e+07 1.558916100000000000e+08 2.460823510000000000e+08 3.892026570000000000e+08 6.165312910000000000e+08 9.782760650000000000e+08 1.554759726000000000e+09 2.469692475000000000e+09 3.923546773000000000e+09 6.232890867000000000e+09 9.822124426000000000e+09 1.540198883300000000e+10
1.685253000000000000e+06 2.650359000000000000e+06 4.176439000000000000e+06 6.592174000000000000e+06 1.040017600000000000e+07 1.645005000000000000e+07 2.605466500000000000e+07 4.115799700000000000e+07 6.499831500000000000e+07 1.028925030000000000e+08 1.630163870000000000e+08 2.586852260000000000e+08 4.105583700000000000e+08 6.527906730000000000e+08 1.038258532000000000e+09 1.645483392000000000e+09 2.614865624000000000e+09 4.166650520000000000e+09 6.659959563000000000e+09 1.063184844500000000e+10
1.610234000000000000e+06 2.534961000000000000e+06 3.984330000000000000e+06 6.274811000000000000e+06 9.902134000000000000e+06 1.563776700000000000e+07 2.471598900000000000e+07 3.895041200000000000e+07 6.147946300000000000e+07 9.696453500000000000e+07 1.527014880000000000e+08 2.404515920000000000e+08 3.776138150000000000e+08 5.910059800000000000e+08 9.237765270000000000e+08 1.443396801000000000e+09 2.248816154000000000e+09 3.476280536000000000e+09 5.317766056000000000e+09 8.047213129000000000e+09
1.381244000000000000e+06 2.175997000000000000e+06 3.424451000000000000e+06 5.396232000000000000e+06 8.497325000000000000e+06 1.338193400000000000e+07 2.111179300000000000e+07 3.320144200000000000e+07 5.227334600000000000e+07 8.246051400000000000e+07 1.301109760000000000e+08 2.046573160000000000e+08 3.211638400000000000e+08 5.051980460000000000e+08 7.980359500000000000e+08 1.261934694000000000e+09 2.003218506000000000e+09 3.207175271000000000e+09 5.160349772000000000e+09 8.226504250000000000e+09
2.799237000000000000e+06 4.404013000000000000e+06 6.948512000000000000e+06 1.094431100000000000e+07 1.726025700000000000e+07 2.720417600000000000e+07 4.284153800000000000e+07 6.748380100000000000e+07 1.064449740000000000e+08 1.678569320000000000e+08 2.649493780000000000e+08 4.184621170000000000e+08 6.607474490000000000e+08 1.046993739000000000e+09 1.666959270000000000e+09 2.662881303000000000e+09 4.246178699000000000e+09 6.752492932000000000e+09 1.071787917000000000e+10 1.703094819900000000e+10
2.187589000000000000e+06 3.452588000000000000e+06 5.453820000000000000e+06 8.608771000000000000e+06 1.360210500000000000e+07 2.153254400000000000e+07 3.405570700000000000e+07 5.384765800000000000e+07 8.515311000000000000e+07 1.349365390000000000e+08 2.140816520000000000e+08 3.397722250000000000e+08 5.397969270000000000e+08 8.579982880000000000e+08 1.363075762000000000e+09 2.169896731000000000e+09 3.453745929000000000e+09 5.466391453000000000e+09 8.606722293000000000e+09 1.349554697700000000e+10
1.796629000000000000e+06 2.829863000000000000e+06 4.456752000000000000e+06 7.021842000000000000e+06 1.108249800000000000e+07 1.749483800000000000e+07 2.768489500000000000e+07 4.363670400000000000e+07 6.874105400000000000e+07 1.082835590000000000e+08 1.702992280000000000e+08 2.676861980000000000e+08 4.205471080000000000e+08 6.599690040000000000e+08 1.032877541000000000e+09 1.610543250000000000e+09 2.496589411000000000e+09 3.831936951000000000e+09 5.788256530000000000e+09 8.641195371000000000e+09
1.201529000000000000e+06 1.889933000000000000e+06 2.974926000000000000e+06 4.685640000000000000e+06 7.375978000000000000e+06 1.162363100000000000e+07 1.834071400000000000e+07 2.888819700000000000e+07 4.554819200000000000e+07 7.197948500000000000e+07 1.136793370000000000e+08 1.796423380000000000e+08 2.843864310000000000e+08 4.507608330000000000e+08 7.158192280000000000e+08 1.139051524000000000e+09 1.823196708000000000e+09 2.939474950000000000e+09 4.754563456000000000e+09 7.716819043000000000e+09
1.595238000000000000e+06 2.517991000000000000e+06 3.974570000000000000e+06 6.284844000000000000e+06 9.924212000000000000e+06 1.569838300000000000e+07 2.483262600000000000e+07 3.928223100000000000e+07 6.221003500000000000e+07 9.843711400000000000e+07 1.558057250000000000e+08 2.464675050000000000e+08 3.894414700000000000e+08 6.148792950000000000e+08 9.691243260000000000e+08 1.523748309000000000e+09 2.393105953000000000e+09 3.746564586000000000e+09 5.853211044000000000e+09 9.154083308000000000e+09
1.532988000000000000e+06 2.413527000000000000e+06 3.807326000000000000e+06 6.008726000000000000e+06 9.487726000000000000e+06 1.500211100000000000e+07 2.371823800000000000e+07 3.752351800000000000e+07 5.938224000000000000e+07 9.401886600000000000e+07 1.487935520000000000e+08 2.357271850000000000e+08 3.731220670000000000e+08 5.904047090000000000e+08 9.352529440000000000e+08 1.484975066000000000e+09 2.354055914000000000e+09 3.712548525000000000e+09 5.827280465000000000e+09 9.273982693000000000e+09
1.312422000000000000e+06 2.074275000000000000e+06 3.271150000000000000e+06 5.165777000000000000e+06 8.169801000000000000e+06 1.290848100000000000e+07 2.044065700000000000e+07 3.225692100000000000e+07 5.095882100000000000e+07 8.053502900000000000e+07 1.272593870000000000e+08 2.013136930000000000e+08 3.180577610000000000e+08 5.024670330000000000e+08 7.941233140000000000e+08 1.250399896000000000e+09 1.957613298000000000e+09 3.026007098000000000e+09 4.640216795000000000e+09 7.175791565000000000e+09
1.605616000000000000e+06 2.536856000000000000e+06 4.005672000000000000e+06 6.323129000000000000e+06 9.998323000000000000e+06 1.583610900000000000e+07 2.509772200000000000e+07 3.971175800000000000e+07 6.292755300000000000e+07 9.980191100000000000e+07 1.582985520000000000e+08 2.516130690000000000e+08 4.008861900000000000e+08 6.405122800000000000e+08 1.027158235000000000e+09 1.654903729000000000e+09 2.673593266000000000e+09 4.310340309000000000e+09 6.914365979000000000e+09 1.117210070700000000e+10
2.173952000000000000e+06 3.426648000000000000e+06 5.396691000000000000e+06 8.521627000000000000e+06 1.345785200000000000e+07 2.128720300000000000e+07 3.366374900000000000e+07 5.317440300000000000e+07 8.397264200000000000e+07 1.328202680000000000e+08 2.101517380000000000e+08 3.327762960000000000e+08 5.268529570000000000e+08 8.343266610000000000e+08 1.319543691000000000e+09 2.085394655000000000e+09 3.296707071000000000e+09 5.206658677000000000e+09 8.208954970000000000e+09 1.289009645800000000e+10
2.090147000000000000e+06 3.283049000000000000e+06 5.171013000000000000e+06 8.154097000000000000e+06 1.284001900000000000e+07 2.026204500000000000e+07 3.196616200000000000e+07 5.037575200000000000e+07 7.939584100000000000e+07 1.253884250000000000e+08 1.980553520000000000e+08 3.131109620000000000e+08 4.947988240000000000e+08 7.834534470000000000e+08 1.240678534000000000e+09 1.968504448000000000e+09 3.127747457000000000e+09 4.951380868000000000e+09 7.859056178000000000e+09 1.257491892300000000e+10
1.535087000000000000e+06 2.414733000000000000e+06 3.805589000000000000e+06 5.995766000000000000e+06 9.453183000000000000e+06 1.492344200000000000e+07 2.362705400000000000e+07 3.728268900000000000e+07 5.890064200000000000e+07 9.313473600000000000e+07 1.470220600000000000e+08 2.318285540000000000e+08 3.651268350000000000e+08 5.731950610000000000e+08 8.964014650000000000e+08 1.393765996000000000e+09 2.149607526000000000e+09 3.270358611000000000e+09 4.901114737000000000e+09 7.282369014000000000e+09
1.642481000000000000e+06 2.577848000000000000e+06 4.045959000000000000e+06 6.365316000000000000e+06 1.002468000000000000e+07 1.581444000000000000e+07 2.496711900000000000e+07 3.930174600000000000e+07 6.180663700000000000e+07 9.714187100000000000e+07 1.522721280000000000e+08 2.384830460000000000e+08 3.724001830000000000e+08 5.808933760000000000e+08 9.034746620000000000e+08 1.399412314000000000e+09 2.165645617000000000e+09 3.319029230000000000e+09 5.074924568000000000e+09 7.728856717000000000e+09
2.090547000000000000e+06 3.284411000000000000e+06 5.169384000000000000e+06 8.117166000000000000e+06 1.277807200000000000e+07 2.010086600000000000e+07 3.161909700000000000e+07 4.958570900000000000e+07 7.765695700000000000e+07 1.213384590000000000e+08 1.890593000000000000e+08 2.936844650000000000e+08 4.550051790000000000e+08 7.031512250000000000e+08 1.082863011000000000e+09 1.658009668000000000e+09 2.517395644000000000e+09 3.755557271000000000e+09 5.437913645000000000e+09 7.721360272000000000e+09
2.082182000000000000e+06 3.281746000000000000e+06 5.168567000000000000e+06 8.157754000000000000e+06 1.286373800000000000e+07 2.029572300000000000e+07 3.202123600000000000e+07 5.053414100000000000e+07 7.963137700000000000e+07 1.254851960000000000e+08 1.980016350000000000e+08 3.126832530000000000e+08 4.926673720000000000e+08 7.756741730000000000e+08 1.219855922000000000e+09 1.911830799000000000e+09 2.991865973000000000e+09 4.667312616000000000e+09 7.225601658000000000e+09 1.114567641600000000e+10
1.232449000000000000e+06 1.941237000000000000e+06 3.061851000000000000e+06 4.838055000000000000e+06 7.645147000000000000e+06 1.210280800000000000e+07 1.914431700000000000e+07 3.031890500000000000e+07 4.808142200000000000e+07 7.625194300000000000e+07 1.210511980000000000e+08 1.920974280000000000e+08 3.047373650000000000e+08 4.833839760000000000e+08 7.661255740000000000e+08 1.211836723000000000e+09 1.918466854000000000e+09 3.044947579000000000e+09 4.842712227000000000e+09 7.682623344000000000e+09
2.384499000000000000e+06 3.755326000000000000e+06 5.916038000000000000e+06 9.310121000000000000e+06 1.468746400000000000e+07 2.316759000000000000e+07 3.650406500000000000e+07 5.756130900000000000e+07 9.068855600000000000e+07 1.426630760000000000e+08 2.240808490000000000e+08 3.507090390000000000e+08 5.465554630000000000e+08 8.482191830000000000e+08 1.313186049000000000e+09 2.027058838000000000e+09 3.117864539000000000e+09 4.742001430000000000e+09 7.083387169000000000e+09 1.047480968700000000e+10
1.861079000000000000e+06 2.924036000000000000e+06 4.599782000000000000e+06 7.240453000000000000e+06 1.138998100000000000e+07 1.795835500000000000e+07 2.832175600000000000e+07 4.459004500000000000e+07 7.020414200000000000e+07 1.106371930000000000e+08 1.742030970000000000e+08 2.740214330000000000e+08 4.307485660000000000e+08 6.754411380000000000e+08 1.056189932000000000e+09 1.643451190000000000e+09 2.538199333000000000e+09 3.881882474000000000e+09 5.846981855000000000e+09 8.691376230000000000e+09
1.625140000000000000e+06 2.556147000000000000e+06 4.022639000000000000e+06 6.339688000000000000e+06 9.976320000000000000e+06 1.574671700000000000e+07 2.484721900000000000e+07 3.914122900000000000e+07 6.167790900000000000e+07 9.728769500000000000e+07 1.532891120000000000e+08 2.414162130000000000e+08 3.792218290000000000e+08 5.935003960000000000e+08 9.210230740000000000e+08 1.421892463000000000e+09 2.180565945000000000e+09 3.316420299000000000e+09 5.007091353000000000e+09 7.464479058000000000e+09
1.262428000000000000e+06 1.981596000000000000e+06 3.110828000000000000e+06 4.904043000000000000e+06 7.734672000000000000e+06 1.224116700000000000e+07 1.939305300000000000e+07 3.055158200000000000e+07 4.814711200000000000e+07 7.605114100000000000e+07 1.197382560000000000e+08 1.886638240000000000e+08 2.970070670000000000e+08 4.685261890000000000e+08 7.425996140000000000e+08 1.185024341000000000e+09 1.903965692000000000e+09 3.072610123000000000e+09 4.959913053000000000e+09 7.973526569000000000e+09
1.466919000000000000e+06 2.307222000000000000e+06 3.629060000000000000e+06 5.715670000000000000e+06 9.004335000000000000e+06 1.419944600000000000e+07 2.239542400000000000e+07 3.528701900000000000e+07 5.555296000000000000e+07 8.740619300000000000e+07 1.372938540000000000e+08 2.153797530000000000e+08 3.369659640000000000e+08 5.252105570000000000e+08 8.163632960000000000e+08 1.265452424000000000e+09 1.956570681000000000e+09 3.017136243000000000e+09 4.623629872000000000e+09 6.945421327000000000e+09
1.077267000000000000e+06 1.694170000000000000e+06 2.666499000000000000e+06 4.203206000000000000e+06 6.641382000000000000e+06 1.052085900000000000e+07 1.668674900000000000e+07 2.631470700000000000e+07 4.158546900000000000e+07 6.583328400000000000e+07 1.041988410000000000e+08 1.653807520000000000e+08 2.628819010000000000e+08 4.180256230000000000e+08 6.670232150000000000e+08 1.067491596000000000e+09 1.715273622000000000e+09 2.772457461000000000e+09 4.517625908000000000e+09 7.389448707000000000e+09
1.772120000000000000e+06 2.797743000000000000e+06 4.414159000000000000e+06 6.964079000000000000e+06 1.098706200000000000e+07 1.735124000000000000e+07 2.741462800000000000e+07 4.331068800000000000e+07 6.842002500000000000e+07 1.081549200000000000e+08 1.711629800000000000e+08 2.704900050000000000e+08 4.280424650000000000e+08 6.770921640000000000e+08 1.072617726000000000e+09 1.702709670000000000e+09 2.707730501000000000e+09 4.301206876000000000e+09 6.776047997000000000e+09 1.057363931900000000e+10
1.343671000000000000e+06 2.123674000000000000e+06 3.346432000000000000e+06 5.292125000000000000e+06 8.368859000000000000e+06 1.323349000000000000e+07 2.093709900000000000e+07 3.311841700000000000e+07 5.242356100000000000e+07 8.298319000000000000e+07 1.310807130000000000e+08 2.069265330000000000e+08 3.266396980000000000e+08 5.166332680000000000e+08 8.184081870000000000e+08 1.302136159000000000e+09 2.074329777000000000e+09 3.295628416000000000e+09 5.219905103000000000e+09 8.257996687000000000e+09
2.332497000000000000e+06 3.651245000000000000e+06 5.726219000000000000e+06 8.977613000000000000e+06 1.409447000000000000e+07 2.212114800000000000e+07 3.470773600000000000e+07 5.439655800000000000e+07 8.510102400000000000e+07 1.332736730000000000e+08 2.084207810000000000e+08 3.261899020000000000e+08 5.108579250000000000e+08 8.021974400000000000e+08 1.258777601000000000e+09 1.965631008000000000e+09 3.035503991000000000e+09 4.664349707000000000e+09 7.122751986000000000e+09 1.076249284100000000e+10
1.563469000000000000e+06 2.464419000000000000e+06 3.883973000000000000e+06 6.134425000000000000e+06 9.691209000000000000e+06 1.531891200000000000e+07 2.421239300000000000e+07 3.828274700000000000e+07 6.053049200000000000e+07 9.567422000000000000e+07 1.515494390000000000e+08 2.400325120000000000e+08 3.802035050000000000e+08 6.024504250000000000e+08 9.551628030000000000e+08 1.514069462000000000e+09 2.405214535000000000e+09 3.838012709000000000e+09 6.143712512000000000e+09 9.837291966000000000e+09
2.077897000000000000e+06 3.280010000000000000e+06 5.168499000000000000e+06 8.158897000000000000e+06 1.287120800000000000e+07 2.029304200000000000e+07 3.205215100000000000e+07 5.056920700000000000e+07 7.981411800000000000e+07 1.262371790000000000e+08 1.997219200000000000e+08 3.162686080000000000e+08 5.006596420000000000e+08 7.916580690000000000e+08 1.247315565000000000e+09 1.960885057000000000e+09 3.084785984000000000e+09 4.844256405000000000e+09 7.586141867000000000e+09 1.192485509200000000e+10
2.062339000000000000e+06 3.244797000000000000e+06 5.125887000000000000e+06 8.083453000000000000e+06 1.277489300000000000e+07 2.018335800000000000e+07 3.190921100000000000e+07 5.048377300000000000e+07 7.980131300000000000e+07 1.263893670000000000e+08 2.004616800000000000e+08 3.182709480000000000e+08 5.055470250000000000e+08 8.046657750000000000e+08 1.284586190000000000e+09 2.054066995000000000e+09 3.289399412000000000e+09 5.277264164000000000e+09 8.449039316000000000e+09 1.345134354500000000e+10
1.857306000000000000e+06 2.924085000000000000e+06 4.609198000000000000e+06 7.260122000000000000e+06 1.144340900000000000e+07 1.807304800000000000e+07 2.858959700000000000e+07 4.501429700000000000e+07 7.097059900000000000e+07 1.119042220000000000e+08 1.760839350000000000e+08 2.768549130000000000e+08 4.340015760000000000e+08 6.774026630000000000e+08 1.056314256000000000e+09 1.643004833000000000e+09 2.551252941000000000e+09 3.938922926000000000e+09 5.988210594000000000e+09 8.852287929000000000e+09
1.356075000000000000e+06 2.134004000000000000e+06 3.368046000000000000e+06 5.310704000000000000e+06 8.385154000000000000e+06 1.323330500000000000e+07 2.089138800000000000e+07 3.296546700000000000e+07 5.207535000000000000e+07 8.247331700000000000e+07 1.307916540000000000e+08 2.077396820000000000e+08 3.300763470000000000e+08 5.246185990000000000e+08 8.350808810000000000e+08 1.329024061000000000e+09 2.116664262000000000e+09 3.385315114000000000e+09 5.429048608000000000e+09 8.752791579000000000e+09
1.330530000000000000e+06 2.100908000000000000e+06 3.316404000000000000e+06 5.231618000000000000e+06 8.267665000000000000e+06 1.309182200000000000e+07 2.071554300000000000e+07 3.273576400000000000e+07 5.179410000000000000e+07 8.194405500000000000e+07 1.295844810000000000e+08 2.050630330000000000e+08 3.249909840000000000e+08 5.149636120000000000e+08 8.153236040000000000e+08 1.287570581000000000e+09 2.026196407000000000e+09 3.191966171000000000e+09 5.020962419000000000e+09 7.917514629000000000e+09
2.401285000000000000e+06 3.786305000000000000e+06 5.970263000000000000e+06 9.412070000000000000e+06 1.484584900000000000e+07 2.341341200000000000e+07 3.693384400000000000e+07 5.828116900000000000e+07 9.193911800000000000e+07 1.453569930000000000e+08 2.299240070000000000e+08 3.638313090000000000e+08 5.751929650000000000e+08 9.089146700000000000e+08 1.436353691000000000e+09 2.265018700000000000e+09 3.571127966000000000e+09 5.641338221000000000e+09 8.901766105000000000e+09 1.393335787000000000e+10
2.755143000000000000e+06 4.322001000000000000e+06 6.802962000000000000e+06 1.070745800000000000e+07 1.685151000000000000e+07 2.653887100000000000e+07 4.179260700000000000e+07 6.575560100000000000e+07 1.034032410000000000e+08 1.624907970000000000e+08 2.552547870000000000e+08 4.005413320000000000e+08 6.276508490000000000e+08 9.854405900000000000e+08 1.546931096000000000e+09 2.415598499000000000e+09 3.753104535000000000e+09 5.804463016000000000e+09 8.990001605000000000e+09 1.389401941100000000e+10
2.285728000000000000e+06 3.590481000000000000e+06 5.647571000000000000e+06 8.900519000000000000e+06 1.403194000000000000e+07 2.210961400000000000e+07 3.484645900000000000e+07 5.487675500000000000e+07 8.646406900000000000e+07 1.362937850000000000e+08 2.148642200000000000e+08 3.385753510000000000e+08 5.337281080000000000e+08 8.408068040000000000e+08 1.322789476000000000e+09 2.075312790000000000e+09 3.237896077000000000e+09 5.016378994000000000e+09 7.727073434000000000e+09 1.179003696300000000e+10
1.427389000000000000e+06 2.253086000000000000e+06 3.558182000000000000e+06 5.616741000000000000e+06 8.873604000000000000e+06 1.403209100000000000e+07 2.219162000000000000e+07 3.511917900000000000e+07 5.552409600000000000e+07 8.778493500000000000e+07 1.388581700000000000e+08 2.199302850000000000e+08 3.477368910000000000e+08 5.487290930000000000e+08 8.653947240000000000e+08 1.361744834000000000e+09 2.130594885000000000e+09 3.324152465000000000e+09 5.227095427000000000e+09 8.369571102000000000e+09
1.640925000000000000e+06 2.577564000000000000e+06 4.056773000000000000e+06 6.377645000000000000e+06 1.003801600000000000e+07 1.581298400000000000e+07 2.494539600000000000e+07 3.919865200000000000e+07 6.154159100000000000e+07 9.663902700000000000e+07 1.511105240000000000e+08 2.359340930000000000e+08 3.663229830000000000e+08 5.669837890000000000e+08 8.752924300000000000e+08 1.346833568000000000e+09 2.064294969000000000e+09 3.155156729000000000e+09 4.757704881000000000e+09 7.088996595000000000e+09
1.538592000000000000e+06 2.411957000000000000e+06 3.794869000000000000e+06 5.966125000000000000e+06 9.388033000000000000e+06 1.480202200000000000e+07 2.337567400000000000e+07 3.682774000000000000e+07 5.800807800000000000e+07 9.150154200000000000e+07 1.442873320000000000e+08 2.277236950000000000e+08 3.594940380000000000e+08 5.656253270000000000e+08 8.868577540000000000e+08 1.389376013000000000e+09 2.164859923000000000e+09 3.345728914000000000e+09 5.111630864000000000e+09 7.680106189000000000e+09
1.562539000000000000e+06 2.454747000000000000e+06 3.866160000000000000e+06 6.090812000000000000e+06 9.591860000000000000e+06 1.511645200000000000e+07 2.387809200000000000e+07 3.754313200000000000e+07 5.914802000000000000e+07 9.329613100000000000e+07 1.469119320000000000e+08 2.311807600000000000e+08 3.620285170000000000e+08 5.659257820000000000e+08 8.800835460000000000e+08 1.365736663000000000e+09 2.121155738000000000e+09 3.287728421000000000e+09 5.055150714000000000e+09 7.678694600000000000e+09
2.526927000000000000e+06 3.979341000000000000e+06 6.271470000000000000e+06 9.877390000000000000e+06 1.556260800000000000e+07 2.450085300000000000e+07 3.857462800000000000e+07 6.077157900000000000e+07 9.576691400000000000e+07 1.506276800000000000e+08 2.363435130000000000e+08 3.709052650000000000e+08 5.836833270000000000e+08 9.249750690000000000e+08 1.474600070000000000e+09 2.352619319000000000e+09 3.748455157000000000e+09 5.985537735000000000e+09 9.623608229000000000e+09 1.561111520800000000e+10
9.515620000000000000e+05 1.494796000000000000e+06 2.352717000000000000e+06 3.706393000000000000e+06 5.840523000000000000e+06 9.218830000000000000e+06 1.460350600000000000e+07 2.308405100000000000e+07 3.649295900000000000e+07 5.779663600000000000e+07 9.141250800000000000e+07 1.442059120000000000e+08 2.276652200000000000e+08 3.591492300000000000e+08 5.680089010000000000e+08 9.030406320000000000e+08 1.435106517000000000e+09 2.276947794000000000e+09 3.589841578000000000e+09 5.510179168000000000e+09
1.270330000000000000e+06 1.994399000000000000e+06 3.131503000000000000e+06 4.926762000000000000e+06 7.735954000000000000e+06 1.214070000000000000e+07 1.911416400000000000e+07 3.004021600000000000e+07 4.727800800000000000e+07 7.461940100000000000e+07 1.178366730000000000e+08 1.865625890000000000e+08 2.954199800000000000e+08 4.682645060000000000e+08 7.414116090000000000e+08 1.165295172000000000e+09 1.830624371000000000e+09 2.862440806000000000e+09 4.471175994000000000e+09 7.033476152000000000e+09
2.574582000000000000e+06 4.030309000000000000e+06 6.319249000000000000e+06 9.929301000000000000e+06 1.562789600000000000e+07 2.459643400000000000e+07 3.870176100000000000e+07 6.085966400000000000e+07 9.570037300000000000e+07 1.507930880000000000e+08 2.377198540000000000e+08 3.744830110000000000e+08 5.892551430000000000e+08 9.286208310000000000e+08 1.461862342000000000e+09 2.293003477000000000e+09 3.585210689000000000e+09 5.581702351000000000e+09 8.624531265000000000e+09 1.314248589100000000e+10
1.893813000000000000e+06 2.984436000000000000e+06 4.696764000000000000e+06 7.411521000000000000e+06 1.169720000000000000e+07 1.846230200000000000e+07 2.914518200000000000e+07 4.601711700000000000e+07 7.260831400000000000e+07 1.146502520000000000e+08 1.810416470000000000e+08 2.859026980000000000e+08 4.520732750000000000e+08 7.177721360000000000e+08 1.144485164000000000e+09 1.828298489000000000e+09 2.927320560000000000e+09 4.667381492000000000e+09 7.459760468000000000e+09 1.198922838700000000e+10
2.195823000000000000e+06 3.456320000000000000e+06 5.435257000000000000e+06 8.554770000000000000e+06 1.347816900000000000e+07 2.124164800000000000e+07 3.348875800000000000e+07 5.275859900000000000e+07 8.302684400000000000e+07 1.306673270000000000e+08 2.058399240000000000e+08 3.240534550000000000e+08 5.110077370000000000e+08 8.120515820000000000e+08 1.295413406000000000e+09 2.070204480000000000e+09 3.312365687000000000e+09 5.302365461000000000e+09 8.568168848000000000e+09 1.393421035500000000e+10
6.217870000000000000e+05 9.670560000000000000e+05 1.511065000000000000e+06 2.370535000000000000e+06 3.719833000000000000e+06 5.831306000000000000e+06 9.137203000000000000e+06 1.424548200000000000e+07 2.218951800000000000e+07 3.453081300000000000e+07 5.353781700000000000e+07 8.284106200000000000e+07 1.266348310000000000e+08 1.914291440000000000e+08 2.864985520000000000e+08 4.230421940000000000e+08 6.194232010000000000e+08 9.033298840000000000e+08 1.316713188000000000e+09 1.982706865000000000e+09
2.576596000000000000e+06 4.059923000000000000e+06 6.410666000000000000e+06 1.011800900000000000e+07 1.598643000000000000e+07 2.524565900000000000e+07 3.988663200000000000e+07 6.305934800000000000e+07 9.972128900000000000e+07 1.576701160000000000e+08 2.496905980000000000e+08 3.959756440000000000e+08 6.286003140000000000e+08 9.962890360000000000e+08 1.574599068000000000e+09 2.484575002000000000e+09 3.905153825000000000e+09 6.109556396000000000e+09 9.526922321000000000e+09 1.482285409600000000e+10
1.736434000000000000e+06 2.730165000000000000e+06 4.311523000000000000e+06 6.796119000000000000e+06 1.074371900000000000e+07 1.695817300000000000e+07 2.681452000000000000e+07 4.237787000000000000e+07 6.694360600000000000e+07 1.057438110000000000e+08 1.670081430000000000e+08 2.636955030000000000e+08 4.164409180000000000e+08 6.591323020000000000e+08 1.043203662000000000e+09 1.647961001000000000e+09 2.605931109000000000e+09 4.127714120000000000e+09 6.506425981000000000e+09 1.014875289100000000e+10
1.702460000000000000e+06 2.684981000000000000e+06 4.234273000000000000e+06 6.677473000000000000e+06 1.053187900000000000e+07 1.663264900000000000e+07 2.628143600000000000e+07 4.143107900000000000e+07 6.533783500000000000e+07 1.031117140000000000e+08 1.625261890000000000e+08 2.565422460000000000e+08 4.050917470000000000e+08 6.399558020000000000e+08 1.010702249000000000e+09 1.593960226000000000e+09 2.495514387000000000e+09 3.865815934000000000e+09 5.951285578000000000e+09 9.181978663000000000e+09
1.613791000000000000e+06 2.543915000000000000e+06 4.013009000000000000e+06 6.336425000000000000e+06 1.000674200000000000e+07 1.582647400000000000e+07 2.502186100000000000e+07 3.961177900000000000e+07 6.268275500000000000e+07 9.934053200000000000e+07 1.575100040000000000e+08 2.498364150000000000e+08 3.963555620000000000e+08 6.293632700000000000e+08 9.986609410000000000e+08 1.584138019000000000e+09 2.509591303000000000e+09 3.968413156000000000e+09 6.236822802000000000e+09 9.696732995000000000e+09
1.181656000000000000e+06 1.863207000000000000e+06 2.934955000000000000e+06 4.631887000000000000e+06 7.320028000000000000e+06 1.155775600000000000e+07 1.828893200000000000e+07 2.892329100000000000e+07 4.572197900000000000e+07 7.229084700000000000e+07 1.143333370000000000e+08 1.808962550000000000e+08 2.862058330000000000e+08 4.524962240000000000e+08 7.145590050000000000e+08 1.128925625000000000e+09 1.791016963000000000e+09 2.850870897000000000e+09 4.604247814000000000e+09 7.481529618000000000e+09
2.072197000000000000e+06 3.249849000000000000e+06 5.101775000000000000e+06 8.007642000000000000e+06 1.256892800000000000e+07 1.977220400000000000e+07 3.114881300000000000e+07 4.875179300000000000e+07 7.614486400000000000e+07 1.186239370000000000e+08 1.836135200000000000e+08 2.827238810000000000e+08 4.326843620000000000e+08 6.578679550000000000e+08 9.902394070000000000e+08 1.470785709000000000e+09 2.142464561000000000e+09 3.018315125000000000e+09 3.968955712000000000e+09 4.766812660000000000e+09
1.293814000000000000e+06 2.039543000000000000e+06 3.215224000000000000e+06 5.065205000000000000e+06 7.978462000000000000e+06 1.257091600000000000e+07 1.981698400000000000e+07 3.116013600000000000e+07 4.899939400000000000e+07 7.693999200000000000e+07 1.207388600000000000e+08 1.895775070000000000e+08 2.977055030000000000e+08 4.683167250000000000e+08 7.376930300000000000e+08 1.162093687000000000e+09 1.838178383000000000e+09 2.914555321000000000e+09 4.659434970000000000e+09 7.469756315000000000e+09
2.641122000000000000e+06 4.152782000000000000e+06 6.536134000000000000e+06 1.031252000000000000e+07 1.623931300000000000e+07 2.564238100000000000e+07 4.048030300000000000e+07 6.396635800000000000e+07 1.011674370000000000e+08 1.602678790000000000e+08 2.539373640000000000e+08 4.024746030000000000e+08 6.387586180000000000e+08 1.014116729000000000e+09 1.611554109000000000e+09 2.563211326000000000e+09 4.065924040000000000e+09 6.437768925000000000e+09 1.016369518800000000e+10 1.598682588300000000e+10
3.074410000000000000e+06 4.835890000000000000e+06 7.616393000000000000e+06 1.199590600000000000e+07 1.890415200000000000e+07 2.981371400000000000e+07 4.701956000000000000e+07 7.412132400000000000e+07 1.167842780000000000e+08 1.839039360000000000e+08 2.894595060000000000e+08 4.545792840000000000e+08 7.135496130000000000e+08 1.121374844000000000e+09 1.762772240000000000e+09 2.758524882000000000e+09 4.287711436000000000e+09 6.636976441000000000e+09 1.017279028800000000e+10 1.533404406700000000e+10
1.521524000000000000e+06 2.373392000000000000e+06 3.703687000000000000e+06 5.785323000000000000e+06 9.042096000000000000e+06 1.420973100000000000e+07 2.240677700000000000e+07 3.490884600000000000e+07 5.421019900000000000e+07 8.443267300000000000e+07 1.302534920000000000e+08 2.001467120000000000e+08 3.047315060000000000e+08 4.613524270000000000e+08 6.936696460000000000e+08 1.025454707000000000e+09 1.481896355000000000e+09 2.055799575000000000e+09 2.660051564000000000e+09 3.300398032000000000e+09
2.152380000000000000e+06 3.388337000000000000e+06 5.344525000000000000e+06 8.443068000000000000e+06 1.332414400000000000e+07 2.104933400000000000e+07 3.328064600000000000e+07 5.261221100000000000e+07 8.311161200000000000e+07 1.311254210000000000e+08 2.069649070000000000e+08 3.264642460000000000e+08 5.145473740000000000e+08 8.127116440000000000e+08 1.285192903000000000e+09 2.033474447000000000e+09 3.207952888000000000e+09 5.047855641000000000e+09 7.920533279000000000e+09 1.248304208400000000e+10
1.841711000000000000e+06 2.896860000000000000e+06 4.569246000000000000e+06 7.197421000000000000e+06 1.134652400000000000e+07 1.790202000000000000e+07 2.831609400000000000e+07 4.464309500000000000e+07 7.035930700000000000e+07 1.109737820000000000e+08 1.748021530000000000e+08 2.751956280000000000e+08 4.321154760000000000e+08 6.747211900000000000e+08 1.048358113000000000e+09 1.618849444000000000e+09 2.471124229000000000e+09 3.722066963000000000e+09 5.536307952000000000e+09 8.029889424000000000e+09
1.737691000000000000e+06 2.737310000000000000e+06 4.306963000000000000e+06 6.792821000000000000e+06 1.072534500000000000e+07 1.693618200000000000e+07 2.675978700000000000e+07 4.221517400000000000e+07 6.659219100000000000e+07 1.050896900000000000e+08 1.658989380000000000e+08 2.615726700000000000e+08 4.121987170000000000e+08 6.509677060000000000e+08 1.031531207000000000e+09 1.639028046000000000e+09 2.605794110000000000e+09 4.124715629000000000e+09 6.505202362000000000e+09 1.034110638600000000e+10
2.318711000000000000e+06 3.658640000000000000e+06 5.773986000000000000e+06 9.119760000000000000e+06 1.439043400000000000e+07 2.273950300000000000e+07 3.593502600000000000e+07 5.681588900000000000e+07 8.980653600000000000e+07 1.421202590000000000e+08 2.253714250000000000e+08 3.578157710000000000e+08 5.680577200000000000e+08 9.009156340000000000e+08 1.428409331000000000e+09 2.262650542000000000e+09 3.581988171000000000e+09 5.687714568000000000e+09 9.045825328000000000e+09 1.433531229400000000e+10
1.368506000000000000e+06 2.150323000000000000e+06 3.378565000000000000e+06 5.300857000000000000e+06 8.320200000000000000e+06 1.311503400000000000e+07 2.071093900000000000e+07 3.250297900000000000e+07 5.107195900000000000e+07 8.048264500000000000e+07 1.265325210000000000e+08 1.991698840000000000e+08 3.130620880000000000e+08 4.900649630000000000e+08 7.659398150000000000e+08 1.187117830000000000e+09 1.829189479000000000e+09 2.790901447000000000e+09 4.175166482000000000e+09 6.059192015000000000e+09
1.520027000000000000e+06 2.387442000000000000e+06 3.747152000000000000e+06 5.904724000000000000e+06 9.311854000000000000e+06 1.468950700000000000e+07 2.318923500000000000e+07 3.657030800000000000e+07 5.762297300000000000e+07 9.081623300000000000e+07 1.430747450000000000e+08 2.254825750000000000e+08 3.544814740000000000e+08 5.566264850000000000e+08 8.727939850000000000e+08 1.364770650000000000e+09 2.133272950000000000e+09 3.334155877000000000e+09 5.208627609000000000e+09 8.165318412000000000e+09
1.963857000000000000e+06 3.077617000000000000e+06 4.827718000000000000e+06 7.582567000000000000e+06 1.191712900000000000e+07 1.873048600000000000e+07 2.942719600000000000e+07 4.617285200000000000e+07 7.243423600000000000e+07 1.138081350000000000e+08 1.788560190000000000e+08 2.807403270000000000e+08 4.404679300000000000e+08 6.905899400000000000e+08 1.082676657000000000e+09 1.688908429000000000e+09 2.629688727000000000e+09 4.074463926000000000e+09 6.274011373000000000e+09 9.582660948000000000e+09
2.280365000000000000e+06 3.594206000000000000e+06 5.666507000000000000e+06 8.928528000000000000e+06 1.405800600000000000e+07 2.217349500000000000e+07 3.494058900000000000e+07 5.500654800000000000e+07 8.658707200000000000e+07 1.361958210000000000e+08 2.139654050000000000e+08 3.357488030000000000e+08 5.258852970000000000e+08 8.250698470000000000e+08 1.293721126000000000e+09 2.032194672000000000e+09 3.207331137000000000e+09 5.029599653000000000e+09 7.765606230000000000e+09 1.198365161500000000e+10
1.497139000000000000e+06 2.361810000000000000e+06 3.720837000000000000e+06 5.866347000000000000e+06 9.246396000000000000e+06 1.458624300000000000e+07 2.308571500000000000e+07 3.640023200000000000e+07 5.739289800000000000e+07 9.037256500000000000e+07 1.419498980000000000e+08 2.225436270000000000e+08 3.476088790000000000e+08 5.413883020000000000e+08 8.381428630000000000e+08 1.286307904000000000e+09 1.962661120000000000e+09 2.956617570000000000e+09 4.356122491000000000e+09 6.285150937000000000e+09
1.370053000000000000e+06 2.155234000000000000e+06 3.389916000000000000e+06 5.332486000000000000e+06 8.388999000000000000e+06 1.319858100000000000e+07 2.082852700000000000e+07 3.267928000000000000e+07 5.125343200000000000e+07 8.051602600000000000e+07 1.258042220000000000e+08 1.961147070000000000e+08 3.042715560000000000e+08 4.690501430000000000e+08 7.162442890000000000e+08 1.082591657000000000e+09 1.620784138000000000e+09 2.410745250000000000e+09 3.568907449000000000e+09 5.356199301000000000e+09
1.343688000000000000e+06 2.116607000000000000e+06 3.332063000000000000e+06 5.250116000000000000e+06 8.267291000000000000e+06 1.302051900000000000e+07 2.052503700000000000e+07 3.226851200000000000e+07 5.079723100000000000e+07 8.010922100000000000e+07 1.265691910000000000e+08 2.004477940000000000e+08 3.176969840000000000e+08 5.049082900000000000e+08 8.057150790000000000e+08 1.292308356000000000e+09 2.059232506000000000e+09 3.247307061000000000e+09 5.100512623000000000e+09 7.969150083000000000e+09
3.146541000000000000e+06 4.952678000000000000e+06 7.815576000000000000e+06 1.234054900000000000e+07 1.947958000000000000e+07 3.080447300000000000e+07 4.867815100000000000e+07 7.693094400000000000e+07 1.217300580000000000e+08 1.928026210000000000e+08 3.053157070000000000e+08 4.829740910000000000e+08 7.632872720000000000e+08 1.204072549000000000e+09 1.890208417000000000e+09 2.955911065000000000e+09 4.619570886000000000e+09 7.219044965000000000e+09 1.127372126700000000e+10 1.747965174300000000e+10
1.319832000000000000e+06 2.077474000000000000e+06 3.274223000000000000e+06 5.169188000000000000e+06 8.151210000000000000e+06 1.287574300000000000e+07 2.031282500000000000e+07 3.203739200000000000e+07 5.052137800000000000e+07 7.989028800000000000e+07 1.264367500000000000e+08 2.000544630000000000e+08 3.168148230000000000e+08 5.006193560000000000e+08 7.937219820000000000e+08 1.266148310000000000e+09 2.024678022000000000e+09 3.242520761000000000e+09 5.218138200000000000e+09 8.343659458000000000e+09
2.602990000000000000e+06 4.101111000000000000e+06 6.473168000000000000e+06 1.022535300000000000e+07 1.614603700000000000e+07 2.552475200000000000e+07 4.037137100000000000e+07 6.386474000000000000e+07 1.010582940000000000e+08 1.600760290000000000e+08 2.534948070000000000e+08 4.013125910000000000e+08 6.347689310000000000e+08 1.002762187000000000e+09 1.585724314000000000e+09 2.510053438000000000e+09 3.985212897000000000e+09 6.320632627000000000e+09 1.002759023200000000e+10 1.592679280000000000e+10
2.051855000000000000e+06 3.234101000000000000e+06 5.099918000000000000e+06 8.053938000000000000e+06 1.270318800000000000e+07 2.002863700000000000e+07 3.158971500000000000e+07 4.979735500000000000e+07 7.846368400000000000e+07 1.236108950000000000e+08 1.944714450000000000e+08 3.056272860000000000e+08 4.799871850000000000e+08 7.565131430000000000e+08 1.190963172000000000e+09 1.868828945000000000e+09 2.919759234000000000e+09 4.554849211000000000e+09 7.101559359000000000e+09 1.098378075900000000e+10
1.062895000000000000e+06 1.665216000000000000e+06 2.621745000000000000e+06 4.114464000000000000e+06 6.469667000000000000e+06 1.016653700000000000e+07 1.600500900000000000e+07 2.512737800000000000e+07 3.952890200000000000e+07 6.240935100000000000e+07 9.850389500000000000e+07 1.557621280000000000e+08 2.459082880000000000e+08 3.894918500000000000e+08 6.190138080000000000e+08 9.872263010000000000e+08 1.580283664000000000e+09 2.528862073000000000e+09 4.054599158000000000e+09 6.533564065000000000e+09
1.123327000000000000e+06 1.772974000000000000e+06 2.798054000000000000e+06 4.419575000000000000e+06 6.982464000000000000e+06 1.104840900000000000e+07 1.749848900000000000e+07 2.766805900000000000e+07 4.380810300000000000e+07 6.941217200000000000e+07 1.099248810000000000e+08 1.743575850000000000e+08 2.766651660000000000e+08 4.403697630000000000e+08 7.025134090000000000e+08 1.122316718000000000e+09 1.799935404000000000e+09 2.922894458000000000e+09 4.811882386000000000e+09 7.946101623000000000e+09
6.659350000000000000e+05 1.041238000000000000e+06 1.630877000000000000e+06 2.561771000000000000e+06 4.026737000000000000e+06 6.340990000000000000e+06 9.991922000000000000e+06 1.568019400000000000e+07 2.461063600000000000e+07 3.853837700000000000e+07 6.011200900000000000e+07 9.369130300000000000e+07 1.455785740000000000e+08 2.250176010000000000e+08 3.458310770000000000e+08 5.296502240000000000e+08 8.074684550000000000e+08 1.211413908000000000e+09 1.772044106000000000e+09 2.549229556000000000e+09
1.547508000000000000e+06 2.438713000000000000e+06 3.842204000000000000e+06 6.064266000000000000e+06 9.554881000000000000e+06 1.503529700000000000e+07 2.364891500000000000e+07 3.725993500000000000e+07 5.857988400000000000e+07 9.203527000000000000e+07 1.443250210000000000e+08 2.258673320000000000e+08 3.530976210000000000e+08 5.531956250000000000e+08 8.680305160000000000e+08 1.359299545000000000e+09 2.121202552000000000e+09 3.302065281000000000e+09 5.077316014000000000e+09 7.777690225000000000e+09
1.016414000000000000e+06 1.598007000000000000e+06 2.510674000000000000e+06 3.950307000000000000e+06 6.214121000000000000e+06 9.766908000000000000e+06 1.535688400000000000e+07 2.408456300000000000e+07 3.774426400000000000e+07 5.897044500000000000e+07 9.184174100000000000e+07 1.423488760000000000e+08 2.186956320000000000e+08 3.338671610000000000e+08 5.077546450000000000e+08 7.675645920000000000e+08 1.152581998000000000e+09 1.737571782000000000e+09 2.663066397000000000e+09 4.353804178000000000e+09
2.990525000000000000e+06 4.701768000000000000e+06 7.412351000000000000e+06 1.168818100000000000e+07 1.845103100000000000e+07 2.912838600000000000e+07 4.597244000000000000e+07 7.257507500000000000e+07 1.145316550000000000e+08 1.808424940000000000e+08 2.857120260000000000e+08 4.517839220000000000e+08 7.148280510000000000e+08 1.130732242000000000e+09 1.787488540000000000e+09 2.821876921000000000e+09 4.450615841000000000e+09 6.987601483000000000e+09 1.099112600800000000e+10 1.734144507100000000e+10
1.457667000000000000e+06 2.295341000000000000e+06 3.621900000000000000e+06 5.726270000000000000e+06 9.044430000000000000e+06 1.428604900000000000e+07 2.259001500000000000e+07 3.569046800000000000e+07 5.636155200000000000e+07 8.902812800000000000e+07 1.407776190000000000e+08 2.228638280000000000e+08 3.530951030000000000e+08 5.576204420000000000e+08 8.768673870000000000e+08 1.373679106000000000e+09 2.141329797000000000e+09 3.324826400000000000e+09 5.192153457000000000e+09 8.150390671000000000e+09
1.595677000000000000e+06 2.509331000000000000e+06 3.952896000000000000e+06 6.239833000000000000e+06 9.840305000000000000e+06 1.552614800000000000e+07 2.450570900000000000e+07 3.864420200000000000e+07 6.090698700000000000e+07 9.611996100000000000e+07 1.518026900000000000e+08 2.399271810000000000e+08 3.791723950000000000e+08 5.992975870000000000e+08 9.460002660000000000e+08 1.490848735000000000e+09 2.359293274000000000e+09 3.741645455000000000e+09 5.930445476000000000e+09 9.500357790000000000e+09
1.327473000000000000e+06 2.083999000000000000e+06 3.287883000000000000e+06 5.172179000000000000e+06 8.146768000000000000e+06 1.284839900000000000e+07 2.028243300000000000e+07 3.194780500000000000e+07 5.033870900000000000e+07 7.941257900000000000e+07 1.251231960000000000e+08 1.970851780000000000e+08 3.097746550000000000e+08 4.841925900000000000e+08 7.526465380000000000e+08 1.163517166000000000e+09 1.789494135000000000e+09 2.730671680000000000e+09 4.106529597000000000e+09 6.015485139000000000e+09
1.804718000000000000e+06 2.833067000000000000e+06 4.457094000000000000e+06 7.005704000000000000e+06 1.104377300000000000e+07 1.738195000000000000e+07 2.739761900000000000e+07 4.309635400000000000e+07 6.779723500000000000e+07 1.066950970000000000e+08 1.680769530000000000e+08 2.650135910000000000e+08 4.173722660000000000e+08 6.561162190000000000e+08 1.026378734000000000e+09 1.600650105000000000e+09 2.483743905000000000e+09 3.831933094000000000e+09 5.889831919000000000e+09 9.054108969000000000e+09
2.520094000000000000e+06 3.981142000000000000e+06 6.289937000000000000e+06 9.933772000000000000e+06 1.571782700000000000e+07 2.486707400000000000e+07 3.932363400000000000e+07 6.215118200000000000e+07 9.833096300000000000e+07 1.554948820000000000e+08 2.459317010000000000e+08 3.889856480000000000e+08 6.156132490000000000e+08 9.744144500000000000e+08 1.541289616000000000e+09 2.432586773000000000e+09 3.831987579000000000e+09 6.027171522000000000e+09 9.491173859000000000e+09 1.494995202700000000e+10
9.988450000000000000e+05 1.566746000000000000e+06 2.458615000000000000e+06 3.874426000000000000e+06 6.100463000000000000e+06 9.615742000000000000e+06 1.515979300000000000e+07 2.393205900000000000e+07 3.779112400000000000e+07 5.959506600000000000e+07 9.375608700000000000e+07 1.475472530000000000e+08 2.317301820000000000e+08 3.632504820000000000e+08 5.680069640000000000e+08 8.900617440000000000e+08 1.395445527000000000e+09 2.209760856000000000e+09 3.519438104000000000e+09 5.565253238000000000e+09
9.004360000000000000e+05 1.411132000000000000e+06 2.215470000000000000e+06 3.480593000000000000e+06 5.475916000000000000e+06 8.618142000000000000e+06 1.359420600000000000e+07 2.139148900000000000e+07 3.368562900000000000e+07 5.308354500000000000e+07 8.345215500000000000e+07 1.309320920000000000e+08 2.051493060000000000e+08 3.214149390000000000e+08 5.029887720000000000e+08 7.873571870000000000e+08 1.243610767000000000e+09 1.974911115000000000e+09 3.135822790000000000e+09 4.925413171000000000e+09
1.540249000000000000e+06 2.424162000000000000e+06 3.829750000000000000e+06 6.040108000000000000e+06 9.540041000000000000e+06 1.507784300000000000e+07 2.384469600000000000e+07 3.763088800000000000e+07 5.939557500000000000e+07 9.398078800000000000e+07 1.488523950000000000e+08 2.360292560000000000e+08 3.740519560000000000e+08 5.936379020000000000e+08 9.432756400000000000e+08 1.501267669000000000e+09 2.396057524000000000e+09 3.835254962000000000e+09 6.116663333000000000e+09 9.722929261000000000e+09
1.649279000000000000e+06 2.603524000000000000e+06 4.113731000000000000e+06 6.501510000000000000e+06 1.027661900000000000e+07 1.624414200000000000e+07 2.570037700000000000e+07 4.063112100000000000e+07 6.430403600000000000e+07 1.018091260000000000e+08 1.610349680000000000e+08 2.546376900000000000e+08 4.027191800000000000e+08 6.360962960000000000e+08 1.005082074000000000e+09 1.592304013000000000e+09 2.531400513000000000e+09 4.051761210000000000e+09 6.511292852000000000e+09 1.042436917600000000e+10
1.825756000000000000e+06 2.871701000000000000e+06 4.510909000000000000e+06 7.108704000000000000e+06 1.119882000000000000e+07 1.766667300000000000e+07 2.791024500000000000e+07 4.386662300000000000e+07 6.901501800000000000e+07 1.084868680000000000e+08 1.701602720000000000e+08 2.665879270000000000e+08 4.156833270000000000e+08 6.454029570000000000e+08 9.926808850000000000e+08 1.512285131000000000e+09 2.272654312000000000e+09 3.362217457000000000e+09 4.855669147000000000e+09 6.744909295000000000e+09
1.560144000000000000e+06 2.456540000000000000e+06 3.859864000000000000e+06 6.077548000000000000e+06 9.588401000000000000e+06 1.514900900000000000e+07 2.397811600000000000e+07 3.779143400000000000e+07 5.962407800000000000e+07 9.427856200000000000e+07 1.488171710000000000e+08 2.350165030000000000e+08 3.699906640000000000e+08 5.796455610000000000e+08 9.052060430000000000e+08 1.407345252000000000e+09 2.173241157000000000e+09 3.329662828000000000e+09 5.068356709000000000e+09 7.635971017000000000e+09
1.851379000000000000e+06 2.921816000000000000e+06 4.607607000000000000e+06 7.262294000000000000e+06 1.146021300000000000e+07 1.810578100000000000e+07 2.859412600000000000e+07 4.516974600000000000e+07 7.138725100000000000e+07 1.129969030000000000e+08 1.790976480000000000e+08 2.841108640000000000e+08 4.505309770000000000e+08 7.149744610000000000e+08 1.132433059000000000e+09 1.792157599000000000e+09 2.826613848000000000e+09 4.441893082000000000e+09 6.952575210000000000e+09 1.085366083500000000e+10
7.991710000000000000e+05 1.249631000000000000e+06 1.963619000000000000e+06 3.078101000000000000e+06 4.839032000000000000e+06 7.636086000000000000e+06 1.208455200000000000e+07 1.906435400000000000e+07 3.006522800000000000e+07 4.751683500000000000e+07 7.488748700000000000e+07 1.181685010000000000e+08 1.862529430000000000e+08 2.931066300000000000e+08 4.620283320000000000e+08 7.319535760000000000e+08 1.168057208000000000e+09 1.882385423000000000e+09 3.026827541000000000e+09 4.810924275000000000e+09
1.628916000000000000e+06 2.566218000000000000e+06 4.038909000000000000e+06 6.363470000000000000e+06 1.005060800000000000e+07 1.591478800000000000e+07 2.524606100000000000e+07 3.984196900000000000e+07 6.295905100000000000e+07 9.955950700000000000e+07 1.571621000000000000e+08 2.483177190000000000e+08 3.927887040000000000e+08 6.210228310000000000e+08 9.836017870000000000e+08 1.558532031000000000e+09 2.473425360000000000e+09 3.938718559000000000e+09 6.284184972000000000e+09 1.002284253400000000e+10
1.673860000000000000e+06 2.632096000000000000e+06 4.149639000000000000e+06 6.534708000000000000e+06 1.030573700000000000e+07 1.628304900000000000e+07 2.574061600000000000e+07 4.056827300000000000e+07 6.397580200000000000e+07 1.008931430000000000e+08 1.587972940000000000e+08 2.498645770000000000e+08 3.928632940000000000e+08 6.159118450000000000e+08 9.611951070000000000e+08 1.490654258000000000e+09 2.305563971000000000e+09 3.545438777000000000e+09 5.397358707000000000e+09 8.127361076000000000e+09
7.618370000000000000e+05 1.193031000000000000e+06 1.872578000000000000e+06 2.940695000000000000e+06 4.615633000000000000e+06 7.283249000000000000e+06 1.146743800000000000e+07 1.799184700000000000e+07 2.820409200000000000e+07 4.420016900000000000e+07 6.902549700000000000e+07 1.074532490000000000e+08 1.668626040000000000e+08 2.576379970000000000e+08 3.943851140000000000e+08 5.972646770000000000e+08 9.010682250000000000e+08 1.364562618000000000e+09 2.047029906000000000e+09 3.057686113000000000e+09
1.715139000000000000e+06 2.703773000000000000e+06 4.263917000000000000e+06 6.726536000000000000e+06 1.062464900000000000e+07 1.679160800000000000e+07 2.653301200000000000e+07 4.196578500000000000e+07 6.636284700000000000e+07 1.050549010000000000e+08 1.663624300000000000e+08 2.635368610000000000e+08 4.171609630000000000e+08 6.599150270000000000e+08 1.041806343000000000e+09 1.640161259000000000e+09 2.567462298000000000e+09 3.986645151000000000e+09 6.143764807000000000e+09 9.408670002000000000e+09
1.079925000000000000e+06 1.693712000000000000e+06 2.656324000000000000e+06 4.175189000000000000e+06 6.575687000000000000e+06 1.037422700000000000e+07 1.637875500000000000e+07 2.581776600000000000e+07 4.068619500000000000e+07 6.406627500000000000e+07 1.005904040000000000e+08 1.579112810000000000e+08 2.473628900000000000e+08 3.860976710000000000e+08 5.968748540000000000e+08 9.150287020000000000e+08 1.391210049000000000e+09 2.079731124000000000e+09 3.046115637000000000e+09 4.387935626000000000e+09
1.785102000000000000e+06 2.793250000000000000e+06 4.378528000000000000e+06 6.883272000000000000e+06 1.082685100000000000e+07 1.703767000000000000e+07 2.685058600000000000e+07 4.224486900000000000e+07 6.644964300000000000e+07 1.045121640000000000e+08 1.641709190000000000e+08 2.574083000000000000e+08 4.015703000000000000e+08 6.248353620000000000e+08 9.659121560000000000e+08 1.488485387000000000e+09 2.276335292000000000e+09 3.468124074000000000e+09 5.238241507000000000e+09 7.835520886000000000e+09
2.106879000000000000e+06 3.323861000000000000e+06 5.239085000000000000e+06 8.276509000000000000e+06 1.306979600000000000e+07 2.065481300000000000e+07 3.263386400000000000e+07 5.154968300000000000e+07 8.138427800000000000e+07 1.285771440000000000e+08 2.031782790000000000e+08 3.211912850000000000e+08 5.089128400000000000e+08 8.080367090000000000e+08 1.278915697000000000e+09 2.013369776000000000e+09 3.171754995000000000e+09 5.002170356000000000e+09 7.896742831000000000e+09 1.244918477400000000e+10
1.695491000000000000e+06 2.664321000000000000e+06 4.188418000000000000e+06 6.599339000000000000e+06 1.040632600000000000e+07 1.640292900000000000e+07 2.583713400000000000e+07 4.065912900000000000e+07 6.387817000000000000e+07 1.004574280000000000e+08 1.576562030000000000e+08 2.472861630000000000e+08 3.865409090000000000e+08 6.019709190000000000e+08 9.325639550000000000e+08 1.437675455000000000e+09 2.212134490000000000e+09 3.412858063000000000e+09 5.264357545000000000e+09 8.167439113000000000e+09
2.093989000000000000e+06 3.301270000000000000e+06 5.209359000000000000e+06 8.209715000000000000e+06 1.296443900000000000e+07 2.044474900000000000e+07 3.228270700000000000e+07 5.097871700000000000e+07 8.057236700000000000e+07 1.274308240000000000e+08 2.013780400000000000e+08 3.186486790000000000e+08 5.051559900000000000e+08 8.022585600000000000e+08 1.274783298000000000e+09 2.026379568000000000e+09 3.223234640000000000e+09 5.122148988000000000e+09 8.136143633000000000e+09 1.287311532900000000e+10
1.383902000000000000e+06 2.180361000000000000e+06 3.436905000000000000e+06 5.423846000000000000e+06 8.559277000000000000e+06 1.354205000000000000e+07 2.141167900000000000e+07 3.387673800000000000e+07 5.360166100000000000e+07 8.480053100000000000e+07 1.342979240000000000e+08 2.128053940000000000e+08 3.375848950000000000e+08 5.360731060000000000e+08 8.528499830000000000e+08 1.355828846000000000e+09 2.160219977000000000e+09 3.439977713000000000e+09 5.473236331000000000e+09 8.653043230000000000e+09
1.430644000000000000e+06 2.252313000000000000e+06 3.548321000000000000e+06 5.604247000000000000e+06 8.844092000000000000e+06 1.394700100000000000e+07 2.204720100000000000e+07 3.481544800000000000e+07 5.507044300000000000e+07 8.716586600000000000e+07 1.379634290000000000e+08 2.186970150000000000e+08 3.470392110000000000e+08 5.518916420000000000e+08 8.810525530000000000e+08 1.413126360000000000e+09 2.277440899000000000e+09 3.665035061000000000e+09 5.878544477000000000e+09 9.458295402000000000e+09
1.317949000000000000e+06 2.080518000000000000e+06 3.275985000000000000e+06 5.172944000000000000e+06 8.170098000000000000e+06 1.293345000000000000e+07 2.045879300000000000e+07 3.234432300000000000e+07 5.111758700000000000e+07 8.079458500000000000e+07 1.278223000000000000e+08 2.021103420000000000e+08 3.193814500000000000e+08 5.042234650000000000e+08 7.984705480000000000e+08 1.262627440000000000e+09 1.990969143000000000e+09 3.133441043000000000e+09 4.913843661000000000e+09 7.660053146000000000e+09
1.316265000000000000e+06 2.065986000000000000e+06 3.253479000000000000e+06 5.121526000000000000e+06 8.072495000000000000e+06 1.273006400000000000e+07 2.013311500000000000e+07 3.166924800000000000e+07 4.983530800000000000e+07 7.849792500000000000e+07 1.233899550000000000e+08 1.942243820000000000e+08 3.051906420000000000e+08 4.781557280000000000e+08 7.466753870000000000e+08 1.165148715000000000e+09 1.808001791000000000e+09 2.770286498000000000e+09 4.178259582000000000e+09 6.198966747000000000e+09
1.290073000000000000e+06 2.017697000000000000e+06 3.170143000000000000e+06 4.991828000000000000e+06 7.844551000000000000e+06 1.236619800000000000e+07 1.952725800000000000e+07 3.079077700000000000e+07 4.858119700000000000e+07 7.679066900000000000e+07 1.212542330000000000e+08 1.916841960000000000e+08 3.032382930000000000e+08 4.794921510000000000e+08 7.585899040000000000e+08 1.201615519000000000e+09 1.906595782000000000e+09 3.017792740000000000e+09 4.766450603000000000e+09 7.475566185000000000e+09
1.747162000000000000e+06 2.751501000000000000e+06 4.338086000000000000e+06 6.847686000000000000e+06 1.079353300000000000e+07 1.702175200000000000e+07 2.685724400000000000e+07 4.232168200000000000e+07 6.672439900000000000e+07 1.051180290000000000e+08 1.655300590000000000e+08 2.600923240000000000e+08 4.077626260000000000e+08 6.374731700000000000e+08 9.927136410000000000e+08 1.539875837000000000e+09 2.386807629000000000e+09 3.699373032000000000e+09 5.713074866000000000e+09 8.709282433000000000e+09
1.712618000000000000e+06 2.697375000000000000e+06 4.258410000000000000e+06 6.715317000000000000e+06 1.059790600000000000e+07 1.673801000000000000e+07 2.644041000000000000e+07 4.177003600000000000e+07 6.593567900000000000e+07 1.042537450000000000e+08 1.649877020000000000e+08 2.611781410000000000e+08 4.132611930000000000e+08 6.537417880000000000e+08 1.033676102000000000e+09 1.628814224000000000e+09 2.555336337000000000e+09 3.986135121000000000e+09 6.155442254000000000e+09 9.328748215000000000e+09
1.057826000000000000e+06 1.662082000000000000e+06 2.618428000000000000e+06 4.122888000000000000e+06 6.481402000000000000e+06 1.021138900000000000e+07 1.611585800000000000e+07 2.536021600000000000e+07 3.990422300000000000e+07 6.282615500000000000e+07 9.898918100000000000e+07 1.560467070000000000e+08 2.460120310000000000e+08 3.872961780000000000e+08 6.076611760000000000e+08 9.502006480000000000e+08 1.481017895000000000e+09 2.312714838000000000e+09 3.654861121000000000e+09 5.856196199000000000e+09
