# weights for all jackknife regions
5.557869320814323425e+07 8.739364978640365601e+07 1.378826369221706390e+08 2.172780754492254257e+08 3.426505592138681412e+08 5.406744948205156326e+08 8.533595107061653137e+08 1.344122624370601654e+09 2.116460605877023697e+09 3.335483818598655701e+09 5.251747438321598053e+09 8.261854755342205048e+09 1.299680438092747498e+10 2.042794483631747437e+10 3.193637444540974426e+10 4.956811113378395081e+10 7.657892243190440369e+10 1.169792195865684509e+11 1.764216052724213562e+11 2.606478722890665283e+11
4.019547311847591400e+07 6.314752262701225281e+07 9.915350647838497162e+07 1.557828807786216736e+08 2.456327441998825073e+08 3.878827349821777344e+08 6.129902641090736389e+08 9.653891941481742859e+08 1.521723302238168716e+09 2.402428049732294083e+09 3.787892998514856339e+09 5.976495688859135628e+09 9.398410350776859283e+09 1.475935647989143372e+10 2.310491718461103058e+10 3.596262934505123901e+10 5.585347650259326935e+10 8.627534835330203247e+10 1.318266588096388550e+11 2.007739721935536804e+11
3.046506001675796509e+07 4.775493061586093903e+07 7.488022106977367401e+07 1.173374807812423706e+08 1.843908237639589310e+08 2.901105221099281311e+08 4.574797989612913132e+08 7.176012590961771011e+08 1.124134730923788071e+09 1.762663513849147797e+09 2.757850535125778198e+09 4.300722964033569336e+09 6.691306404652369499e+09 1.039497436133203697e+10 1.603997939587900543e+10 2.455827834761617279e+10 3.716950675643791199e+10 5.492600836540426636e+10 7.912969933701730347e+10 1.098126855303643341e+11
3.550851797874355316e+07 5.604682140199661255e+07 8.819110189342498779e+07 1.389436152907791138e+08 2.191518513514308929e+08 3.457143617943506241e+08 5.440885893400440216e+08 8.555167865531558990e+08 1.347938551744877815e+09 2.124910611168365479e+09 3.352334392596410751e+09 5.298634453034316063e+09 8.382059129202981949e+09 1.328866760341925812e+10 2.100363406458053207e+10 3.310908103257665634e+10 5.218737865830107117e+10 8.209019697812893677e+10 1.290769143838737335e+11 2.016177499047063904e+11
5.120342952906608582e+07 8.058859916117286682e+07 1.267193775708665848e+08 1.995768292330751419e+08 3.149407573019866943e+08 4.966123299860496521e+08 7.822589168525018692e+08 1.231362781733911514e+09 1.939402044659015656e+09 3.052820560281952858e+09 4.802045507469408989e+09 7.538591950158190727e+09 1.179208985242536545e+10 1.833724743582963181e+10 2.823299604959091568e+10 4.292591787563142395e+10 6.416461404486314392e+10 9.406971568988555908e+10 1.361497490434051208e+11 1.925739683783213196e+11
2.397256752399063110e+07 3.774603191750144958e+07 5.938653342320346832e+07 9.387127444487857819e+07 1.481077522384996414e+08 2.343339069713563919e+08 3.700791783100795746e+08 5.841208609234952927e+08 9.229034123211326599e+08 1.457015751386228561e+09 2.302100827933695793e+09 3.635183045271154404e+09 5.747247930039186478e+09 9.102101730054201126e+09 1.437618233173241425e+10 2.278840253631388855e+10 3.636745328671199036e+10 5.823918370850484467e+10 9.239359983438331604e+10 1.449287635060703125e+11
4.446003982342720032e+07 6.999486117239093781e+07 1.104629837984571457e+08 1.739705100625448227e+08 2.740456950053024292e+08 4.319776969567279816e+08 6.802420614188747406e+08 1.069811527178728104e+09 1.681898283724752426e+09 2.645127074627272606e+09 4.151770963562348366e+09 6.506538656916479111e+09 1.019431775140143013e+10 1.596232953419608688e+10 2.487903868233032227e+10 3.846999733513760376e+10 5.914469297901206970e+10 9.037109752371839905e+10 1.379222775414078979e+11 2.080390105766582947e+11
3.746868642369937897e+07 5.890174574365043640e+07 9.264260155491542816e+07 1.461426904795923233e+08 2.304237872438669205e+08 3.638980915888671875e+08 5.758017501105632782e+08 9.083327923103656769e+08 1.434001408543224335e+09 2.268375676432087898e+09 3.582442076510664940e+09 5.663288077125280380e+09 8.940313855833967209e+09 1.407747892745226860e+10 2.213407221241880035e+10 3.459358252487918091e+10 5.393902764867327881e+10 8.392255860262207031e+10 1.302218815431493378e+11 2.006671010880593567e+11
3.212842691022396088e+07 5.064445498577308655e+07 7.973530687141132355e+07 1.255578092738943100e+08 1.980843062408084869e+08 3.119694207185134888e+08 4.921135103515758514e+08 7.745642087717790604e+08 1.220115291824384689e+09 1.920290435517598152e+09 3.023243543776493073e+09 4.763804736001925468e+09 7.510202285125156403e+09 1.185734505343438148e+10 1.874492646225277328e+10 2.960980209390052795e+10 4.678217334031388092e+10 7.430527282051155090e+10 1.184862377943018799e+11 1.884535369106958618e+11
2.743466903479003906e+07 4.315947412061119080e+07 6.798095277498722076e+07 1.073708860058040619e+08 1.692777428084783554e+08 2.672795568743772507e+08 4.214130145527696609e+08 6.652980423684129715e+08 1.051507572502846718e+09 1.662579068620444298e+09 2.627256501622220993e+09 4.151983056875146866e+09 6.589343049265132904e+09 1.052111589227612877e+10 1.698535771803733063e+10 2.757297727899002838e+10 4.481895948532884216e+10 7.363934660920582581e+10 1.217211432894445038e+11 2.007962375824334717e+11
3.894578468683338165e+07 6.129828139710235596e+07 9.656551336910247803e+07 1.522650698536214828e+08 2.404780331754674911e+08 3.792092983818435669e+08 5.994308069454488754e+08 9.468194973776168823e+08 1.497095283723153114e+09 2.371089888481358528e+09 3.756418259151253700e+09 5.960343695715757370e+09 9.438022753385528564e+09 1.493267892978660583e+10 2.351260283762434387e+10 3.678252786623761749e+10 5.727210747688549805e+10 8.850358333629647827e+10 1.358461767986212921e+11 2.057911322316729126e+11
4.553143915714263916e+07 7.189037939056587219e+07 1.133110582255840302e+08 1.787218739123344421e+08 2.824930653453350067e+08 4.464672059065418243e+08 7.058776621968946457e+08 1.115311997611576080e+09 1.763284556610927582e+09 2.789264994124244690e+09 4.413025453687268257e+09 6.993737309100187302e+09 1.109847151061241722e+10 1.764934349244898224e+10 2.806440919878698730e+10 4.468985007822045898e+10 7.144222180387600708e+10 1.141551391935021210e+11 1.829235566730945129e+11 2.949014722165150146e+11
5.821951894611454010e+07 9.160092953386974335e+07 1.444388983230848312e+08 2.275773749330606461e+08 3.595324926066703796e+08 5.677890128368892670e+08 8.974276346230964661e+08 1.418160954820110321e+09 2.242943991382232666e+09 3.550935886788837433e+09 5.630893693017788887e+09 8.929898213326726913e+09 1.417367418389459229e+10 2.247800619108468628e+10 3.566421635928063965e+10 5.659621751945916748e+10 8.973034659834225464e+10 1.420808132050357971e+11 2.244067507163033752e+11 3.550856466456051025e+11
3.580689051567745209e+07 5.649900818189811707e+07 8.908739380214500427e+07 1.405862796647176743e+08 2.217759535284042358e+08 3.503015533080892563e+08 5.519693595834026337e+08 8.691122780104646683e+08 1.368582995229634285e+09 2.156837824966113091e+09 3.399971159872829437e+09 5.356471078497142792e+09 8.433914340182010651e+09 1.333918175435206985e+10 2.122872949588884354e+10 3.391968394961324692e+10 5.429892854271998596e+10 8.657126700429113770e+10 1.366731205276582184e+11 2.136065237408674622e+11
3.723396382107448578e+07 5.857681534469318390e+07 9.215156317128467560e+07 1.450797315696973801e+08 2.278883599695281982e+08 3.583007797941246033e+08 5.630201488340368271e+08 8.828436243025751114e+08 1.382464369341355324e+09 2.163755241346834183e+09 3.377167841088133812e+09 5.265633268534161568e+09 8.190745851232993126e+09 1.272812245180907822e+10 1.969581874575365829e+10 3.024182634033837509e+10 4.617586124789505005e+10 6.912897655948959351e+10 1.006945281179870300e+11 1.457444040267764282e+11
3.697475663166046143e+07 5.839542673909664154e+07 9.205945235925102234e+07 1.452822367804346085e+08 2.297081819656362534e+08 3.627736610294122696e+08 5.734617799729261398e+08 9.057644145789194107e+08 1.430463897249862671e+09 2.262855338648734093e+09 3.577353344105830193e+09 5.651941930158683777e+09 8.914479217132812500e+09 1.406092103582353592e+10 2.219033097895873260e+10 3.507513915577549744e+10 5.559102150132398987e+10 8.808962777893902588e+10 1.392114670063974915e+11 2.196178246885409546e+11
2.986817349416637421e+07 4.710523221671867371e+07 7.438349895395088196e+07 1.177002026231107712e+08 1.863571068619499207e+08 2.951125035270776749e+08 4.668505557010421753e+08 7.388838968522520065e+08 1.170475797166785240e+09 1.855489492031297684e+09 2.941960882085306168e+09 4.673427230649320602e+09 7.420924409150546074e+09 1.178181741715903664e+10 1.873596807337665176e+10 2.983069987696343231e+10 4.740915217831717682e+10 7.568298957405087280e+10 1.214008758118796997e+11 1.962524539904627380e+11
4.020073608899593353e+07 6.313916702930068970e+07 9.929001524329471588e+07 1.565346851594829559e+08 2.468603192754020691e+08 3.895027333760375977e+08 6.151324366753396988e+08 9.705754262245559692e+08 1.530564055845256805e+09 2.419167287225096703e+09 3.828890865364328384e+09 6.077398962993515015e+09 9.653225978438537598e+09 1.537527451361011124e+10 2.445605471074737167e+10 3.876297468127809143e+10 6.129755017968314362e+10 9.685688890989318848e+10 1.531014841270938110e+11 2.411798917974052124e+11
5.023194498407936096e+07 7.883875992457103729e+07 1.240386053428859711e+08 1.954965081984100342e+08 3.078644066337051392e+08 4.846439011205940247e+08 7.645070414556331635e+08 1.201631713861106873e+09 1.886784481533945084e+09 2.959225082323960304e+09 4.625748145059381485e+09 7.202537681668838501e+09 1.115962094858637238e+10 1.717879390171237183e+10 2.610491361189736938e+10 3.887759855505369568e+10 5.663757415963967896e+10 8.002727022805979919e+10 1.067972215912454681e+11 1.303943812129541473e+11
3.693377143519210815e+07 5.812255032703399658e+07 9.159966253365421295e+07 1.442692286256351471e+08 2.270606208072052002e+08 3.573602742701911926e+08 5.625603619733428955e+08 8.847744529946718216e+08 1.393445625864400864e+09 2.195436946003992081e+09 3.456788730358749390e+09 5.442292949840371132e+09 8.546697512381313324e+09 1.342947495690540695e+10 2.112492214741091156e+10 3.327302411224527740e+10 5.294975773363028717e+10 8.470992448031907654e+10 1.348004457878095245e+11 2.143980841582292175e+11
6.284229615812206268e+07 9.884963916090488434e+07 1.560377762152233124e+08 2.456130634981365204e+08 3.879362989003105164e+08 6.122014310199766159e+08 9.669270733997716904e+08 1.526502003032767296e+09 2.410231983548507690e+09 3.809423881626613617e+09 6.027662847763102531e+09 9.524187907824546814e+09 1.502806399269925499e+10 2.370506444398185349e+10 3.739206489018530273e+10 5.901265378845945740e+10 9.328333030276820374e+10 1.470444326120870972e+11 2.314897048790544128e+11 3.634603097320025024e+11
3.799373222404289246e+07 5.957619636220741272e+07 9.330562191886901855e+07 1.463374591635046005e+08 2.294481553227415085e+08 3.596150095430698395e+08 5.636760051858148575e+08 8.806832947659130096e+08 1.376003431527379036e+09 2.147003448374685287e+09 3.343378858078813553e+09 5.208985626650853157e+09 8.088826896700988770e+09 1.249497692581843948e+10 1.919523568987832642e+10 2.921641024843247223e+10 4.418930937463072968e+10 6.613359047710906219e+10 9.734162894321664429e+10 1.420211473778970032e+11
4.549728370893955231e+07 7.144769339016151428e+07 1.122951230114192963e+08 1.767156228026494980e+08 2.785160831834487915e+08 4.383175590696067810e+08 6.908950097614192963e+08 1.088258771208883286e+09 1.712301733989585876e+09 2.698220531916097641e+09 4.249804170326853752e+09 6.679786198058430672e+09 1.049299123678580093e+10 1.648080802246348953e+10 2.588720747493849945e+10 4.068152328399066162e+10 6.425875878351442719e+10 1.019184121017931061e+11 1.618286538716917114e+11 2.591530365618429565e+11
3.595910298291683197e+07 5.664971928325366974e+07 8.949655964284515381e+07 1.412031305821027756e+08 2.228600084004831314e+08 3.523129035488500595e+08 5.573938719641351700e+08 8.808856333272800446e+08 1.391690131269802094e+09 2.197863407866854668e+09 3.472211480376908302e+09 5.482708691039247513e+09 8.641381407594120026e+09 1.359944817680735779e+10 2.138234054888230896e+10 3.344173185212005615e+10 5.206867094878229523e+10 8.052131285769837952e+10 1.242772025724951324e+11 1.933354374300553589e+11
4.613307474691390991e+07 7.247175772817993164e+07 1.143038903123826981e+08 1.799416858042392731e+08 2.838160805857028961e+08 4.476435666945810318e+08 7.073907966446695328e+08 1.118325962053079605e+09 1.766553309303152084e+09 2.787697814463664055e+09 4.397441318043170929e+09 6.939145729899772644e+09 1.095617317561029053e+10 1.734717334321020126e+10 2.742839658005173492e+10 4.324158292370057678e+10 6.782383065389144135e+10 1.057672441977597351e+11 1.648963459547082825e+11 2.580223833437880249e+11
1.679266085466098785e+07 2.628086133753776550e+07 4.115447425915622711e+07 6.458413923372840881e+07 1.015515025771780014e+08 1.603122093796043396e+08 2.530547280019903183e+08 3.972714008732547760e+08 6.238363946468696594e+08 9.798023536906147003e+08 1.530302751358177185e+09 2.387613077672308922e+09 3.701260968827133179e+09 5.714097876378670692e+09 8.758195830392957687e+09 1.335731427480561256e+10 2.035759382848003387e+10 3.072000171022255707e+10 4.555008494307072449e+10 6.642678129654294586e+10
4.138040335070800781e+07 6.507021645623111725e+07 1.026715057612848282e+08 1.617898212579517365e+08 2.550027610022478104e+08 4.023456552729358673e+08 6.348966667267885208e+08 1.002214986584641457e+09 1.584088911402420044e+09 2.503121527129734039e+09 3.954472609570753098e+09 6.249279539748594284e+09 9.869169470710020065e+09 1.557296303014542198e+10 2.449042997474619293e+10 3.842445827252882385e+10 6.026196719293451691e+10 9.491810319127203369e+10 1.496818411113247681e+11 2.354596354131277161e+11
1.934163411680507660e+07 3.031645027977275848e+07 4.759937200219058990e+07 7.512941639094066620e+07 1.181853738352890015e+08 1.862643746345815659e+08 2.934499225048580170e+08 4.617954216170101166e+08 7.264240923268156052e+08 1.142178675956799507e+09 1.794429861633840561e+09 2.831575937306763649e+09 4.466025475784153938e+09 7.061127972527606964e+09 1.113287578239770699e+10 1.743300504936409378e+10 2.712984640168884277e+10 4.218744031215788269e+10 6.518492846391214752e+10 9.967274959659152222e+10
1.773329413789463043e+07 2.794960612770843506e+07 4.406913888529968262e+07 6.931957517179203033e+07 1.093261254004487991e+08 1.723475211146049500e+08 2.716202887823944092e+08 4.269364578340291977e+08 6.719210473085613251e+08 1.057326458050680161e+09 1.663667815890403748e+09 2.615474567553871155e+09 4.114088473457880974e+09 6.470901959318849564e+09 1.017554440033226013e+10 1.604304627066781998e+10 2.544211812614691544e+10 4.047212686997296143e+10 6.466723107783703613e+10 1.057346447655854034e+11
3.106052706064414978e+07 4.897384953247547150e+07 7.725092106016445160e+07 1.219886149691276550e+08 1.926686016547021866e+08 3.038598875265455246e+08 4.802471726265277863e+08 7.584450607359428406e+08 1.197100264544819832e+09 1.887905619585702896e+09 2.973660899110523224e+09 4.681069958035973549e+09 7.365707668531353951e+09 1.159517478800074768e+10 1.821375440011484146e+10 2.857782257468133926e+10 4.493243600091120911e+10 7.128855798940522766e+10 1.141303739484565735e+11 1.813525040134060669e+11
1.316050598129844666e+07 2.061774543903827667e+07 3.244145644116020203e+07 5.083496479865837097e+07 7.946801581403446198e+07 1.249865871579799652e+08 1.976043702767848969e+08 3.110314831515655518e+08 4.894997580751705170e+08 7.699329296907854080e+08 1.212009746831605911e+09 1.901813157919429779e+09 2.979044546524098396e+09 4.664657912822710037e+09 7.282516035140262604e+09 1.134625863696149445e+10 1.780531732760627747e+10 2.824060471286186981e+10 4.500125462151579285e+10 7.003236750530996704e+10
3.738355882420158386e+07 5.875746877869129181e+07 9.251034070801162720e+07 1.458911678643894196e+08 2.297493135036182404e+08 3.627040708116064072e+08 5.733288903853006363e+08 9.045370165182943344e+08 1.425212915955345154e+09 2.247761742538864136e+09 3.541033989165092468e+09 5.574943598134933472e+09 8.765523901059108734e+09 1.377361107181965065e+10 2.161007634614438629e+10 3.368481738436347961e+10 5.209302044066500854e+10 7.988950806126060486e+10 1.217240251619129639e+11 1.834261713886184692e+11
3.397814521244049072e+07 5.304919706742954254e+07 8.295469840609455109e+07 1.299449387394990921e+08 2.039839127265052795e+08 3.207357617946023941e+08 5.052551318242511749e+08 7.902715198562364578e+08 1.235504877881132126e+09 1.930563009039136887e+09 2.996257763267296791e+09 4.621963364860923767e+09 7.070732896469216347e+09 1.072073798454647827e+10 1.597984118213428497e+10 2.331043021748633575e+10 3.301567127729978180e+10 4.490086991052790833e+10 5.655754742283006287e+10 6.421886392637229919e+10
4.506074985798645020e+07 7.068851473127555847e+07 1.112565053729743958e+08 1.747444353660163879e+08 2.746474140926055908e+08 4.320460330421504974e+08 6.793944734238319397e+08 1.066308605596001625e+09 1.672710438615403175e+09 2.620883665714001656e+09 4.098791319075687408e+09 6.396860792203957558e+09 9.946502167635448456e+09 1.541329814282875252e+10 2.389030386996037674e+10 3.708017520156448364e+10 5.750715466369663239e+10 8.840706954350756836e+10 1.341793853286677246e+11 2.009755587504980469e+11
5.139091122270393372e+07 8.097725386438369751e+07 1.278018057507076263e+08 2.017573499262838364e+08 3.185056398878555298e+08 5.023095065707864761e+08 7.928563329663591385e+08 1.251239818274716377e+09 1.976913837104941368e+09 3.122764082516325951e+09 4.919711769057497025e+09 7.754808376430644035e+09 1.222962484538360214e+10 1.933202794664794159e+10 3.055107454977053833e+10 4.824281468339012909e+10 7.611594828501913452e+10 1.203265375390155792e+11 1.903034406555552368e+11 2.992004395742500000e+11
3.059823899575519562e+07 4.822276129424285889e+07 7.608393270441627502e+07 1.199699707477674484e+08 1.891829004281930923e+08 2.984966029051027298e+08 4.703217185247869492e+08 7.412362530227756500e+08 1.168261543114078522e+09 1.845242436300699234e+09 2.914694667109375000e+09 4.609355322893317223e+09 7.277634933029254913e+09 1.147190276777820206e+10 1.807226652097307205e+10 2.846232418820904541e+10 4.460562451068331909e+10 6.978515850923171997e+10 1.084938001025614929e+11 1.690165432888356934e+11
3.224796380479335785e+07 5.057198155030345917e+07 7.946871322154045105e+07 1.252397274904727936e+08 1.970967801622476578e+08 3.108126559959335327e+08 4.914110134432582855e+08 7.731740193345174789e+08 1.215058013971617699e+09 1.913396186871957779e+09 3.005446136785471916e+09 4.721983906382359505e+09 7.392950866706323624e+09 1.152897081978642082e+10 1.789805817579788971e+10 2.756959973345839691e+10 4.216572752736849976e+10 6.382599373987323761e+10 9.565471945987129211e+10 1.417134408763779602e+11
3.160032919857501984e+07 4.989520790868091583e+07 7.878060834729003906e+07 1.243085939002981186e+08 1.963260304714431763e+08 3.099432849403972626e+08 4.895816667470693588e+08 7.743135688608942032e+08 1.225749501944878578e+09 1.940309176998615265e+09 3.072813027847617149e+09 4.869536108188450813e+09 7.734165847285079002e+09 1.230010880950253868e+10 1.952427655291306305e+10 3.099401349253881073e+10 4.912514209160264587e+10 7.788891629775170898e+10 1.246458554614361877e+11 1.984204790124074097e+11
5.419399396093654633e+07 8.551516369706821442e+07 1.346713659670772552e+08 2.126172116226129532e+08 3.359480100848159790e+08 5.307956959362945557e+08 8.395534291460027695e+08 1.328280998671068192e+09 2.099116104470787048e+09 3.322692926099195480e+09 5.262629877559587479e+09 8.346692869022267342e+09 1.321378527228399086e+10 2.093619099116970444e+10 3.316345377796652222e+10 5.258877281047147369e+10 8.337499935950851440e+10 1.326858419469731140e+11 2.115953557901603699e+11 3.373422749651509399e+11
2.078141131161499023e+07 3.273087282599067688e+07 5.163076590315532684e+07 8.141846495488071442e+07 1.286755618937215805e+08 2.033763330166149139e+08 3.208391216218023300e+08 5.064602482476606369e+08 7.990806647204065323e+08 1.261380524037049294e+09 1.993475163421334267e+09 3.149200534348328590e+09 4.978047419626695633e+09 7.924981879384596825e+09 1.267100281243200874e+10 2.034186737484302521e+10 3.280457843376753235e+10 5.294753715654980469e+10 8.559417963180322266e+10 1.394154391498326416e+11
4.290601309123134613e+07 6.749746328478050232e+07 1.063731140629510880e+08 1.675901804122667313e+08 2.641378063387336731e+08 4.168723957189054489e+08 6.574030478376197815e+08 1.035678254541671753e+09 1.631634149432999611e+09 2.578924290625525475e+09 4.073058794865702629e+09 6.438110739432372093e+09 1.017750059228213692e+10 1.610554786079212761e+10 2.548227835990863037e+10 4.032780474494534302e+10 6.377560458378865051e+10 1.008093827485609741e+11 1.611235845470511169e+11 2.584664840472106018e+11
5.485140497604560852e+07 8.629035654829311371e+07 1.360789065914421082e+08 2.146728654623708725e+08 3.385212092462997437e+08 5.339526699594650269e+08 8.423550091670665741e+08 1.328172910878870010e+09 2.093829686496181488e+09 3.306653431059567451e+09 5.219931907321023941e+09 8.255561014047023773e+09 1.307713253976313782e+10 2.075116606016465759e+10 3.297972763566116333e+10 5.239663425861720276e+10 8.328234025941029358e+10 1.323838312806992798e+11 2.087086400409328003e+11 3.272286227656522217e+11
3.501462117767524719e+07 5.505571915413951874e+07 8.677205428008747101e+07 1.369771232477426529e+08 2.160046867389669418e+08 3.416747619229574203e+08 5.413304832244882584e+08 8.551916310260791779e+08 1.350352095001966476e+09 2.138049689273014069e+09 3.387854910843812943e+09 5.377908237646734238e+09 8.537133455577381134e+09 1.357580002004280090e+10 2.160113692846407318e+10 3.424640631559589005e+10 5.444680268817705536e+10 8.683145795079418945e+10 1.390473417324994507e+11 2.223721772361311951e+11
3.281722802831363678e+07 5.167871741666126251e+07 8.121908830941009521e+07 1.278869273443937302e+08 2.018053055206193924e+08 3.186071306114883423e+08 5.037158127986536026e+08 7.938805850519838333e+08 1.252917225725435257e+09 1.976362774906340599e+09 3.112130756958242416e+09 4.900255591218313217e+09 7.694418121585204124e+09 1.203913387780701828e+10 1.881374352941728592e+10 2.938751267898580170e+10 4.577353074765586090e+10 7.074407322362689209e+10 1.081859553383434448e+11 1.636793739120153198e+11
2.844536995094108582e+07 4.478435884940433502e+07 7.049875826148605347e+07 1.110273886937427521e+08 1.748046343321485519e+08 2.752635524067125320e+08 4.343582192277841568e+08 6.829832535454378128e+08 1.075122562746398926e+09 1.695630849011672020e+09 2.675026388700017929e+09 4.206308505294642448e+09 6.598756577240833282e+09 1.037232239964507103e+10 1.637454025440451050e+10 2.588261756262497711e+10 4.108827128087460327e+10 6.581777971223571777e+10 1.060100648021689148e+11 1.691457058162996216e+11
6.212899067116165161e+07 9.770843231021595001e+07 1.541763980259151459e+08 2.428391221801357269e+08 3.828992376329908371e+08 6.036328435326032639e+08 9.507380557878541946e+08 1.497359170117440224e+09 2.360888319580866814e+09 3.721995143262700081e+09 5.873691076937619209e+09 9.272900574065898895e+09 1.463536972455219078e+10 2.317408712853832626e+10 3.686645702043419647e+10 5.883516828328260803e+10 9.364991116573529053e+10 1.485427320163838501e+11 2.348349821714463501e+11 3.715130571989561157e+11
4.603501974854183197e+07 7.261146812744522095e+07 1.147017160952796936e+08 1.811167732479324341e+08 2.861702560226926804e+08 4.530732667234525681e+08 7.165062736438512802e+08 1.132783226804266930e+09 1.791510782688920975e+09 2.839018007309454918e+09 4.505210458275523186e+09 7.152925196741055489e+09 1.136900640264340782e+10 1.808149781737838745e+10 2.874802403856186676e+10 4.580608109051883698e+10 7.296529819886819458e+10 1.155705704288862457e+11 1.820553220169860229e+11 2.854012199810403442e+11
3.695413602904510498e+07 5.820449427423381805e+07 9.166139435482501984e+07 1.444200258071670532e+08 2.279706746825027466e+08 3.598930480175895691e+08 5.695695654871683121e+08 8.977109939507780075e+08 1.414054437278459549e+09 2.227895609469099045e+09 3.504355807261387825e+09 5.508288179741353035e+09 8.654730459849658966e+09 1.358746661429513359e+10 2.126987349217684937e+10 3.316115247359840393e+10 5.138362167578868103e+10 7.878665176253446960e+10 1.188634655569713440e+11 1.771814057321132507e+11
2.420610017220592499e+07 3.805748147604751587e+07 5.991224691498470306e+07 9.442474257771396637e+07 1.485968583835296631e+08 2.341168153298187256e+08 3.694602160445699692e+08 5.818748221900272369e+08 9.175681245410041809e+08 1.450230240924137115e+09 2.290220493956861496e+09 3.619287635605241776e+09 5.729866396049817085e+09 9.080104340112251282e+09 1.441750722506741714e+10 2.294796001587759399e+10 3.676268017555210114e+10 5.937302053613525391e+10 9.625818634273513794e+10 1.567242475607623596e+11
3.309253675378894806e+07 5.221663346466636658e+07 8.241746718257808685e+07 1.303051100217866898e+08 2.057840852915172577e+08 3.255497898521137238e+08 5.150214247915525436e+08 8.146533115981655121e+08 1.290006713700186729e+09 2.041056703472304344e+09 3.230117147557181358e+09 5.109291574877967834e+09 8.072159465600486755e+09 1.274377380421445847e+10 2.007702174792862701e+10 3.154265829923194885e+10 4.948265502086491394e+10 7.736405343198452759e+10 1.207128945409643250e+11 1.886930577048839722e+11
3.177159275673294067e+07 5.002635896108245850e+07 7.888038627087402344e+07 1.244995880639944077e+08 1.965866153949260712e+08 3.109183790238361359e+08 4.914937985336732864e+08 7.774902429435091019e+08 1.230357100840067863e+09 1.948102824599712372e+09 3.083589247533691406e+09 4.884974568338210106e+09 7.731607838611181259e+09 1.223610577658732605e+10 1.939446829957901764e+10 3.083410063907433319e+10 4.895312926997180939e+10 7.727054625875964355e+10 1.214183564833413544e+11 1.938651677199905090e+11
2.682125514562606812e+07 4.241042223775959015e+07 6.687525753805065155e+07 1.056137490222463608e+08 1.670679790307664871e+08 2.639809023096561432e+08 4.179868348677520752e+08 6.596144476572751999e+08 1.042051938248164177e+09 1.647167364601591110e+09 2.603389822216046333e+09 4.119028701268058777e+09 6.511341782108971596e+09 1.029195609336827660e+10 1.627735054580706406e+10 2.565115105558143616e+10 4.018244011497090149e+10 6.208839182407003784e+10 9.514689517470463562e+10 1.472056098256799011e+11
3.305238611167144775e+07 5.220981235760498047e+07 8.241612517369651794e+07 1.301252261063547134e+08 2.057213051593112946e+08 3.257800893556890488e+08 5.165196653536872864e+08 8.171720058905601501e+08 1.294992320209545135e+09 2.054121405107314110e+09 3.258748443204505920e+09 5.181600028439839363e+09 8.261414261152541161e+09 1.321577964726922035e+10 2.123497369681636047e+10 3.430664641170782089e+10 5.560509473173805237e+10 8.991503339012338257e+10 1.446157293831217651e+11 2.346391091696037903e+11
4.600762807345104218e+07 7.247081005943202972e+07 1.140902207951488495e+08 1.801559328783264160e+08 2.845442621108703613e+08 4.501430328634471893e+08 7.118798377773027420e+08 1.124513391807874680e+09 1.775414445914665222e+09 2.808098610269267082e+09 4.441930381655776978e+09 7.032185319414162636e+09 1.113099833872815323e+10 1.762223429053075409e+10 2.785406328319396210e+10 4.401064076143620300e+10 6.957015899201997375e+10 1.098861687820740356e+11 1.732792027154153442e+11 2.721818875735092163e+11
4.384507663674926758e+07 6.884634322270584106e+07 1.084612507494754791e+08 1.709280729810314178e+08 2.692136907587471008e+08 4.247921146171140671e+08 6.701864712536573410e+08 1.056205754982578278e+09 1.664629715150778770e+09 2.629105778416136742e+09 4.152401501705732346e+09 6.564744675500163078e+09 1.037120743842940712e+10 1.641624995647104263e+10 2.599066030824729919e+10 4.123692781446258545e+10 6.550570807161846161e+10 1.036829096282313232e+11 1.645435105693673706e+11 2.632543614120132141e+11
3.132768588004207611e+07 4.926165243910312653e+07 7.768885726629924774e+07 1.223618550492658615e+08 1.928761092226562500e+08 3.046668701922302246e+08 4.822745401839647293e+08 7.610708172247133255e+08 1.202355978404538155e+09 1.901368620522991180e+09 3.001391433772809982e+09 4.733290546834962845e+09 7.457109172164793015e+09 1.170967665625282860e+10 1.831768910291976166e+10 2.848504716725364304e+10 4.392878353846955109e+10 6.678167599956219482e+10 9.992512528495265198e+10 1.482991184402872314e+11
3.407758815904808044e+07 5.349206568871688843e+07 8.397553468278121948e+07 1.321267785643453598e+08 2.081291883442201614e+08 3.283098363547487259e+08 5.183511458882446289e+08 8.159589026639280319e+08 1.283121213405427933e+09 2.016622767069174767e+09 3.161809849895802498e+09 4.953842886260799408e+09 7.738525099440312386e+09 1.207665540003281784e+10 1.879514608238081360e+10 2.911977612605076599e+10 4.508433653943377686e+10 6.915342259362503052e+10 1.059019222169393311e+11 1.618392436591739807e+11
4.514936895691490173e+07 7.089666398398303986e+07 1.116030171803293228e+08 1.752872776206436157e+08 2.759828015935468674e+08 4.341835762262125015e+08 6.829558075466566086e+08 1.070979888142439842e+09 1.677376813592552185e+09 2.621222560216619492e+09 4.084675290968549728e+09 6.346660706731207848e+09 9.834841376857200623e+09 1.520064306067936134e+10 2.341236175273270035e+10 3.584744061776898193e+10 5.440766077158897400e+10 8.108563028658419800e+10 1.172799036592252197e+11 1.662650518215523071e+11
4.581652117529201508e+07 7.223841238573169708e+07 1.137677591314849854e+08 1.795811479223175049e+08 2.830580909633941650e+08 4.466400807261676788e+08 7.047028444254150391e+08 1.112176915351600647e+09 1.752433710134858131e+09 2.761012178669488907e+09 4.356055961222014427e+09 6.877087833649117470e+09 1.083172192959682846e+10 1.704163905594133377e+10 2.677537262214202118e+10 4.189700791761790466e+10 6.538123037251428223e+10 1.015835365824572296e+11 1.562899340419389038e+11 2.394092742705023804e+11
2.549499574235343933e+07 4.012826640138435364e+07 6.328343460939311981e+07 1.000002973336267471e+08 1.580309864222669601e+08 2.501891129577436447e+08 3.956854265753087997e+08 6.266126198194665909e+08 9.939216410280599594e+08 1.576138945044223785e+09 2.502563112026386261e+09 3.971088336081418037e+09 6.298953163286804199e+09 9.991197732047433853e+09 1.583229504323837852e+10 2.503531993765391541e+10 3.961514882314028931e+10 6.286034568403608704e+10 9.995726602227096558e+10 1.584520272409569092e+11
5.062207600912952423e+07 7.976566276496887207e+07 1.256593017634744644e+08 1.977047612766084671e+08 3.118931384340162277e+08 4.919263826589450836e+08 7.750618901139955521e+08 1.222334202579339027e+09 1.925656877878121376e+09 3.029179685227000237e+09 4.758044379661122322e+09 7.447005598998425484e+09 1.160494873030041504e+10 1.801114539918423462e+10 2.788666015096173477e+10 4.304963013060623932e+10 6.623198181188571930e+10 1.007052901716235657e+11 1.501337109736266479e+11 2.211896367956032104e+11
3.943254671445751190e+07 6.196966796742248535e+07 9.749398437970256805e+07 1.534489011941385269e+08 2.414048692575082779e+08 3.805958051828222275e+08 6.002042884660015106e+08 9.449856425982437134e+08 1.488169865162014961e+09 2.345694620381127357e+09 3.693484817677414894e+09 5.809877416008389473e+09 9.129346653880470276e+09 1.430716572031035995e+10 2.235343807888735962e+10 3.474697316269490814e+10 5.361406716835314941e+10 8.190819966114053345e+10 1.231169570295187531e+11 1.825768504349191589e+11
3.420579357408618927e+07 5.380375403265476227e+07 8.469016035225391388e+07 1.334992895035533905e+08 2.100891224215793610e+08 3.315769998992834091e+08 5.232391367346658707e+08 8.242997022681179047e+08 1.299094822741211891e+09 2.048902073272439957e+09 3.228585453376734734e+09 5.085892916931351662e+09 7.991110986411441803e+09 1.251053996531545830e+10 1.941064117071646500e+10 2.995471429405726624e+10 4.590973854094184113e+10 6.978933197688191223e+10 1.053165298732027740e+11 1.569794018442033081e+11
2.638722656313228607e+07 4.145381651115894318e+07 6.506985091509437561e+07 1.025433636316881180e+08 1.617842948169136047e+08 2.559761701709651947e+08 4.055836545061445236e+08 6.389776832195987701e+08 1.006544146374504089e+09 1.589480683242709160e+09 2.501627189879868507e+09 3.940751093821290970e+09 6.201217121912471771e+09 9.777772267251035690e+09 1.549457279178735352e+10 2.473303290522090149e+10 3.976561369674849701e+10 6.421014973440478516e+10 1.036329542859363708e+11 1.663748432727846680e+11
3.046074885498523712e+07 4.791727862792396545e+07 7.532484086791419983e+07 1.186664513253479004e+08 1.869317691947946548e+08 2.947299496227693558e+08 4.649081463057861328e+08 7.327198753415002823e+08 1.153678115929862976e+09 1.815544282820820808e+09 2.852277778205413818e+09 4.475378752604951859e+09 7.004106699433620453e+09 1.092174058334917641e+10 1.698783896550756264e+10 2.635981959858481598e+10 4.080271892230750275e+10 6.303262969915926361e+10 9.683390099740615845e+10 1.457116742858072815e+11
2.190956195545005798e+07 3.445350894756889343e+07 5.423204761662960052e+07 8.544665371607875824e+07 1.350170233168115616e+08 2.139574368651523590e+08 3.393260451318893433e+08 5.351813785379781723e+08 8.458043486299943924e+08 1.339174532556090355e+09 2.120118917787045479e+09 3.366110399319300652e+09 5.352090294360243797e+09 8.515368999740332603e+09 1.360103836134242249e+10 2.179730427552991486e+10 3.508649314040402222e+10 5.681489292218878174e+10 9.283366992939616394e+10 1.524574060336685181e+11
3.742544171365165710e+07 5.907069830631160736e+07 9.322177690851402283e+07 1.469986336440505981e+08 2.318733528171052933e+08 3.662130650137367249e+08 5.786686806588649750e+08 9.141660776879730225e+08 1.444227554690408707e+09 2.283334723376356125e+09 3.613794503368512154e+09 5.709638686113556862e+09 9.032647778890104294e+09 1.428045131946577835e+10 2.261081867648792267e+10 3.587783790976337433e+10 5.705789474617613220e+10 9.060311870641952515e+10 1.424307379734360352e+11 2.216596793689379578e+11
2.746375789314079285e+07 4.339976752555561066e+07 6.843306109232997894e+07 1.081592521709671021e+08 1.710879268152437210e+08 2.704908699408025742e+08 4.278932492496910095e+08 6.768204150693063736e+08 1.071482046434832573e+09 1.695982810583895683e+09 2.678419713548088074e+09 4.227625200080436707e+09 6.671445802624993324e+09 1.054983613389716339e+10 1.671423776977522278e+10 2.661124970084005356e+10 4.241391200863226318e+10 6.742819790841589355e+10 1.068546936302979431e+11 1.690856811729909668e+11
5.075037633893871307e+07 7.943027929199314117e+07 1.245933933886232376e+08 1.953082103517713547e+08 3.065750019409151077e+08 4.811156997512302399e+08 7.548515368567514420e+08 1.183055544822261810e+09 1.850940598688664436e+09 2.898520401742964745e+09 4.532904221775998116e+09 7.094357929943492889e+09 1.111193576854505730e+10 1.745500319454392242e+10 2.740078797002988434e+10 4.278807357817503357e+10 6.604846139931005096e+10 1.013627412984577026e+11 1.544478020666663818e+11 2.327591076559945679e+11
3.228869917102336884e+07 5.089516995537471771e+07 8.023395196512508392e+07 1.266614333108749390e+08 2.001383968988876343e+08 3.163423184192285538e+08 4.999883390892353058e+08 7.906367334633016586e+08 1.250513757095726013e+09 1.976895234326266289e+09 3.131501731208845139e+09 4.959817061646227837e+09 7.857551643612845421e+09 1.245150945389020538e+10 1.974745220897549820e+10 3.131508543021430206e+10 4.979656172348377991e+10 7.960932228198553467e+10 1.276985742775340576e+11 2.048042052694915161e+11
4.421088937839221954e+07 6.977185220196437836e+07 1.099697300740947723e+08 1.735536455419836044e+08 2.737802432775306702e+08 4.316962653566331863e+08 6.818061557315111160e+08 1.075568017258614540e+09 1.697737531753137589e+09 2.685693990280473709e+09 4.250553714306910515e+09 6.735348897877923012e+09 1.066953352424047852e+10 1.688084677015221977e+10 2.660678662181502533e+10 4.182673407851503754e+10 6.579909760204809570e+10 1.033241421298541107e+11 1.617809698648188782e+11 2.540647994252656555e+11
4.313933808500003815e+07 6.790966018050479889e+07 1.072613704485721588e+08 1.691486465212030411e+08 2.673646204289922714e+08 4.224200515158147812e+08 6.678651768118209839e+08 1.056495056470342636e+09 1.670309911331658363e+09 2.645759035696337700e+09 4.197131948826414108e+09 6.666299974407842636e+09 1.059464564685682678e+10 1.687383029251327133e+10 2.696375721761631012e+10 4.317415501897817230e+10 6.926558542169915771e+10 1.113183583726369629e+11 1.784656414369198608e+11 2.842866759653751831e+11
3.788210699012374878e+07 5.964657024679660797e+07 9.403702276132106781e+07 1.480532973872327805e+08 2.334120342921867371e+08 3.687208272078485489e+08 5.831968339201488495e+08 9.181941344843301773e+08 1.447421572387153625e+09 2.282027550586050034e+09 3.590402045267139435e+09 5.644788707318535805e+09 8.848787975043342590e+09 1.381386184613579941e+10 2.154760048614064026e+10 3.353746318032069016e+10 5.213187709214724731e+10 8.060908364815307617e+10 1.227515961423291626e+11 1.815929703923960571e+11
2.830031067112731934e+07 4.450579990029144287e+07 7.027668504338550568e+07 1.108503829456577301e+08 1.750453800246829987e+08 2.761948298835697174e+08 4.360032735630168915e+08 6.880220709968156815e+08 1.087047795491991997e+09 1.721899457914336205e+09 2.731018542577876091e+09 4.338885794339107513e+09 6.897721140935879707e+09 1.097107967416822052e+10 1.747645475750295258e+10 2.783381889767846680e+10 4.437951291501380157e+10 7.107941982369583130e+10 1.140850885034947815e+11 1.842249959751175232e+11
2.737335457030677795e+07 4.323409513240337372e+07 6.824273246542930603e+07 1.075905752859659195e+08 1.700025479382400513e+08 2.692400771230192184e+08 4.260341747182407379e+08 6.731568818443508148e+08 1.065151816344475746e+09 1.684985218883853912e+09 2.664368092561505318e+09 4.215385495908298492e+09 6.681021870379644394e+09 1.058691723292351913e+10 1.676208061814918518e+10 2.647399404217173004e+10 4.167412747791316986e+10 6.566898259553442383e+10 1.033284626340953064e+11 1.630755790338989563e+11
5.109978510952186584e+07 8.052475428219413757e+07 1.270054621080141068e+08 2.001865814837522507e+08 3.157485948196554184e+08 4.979035058648929596e+08 7.854943805993928909e+08 1.239537156480636597e+09 1.955480825109425545e+09 3.091601452285028458e+09 4.888601733009235382e+09 7.734190387891895294e+09 1.222427793956473351e+10 1.930891605574482727e+10 3.049802394327830887e+10 4.805954864485221863e+10 7.571913733006706238e+10 1.195315541943009033e+11 1.884650537614104919e+11 2.947190851136790771e+11
5.959554368475055695e+07 9.357078549188518524e+07 1.471760903828544617e+08 2.316072924573860168e+08 3.645807668296594620e+08 5.742425874735536575e+08 9.043214792452383041e+08 1.422719216841123581e+09 2.237446627586913109e+09 3.516516217401987076e+09 5.525539874565398216e+09 8.672091141617328644e+09 1.359243675478153992e+10 2.135238638315025711e+10 3.355445525808306122e+10 5.247078695812044525e+10 8.169315871145835876e+10 1.266073047756757812e+11 1.963727928681920471e+11 3.032677162216834106e+11
4.855373631344509125e+07 7.626248133408927917e+07 1.199688427804651260e+08 1.891076618793067932e+08 2.981841511144771576e+08 4.698981751213951111e+08 7.405623908504247665e+08 1.166287711309872627e+09 1.837461142105155945e+09 2.896811709982043266e+09 4.567393705269621849e+09 7.197671202415193558e+09 1.134987559112377739e+10 1.788881758546799469e+10 2.816411520449063492e+10 4.421836232188502502e+10 6.903274396200897217e+10 1.070134169193317261e+11 1.649797168047774048e+11 2.521368451191841125e+11
2.937389652033233643e+07 4.634346599084568024e+07 7.315934566862201691e+07 1.155187809897165298e+08 1.825018943481674194e+08 2.886225231709127426e+08 4.563934693127784729e+08 7.222717933156585693e+08 1.141840970031246185e+09 1.805422549045485497e+09 2.855664736948498726e+09 4.524025766928625107e+09 7.153879720399857521e+09 1.128715118917476654e+10 1.779522038236170959e+10 2.799167102224557114e+10 4.376321332132513428e+10 6.820528387030514526e+10 1.072242103991064758e+11 1.720277340992621460e+11
3.425181807383346558e+07 5.377932817365550995e+07 8.466993015139961243e+07 1.330829093798398972e+08 2.094848872098417282e+08 3.300085142240953445e+08 5.206395273554258347e+08 8.181076547105140686e+08 1.284563293828612328e+09 2.017121523871542931e+09 3.153587895702058792e+09 4.924014310747169495e+09 7.644514749518466949e+09 1.182847179131131554e+10 1.824786716697672272e+10 2.806107328322167587e+10 4.298952551392205048e+10 6.567609950388558960e+10 9.893326756532078552e+10 1.473452998145179138e+11
3.196819480020236969e+07 5.009289831171035767e+07 7.879034259957790375e+07 1.239501577329511642e+08 1.950781422339048386e+08 3.075162252653427124e+08 4.857221707670516968e+08 7.652921015245714188e+08 1.205512277851236343e+09 1.901907810723036766e+09 2.999394799932507515e+09 4.734384371493958473e+09 7.475326910161395073e+09 1.176354551905946732e+10 1.845397042081453705e+10 2.894647369422642899e+10 4.517913777968743134e+10 6.996396504615481567e+10 1.070452769915067749e+11 1.609239115184949341e+11
3.146309556608009338e+07 4.942337038511276245e+07 7.782095894350337982e+07 1.225717430201072693e+08 1.930385901886615753e+08 3.042550331196126938e+08 4.806630310320291519e+08 7.558321452313156128e+08 1.190926540931689262e+09 1.878383184748048782e+09 2.958201432537715912e+09 4.655341088775649071e+09 7.290018914086808205e+09 1.139651796370427895e+10 1.771973322202793503e+10 2.750395448012773132e+10 4.273417395565884399e+10 6.631347121966156006e+10 1.021239488340256348e+11 1.554757633577116089e+11
5.343345316221237183e+07 8.417602431574821472e+07 1.326382685347948074e+08 2.088863449155435562e+08 3.291186430344896317e+08 5.182055104782733917e+08 8.159557448301105499e+08 1.285333883348707199e+09 2.025613930127915382e+09 3.185948522215118408e+09 4.999109852756300926e+09 7.846162821664752007e+09 1.234976388677124405e+10 1.957524179766481400e+10 3.123133149315207672e+10 4.990075716892028809e+10 7.965273409564587402e+10 1.274144755293193359e+11 2.053763871240813904e+11 3.343669754199158936e+11
1.990253603093338013e+07 3.124138119451332092e+07 4.920778927139186859e+07 7.750497907103919983e+07 1.221528507267341614e+08 1.927554321443471909e+08 3.053866033051166534e+08 4.827963504237718582e+08 7.630921225599002838e+08 1.208477110381325722e+09 1.911012639178629875e+09 3.014140261181315422e+09 4.758023862003961563e+09 7.505243621982590675e+09 1.187332691748928261e+10 1.888534688356013489e+10 3.003961183294396591e+10 4.771368206753912354e+10 7.526430254147091675e+10 1.154001380092405243e+11
2.673575708421134949e+07 4.200591331190490723e+07 6.594497382837486267e+07 1.037448961406354904e+08 1.628975581244163513e+08 2.557144436719970703e+08 4.026185006971235275e+08 6.327278252737207413e+08 9.957537014129714966e+08 1.571391011235001564e+09 2.481587117277189255e+09 3.929896905394989014e+09 6.223792509910979271e+09 9.867177607308904648e+09 1.562852583286797523e+10 2.455197691318313599e+10 3.854205048127683258e+10 6.021361937285868835e+10 9.394148891595379639e+10 1.475435917371478882e+11
5.520377722983455658e+07 8.642107279172039032e+07 1.354748138440465927e+08 2.129327434748134613e+08 3.351672653821306229e+08 5.274038442889585495e+08 8.298766765183486938e+08 1.304844221471242905e+09 2.051888367116154671e+09 3.233103724107938766e+09 5.097218669485651016e+09 8.033148803236089706e+09 1.264754377262133217e+10 1.995221554715270996e+10 3.143887971525141907e+10 4.936050763388295746e+10 7.727785870962744141e+10 1.205204865543364716e+11 1.865542114705895691e+11 2.845325703329261475e+11
3.981110276541614532e+07 6.272746151362991333e+07 9.871752630038452148e+07 1.557607975497789383e+08 2.458936096364278793e+08 3.880592205912275314e+08 6.127348531009836197e+08 9.677339445997810364e+08 1.527266256329084396e+09 2.412462710015390396e+09 3.811294204085758209e+09 6.021437060496847153e+09 9.526452921622259140e+09 1.513799836612534523e+10 2.417595756061054611e+10 3.869757450801937866e+10 6.209693291279365540e+10 9.919270904837124634e+10 1.588000066175076904e+11 2.556729679514497681e+11
4.613383284931564331e+07 7.263447960262966156e+07 1.142836444326772690e+08 1.798213518410434723e+08 2.832772509247226715e+08 4.463758511204242706e+08 7.038471745408334732e+08 1.108735084024881363e+09 1.744780258416364670e+09 2.745435365516828537e+09 4.325115630832902908e+09 6.807835419964427948e+09 1.073421317616436195e+10 1.705547901046915627e+10 2.721612257948214340e+10 4.352314155944725037e+10 6.971686843174142456e+10 1.117820479987077942e+11 1.810998765393730469e+11 2.957335267184935913e+11
1.317657457435321808e+07 2.050998393054294586e+07 3.206808824971675873e+07 5.032846374395370483e+07 7.895267010937404633e+07 1.237481671045389175e+08 1.938426417849941254e+08 3.024000350436639786e+08 4.710772951977052689e+08 7.330399982638187408e+08 1.136505773350049973e+09 1.758215965649206161e+09 2.686159486167715073e+09 4.057614506014089584e+09 6.067830918416188240e+09 8.955859716505558014e+09 1.309968708370945358e+10 1.906757189541544342e+10 2.771528468805095673e+10 4.161253791276026154e+10
5.576765316984939575e+07 8.787708105353069305e+07 1.387611543842096329e+08 2.189810313506441116e+08 3.460253620740766525e+08 5.464682313823213577e+08 8.631833860018110275e+08 1.364702044588274002e+09 2.157932302903858185e+09 3.412329783066907883e+09 5.403433276182397842e+09 8.568709846377486229e+09 1.360034333215854073e+10 2.154640895883077621e+10 3.403045611834944916e+10 5.364561553230413055e+10 8.415580436853852844e+10 1.313270357058925934e+11 2.042016191291473999e+11 3.168680345412623291e+11
3.635692054669475555e+07 5.716754679204177856e+07 9.032578962435817719e+07 1.423242585014791489e+08 2.250038045968027115e+08 3.551554811208343506e+08 5.616360215250482559e+08 8.877202662835092545e+08 1.402450545991189957e+09 2.215788296784565926e+09 3.499627135847240448e+09 5.526853851334823608e+09 8.732520013618778229e+09 1.383277182689964104e+10 2.191209393821328354e+10 3.466231955074827576e+10 5.490599958741371155e+10 8.717600934426007080e+10 1.377829290265881348e+11 2.152839133890484924e+11
3.539734829230117798e+07 5.581463774037551880e+07 8.799393095486736298e+07 1.387393060140771866e+08 2.188635247969369888e+08 3.456539751614284515e+08 5.462334898166141510e+08 8.612837425707492828e+08 1.358230001011724472e+09 2.143085067096304893e+09 3.377020907509800911e+09 5.330708490145732880e+09 8.415635597227237701e+09 1.329338727916995239e+10 2.098385190873229980e+10 3.306372349724234390e+10 5.168502590492786407e+10 7.988197861844802856e+10 1.226203548034111023e+11 1.888033678078158264e+11
3.427586405905246735e+07 5.404318090273284912e+07 8.522390970448684692e+07 1.345758837047729492e+08 2.123972707560682297e+08 3.359725154802598953e+08 5.310957887985353470e+08 8.408004832760620117e+08 1.330438869159072876e+09 2.108576680700581551e+09 3.342403327535773277e+09 5.300257550196228027e+09 8.406467830643589973e+09 1.334683865721675873e+10 2.117409817628686905e+10 3.358445143674682617e+10 5.320898086795920563e+10 8.413598733356932068e+10 1.321692616396376343e+11 2.052120471331471558e+11
2.455472940565872192e+07 3.871413194535350800e+07 6.097121764697837830e+07 9.622638171592044830e+07 1.521430998950958252e+08 2.402258912865877151e+08 3.800561707877302170e+08 6.011345733817281723e+08 9.500865634768590927e+08 1.502551667964353561e+09 2.376863980558550835e+09 3.761252219967923164e+09 5.952169315368158340e+09 9.413609827286251068e+09 1.487204481372252083e+10 2.350250089104615784e+10 3.731377340732606506e+10 5.949207960383170319e+10 9.648058935824786377e+10 1.577545580638019104e+11
4.443093637231540680e+07 6.973166254289436340e+07 1.094551258014917374e+08 1.718417980991344452e+08 2.696680220272874832e+08 4.242812601054401398e+08 6.683045247473297119e+08 1.046062261645320892e+09 1.633914267808773994e+09 2.545256474450814247e+09 3.939856655941021919e+09 6.065683511637167931e+09 9.283000906759904861e+09 1.411235297825691986e+10 2.124386655389970398e+10 3.155607250573430634e+10 4.597498287967709351e+10 6.474937480086801147e+10 8.498387797116549683e+10 1.019952289211951752e+11
2.654163753852939606e+07 4.182790083870887756e+07 6.594222819673824310e+07 1.039058925678043365e+08 1.636537057644081116e+08 2.578583213872480392e+08 4.065149754498653412e+08 6.390751864823427200e+08 1.004789456398870468e+09 1.577670109720175743e+09 2.475194404552551270e+09 3.886076185644116402e+09 6.100819881766384125e+09 9.593934094895807266e+09 1.510696090807745171e+10 2.380512567910750961e+10 3.767714560325915527e+10 5.983919579160236359e+10 9.586840255022590637e+10 1.539817146818821716e+11
5.728908402412128448e+07 9.010022318288898468e+07 1.417922615855083466e+08 2.237049606303138733e+08 3.522709423583507538e+08 5.562455309846353531e+08 8.781220836988964081e+08 1.387555032775234222e+09 2.195142316032071114e+09 3.477932991192027092e+09 5.511227160873779297e+09 8.736906647273601532e+09 1.386948608649099922e+10 2.202359521558895874e+10 3.500190907551805115e+10 5.568221547936534119e+10 8.836724641746868896e+10 1.400003084688554077e+11 2.213051990883988953e+11 3.484998390174333496e+11
6.931952061179542542e+07 1.089963910129928589e+08 1.717073767867851257e+08 2.703574988000392914e+08 4.258854951307287216e+08 6.716658866534938812e+08 1.059139274090996742e+09 1.669373823036203384e+09 2.629291523099103928e+09 4.138465491519816399e+09 6.510436863585041046e+09 1.021663054721214676e+10 1.602525073863360214e+10 2.515951602578482819e+10 3.950181057699807739e+10 6.169846997540406799e+10 9.562332864260958862e+10 1.473999369928782959e+11 2.247530673667579651e+11 3.371532262518436890e+11
3.219254469044876099e+07 5.020335848570442200e+07 7.835789145419025421e+07 1.223051672998199463e+08 1.912339288895587921e+08 3.005685805798845291e+08 4.740140621084289551e+08 7.384726429982490540e+08 1.146982275354774475e+09 1.786724268067536354e+09 2.756528922536475182e+09 4.235797593860169411e+09 6.450283402804409027e+09 9.767601809546386719e+09 1.468594951067007828e+10 2.170398618498829269e+10 3.135107914401726913e+10 4.346752504547179413e+10 5.624651397511521912e+10 6.985231122662205505e+10
4.611521799937057495e+07 7.256647914739418030e+07 1.144688357973766327e+08 1.808356599869327545e+08 2.853012419623079300e+08 4.507554945171165466e+08 7.127910124646625519e+08 1.126539537622500420e+09 1.779480003389733315e+09 2.807248603482605934e+09 4.430569307225917816e+09 6.987490599408300400e+09 1.100918756265679359e+10 1.738604087386231232e+10 2.748331775036936188e+10 4.345655563892231750e+10 6.849676846660644531e+10 1.076103242352649994e+11 1.684634440030026245e+11 2.650246865255326843e+11
3.821313908431339264e+07 6.009607555443572998e+07 9.476244291874694824e+07 1.492350943218803406e+08 2.353567359963188171e+08 3.712484876562538147e+08 5.872644474808530807e+08 9.258650300613851547e+08 1.459038390015192032e+09 2.301306753878258705e+09 3.624726010329548836e+09 5.705783207808977127e+09 8.958747926606048584e+09 1.398328313388650894e+10 2.171826568490764236e+10 3.351983455534200287e+10 5.113481600672863007e+10 7.695152148604635620e+10 1.143700112580323792e+11 1.656931198209464111e+11
3.658307867893695831e+07 5.762396736060714722e+07 9.062558742832088470e+07 1.429543619378356934e+08 2.257445210432901382e+08 3.563922379575872421e+08 5.631646170281248093e+08 8.885265623897113800e+08 1.401721641378226280e+09 2.211973107872761726e+09 3.492846714513190269e+09 5.509178184904034615e+09 8.684848171286365509e+09 1.372535425617212677e+10 2.177420021009339905e+10 3.465143421296043396e+10 5.517436840490260315e+10 8.743014227846578979e+10 1.379347494544221802e+11 2.195666972006116028e+11
4.922618866349697113e+07 7.767359897729492188e+07 1.225853365495548248e+08 1.937354149979448318e+08 3.056091307793388367e+08 4.828175182087583542e+08 7.629301611858158112e+08 1.206141960720483780e+09 1.906407675635176659e+09 3.017034635161254883e+09 4.784839872166156769e+09 7.596672164300465584e+09 1.206179251581621742e+10 1.913438996265573120e+10 3.034401275270508575e+10 4.806445413291464996e+10 7.607885451175389099e+10 1.208470046270995483e+11 1.924480997363250732e+11 3.055558692605592651e+11
2.852628675491905212e+07 4.480848102791404724e+07 7.041844244128513336e+07 1.104655315819053650e+08 1.733679526311693192e+08 2.733206663364849091e+08 4.316803024701843262e+08 6.775181013944511414e+08 1.064807082524223328e+09 1.677820020486861229e+09 2.637694225078312874e+09 4.152195355932559013e+09 6.525788399161641121e+09 1.021172032943488693e+10 1.595087973687879562e+10 2.469141876617375565e+10 3.797729662345419312e+10 5.784968096067257690e+10 8.635508685697897339e+10 1.250340341915727081e+11
3.238598852477931976e+07 5.085817042544651031e+07 7.983256538557624817e+07 1.258045090138378143e+08 1.984610064045524597e+08 3.130833170723619461e+08 4.942309035818538666e+08 7.794249144532356262e+08 1.228276367110989571e+09 1.936006619278106689e+09 3.050013432930266380e+09 4.806158127302182198e+09 7.553795896051540375e+09 1.185881609566164017e+10 1.859088981732148743e+10 2.906410554191152573e+10 4.542128224477136230e+10 7.096384174664138794e+10 1.107525184527635040e+11 1.733442472165867920e+11
4.144557568386745453e+07 6.498090760876941681e+07 1.019552074036302567e+08 1.601049384784431458e+08 2.516119257604532242e+08 3.954772484812202454e+08 6.214517491186017990e+08 9.750925592686614990e+08 1.529681615490569115e+09 2.403284767081483841e+09 3.777108698752353668e+09 5.928209336287504196e+09 9.299820106023471832e+09 1.458054501080485535e+10 2.286044576247988510e+10 3.565362811626293945e+10 5.550803329144694519e+10 8.598322281150209045e+10 1.323277499868765869e+11 2.020375676898654175e+11
4.865513830395793915e+07 7.669340107600212097e+07 1.208796779996089935e+08 1.905283540154418945e+08 2.999692202995052338e+08 4.731868482145919800e+08 7.454956919589061737e+08 1.173436468908710480e+09 1.847131117242128372e+09 2.905171722552036285e+09 4.563072976816671371e+09 7.157458196793475151e+09 1.120534364040177345e+10 1.757372356861769104e+10 2.754931650335693359e+10 4.326827652348204041e+10 6.829602340329655457e+10 1.070591532908694458e+11 1.649411249964143677e+11 2.538127372421697083e+11
3.056730926667690277e+07 4.819748847439479828e+07 7.595282944804286957e+07 1.197459369854269028e+08 1.887167201373748779e+08 2.977168277074804306e+08 4.711559368419656754e+08 7.430552635998353958e+08 1.171656202257858276e+09 1.844768609996778488e+09 2.897690508145593643e+09 4.543401387173256874e+09 7.096787218849118233e+09 1.105394434666725922e+10 1.710973503163312912e+10 2.625191013687249374e+10 4.005600489561540985e+10 6.035736597871317291e+10 8.892198444257258606e+10 1.282732593614402924e+11
2.838330937855434418e+07 4.463723498312282562e+07 7.022753665124034882e+07 1.104304826929435730e+08 1.737539989884157181e+08 2.732242200192441940e+08 4.312224006439075470e+08 6.765809631674394608e+08 1.061119808671401978e+09 1.666909889855509758e+09 2.603656540821975708e+09 4.056701231056983948e+09 6.291043213307209969e+09 9.693997218487083435e+09 1.479488310991914177e+10 2.234354173482669067e+10 3.342272538084150696e+10 4.968228321599463654e+10 7.352222068599392700e+10 1.103698649839017487e+11
2.745535524713993073e+07 4.323235647078037262e+07 6.805976520021533966e+07 1.072024754494905472e+08 1.688248071047229767e+08 2.659481294211101532e+08 4.191832247977418900e+08 6.591797057431802750e+08 1.038025365052121162e+09 1.637291887351596832e+09 2.587943676558561325e+09 4.099635423745594978e+09 6.498872256859558105e+09 1.033274944137379837e+10 1.649686026069945908e+10 2.647313642363780594e+10 4.217636961986410522e+10 6.645142394474137878e+10 1.042874365308482971e+11 1.628837829980479126e+11
6.893391154675197601e+07 1.084730552961511612e+08 1.711512278569755554e+08 2.702691572495651245e+08 4.265816626756381989e+08 6.744919847725324631e+08 1.065860203816356659e+09 1.684377870134109497e+09 2.665185121583037376e+09 4.221125920578846931e+09 6.684049550704329491e+09 1.057132851406997299e+10 1.670303438690169144e+10 2.634303645634824753e+10 4.132520255100317383e+10 6.454044334103257751e+10 1.007004506824489441e+11 1.571271580725393372e+11 2.450139322784911499e+11 3.788886948517062378e+11
2.694427690657329559e+07 4.240569978161525726e+07 6.684914495644569397e+07 1.055699335408630371e+08 1.664939690924539566e+08 2.629583714918727875e+08 4.147432995621976852e+08 6.542288656552600861e+08 1.031635358501444817e+09 1.631369259687355042e+09 2.581767710507115364e+09 4.085650541196762085e+09 6.470491100189747810e+09 1.022567631776202965e+10 1.622050951456185150e+10 2.589313856050087738e+10 4.143888987379117584e+10 6.642893154078102112e+10 1.070658773626972046e+11 1.715866743327488708e+11
5.688783098967742920e+07 8.964063391999340057e+07 1.415071049060325623e+08 2.235156209882669449e+08 3.528655075125732422e+08 5.578817746239910126e+08 8.822931036728305817e+08 1.395664299070494652e+09 2.208476763138070107e+09 3.497775496920022011e+09 5.537474813601535797e+09 8.764197420977642059e+09 1.385595963111880684e+10 2.187211132476911926e+10 3.455724185965920258e+10 5.467319234109078979e+10 8.676971916221723938e+10 1.375341429593111572e+11 2.180478300403305054e+11 3.459061348248836670e+11
4.516789095868015289e+07 7.120039475300788879e+07 1.122799569805335999e+08 1.772459902644748688e+08 2.795539628444213867e+08 4.407729625597877502e+08 6.951939121231117249e+08 1.095570799206560135e+09 1.726037242664343834e+09 2.718105381315929413e+09 4.272769107783193588e+09 6.706342653889668465e+09 1.051297418613291550e+10 1.652744261792436409e+10 2.594822840850960922e+10 4.057778339651550293e+10 6.313828753265501404e+10 9.811055832199971008e+10 1.524420654400125427e+11 2.345755649424559937e+11
2.214446769925022125e+07 3.468953071670436859e+07 5.463044169513320923e+07 8.570043099365139008e+07 1.347768926818714142e+08 2.117689755439291000e+08 3.333986206937847137e+08 5.234571692666778564e+08 8.238279724680976868e+08 1.301356073946424484e+09 2.054633523046150208e+09 3.249235558225530624e+09 5.131464179990322113e+09 8.130569117857162476e+09 1.292803558585406494e+10 2.063331302872556305e+10 3.305468030489692688e+10 5.294631835078340912e+10 8.498315652305145264e+10 1.371094232828946381e+11
2.253543448783493042e+07 3.556534157829856873e+07 5.614146373879623413e+07 8.868072389571762085e+07 1.399968152957334518e+08 2.215896700759592056e+08 3.509227159600458145e+08 5.547690564250955582e+08 8.783798539002399445e+08 1.391592440951017380e+09 2.203959442386940956e+09 3.495735390562901497e+09 5.548488526282669067e+09 8.834517680995693207e+09 1.410204847238030815e+10 2.255626099319194794e+10 3.623000814823056793e+10 5.900371727323149109e+10 9.760262121524282837e+10 1.620471661039827881e+11
1.405961076826381683e+07 2.200943571223163605e+07 3.446951204545593262e+07 5.416319061266517639e+07 8.514694055895328522e+07 1.340482515753278732e+08 2.112622800322170258e+08 3.315550211661119461e+08 5.204408608380136490e+08 8.146134644268026352e+08 1.270761507228839874e+09 1.980499579180451393e+09 3.076436857098900795e+09 4.753447778761121750e+09 7.301377846948896408e+09 1.117149618278170013e+10 1.700977317968165779e+10 2.548431141088985443e+10 3.720527957080346680e+10 5.341841196059597015e+10
3.356288543412113190e+07 5.289820776157665253e+07 8.332817615277194977e+07 1.315494193481979370e+08 2.072784990462493896e+08 3.261242757324695587e+08 5.130614461950883865e+08 8.082294722462625504e+08 1.270741245177819252e+09 1.996407814971027374e+09 3.129733821459470749e+09 4.896053957383820534e+09 7.649564757803532600e+09 1.197778436619307327e+10 1.878234480604895782e+10 2.939097493150965881e+10 4.580149992811328125e+10 7.117034684180456543e+10 1.091171605985330505e+11 1.665648990124638062e+11
2.137208261345100403e+07 3.359837221346950531e+07 5.277639699207210541e+07 8.301195373379421234e+07 1.305918632377786636e+08 2.053064176455535889e+08 3.227626011827144623e+08 5.060343106322984695e+08 7.931494972898998260e+08 1.239133622188777924e+09 1.930017080035242081e+09 2.991840953500435829e+09 4.595470094238275528e+09 7.015735462918273926e+09 1.067398216018591499e+10 1.614550582977997589e+10 2.427452312648910522e+10 3.666420834892253876e+10 5.632417830757158661e+10 9.239855862180986023e+10
6.428422256053161621e+07 1.010769411566534042e+08 1.594148350172204971e+08 2.513089278809576035e+08 3.967354881829118729e+08 6.263202811095848083e+08 9.883719728755807877e+08 1.560469616834280968e+09 2.462737115230747223e+09 3.888523675254579544e+09 6.142497548425189972e+09 9.712649838263261795e+09 1.536629474900887680e+10 2.430708603048887253e+10 3.842711667848108673e+10 6.065286964419994354e+10 9.562209749072683716e+10 1.500116823922626038e+11 2.357904051302835999e+11 3.718471540346486816e+11
3.089452261140823364e+07 4.865805795600223541e+07 7.674875304453277588e+07 1.213452435565042496e+08 1.916488923384323120e+08 3.026719554777135849e+08 4.785556524123868942e+08 7.559983166728792191e+08 1.193635091364179611e+09 1.885093077825846672e+09 2.980140900433561325e+09 4.716140651055051804e+09 7.469731278448508263e+09 1.178828263610697365e+10 1.851727238721288300e+10 2.896734716954977417e+10 4.506390332251844025e+10 6.983991962605995178e+10 1.088856450095307007e+11 1.706055067728730774e+11
3.366205748970985413e+07 5.295923338520336151e+07 8.341552339068126678e+07 1.316730224773197174e+08 2.076399469761381149e+08 3.275991937589960098e+08 5.171735921166696548e+08 8.157120128141002655e+08 1.286061169269958496e+09 2.030334300644666672e+09 3.207375155580394745e+09 5.071184186928063393e+09 8.018762195470370293e+09 1.268180801302009773e+10 2.002968331069845963e+10 3.159372597461045837e+10 5.008346811194135284e+10 7.961470899200035095e+10 1.266220136100951385e+11 2.037551592303301392e+11
2.730068751868629456e+07 4.285784848546314240e+07 6.763180941251945496e+07 1.064324421458091736e+08 1.676230333424749374e+08 2.644574064524002075e+08 4.174006178651504517e+08 6.574276921825265884e+08 1.035878191161784172e+09 1.634288559309614182e+09 2.574765382670962334e+09 4.056487874166189194e+09 6.377702379212529182e+09 9.968270183021163940e+09 1.549167899967407608e+10 2.394656903718997955e+10 3.684218054462333679e+10 5.622574201000423431e+10 8.456317555570227051e+10 1.238875732061485596e+11
3.752614614240837097e+07 5.891478117802143097e+07 9.267323267416000366e+07 1.456217161394681931e+08 2.296488276819849014e+08 3.614283821330947876e+08 5.697578080785360336e+08 8.961986743473844528e+08 1.410002486187538147e+09 2.219354980970728874e+09 3.495871078581104279e+09 5.512298613041326523e+09 8.681064641689031601e+09 1.364662910968914223e+10 2.134007200425420380e+10 3.327167108399247360e+10 5.163014945709391785e+10 7.969892673866561890e+10 1.227306848464346924e+11 1.893209131990804749e+11
5.320538520245742798e+07 8.404425740232944489e+07 1.327518638111648560e+08 2.096935585276241302e+08 3.317247416848926544e+08 5.249269656178703308e+08 8.299998451603183746e+08 1.311987223408944130e+09 2.075565535349986076e+09 3.282181198487436295e+09 5.191325729688955307e+09 8.211114802708418846e+09 1.299525181514930725e+10 2.056702590712816620e+10 3.252330232159378815e+10 5.130587666408043671e+10 8.076036424767700195e+10 1.269436987789150391e+11 1.998440458589567871e+11 3.148223155932210693e+11
2.038437467996025085e+07 3.197027876219749451e+07 5.017592814470291138e+07 7.909180143828773499e+07 1.245321588137102127e+08 1.962830209416160583e+08 3.095081681990156174e+08 4.885682209139013290e+08 7.714999010584239960e+08 1.216696853507620811e+09 1.914026803783102036e+09 3.013154493021876335e+09 4.732609095715661049e+09 7.419952727704743385e+09 1.160452893325338173e+10 1.819175166300432587e+10 2.854938590822822571e+10 4.529134518273061371e+10 7.233006099167713928e+10 1.147347235751443787e+11
1.836624921567535400e+07 2.880100461907863617e+07 4.522906468178272247e+07 7.104068848290348053e+07 1.118065170906000137e+08 1.758379305600242615e+08 2.775113688753480911e+08 4.364942221120185852e+08 6.874288611235647202e+08 1.083274414330137253e+09 1.703504240545825005e+09 2.672846673590728760e+09 4.189423053958512306e+09 6.567708353906956673e+09 1.028840317264702988e+10 1.613520481767593384e+10 2.558140973381941986e+10 4.081472635898008728e+10 6.514461126345834351e+10 1.028656119136056976e+11
3.167842493518733978e+07 4.990253180589389801e+07 7.879253394876003265e+07 1.242692353381023407e+08 1.962454880382356644e+08 3.102719943735761642e+08 4.907225011067743301e+08 7.744278209613790512e+08 1.222266962433711052e+09 1.933986010291868210e+09 3.063379140794930458e+09 4.857736612846364021e+09 7.698589755935976982e+09 1.222080954432632256e+10 1.942676304523149109e+10 3.093920323609960175e+10 4.943009349705872345e+10 7.923604921044235229e+10 1.265642015644697418e+11 2.014887982299907227e+11
3.461240292083263397e+07 5.465039393799018860e+07 8.634908032042598724e+07 1.364593471537160873e+08 2.156964381953067780e+08 3.409626043100433350e+08 5.395113003476724625e+08 8.528684491050453186e+08 1.349909701778867722e+09 2.137156374152880669e+09 3.380517267246684074e+09 5.344511719189738274e+09 8.451966696055056572e+09 1.334627146733320427e+10 2.107960353260556030e+10 3.338356451355050659e+10 5.306643863734894562e+10 8.496670368868681335e+10 1.365185125419360657e+11 2.183292682469350586e+11
3.813028851998519897e+07 5.997584828337097168e+07 9.418896864894676208e+07 1.484799420774621964e+08 2.338945697420969009e+08 3.690549187512683868e+08 5.832442594583473206e+08 9.169193303638496399e+08 1.442795808506226540e+09 2.268044772711640358e+09 3.557912215769375801e+09 5.575370555460212708e+09 8.694460952706882477e+09 1.349945610318845367e+10 2.075912129050224304e+10 3.161679136378991318e+10 4.748851267424893951e+10 7.019953361102647400e+10 1.012463702028704987e+11 1.402917261474353333e+11
3.197430074151611328e+07 5.033651081744575500e+07 7.907583124643230438e+07 1.245726591993389130e+08 1.964873988340902328e+08 3.104325937113828659e+08 4.912731206396636963e+08 7.741794384592418671e+08 1.221325876349892616e+09 1.931213341577008247e+09 3.048218692432741165e+09 4.814656800760165215e+09 7.579109032397330284e+09 1.187117265246186829e+10 1.853870284611210632e+10 2.882114245966299057e+10 4.450055852244629669e+10 6.818543427676036835e+10 1.038261501445061646e+11 1.566081911447296448e+11
3.857961168889236450e+07 6.089430953769493103e+07 9.602227955992126465e+07 1.513368328664903641e+08 2.388446716128015518e+08 3.773417310285243988e+08 5.959330862522573471e+08 9.414774973834238052e+08 1.488012161230308533e+09 2.355789515883650780e+09 3.734646648829695702e+09 5.925802566520754814e+09 9.399530059301065445e+09 1.492057616638352394e+10 2.363380407525687027e+10 3.739797250078695679e+10 5.896997794979460907e+10 9.263675995872126770e+10 1.449456141374325562e+11 2.262335649106682129e+11
1.680163655145072937e+07 2.628936058422565460e+07 4.130983171324443817e+07 6.475546229902648926e+07 1.018413962891635895e+08 1.606793961790580750e+08 2.543408129548254013e+08 4.013300471530103683e+08 6.328928344843139648e+08 1.000349292748733521e+09 1.576487209693946838e+09 2.486693355854090691e+09 3.918380514475747108e+09 6.161381415727520943e+09 9.705945248971096039e+09 1.537345919758902359e+10 2.454795718125231171e+10 3.957610392241894531e+10 6.367096193421699524e+10 1.011801763580596771e+11
3.344138427432250977e+07 5.267522381774616241e+07 8.287170281427001953e+07 1.305456025938510895e+08 2.062126302790174484e+08 3.265641698359546661e+08 5.182025175006961823e+08 8.175845095681571960e+08 1.292149836849066734e+09 2.043694892602427483e+09 3.225942819580653191e+09 5.097145760436653137e+09 8.062083810408679962e+09 1.274617066352860832e+10 2.019114927569815826e+10 3.198706573860899353e+10 5.077276513774908447e+10 8.086031281887701416e+10 1.290480290762193298e+11 2.058882193152309570e+11
3.386251584127140045e+07 5.328271758746623993e+07 8.397759498305606842e+07 1.322600181501312256e+08 2.085798037246694565e+08 3.295484246894817352e+08 5.209549032100973129e+08 8.210263300810079575e+08 1.294882946239921570e+09 2.042379835186731339e+09 3.214948832854614258e+09 5.059799859665941238e+09 7.956471216551466942e+09 1.247410713415493393e+10 1.946871215581713867e+10 3.019161180994129181e+10 4.669433124990693665e+10 7.181293359258691406e+10 1.093807845607291412e+11 1.649340207023908386e+11
1.555368074319076538e+07 2.435933682552909851e+07 3.821085412105369568e+07 5.999251270870971680e+07 9.415305625387001038e+07 1.486378412845802307e+08 2.340006422649469376e+08 3.672523467746620178e+08 5.757543765786104202e+08 9.025661264841451645e+08 1.409979439961579323e+09 2.195385475059494972e+09 3.408777027688542366e+09 5.264289054492916107e+09 8.060290590628358841e+09 1.221205623303380966e+10 1.844349857368050385e+10 2.798395279238919830e+10 4.213780022239941406e+10 6.329232345663714600e+10
3.570309580611228943e+07 5.626322039062309265e+07 8.876611864077568054e+07 1.399855439511442184e+08 2.211104327913141251e+08 3.494686267395534515e+08 5.522369331088418961e+08 8.734422383761920929e+08 1.381060298055795670e+09 2.185974057995034218e+09 3.460804256319515228e+09 5.481221599538781166e+09 8.675246860284870148e+09 1.372412938943842125e+10 2.166763534581455994e+10 3.412158895964967728e+10 5.342545773397715759e+10 8.293047241253453064e+10 1.276973346785927582e+11 1.952438569474682007e+11
2.263314400761318207e+07 3.550509106004524231e+07 5.566005294674015045e+07 8.750956749185657501e+07 1.378069009196968079e+08 2.174302592518215179e+08 3.433165262274742126e+08 5.410731018385181427e+08 8.526838587808732986e+08 1.342572920137708664e+09 2.107690453976650238e+09 3.308915334420071602e+09 5.182438984745692253e+09 8.088395926394018173e+09 1.249641114470539284e+10 1.913433642870664215e+10 2.905170200600812531e+10 4.334389451222646332e+10 6.328991074831848145e+10 9.089815347038070679e+10
3.722398556811428070e+07 5.826326176375102997e+07 9.136666864730358124e+07 1.436001172764759064e+08 2.259040051698064804e+08 3.554512206869840622e+08 5.603380251698513031e+08 8.815213886866254807e+08 1.386783573549188614e+09 2.181018182036152840e+09 3.426114615498831749e+09 5.372255088490363121e+09 8.380470438666783333e+09 1.303314469725361252e+10 2.013819133134077835e+10 3.102321896674097443e+10 4.744256895147335815e+10 7.229847667863145447e+10 1.092829812694947510e+11 1.635150584596302185e+11
4.478771533541679382e+07 7.062765526504325867e+07 1.113231032326154709e+08 1.759111710084724426e+08 2.777857006956205368e+08 4.391150439462366104e+08 6.937924981672534943e+08 1.095914167342826843e+09 1.730377034506270409e+09 2.733927509416898727e+09 4.320776093493498802e+09 6.831047000898636818e+09 1.082714454662827492e+10 1.719983205664189911e+10 2.723300737292176056e+10 4.288951070485063934e+10 6.759872960655813599e+10 1.066066164186304932e+11 1.682855532941176758e+11 2.653912743876448975e+11
3.582868047741985321e+07 5.630143164829921722e+07 8.849752484641933441e+07 1.394541433382349014e+08 2.198059765629959106e+08 3.465183551247253418e+08 5.457375283810977936e+08 8.587902709171352386e+08 1.348892021607035637e+09 2.121121187555188179e+09 3.328413817559660912e+09 5.219439583356639862e+09 8.156165388965103149e+09 1.269161208433286095e+10 1.964250164139963913e+10 3.024182765092229080e+10 4.647334420537016296e+10 7.162971572769737244e+10 1.103250419007402039e+11 1.707299612577911987e+11
4.415928064104843140e+07 6.962416119887924194e+07 1.098987428270111084e+08 1.731583819819688797e+08 2.733992689263477325e+08 4.312344725673742294e+08 6.808952632500200272e+08 1.075291810692853928e+09 1.699385766153907776e+09 2.687885552299574852e+09 4.248096707013561249e+09 6.723268947090959549e+09 1.065949158218489838e+10 1.693228663285158348e+10 2.691386445920399857e+10 4.280457652817225647e+10 6.816148504161784363e+10 1.084886887910699310e+11 1.726584392360193176e+11 2.735084701606684570e+11
2.874551603447341919e+07 4.528778842835330963e+07 7.139532067260551453e+07 1.126778480281934738e+08 1.778257062014389038e+08 2.813811417356367111e+08 4.448991963411598206e+08 7.039112732600326538e+08 1.113955401259509087e+09 1.762290639630529404e+09 2.790813142896655083e+09 4.423057652439197540e+09 7.018300473172502518e+09 1.114990352932397461e+10 1.775292814666674042e+10 2.825448361277276611e+10 4.507723220279746246e+10 7.186453095420625305e+10 1.144593277560948029e+11 1.810356343291993713e+11
2.928965251483917236e+07 4.612491904598140717e+07 7.262651870012760162e+07 1.147903533538465500e+08 1.810942676344327927e+08 2.855956243209409714e+08 4.514925770589685440e+08 7.131366352355947495e+08 1.128366897164039612e+09 1.786348683660618782e+09 2.828127967302575111e+09 4.485521610481723785e+09 7.124209415864377022e+09 1.134185259794927406e+10 1.813298854273366928e+10 2.913651882601551819e+10 4.704116681767531586e+10 7.583093043177511597e+10 1.218241117843396606e+11 1.964941923339736633e+11
2.703185080604839325e+07 4.267346110582637787e+07 6.718024488800907135e+07 1.060815053980464935e+08 1.675674198736925125e+08 2.652675141884717941e+08 4.196266152662878036e+08 6.633246674059934616e+08 1.048155448539055824e+09 1.656912963655456543e+09 2.621372625563463211e+09 4.145003460954683304e+09 6.550621197572782516e+09 1.034350559757942581e+10 1.638100191247695541e+10 2.590857656767712402e+10 4.086055932064196777e+10 6.432634509456665039e+10 1.008796713853395691e+11 1.572502573207809448e+11
2.677568051001930237e+07 4.202383668672561646e+07 6.622545089000511169e+07 1.042196594010686874e+08 1.642571563497686386e+08 2.590317586835479736e+08 4.097068520591459274e+08 6.444456605852460861e+08 1.014285685815066338e+09 1.597611858015790939e+09 2.511008729932513237e+09 3.953033259823745728e+09 6.212543640351533890e+09 9.737710128654258728e+09 1.520991932337100410e+10 2.375073648738965225e+10 3.689898360782977295e+10 5.660468471736972046e+10 8.545433059453033447e+10 1.268632713830292664e+11
2.688454697844409943e+07 4.204406075414657593e+07 6.607614984924316406e+07 1.040121981673164368e+08 1.634487167081661224e+08 2.575780107501010895e+08 4.067322421168870926e+08 6.412781203115587234e+08 1.011823750785682678e+09 1.599287351391352654e+09 2.524952871671840668e+09 3.991179479263059616e+09 6.315758929472744942e+09 9.988637190326774597e+09 1.580810934186106682e+10 2.505974635530213165e+10 3.982089447826669312e+10 6.313870056317528534e+10 9.987918550092312622e+10 1.568030341927409363e+11
3.618730810578155518e+07 5.701592886622619629e+07 8.990127780597496033e+07 1.419040387571611404e+08 2.237183781421747208e+08 3.527854981176767349e+08 5.566275344875097275e+08 8.770363652305793762e+08 1.382686304408843040e+09 2.178479283217328072e+09 3.430420180956550598e+09 5.389279087267530441e+09 8.448431738136859894e+09 1.320576230686482620e+10 2.056629935889699554e+10 3.190522394604372787e+10 4.947131370184469604e+10 7.678262155473078918e+10 1.188907360100116882e+11 1.819895891198389282e+11
3.654515901917457581e+07 5.755691863918876648e+07 9.083142147574329376e+07 1.432396222752723694e+08 2.260200583239479065e+08 3.570898714387645721e+08 5.640347674829406738e+08 8.910542019255733490e+08 1.406741077289184570e+09 2.224913783898647308e+09 3.521522217605864525e+09 5.576127252272931099e+09 8.824002972213230133e+09 1.396051239569353104e+10 2.206985314203122330e+10 3.474266483253581238e+10 5.441130076748331451e+10 8.470317475652360535e+10 1.304939417640642090e+11 1.970180433348994751e+11
2.116807486394786835e+07 3.326695795207500458e+07 5.241866128742694855e+07 8.249960178697776794e+07 1.297057938863258362e+08 2.042905219281215668e+08 3.224711568623390198e+08 5.074419068103857040e+08 7.985626014335107803e+08 1.257033621551961899e+09 1.980430912703197479e+09 3.122461155774794579e+09 4.923151404312369347e+09 7.751088086512366295e+09 1.215964194714936829e+10 1.902184494214953995e+10 2.967196352560367584e+10 4.640125175853729248e+10 7.354263229060253906e+10 1.182802283895729828e+11
