# weights (sum of all JK regions)
6.771314901371709993e+00
1.071757738376429359e+01
1.695914747656752297e+01
2.684365471423366500e+01
4.250114523779377862e+01
6.729913698646269893e+01
1.065420745635379376e+02
1.686685536842690567e+02
2.669636566613386321e+02
4.225213301383245721e+02
6.684279053379347033e+02
1.056877494883272902e+03
1.670294362968281348e+03
2.638347025949190083e+03
4.164105638158294823e+03
6.565225796279193673e+03
1.033829660192803931e+04
1.625365775336129991e+04
2.550468368621811533e+04
3.988986094269167370e+04
