# weights (sum of all JK regions)
1.213361860882463361e+01
1.907495383231713504e+01
3.003064839463897329e+01
4.731330075353973541e+01
7.463381501910200200e+01
1.177976036890765243e+02
1.859547037915706937e+02
2.935641977986490474e+02
4.633969162170907339e+02
7.318004118828945366e+02
1.155331212538583941e+03
1.824079644281494438e+03
2.878537553299763204e+03
4.540164601794657756e+03
7.157877122684212736e+03
1.127553480860808850e+04
1.774237954428072044e+04
2.787561556078443391e+04
4.370907200864187325e+04
6.832759280473848048e+04
