# th, boost_factor, err_boost_factor
2.805046135754908576e+00 9.396500491435838542e-01 7.442401448233211579e-04
3.531343861556885511e+00 9.385274083835896120e-01 6.696113306915871472e-04
4.445698525097307119e+00 9.372438021078319803e-01 6.595593858037280405e-04
5.596802846420849242e+00 9.368454394747433023e-01 6.274454351917292455e-04
7.045957328161136068e+00 9.362769968032392809e-01 6.117838413513838197e-04
8.870334730839386950e+00 9.357588756686682219e-01 5.846786881024292450e-04
1.116708980377407912e+01 9.351713632532328013e-01 5.661648488399720217e-04
1.405853312975872704e+01 9.346112345515519282e-01 5.644868850995042164e-04
1.769864460960344488e+01 9.341431148735750423e-01 5.645558932874842435e-04
2.228127345334364406e+01 9.338511050566675742e-01 5.686208804323312485e-04
2.805046135754909287e+01 9.335288836796720169e-01 5.724163987130959216e-04
3.531343861556886310e+01 9.333198965363385113e-01 5.625994381972821692e-04
4.445698525097307652e+01 9.328813040527080824e-01 5.589107137060229111e-04
5.596802846420851552e+01 9.324221192976032135e-01 5.682811769106666877e-04
7.045957328161136957e+01 9.320915209443384475e-01 6.146972689732876395e-04
8.870334730839388726e+01 9.318542036385919491e-01 6.816473014739041778e-04
1.116708980377408125e+02 9.316322726844881164e-01 7.405226123897871776e-04
1.405853312975872882e+02 9.313785296211021247e-01 7.892011456390095412e-04
1.769864460960346548e+02 9.313381378452927351e-01 8.913075899473301734e-04
2.228127345334363838e+02 9.314266695301247623e-01 1.054559589012107586e-03
