5.871287569739671971e-11 4.292940735944040818e-11 3.589178804825762297e-11 2.699724748280687454e-11 2.107852719504730076e-11 1.450506538431816765e-11 9.069972559186382966e-12 1.018277354791184461e-11 7.855955948067782895e-12 1.092865845847505579e-11 1.129958262645165321e-11 1.231023864436129666e-11 1.097655320210739078e-11 9.571011180174767898e-12 8.953690566309768841e-12 7.578293754451700423e-12 5.981893887760534319e-12 3.949778770838110075e-12 3.489438283745547908e-12 2.283576747379146075e-12
4.292940735944040818e-11 5.185600908689481839e-11 3.835365803055337039e-11 2.856540658579217698e-11 2.483826014606890220e-11 1.573168275401673800e-11 1.125179590767282178e-11 1.096438925695745881e-11 9.232874635916230914e-12 9.816424408604770965e-12 1.189399023099809586e-11 1.237487770299438065e-11 1.194847156790451133e-11 1.262391749329840599e-11 9.640857168795616870e-12 8.550562127570282287e-12 8.744718667460380755e-12 6.320282961118793663e-12 2.428879598658644462e-12 5.652378093774812973e-14
3.589178804825762297e-11 3.835365803055337039e-11 4.424007937662294643e-11 3.268135427515263858e-11 2.529979989812958635e-11 1.605552533487457688e-11 1.213341836664067356e-11 1.170866130666325675e-11 7.961722716255919874e-12 8.059776205663019880e-12 8.920054985727581153e-12 9.741569436472932625e-12 7.446811276418614125e-12 8.186925684139847825e-12 5.817661372662213568e-12 4.542872266409196305e-12 3.959369111975983317e-12 2.267318384198118707e-12 4.831975836868993465e-13 -8.645051345194720995e-13
2.699724748280687454e-11 2.856540658579217698e-11 3.268135427515263858e-11 3.419027468273454399e-11 2.596425034009928093e-11 1.683850537368943336e-11 1.285060187246333318e-11 1.139666487122355580e-11 7.297513689938954739e-12 6.359165902155720231e-12 7.718008857713024104e-12 8.214869411549774027e-12 6.835208731600751022e-12 6.249710672954653380e-12 4.878295488068595940e-12 4.009812694561216588e-12 3.653635947965463914e-12 3.692473556285439671e-12 1.656231943098487036e-12 -7.748754904403170326e-13
2.107852719504730076e-11 2.483826014606890220e-11 2.529979989812958635e-11 2.596425034009928093e-11 2.852836454667640287e-11 1.822886956515073683e-11 1.396178910735041731e-11 1.295170043983058227e-11 8.281797227001338173e-12 7.440110414492732345e-12 7.613202405675916751e-12 7.765051831975812985e-12 7.567836086069351908e-12 6.801245281288585700e-12 5.079509085617735077e-12 3.509078929413472255e-12 3.143208199587888424e-12 2.114149974600681608e-12 -7.961116095824040756e-13 -2.806340150187850396e-12
1.450506538431816765e-11 1.573168275401673800e-11 1.605552533487457688e-11 1.683850537368943336e-11 1.822886956515073683e-11 2.013333891470837725e-11 1.484365130965778118e-11 1.201609791941341407e-11 7.779381780407653402e-12 7.072353901754729253e-12 6.403210991911953893e-12 6.102089177151617368e-12 6.696361788929462384e-12 4.657067061212088255e-12 3.150844220094113306e-12 1.543692104370616631e-12 1.017445798230807153e-12 7.095688536639560500e-13 -5.095992845915453835e-13 -2.014312733894251140e-12
9.069972559186382966e-12 1.125179590767282178e-11 1.213341836664067356e-11 1.285060187246333318e-11 1.396178910735041731e-11 1.484365130965778118e-11 1.729571975345728578e-11 1.320564532192083926e-11 8.255068481873074215e-12 7.227996334121023142e-12 5.671349592148011697e-12 5.191084888100565562e-12 5.738163355927112366e-12 4.562382475990086330e-12 2.849867963733474006e-12 1.310921939374331027e-12 1.265369420737290271e-12 4.833087463442143680e-13 -6.622072754469895457e-13 -2.168999823381859882e-12
1.018277354791184461e-11 1.096438925695745881e-11 1.170866130666325675e-11 1.139666487122355580e-11 1.295170043983058227e-11 1.201609791941341407e-11 1.320564532192083926e-11 1.687050772800056584e-11 1.075774620140202722e-11 9.019165031598799596e-12 7.005421627833313702e-12 7.231631380428334339e-12 6.844351867881100162e-12 4.757706245860991563e-12 3.811143905905737252e-12 2.653580303610988968e-12 2.454999588416054974e-12 1.373296322404208398e-12 -4.761098384100945486e-13 -1.552055406505324691e-12
7.855955948067782895e-12 9.232874635916230914e-12 7.961722716255919874e-12 7.297513689938954739e-12 8.281797227001338173e-12 7.779381780407653402e-12 8.255068481873074215e-12 1.075774620140202722e-11 1.363901970331238540e-11 1.165357877252613403e-11 8.187276960749803045e-12 7.178121503504473622e-12 6.408832739447353436e-12 4.183914916280859715e-12 3.186086940202451625e-12 9.734749714753078158e-13 8.619721231796982120e-13 4.650494980297463918e-13 5.072626179793530207e-13 -3.298092297658511745e-13
1.092865845847505579e-11 9.816424408604770965e-12 8.059776205663019880e-12 6.359165902155720231e-12 7.440110414492732345e-12 7.072353901754729253e-12 7.227996334121023142e-12 9.019165031598799596e-12 1.165357877252613403e-11 1.739747845043906429e-11 1.381388293085816921e-11 1.112677312089170130e-11 9.765450115796257206e-12 7.290375215100936498e-12 5.050623438897036672e-12 2.708004182998967143e-12 2.311642951117077650e-12 2.171482951268627316e-12 2.229517618804400468e-12 1.113539502496236848e-12
1.129958262645165321e-11 1.189399023099809586e-11 8.920054985727581153e-12 7.718008857713024104e-12 7.613202405675916751e-12 6.403210991911953893e-12 5.671349592148011697e-12 7.005421627833313702e-12 8.187276960749803045e-12 1.381388293085816921e-11 1.707781134192164335e-11 1.409618919101609061e-11 1.122845923944236948e-11 8.391864815077190756e-12 6.378896985316241657e-12 3.871497472853656515e-12 3.266324706634867844e-12 3.297667189906816909e-12 2.927337886523065686e-12 1.850081062373840756e-12
1.231023864436129666e-11 1.237487770299438065e-11 9.741569436472932625e-12 8.214869411549774027e-12 7.765051831975812985e-12 6.102089177151617368e-12 5.191084888100565562e-12 7.231631380428334339e-12 7.178121503504473622e-12 1.112677312089170130e-11 1.409618919101609061e-11 1.810143743795337313e-11 1.502780170061105021e-11 1.234818753524012389e-11 9.726577334885237270e-12 6.707696496570371233e-12 5.156354107618971073e-12 3.753014720279378271e-12 2.295289506143803343e-12 1.088523945902016937e-12
1.097655320210739078e-11 1.194847156790451133e-11 7.446811276418614125e-12 6.835208731600751022e-12 7.567836086069351908e-12 6.696361788929462384e-12 5.738163355927112366e-12 6.844351867881100162e-12 6.408832739447353436e-12 9.765450115796257206e-12 1.122845923944236948e-11 1.502780170061105021e-11 1.853054571148867071e-11 1.599101699266304382e-11 1.317070117402935190e-11 1.017889072709649176e-11 8.167371900924111852e-12 5.787698682379950035e-12 2.736503236714356287e-12 8.875111651707942251e-13
9.571011180174767898e-12 1.262391749329840599e-11 8.186925684139847825e-12 6.249710672954653380e-12 6.801245281288585700e-12 4.657067061212088255e-12 4.562382475990086330e-12 4.757706245860991563e-12 4.183914916280859715e-12 7.290375215100936498e-12 8.391864815077190756e-12 1.234818753524012389e-11 1.599101699266304382e-11 2.035518159819231170e-11 1.747471657301673929e-11 1.413660646335253186e-11 1.136521576585607278e-11 6.795852034857089616e-12 2.413900930218001285e-12 -9.675133084316120993e-14
8.953690566309768841e-12 9.640857168795616870e-12 5.817661372662213568e-12 4.878295488068595940e-12 5.079509085617735077e-12 3.150844220094113306e-12 2.849867963733474006e-12 3.811143905905737252e-12 3.186086940202451625e-12 5.050623438897036672e-12 6.378896985316241657e-12 9.726577334885237270e-12 1.317070117402935190e-11 1.747471657301673929e-11 2.078461724634217459e-11 1.874505179153945433e-11 1.448661911550854577e-11 8.335140819296330411e-12 3.011602521855419238e-12 5.112281108246445781e-13
7.578293754451700423e-12 8.550562127570282287e-12 4.542872266409196305e-12 4.009812694561216588e-12 3.509078929413472255e-12 1.543692104370616631e-12 1.310921939374331027e-12 2.653580303610988968e-12 9.734749714753078158e-13 2.708004182998967143e-12 3.871497472853656515e-12 6.707696496570371233e-12 1.017889072709649176e-11 1.413660646335253186e-11 1.874505179153945433e-11 2.264106080708449874e-11 1.991046554088030904e-11 1.298457317936010545e-11 6.238513595606341217e-12 2.807109464810339921e-12
5.981893887760534319e-12 8.744718667460380755e-12 3.959369111975983317e-12 3.653635947965463914e-12 3.143208199587888424e-12 1.017445798230807153e-12 1.265369420737290271e-12 2.454999588416054974e-12 8.619721231796982120e-13 2.311642951117077650e-12 3.266324706634867844e-12 5.156354107618971073e-12 8.167371900924111852e-12 1.136521576585607278e-11 1.448661911550854577e-11 1.991046554088030904e-11 2.478266081918730592e-11 1.891136967171814379e-11 9.547929353037910180e-12 3.495733501073490695e-12
3.949778770838110075e-12 6.320282961118793663e-12 2.267318384198118707e-12 3.692473556285439671e-12 2.114149974600681608e-12 7.095688536639560500e-13 4.833087463442143680e-13 1.373296322404208398e-12 4.650494980297463918e-13 2.171482951268627316e-12 3.297667189906816909e-12 3.753014720279378271e-12 5.787698682379950035e-12 6.795852034857089616e-12 8.335140819296330411e-12 1.298457317936010545e-11 1.891136967171814379e-11 2.285869639748339292e-11 1.566715541509584123e-11 7.302854472321908140e-12
3.489438283745547908e-12 2.428879598658644462e-12 4.831975836868993465e-13 1.656231943098487036e-12 -7.961116095824040756e-13 -5.095992845915453835e-13 -6.622072754469895457e-13 -4.761098384100945486e-13 5.072626179793530207e-13 2.229517618804400468e-12 2.927337886523065686e-12 2.295289506143803343e-12 2.736503236714356287e-12 2.413900930218001285e-12 3.011602521855419238e-12 6.238513595606341217e-12 9.547929353037910180e-12 1.566715541509584123e-11 1.659021047740687962e-11 1.052704813838149402e-11
2.283576747379146075e-12 5.652378093774812973e-14 -8.645051345194720995e-13 -7.748754904403170326e-13 -2.806340150187850396e-12 -2.014312733894251140e-12 -2.168999823381859882e-12 -1.552055406505324691e-12 -3.298092297658511745e-13 1.113539502496236848e-12 1.850081062373840756e-12 1.088523945902016937e-12 8.875111651707942251e-13 -9.675133084316120993e-14 5.112281108246445781e-13 2.807109464810339921e-12 3.495733501073490695e-12 7.302854472321908140e-12 1.052704813838149402e-11 1.359765236560741875e-11
