# errs for all jackknife regions
2.815207774667026114e-05 2.224634329821897419e-05 1.769521393059546324e-05 1.408245367554030119e-05 1.119005924691764034e-05 8.872495250381688816e-06 7.058525143331511430e-06 5.614217167932472826e-06 4.465538538362606857e-06 3.546916220421519010e-06 2.821017037327826781e-06 2.243298084776475541e-06 1.783523873582374372e-06 1.417284751572475924e-06 1.127376710556825276e-06 8.952409222465450569e-07 7.098543769056085170e-07 5.626872639015855640e-07 4.455441599424601061e-07 3.531539230254690621e-07
2.660291791507634620e-05 2.115900452435205578e-05 1.683595267016059732e-05 1.333408217656497742e-05 1.060259817075730575e-05 8.431557655606287661e-06 6.699071173604709830e-06 5.318169466368841506e-06 4.226218329249397179e-06 3.354174127806290093e-06 2.663244605657099037e-06 2.114696551212501230e-06 1.678873629244679952e-06 1.332520656385493503e-06 1.056311319277661034e-06 8.369471969595167849e-07 6.634995944733144820e-07 5.266269300988863640e-07 4.190203641112118257e-07 3.341608367933898587e-07
3.149636152884737080e-05 2.511604306215268139e-05 1.998675439985224059e-05 1.581029396884462757e-05 1.257613416041147505e-05 9.997064998655911660e-06 7.936905276498966205e-06 6.307633747288104799e-06 5.013200190670075667e-06 3.985941830967805172e-06 3.166601483068582854e-06 2.519288582993145330e-06 2.006062712949841144e-06 1.596077242731238974e-06 1.271073003614621930e-06 1.011398907192205457e-06 8.060708421790359790e-07 6.415276514920899882e-07 5.104191859790138579e-07 4.068068286553697292e-07
2.839604106236736389e-05 2.264339570077465735e-05 1.797427919762513047e-05 1.425677177933162593e-05 1.134904181068196056e-05 9.027103996378040999e-06 7.174657388376352944e-06 5.704053236764896512e-06 4.527510723182529985e-06 3.598702493243709585e-06 2.859277839556566358e-06 2.274581504438796134e-06 1.809142462697700453e-06 1.438979704382297068e-06 1.144192710190170134e-06 9.080507272339719125e-07 7.198616604977993854e-07 5.703464931576127729e-07 4.517211461284333284e-07 3.580108244998772207e-07
2.722038997701774348e-05 2.164215750586737146e-05 1.717542578892484719e-05 1.363206731609747901e-05 1.083089328247078929e-05 8.625329437607449023e-06 6.847373728384257622e-06 5.437553052600244594e-06 4.320154260142864220e-06 3.434551586773229738e-06 2.728004567351155421e-06 2.168276131538798483e-06 1.721941270359135802e-06 1.366693573571865885e-06 1.085107464321344573e-06 8.607748116288798030e-07 6.832301712706936733e-07 5.426597152828063961e-07 4.304690386044307141e-07 3.418909230102247061e-07
3.463158521532546649e-05 2.746603626700233830e-05 2.188030668810455275e-05 1.735234918638234663e-05 1.379504421494196050e-05 1.095493962209073150e-05 8.697363014400321987e-06 6.900773667809480105e-06 5.479585523656270241e-06 4.360858530814060663e-06 3.461780849787590639e-06 2.749723242535919800e-06 2.185898148169549908e-06 1.737392312064273010e-06 1.380349262891098055e-06 1.097256460142619268e-06 8.723068512846721755e-07 6.932418984890154489e-07 5.522520675607234950e-07 4.413151501808203779e-07
2.774894777344677680e-05 2.207097478928211705e-05 1.754670409639147544e-05 1.395679849058389979e-05 1.107791865282816249e-05 8.801155258370070198e-06 6.988326457200924912e-06 5.552381517918111885e-06 4.412889923988309258e-06 3.506812277149887557e-06 2.786802850743469308e-06 2.213900253168965771e-06 1.756171637258052549e-06 1.394219673323239027e-06 1.107934257434913175e-06 8.795517138870074806e-07 6.976365581056228381e-07 5.543831730270030802e-07 4.408883113166983532e-07 3.504523739925363167e-07
3.149682415392253447e-05 2.500953638178611153e-05 1.986763299723767607e-05 1.578984719247110796e-05 1.253947231090112670e-05 9.965985836075386603e-06 7.919083545651611479e-06 6.293129599517699178e-06 5.007941780542912002e-06 3.984346001672031300e-06 3.165003145514220208e-06 2.514202484909246788e-06 1.999757299509361255e-06 1.588743265205915678e-06 1.262921185467103617e-06 1.003204457791069856e-06 7.974937683156476083e-07 6.336877961091880037e-07 5.022969021600212821e-07 3.984271746617108940e-07
2.731683379099102081e-05 2.174982547555943295e-05 1.723306527732132825e-05 1.371687685876746058e-05 1.091520057174592831e-05 8.678434727270951517e-06 6.907777238803364984e-06 5.500162380462312902e-06 4.377931410981115993e-06 3.485204081671345166e-06 2.775508626619246830e-06 2.211149368559188527e-06 1.762923823604832992e-06 1.406547592463976755e-06 1.123974906349012707e-06 8.990551202475161939e-07 7.222061972868103076e-07 5.831863548224360953e-07 4.745037384374322994e-07 3.867593782953541126e-07
2.669943382633476627e-05 2.131176311892237236e-05 1.686215348542692560e-05 1.344287927934385004e-05 1.066263656749821924e-05 8.462867292192234386e-06 6.730874117443821790e-06 5.349534823122944283e-06 4.252891353019131773e-06 3.383476329702788197e-06 2.693896616810315083e-06 2.148715084395111589e-06 1.715614763144005144e-06 1.372034882486429911e-06 1.099293324125395531e-06 8.822821345707711349e-07 7.097922770262780388e-07 5.730833049459212528e-07 4.646508664117074444e-07 3.794614782543806162e-07
3.027284460655187023e-05 2.405938055266716906e-05 1.903947785382727634e-05 1.517291278476450550e-05 1.205253097974561097e-05 9.577531224963891274e-06 7.611341801448232673e-06 6.046298848237361589e-06 4.805411976924812604e-06 3.813470975812857554e-06 3.027827724095706071e-06 2.401932488850700535e-06 1.905713798573677518e-06 1.512782395337048733e-06 1.201310194874146013e-06 9.543337237357408139e-07 7.580579589032783213e-07 6.019093652366594113e-07 4.767797138933514910e-07 3.776432528064057297e-07
3.075393853061643185e-05 2.437632645281400173e-05 1.937859281788531962e-05 1.534986388205576637e-05 1.221943579586274942e-05 9.704639815231181889e-06 7.710972078103547331e-06 6.126033040031899982e-06 4.869489197938428029e-06 3.868834347171757418e-06 3.071623911253303480e-06 2.439849875662428572e-06 1.939301082751581773e-06 1.541015515077071105e-06 1.224261300199146005e-06 9.719360742665139992e-07 7.716839473356738196e-07 6.121950540636626731e-07 4.854826774793381682e-07 3.853926154854908519e-07
3.120697037050106006e-05 2.472310663523761743e-05 1.968208662039696384e-05 1.565393939687613820e-05 1.243628925802571554e-05 9.880170472002410134e-06 7.857240357108620637e-06 6.233701422822128059e-06 4.955739432000200471e-06 3.939219937276927385e-06 3.131950924114294073e-06 2.489514148184768506e-06 1.977097350924484804e-06 1.570759010320168528e-06 1.247416919154652311e-06 9.914376964779699943e-07 7.884384996532800295e-07 6.264269960660295406e-07 4.983240565111578880e-07 3.971756952487474918e-07
2.892762347646040037e-05 2.298424234504079636e-05 1.826361677140819523e-05 1.449770091659845721e-05 1.152536682391477043e-05 9.151206127214536119e-06 7.278969309359180561e-06 5.783477031465512354e-06 4.598713450962647854e-06 3.651254459389165645e-06 2.899349661727026133e-06 2.301342151812884397e-06 1.829702084830750825e-06 1.453352667223643023e-06 1.155556370392718693e-06 9.186701561260517806e-07 7.309654534338007340e-07 5.810471919612114066e-07 4.612356823659999449e-07 3.660357557193523861e-07
2.976749933240653996e-05 2.356560044575592352e-05 1.877126182759767902e-05 1.494172563787715276e-05 1.183507019770683182e-05 9.433353112811210576e-06 7.481261432609876974e-06 5.937378904897057681e-06 4.722814782250381628e-06 3.754649499325760934e-06 2.981572873172087160e-06 2.369187907131672945e-06 1.881312275085383088e-06 1.494502546657287581e-06 1.188565070397217442e-06 9.445413284396011124e-07 7.517607329957826379e-07 5.985643158506617589e-07 4.766938712878823869e-07 3.803964630649222422e-07
2.849226108835493330e-05 2.264403521255653262e-05 1.797630550736142209e-05 1.429661220393172264e-05 1.134056310904373168e-05 9.014161538363493230e-06 7.148492274874719032e-06 5.679096492106123016e-06 4.509880885025239698e-06 3.580477238793982510e-06 2.844872091509266011e-06 2.262160974507730833e-06 1.799425212318364383e-06 1.430695407092586930e-06 1.136566386185487813e-06 9.017927213418243290e-07 7.148097701002052608e-07 5.667689336636802577e-07 4.492512824674527288e-07 3.565750527493726210e-07
2.909620912951027273e-05 2.324212732801909871e-05 1.839880001644671415e-05 1.463892364500331851e-05 1.162581050316564684e-05 9.240990807893075456e-06 7.333285651208357707e-06 5.827599181080307410e-06 4.631981422984080786e-06 3.680085605254333831e-06 2.924906760689672123e-06 2.323867649963844467e-06 1.850262814083924332e-06 1.471933785229908556e-06 1.170544908649020693e-06 9.301985557125445010e-07 7.399919008069212332e-07 5.884487914976840683e-07 4.679207071052692489e-07 3.726301489837008428e-07
3.208540859789359270e-05 2.547739805814183117e-05 2.030928068687268547e-05 1.615938343822673895e-05 1.284536778840423071e-05 1.023523876285622120e-05 8.150152598501148434e-06 6.499893755947638988e-06 5.179470085239458684e-06 4.131104871550433900e-06 3.293074021970602310e-06 2.628470353023981873e-06 2.102753230307043061e-06 1.685243459221622752e-06 1.353955975159014494e-06 1.089057880805479600e-06 8.786189572365135064e-07 7.119302282489840407e-07 5.793404092105400442e-07 4.771585427380333836e-07
2.878254635131987461e-05 2.275099402933549174e-05 1.807602429497705553e-05 1.439857624305973530e-05 1.144101407017779034e-05 9.090923288953801717e-06 7.248654000126271170e-06 5.760649567167277441e-06 4.586737584003754500e-06 3.652780961835445392e-06 2.908617542185999845e-06 2.315000085915663852e-06 1.847003774625984440e-06 1.474776001918767877e-06 1.178030935834111961e-06 9.440325875816387091e-07 7.595034212843524678e-07 6.124540790857508974e-07 4.951791377404104091e-07 4.026639562822551851e-07
2.384675149141859819e-05 1.893594382124736059e-05 1.507615836202615057e-05 1.196289386631734411e-05 9.488200924664314835e-06 7.548659769936752690e-06 6.002384370293458974e-06 4.773296663474127505e-06 3.791128657916457977e-06 3.012402910279876120e-06 2.392928440998431014e-06 1.901241934666920044e-06 1.510419999164970669e-06 1.201614517399507217e-06 9.561187410510300825e-07 7.609746431205196844e-07 6.060416206246497337e-07 4.822731833945562538e-07 3.836797181304443854e-07 3.053308996184258227e-07
2.849818593418137873e-05 2.268221708281576408e-05 1.800598674480397682e-05 1.434306914174965097e-05 1.140558642478518810e-05 9.053201064354735318e-06 7.194766473297386446e-06 5.726194486079959936e-06 4.549240811519265417e-06 3.617302125585791950e-06 2.872233568060564984e-06 2.281536393117610391e-06 1.810747960117938746e-06 1.440154545968845772e-06 1.145192192362946111e-06 9.097674103912785069e-07 7.225751102123193949e-07 5.747657123098701829e-07 4.572893809944404117e-07 3.637650818534312004e-07
2.651820227098287039e-05 2.111239101785556977e-05 1.676427444609620388e-05 1.333729042099273676e-05 1.059595721166565330e-05 8.407520914013851346e-06 6.681316965064213049e-06 5.307322330680278731e-06 4.219877868091183739e-06 3.353309268768189314e-06 2.664717148629240480e-06 2.116751911018624503e-06 1.681092153313641585e-06 1.335159735938410323e-06 1.061196224951201232e-06 8.439022299869406800e-07 6.711891896553333901e-07 5.339880997859977833e-07 4.237652854567245439e-07 3.361227983605691209e-07
2.542401766828687328e-05 2.014654461317150224e-05 1.602985059046401837e-05 1.272644428091151877e-05 1.013187623658314927e-05 8.050372237977032193e-06 6.401842162527831656e-06 5.092513636684404175e-06 4.055146779027974012e-06 3.231237448385228866e-06 2.572305108118411631e-06 2.049915620603938695e-06 1.636814022687496815e-06 1.307469850950410439e-06 1.044514266596847146e-06 8.357265557533459981e-07 6.711035362581968542e-07 5.428247034794009015e-07 4.425789025058188243e-07 3.636285232754151682e-07
2.691963668852368472e-05 2.136660528370583882e-05 1.689949086692320434e-05 1.347298483710245071e-05 1.069830235917183874e-05 8.497115312536456449e-06 6.754406313085564306e-06 5.364795562479095035e-06 4.260876596391484608e-06 3.390069574020012329e-06 2.692401973641996875e-06 2.139011456615428545e-06 1.699213027404137527e-06 1.349934189832770627e-06 1.071550631073275757e-06 8.497880622752970359e-07 6.748836127819842501e-07 5.361246341052250375e-07 4.257911087874936768e-07 3.388521955027786554e-07
2.951528647184597487e-05 2.345663627379711199e-05 1.861918162898981160e-05 1.478871446519807677e-05 1.178299978554702325e-05 9.352960862453585904e-06 7.441297000884327317e-06 5.907736208349833337e-06 4.695116349581307768e-06 3.726703089020545970e-06 2.962561033772764902e-06 2.351898396134123844e-06 1.868541525694853898e-06 1.483485433786052989e-06 1.177488493704022899e-06 9.340589798541285849e-07 7.420244263815645575e-07 5.896514815856155129e-07 4.680435552939192474e-07 3.705208078498665646e-07
2.981999960287909143e-05 2.381937927604124792e-05 1.893596971322150608e-05 1.501962084776460825e-05 1.192205841351707082e-05 9.471802484668862747e-06 7.527162759777380390e-06 5.984423652552206687e-06 4.755254933351987845e-06 3.782830212744412709e-06 3.009548579579034561e-06 2.390267964926056094e-06 1.900158107023916404e-06 1.509803907322935776e-06 1.199077738635028874e-06 9.509540679582802541e-07 7.549853442511779434e-07 5.992152756688818552e-07 4.743832408640283893e-07 3.754210919600401620e-07
3.172348244615142966e-05 2.524090223530437005e-05 2.001505903980094523e-05 1.594376445538669431e-05 1.265257436297060633e-05 1.006072930154004911e-05 8.010669937605021149e-06 6.375165982917890661e-06 5.075912654309064879e-06 4.040606246991874638e-06 3.225014166720317635e-06 2.570743519367035267e-06 2.050449507529672154e-06 1.641969020581269131e-06 1.317840159434248799e-06 1.059835327931542201e-06 8.530188573409639353e-07 6.875657460867274214e-07 5.554252747746093011e-07 4.512680088821685263e-07
2.822900079584466621e-05 2.247151942833258630e-05 1.786893052841413126e-05 1.422652922801631365e-05 1.129535739008179385e-05 8.988025976398223603e-06 7.149573142940173853e-06 5.684731635867828087e-06 4.524056366695913719e-06 3.602457396011896005e-06 2.871433890526559362e-06 2.288144222866230806e-06 1.822623090123645671e-06 1.455749078146066636e-06 1.165201427763264214e-06 9.355955368019895283e-07 7.532275131592993757e-07 6.078962578517928607e-07 4.922293979612161028e-07 4.003562679748584553e-07
2.978536042016163198e-05 2.365165148629220482e-05 1.883346563809568195e-05 1.496347077729397480e-05 1.189010561322055448e-05 9.447096997763099343e-06 7.506618428824874336e-06 5.965249116768930526e-06 4.737456791773615967e-06 3.763915530151049567e-06 2.988899714900580151e-06 2.374067300816994858e-06 1.885379374595405205e-06 1.497626216070070254e-06 1.189352998050069986e-06 9.438632847692934121e-07 7.492843551089439667e-07 5.953621372192059081e-07 4.721286275340337084e-07 3.736479000976376662e-07
2.875834203904711466e-05 2.279812643724773381e-05 1.811412630848521272e-05 1.436844047886105137e-05 1.144469969545694139e-05 9.086311748377639039e-06 7.214749663360693717e-06 5.729793313939874917e-06 4.552762439868266017e-06 3.611907605039873701e-06 2.867751488841822515e-06 2.278421223535680238e-06 1.809191152212787236e-06 1.436567350520552649e-06 1.140533695589543262e-06 9.055733251852112379e-07 7.193497132628175521e-07 5.706182327596000384e-07 4.528351593745610257e-07 3.597455868454425415e-07
3.064945474713787204e-05 2.438504378507693791e-05 1.941993849796244751e-05 1.543686132362344330e-05 1.230331676490866967e-05 9.791193180890451635e-06 7.786642873359353836e-06 6.200296253526946416e-06 4.934252772607655208e-06 3.934239812234569214e-06 3.134954059944274822e-06 2.504041330065976960e-06 1.999067827482417793e-06 1.597243752699620236e-06 1.277320154214641201e-06 1.024179604094556190e-06 8.212575760981646913e-07 6.611175071341422680e-07 5.346759540379361255e-07 4.351054849034975527e-07
2.849222090095444407e-05 2.266119296148236595e-05 1.799388280092809492e-05 1.429850262272017025e-05 1.136082257395384991e-05 9.022881387169132120e-06 7.166734826689523196e-06 5.685492620141148663e-06 4.519479502607202412e-06 3.591102186468971548e-06 2.854336538448602747e-06 2.267762835974976095e-06 1.801598201639727958e-06 1.431222886488549718e-06 1.136331590866742407e-06 9.025167218891013958e-07 7.168482599235115530e-07 5.702486783146679056e-07 4.539139423729616020e-07 3.618134201073014458e-07
2.969457916759019622e-05 2.357236373640243170e-05 1.875296521591805537e-05 1.487750871150047557e-05 1.180720698602566927e-05 9.382413482166768653e-06 7.460329850713244973e-06 5.921011565507807327e-06 4.704503962220241476e-06 3.734811406037991004e-06 2.967941576986730742e-06 2.356731463199110044e-06 1.870936067426300694e-06 1.486811605892907361e-06 1.179842977776849976e-06 9.380987843725524059e-07 7.456047606112554118e-07 5.924598142317786674e-07 4.708942294068077343e-07 3.751815984254693363e-07
3.314752937121216882e-05 2.636882484752773275e-05 2.091462650040473652e-05 1.660377511066805307e-05 1.319492930018598690e-05 1.047934502636948027e-05 8.322470837953922923e-06 6.619051054833129305e-06 5.258614667949551765e-06 4.178572133141785404e-06 3.320759385961695358e-06 2.640525995528362131e-06 2.099718323285044443e-06 1.668111904380035464e-06 1.324033544557240605e-06 1.051242574784091890e-06 8.359972520660971630e-07 6.636177827086905602e-07 5.272780202729429320e-07 4.201166699608623892e-07
2.731167969546283945e-05 2.165091454564209864e-05 1.720711136075985345e-05 1.369105704575943451e-05 1.089649001880113031e-05 8.633214190628631224e-06 6.864313994181029805e-06 5.458384546087106927e-06 4.333961301875083760e-06 3.443438500163583913e-06 2.733560429178076285e-06 2.172960800786037986e-06 1.727818341110820219e-06 1.373259753795963485e-06 1.091217557171284546e-06 8.674118848988544905e-07 6.889178013557506297e-07 5.477291757780574862e-07 4.360522992950351995e-07 3.467295887167910664e-07
2.576202378332852213e-05 2.048873831600566802e-05 1.630543184103346328e-05 1.295299701033453171e-05 1.029447888578034163e-05 8.185642202288049239e-06 6.511958105466560611e-06 5.170973422052453851e-06 4.114217894154599012e-06 3.273968148491450196e-06 2.606633644224417805e-06 2.074004504480310664e-06 1.653646969048111846e-06 1.319806112474936868e-06 1.053528499185190088e-06 8.411591909207969928e-07 6.738134189122371010e-07 5.420269508293046445e-07 4.385384412145447278e-07 3.568078688344755503e-07
3.133964363239221486e-05 2.472982984026438926e-05 1.967121686203516731e-05 1.563593359304708304e-05 1.239623914448432382e-05 9.846178129266071289e-06 7.830725875967438040e-06 6.221336021953916813e-06 4.943177512579350324e-06 3.927714894528975174e-06 3.120734140625218950e-06 2.475591032278980187e-06 1.965478808260773345e-06 1.557821259438066670e-06 1.235245289161989873e-06 9.803542179822183582e-07 7.799120271889665336e-07 6.217233720507286849e-07 4.951726073037245084e-07 3.937279941438944815e-07
2.851611669133918429e-05 2.268152834629981465e-05 1.806487743385409489e-05 1.434005837861235880e-05 1.139034725388045710e-05 9.037309827762133173e-06 7.191186203033919327e-06 5.713944263326398843e-06 4.535707637869218546e-06 3.604847319742949120e-06 2.863366604589679734e-06 2.276101252382396407e-06 1.806481674749926124e-06 1.434820791520331853e-06 1.139463140955557742e-06 9.036593637300141797e-07 7.163347701359864293e-07 5.663205293495249872e-07 4.468378533008220474e-07 3.525082270078472824e-07
3.103293194992459784e-05 2.463516456155831979e-05 1.957274479102243301e-05 1.552458304099440300e-05 1.235871714136409729e-05 9.842262096960578054e-06 7.845364984555459135e-06 6.241944022274298206e-06 4.960428766694715598e-06 3.952117825048920811e-06 3.153925278584952903e-06 2.516759845207780264e-06 2.009702925458079149e-06 1.607929157771974273e-06 1.289170562435101578e-06 1.036429097842741803e-06 8.355181174616193560e-07 6.747914127165594425e-07 5.475641210467633467e-07 4.460498694059987223e-07
2.791939757746490916e-05 2.217642178298761120e-05 1.762734969697462369e-05 1.397206822673292084e-05 1.110857440111197228e-05 8.813727338993126498e-06 6.996725692954067301e-06 5.565835464689313757e-06 4.421524125476185926e-06 3.511579690670682583e-06 2.790327243841147369e-06 2.216595439003914306e-06 1.760311831197156807e-06 1.396787992363572558e-06 1.108055157491266925e-06 8.803768738865918593e-07 6.989648987750061752e-07 5.550959973338648906e-07 4.405813631291739666e-07 3.497431669631951553e-07
3.001378718011583194e-05 2.391608739133484665e-05 1.898317377199192432e-05 1.510981974115795649e-05 1.200472438886825321e-05 9.562014194171936384e-06 7.599383339707656482e-06 6.059685954650227655e-06 4.822272813175283233e-06 3.838177511315207429e-06 3.057360989569161238e-06 2.439333788179281560e-06 1.946352636874559230e-06 1.557838432214094150e-06 1.247757275991202467e-06 1.002079385687754307e-06 8.075864657259033534e-07 6.520566694839148103e-07 5.297084901111647876e-07 4.349334634202135279e-07
2.814663319046221182e-05 2.240024304475968112e-05 1.775161071642617438e-05 1.410238689510517467e-05 1.120584468168325501e-05 8.904187312435645930e-06 7.066400373736990863e-06 5.621508037413327220e-06 4.467440229037067773e-06 3.549008261347082370e-06 2.821487461069355213e-06 2.241054300587147835e-06 1.781812052243269263e-06 1.415879889469413024e-06 1.125266890366031324e-06 8.944817034610088883e-07 7.111400681236673752e-07 5.659112928119202996e-07 4.501380111227908366e-07 3.582159329561940018e-07
3.096698746316860115e-05 2.458464635360135185e-05 1.960677497531497471e-05 1.555968081803464699e-05 1.233015232370703203e-05 9.799600038536148650e-06 7.777974725824392192e-06 6.187681324954250036e-06 4.908632603166323073e-06 3.898931107740991548e-06 3.093798706818205975e-06 2.456653492118305072e-06 1.953362604677872936e-06 1.552905961526338769e-06 1.236355993722587778e-06 9.847552363822307262e-07 7.846987503562825956e-07 6.254975321863790420e-07 4.980090158217293443e-07 3.962062122835346928e-07
3.384720909169852113e-05 2.687587542885131370e-05 2.138721731267885211e-05 1.697032749084060688e-05 1.350062436594747935e-05 1.073750910399265378e-05 8.527844454129515162e-06 6.781382989063879846e-06 5.393583890859601350e-06 4.284735355093327212e-06 3.407546330148815342e-06 2.704598790477331828e-06 2.145068309204669984e-06 1.701867267634233407e-06 1.350764452506079379e-06 1.070763115221267781e-06 8.501620561041145678e-07 6.746684347772621314e-07 5.351494886941849187e-07 4.244883951133475792e-07
3.185205652536497473e-05 2.527606945486001168e-05 2.008086118104283614e-05 1.592378310303807002e-05 1.268856551171817709e-05 1.008028381862033414e-05 8.024710969759453014e-06 6.379425903542660880e-06 5.073950053630587246e-06 4.039781082283100898e-06 3.221904556615798486e-06 2.570266901386413764e-06 2.052263518157986294e-06 1.641849723493230199e-06 1.314191710350558826e-06 1.056861509187544553e-06 8.506760214909650821e-07 6.875585300796044857e-07 5.603395342311647184e-07 4.608738797399328433e-07
3.076357237032267047e-05 2.440554475906729401e-05 1.941138501761432202e-05 1.541102022140167308e-05 1.225421790515763576e-05 9.744397735622962426e-06 7.736120942655657162e-06 6.143521214407149898e-06 4.878460612474409409e-06 3.873562124552873539e-06 3.076899575615821299e-06 2.442563161157181582e-06 1.941880760138176563e-06 1.544545030097397428e-06 1.228235250433732452e-06 9.782669424759395105e-07 7.791172311194171586e-07 6.193665344876777308e-07 4.912585733414619880e-07 3.900841043922054980e-07
2.992739284146546635e-05 2.379271099325364362e-05 1.890111515771387428e-05 1.506004832130871732e-05 1.194413795426004500e-05 9.489965765202706835e-06 7.539066607880519598e-06 5.997741579332878372e-06 4.763612356401607908e-06 3.787536389216209312e-06 3.009133203864593606e-06 2.392008344514788421e-06 1.901941091951302104e-06 1.512178820722862510e-06 1.202400948914918368e-06 9.562979537840178711e-07 7.606664027024475657e-07 6.052161968919696672e-07 4.810120999746319836e-07 3.829402406338567081e-07
2.482237756823096013e-05 1.971647951039382673e-05 1.566819361362639928e-05 1.243126357508728293e-05 9.905796161444572904e-06 7.874528404719410352e-06 6.257467683625856122e-06 4.976062418528631073e-06 3.947602777002057787e-06 3.133162197416608822e-06 2.488476865475646497e-06 1.975105107362757048e-06 1.568367040248642674e-06 1.244845337283086199e-06 9.874636487442801489e-07 7.830321148983521159e-07 6.207038822789093605e-07 4.919010415199959302e-07 3.895025510810461005e-07 3.089139093082937050e-07
2.732422357074411993e-05 2.171321455016654315e-05 1.721978221258314336e-05 1.369349142802159181e-05 1.086354140415093290e-05 8.646270468786093733e-06 6.875300178528269528e-06 5.464365371532134470e-06 4.338826396837161100e-06 3.448954458602869031e-06 2.742937637309054027e-06 2.178682435335069627e-06 1.730314510814115860e-06 1.374089662031441105e-06 1.091906209767405128e-06 8.688005691004281407e-07 6.909873455541034103e-07 5.504352749639897808e-07 4.388039261142261377e-07 3.498403412997618175e-07
3.671443744758719495e-05 2.931524252309068707e-05 2.327529481164858379e-05 1.852124620949334929e-05 1.474468881648757898e-05 1.171090726119351987e-05 9.276597769843602568e-06 7.363528997581536335e-06 5.860774971937475542e-06 4.653276692797704851e-06 3.698444215840427374e-06 2.933669484416365205e-06 2.329181385630778021e-06 1.852610785674359040e-06 1.471582946609992887e-06 1.168924286872294802e-06 9.278713469312908833e-07 7.357371814313177402e-07 5.828085282313094210e-07 4.608892692075063845e-07
3.003058070698747290e-05 2.386132145708947373e-05 1.900150799688933874e-05 1.508395970447067955e-05 1.199468854396298261e-05 9.520724811701580944e-06 7.562436950491968807e-06 6.009195774026991677e-06 4.776913553554517201e-06 3.797551220557469592e-06 3.015400294525716898e-06 2.394149981812993252e-06 1.901947795829708162e-06 1.508956007310081452e-06 1.197519620089148514e-06 9.501034136273685152e-07 7.527866107969572504e-07 5.966549089208192068e-07 4.728909077502690706e-07 3.754832312548135490e-07
2.937336587850638420e-05 2.333563369767320948e-05 1.854752181020650155e-05 1.475435523237857201e-05 1.172290773047107643e-05 9.325891494944509285e-06 7.405470370298882732e-06 5.890800399772413434e-06 4.688965116372359499e-06 3.726944998046836069e-06 2.968056845041853651e-06 2.365308530236090804e-06 1.885979160241936990e-06 1.504525817044479295e-06 1.201492332768150446e-06 9.630455587196275631e-07 7.736518370134223909e-07 6.234580974004894374e-07 5.045372611296980626e-07 4.105554092007366051e-07
2.675089003027855230e-05 2.126263552774247960e-05 1.687189045059316538e-05 1.341290003122571369e-05 1.063817362016029048e-05 8.456100980889171120e-06 6.719815900653107394e-06 5.335959953341904134e-06 4.239297070574168029e-06 3.368104199224420191e-06 2.675842020939007841e-06 2.126227755536333279e-06 1.690499226384152207e-06 1.342160695254260314e-06 1.067582804019116093e-06 8.499878224606557883e-07 6.760765338528770242e-07 5.378798703704148147e-07 4.275793932306911599e-07 3.388717971325871493e-07
3.378044828748078405e-05 2.683093187745961655e-05 2.143832057014529588e-05 1.700032856718621815e-05 1.353472335948594186e-05 1.077235938403775525e-05 8.575657867953570695e-06 6.824728685034562162e-06 5.441588897874013892e-06 4.340872134985183330e-06 3.463012998173035763e-06 2.766584430647648979e-06 2.210886954026106173e-06 1.770719444372960317e-06 1.419674379461905975e-06 1.141689334948594812e-06 9.214080836273930402e-07 7.463990442458826396e-07 6.093596201987251490e-07 5.021121826504032102e-07
2.819307080187173980e-05 2.253957731878738599e-05 1.790078501286289199e-05 1.426824731503735567e-05 1.129091295603279771e-05 8.980218918966998462e-06 7.133566364615313682e-06 5.675055569941760205e-06 4.501726032345759713e-06 3.578634121830426367e-06 2.839187516772832322e-06 2.252715594594358860e-06 1.790226318952672985e-06 1.420955940436649166e-06 1.127269805198309513e-06 8.945513623572556708e-07 7.087529651673335285e-07 5.619405551344024396e-07 4.458950795681336170e-07 3.540130869544901965e-07
3.081446220230018955e-05 2.447215940572564815e-05 1.946419386966447492e-05 1.548202843499917592e-05 1.232105425691415835e-05 9.776446435112582639e-06 7.768693067728847491e-06 6.174705530593384575e-06 4.908579329365852779e-06 3.902066110719426981e-06 3.102089795010069796e-06 2.464133188685472795e-06 1.957478533012914977e-06 1.557618162902850245e-06 1.238404440713393473e-06 9.848890665697940080e-07 7.824157284302988805e-07 6.210361864167309353e-07 4.934894236517295747e-07 3.927822482962458054e-07
3.122672871737510711e-05 2.480526573810083624e-05 1.972734842764597402e-05 1.567751897616322457e-05 1.247870916210687401e-05 9.906993082786328078e-06 7.892585355483937835e-06 6.301704341751085845e-06 5.010105756205362104e-06 3.992290771540158377e-06 3.174515671108177165e-06 2.530948967335735114e-06 2.018083433378829280e-06 1.610153090419912495e-06 1.286461188417452897e-06 1.029952918708399679e-06 8.283394955964425766e-07 6.672421761461177792e-07 5.402090024089555247e-07 4.386436153325010364e-07
3.179389784177572454e-05 2.510881969156059649e-05 1.994589415881904538e-05 1.586001977728847384e-05 1.260764205390751383e-05 9.996668934324174442e-06 7.952290632044359939e-06 6.315863405322690840e-06 5.022689118481342475e-06 3.988488543891566192e-06 3.167277240355867516e-06 2.514228270031196071e-06 1.996545775783167081e-06 1.587576273292933069e-06 1.261638002708092986e-06 1.001619411074113556e-06 7.950567065683650260e-07 6.322576470951459001e-07 5.038542964316088890e-07 4.012686863937222921e-07
3.347744127598608672e-05 2.681868496304494205e-05 2.132417010563939742e-05 1.698398082296305320e-05 1.347953840226647449e-05 1.074547209563751508e-05 8.542923591189605472e-06 6.801170868927922038e-06 5.417578121128313801e-06 4.312444161626371542e-06 3.435210055965744934e-06 2.744059659426946536e-06 2.194282034548562411e-06 1.759547317626665532e-06 1.412502770884312262e-06 1.139329773236003439e-06 9.254289985359696403e-07 7.555178680840377653e-07 6.206197384739691016e-07 5.144068741429631221e-07
2.928595857245044166e-05 2.327136752821658508e-05 1.851572489392474399e-05 1.472399549729627015e-05 1.170873261389059739e-05 9.305860160410202414e-06 7.393487231125371438e-06 5.868887211881723314e-06 4.668220649557849427e-06 3.706940791196065558e-06 2.944639393600987880e-06 2.337489039099630355e-06 1.856827189249599227e-06 1.476029158961949516e-06 1.172314584360434276e-06 9.308397815859123191e-07 7.388897397099696496e-07 5.855915528151407900e-07 4.640365839795723855e-07 3.683062366962285233e-07
2.691631086475265540e-05 2.130873133289077495e-05 1.698579800427917362e-05 1.351281045718439797e-05 1.075065684552101196e-05 8.535333067072888065e-06 6.796220237845088025e-06 5.404348055143263356e-06 4.302922914314648840e-06 3.424135082493965854e-06 2.725589912470561995e-06 2.172061152337118722e-06 1.731158075573262479e-06 1.382138923456093491e-06 1.103634455256828917e-06 8.826209400095641336e-07 7.083168814431793848e-07 5.711827855964447624e-07 4.620410630331908982e-07 3.742348866252757767e-07
3.047443303510407543e-05 2.428120263802906780e-05 1.938220221903265504e-05 1.537028764048069891e-05 1.222744399941144040e-05 9.696874553218716382e-06 7.712177370010709360e-06 6.126983023272505630e-06 4.863342830653061794e-06 3.858458978648278831e-06 3.063810293235826004e-06 2.430810587045141408e-06 1.929071031015960572e-06 1.532910893960954634e-06 1.217146485223163454e-06 9.669764039392755453e-07 7.680249495259493032e-07 6.090612149059273985e-07 4.834351748526280333e-07 3.829539784537090181e-07
3.255001851996403023e-05 2.580116577383627713e-05 2.054767815847447014e-05 1.632415437612766651e-05 1.294101914165996248e-05 1.027139530987249503e-05 8.183259855360127731e-06 6.493646814453029384e-06 5.163188297608690763e-06 4.097375849291956902e-06 3.257498373660968681e-06 2.586762044842465229e-06 2.053749027498144730e-06 1.631257520786805530e-06 1.294949046611235828e-06 1.026827796896886014e-06 8.139606800499790161e-07 6.434893042770919164e-07 5.082534785812001058e-07 4.022085325344857521e-07
2.664907936755255067e-05 2.119337240110649191e-05 1.688349791754021408e-05 1.343017567733857552e-05 1.068353363151092180e-05 8.475453577297680465e-06 6.742870653017452704e-06 5.365266608209826264e-06 4.269581587655164712e-06 3.400866752879428578e-06 2.706737334661118923e-06 2.159992708066710075e-06 1.726135018624253174e-06 1.381110401571822555e-06 1.105923331100373939e-06 8.870810760743662224e-07 7.118527754827253665e-07 5.721047676524550021e-07 4.625128585616794271e-07 3.759709431963084920e-07
2.889106234927657821e-05 2.298130158229812819e-05 1.825880173845192400e-05 1.454202262297636044e-05 1.156304223071866358e-05 9.194498653431074444e-06 7.299264588205579570e-06 5.818923712077733836e-06 4.632683307164825234e-06 3.686698572837052470e-06 2.936269027562701495e-06 2.341813838920257863e-06 1.871386595166664705e-06 1.497295630077188919e-06 1.199244203396022668e-06 9.617902534969169107e-07 7.735365274204223994e-07 6.233470647755032090e-07 5.050485712593763551e-07 4.118164672046760750e-07
3.063061956561916244e-05 2.435791776542562149e-05 1.934515162145799880e-05 1.537958645735471071e-05 1.220200221433844134e-05 9.704658930791367117e-06 7.704284301007756906e-06 6.117257251620065287e-06 4.864635233685346417e-06 3.866606373370786659e-06 3.069357940923741199e-06 2.437936407246947394e-06 1.937223334379688027e-06 1.539484232757085265e-06 1.224819375689773645e-06 9.738562001759872343e-07 7.743940884018431180e-07 6.154295348261600995e-07 4.882915193652207989e-07 3.868806355111086880e-07
2.945523227399105494e-05 2.326454600541723287e-05 1.848003369786835090e-05 1.472416387778634953e-05 1.168488497370842378e-05 9.295156515897337683e-06 7.376934946169094005e-06 5.851256368186975224e-06 4.648368358888261461e-06 3.694646546304970220e-06 2.936552332649367495e-06 2.329561793784985139e-06 1.849299042480370955e-06 1.467402717330095867e-06 1.163229583170986296e-06 9.205362823339554670e-07 7.282521067066656012e-07 5.762373697951854405e-07 4.559523014913369579e-07 3.607426568493455979e-07
2.812431125951389796e-05 2.239410575850021653e-05 1.785493528033780183e-05 1.420034147342310673e-05 1.128627874755044937e-05 8.983371268636412911e-06 7.150978001114668721e-06 5.694067048542967751e-06 4.546290932568664596e-06 3.625785179663524741e-06 2.896017831754031993e-06 2.313246487104681314e-06 1.851999471194341440e-06 1.488160641050943793e-06 1.201664237394857583e-06 9.722522982731168390e-07 7.924306280627634052e-07 6.497846960258416787e-07 5.371392016748864355e-07 4.486196655523522550e-07
3.136846124294484771e-05 2.485533700118290886e-05 1.978015959297870497e-05 1.573387240853722991e-05 1.252830594724638627e-05 9.962264641684397809e-06 7.919331534467539285e-06 6.319980238733296057e-06 5.032485410783782356e-06 4.009524815395355403e-06 3.197412117311920616e-06 2.553089054016535840e-06 2.038704728323774807e-06 1.631764313919829735e-06 1.311193433058611546e-06 1.055597836966283845e-06 8.520628292325484617e-07 6.919657846962629630e-07 5.639103935041141149e-07 4.600542419788332049e-07
3.721653511273572909e-05 2.960591172887406424e-05 2.369252483047587859e-05 1.883062454233777223e-05 1.493614061717406218e-05 1.191708657230828505e-05 9.492013021821857897e-06 7.561740742171176616e-06 6.023241791518913420e-06 4.801810268541695253e-06 3.832883489860065295e-06 3.068836692496396314e-06 2.457898755671982620e-06 1.972490880473748193e-06 1.584390685750232551e-06 1.273941112915352767e-06 1.028083492987013182e-06 8.335219015036586836e-07 6.790537519218974617e-07 5.562656032945036434e-07
2.884063271120068097e-05 2.295824290396182639e-05 1.827545078644722976e-05 1.449266465488869433e-05 1.153277378419966570e-05 9.168283393189583931e-06 7.284569503974262919e-06 5.790126736243892389e-06 4.600806621211380719e-06 3.655193668247922382e-06 2.902863248338910870e-06 2.303645143964446347e-06 1.827138327841559057e-06 1.450546074827752123e-06 1.152472185045049428e-06 9.153353512872556198e-07 7.274407635101272561e-07 5.792077132236246641e-07 4.619479835876792603e-07 3.700025570446260522e-07
2.996113509288017733e-05 2.383005088258896852e-05 1.891993782154607767e-05 1.504559534282840652e-05 1.195887538933920065e-05 9.506515491697896628e-06 7.554563717476971924e-06 6.010823754409918728e-06 4.770632327629848367e-06 3.789280958870490719e-06 3.011014542009846837e-06 2.389881110304367379e-06 1.898934500965033044e-06 1.507109564441698996e-06 1.194078361849293353e-06 9.452810992128834351e-07 7.486915371275016788e-07 5.926634719122537488e-07 4.699409079441409263e-07 3.741313353730315641e-07
2.721665728273476854e-05 2.166473145506891940e-05 1.718325496645000297e-05 1.368182987275789963e-05 1.087534040097641712e-05 8.641029400641961049e-06 6.859659176932813540e-06 5.454380150576094236e-06 4.337187256453905574e-06 3.448711102873606432e-06 2.742365735238803680e-06 2.177542220789200670e-06 1.730426180465421818e-06 1.374025945601880738e-06 1.091866068146806718e-06 8.675525328407357166e-07 6.895029510901869176e-07 5.479225497806699614e-07 4.353728130178030446e-07 3.455476843975805731e-07
2.913624480543099284e-05 2.315176859361845675e-05 1.838520124108704144e-05 1.459357691815274698e-05 1.161546087461827238e-05 9.236910451070811458e-06 7.333324612309167527e-06 5.829014337459972168e-06 4.627778646548214775e-06 3.679145676485651579e-06 2.924259512603254944e-06 2.322074805871007527e-06 1.843239651758412480e-06 1.464790476826989086e-06 1.164604568015644156e-06 9.262913737976926121e-07 7.370002921476867545e-07 5.864537094425105736e-07 4.667134736255897624e-07 3.710157080830534248e-07
2.745783806250424224e-05 2.171169478896057279e-05 1.723750027145945561e-05 1.370469289291795109e-05 1.088161720933325684e-05 8.644569139647542463e-06 6.868638081892512841e-06 5.454134794056349518e-06 4.338275794040903753e-06 3.445234793428343254e-06 2.738173056568622940e-06 2.178046242811277541e-06 1.732436691736673165e-06 1.379110826937686381e-06 1.098405876789196342e-06 8.742227997897340714e-07 6.952425313831492590e-07 5.531626704885298081e-07 4.398433878329874511e-07 3.506811343040455982e-07
2.592274445365992867e-05 2.062610054882139374e-05 1.635985254409891615e-05 1.300935412094110943e-05 1.032376990941984560e-05 8.209069125572703132e-06 6.516063315304349292e-06 5.174664850406958627e-06 4.114004503707649277e-06 3.267810063555424121e-06 2.594672097905592374e-06 2.064822635947771594e-06 1.641582152394213088e-06 1.305382244927871225e-06 1.038639102897327712e-06 8.267325131754758476e-07 6.586251551097031707e-07 5.252338677311370263e-07 4.185235890599211893e-07 3.332845782175870551e-07
3.340578418480087875e-05 2.663911919951810836e-05 2.114920141325635688e-05 1.679714664739197550e-05 1.335787005159046871e-05 1.061514326604652016e-05 8.443739486132971069e-06 6.704335608463436199e-06 5.327961364142181776e-06 4.235987870410907559e-06 3.368952845026932470e-06 2.674760182930789659e-06 2.128148611415408514e-06 1.692247276844524083e-06 1.345254715698235314e-06 1.070219322773582842e-06 8.492184820574743381e-07 6.734299444391718372e-07 5.339510471194696294e-07 4.231083212756213768e-07
3.008479779569741991e-05 2.390226237238535269e-05 1.899903568454600842e-05 1.511929023960497558e-05 1.198748349135657074e-05 9.525954250423036837e-06 7.571149936309749053e-06 6.019268583563378740e-06 4.782214736177970747e-06 3.799527610728051707e-06 3.018241613310437821e-06 2.397122838385521896e-06 1.905063437661785797e-06 1.514075803783917172e-06 1.204160519233444485e-06 9.577971500279283688e-07 7.614232982509267846e-07 6.052554120594980176e-07 4.812395648225338890e-07 3.821234094042300243e-07
3.848058886936318130e-05 3.066493565125545152e-05 2.436866846922428078e-05 1.935822515602890224e-05 1.535497452801781171e-05 1.221390638002755559e-05 9.714973139707927503e-06 7.723812075097517558e-06 6.148312917415413144e-06 4.891167851817650456e-06 3.894269835783809647e-06 3.099019899214505770e-06 2.467475087422079941e-06 1.963998357745595702e-06 1.560573569647198903e-06 1.239801335868417190e-06 9.833671594591566171e-07 7.789875347832960116e-07 6.161486865654441691e-07 4.876404960451286882e-07
2.815526640227968553e-05 2.233835401535362103e-05 1.774874133329092099e-05 1.410232166803296895e-05 1.118651972963085771e-05 8.895476413857215649e-06 7.070672427365581909e-06 5.617395177627592515e-06 4.459573138780065051e-06 3.540186906334864462e-06 2.815007321545605608e-06 2.236367897269468076e-06 1.778502342227306820e-06 1.413985286918278289e-06 1.123360556074475981e-06 8.927930209657582062e-07 7.095890109937895567e-07 5.640206494930038430e-07 4.485154884954126168e-07 3.570801758021702887e-07
3.260907418449528346e-05 2.578544003861221195e-05 2.042819274361368042e-05 1.627280972638573732e-05 1.299830041207055015e-05 1.031861391544944537e-05 8.210613379244991722e-06 6.525486157764857309e-06 5.196301689858722216e-06 4.132152059385322763e-06 3.288205509156501721e-06 2.619083219309877105e-06 2.089680736682384226e-06 1.666916236160315919e-06 1.332443997320167422e-06 1.066950150733923685e-06 8.580971456418683399e-07 6.946831492699331598e-07 5.655953023152457977e-07 4.651077735538866318e-07
3.639968450942924268e-05 2.889256816214991346e-05 2.305300299068267406e-05 1.825250985059263348e-05 1.450414194968917077e-05 1.153566046453491749e-05 9.169569764494085604e-06 7.279932657501300935e-06 5.792931526779910942e-06 4.600053326407821485e-06 3.650391872298087809e-06 2.897883660962574430e-06 2.299308561973257567e-06 1.822893068925164959e-06 1.445274365785678568e-06 1.145204920731687724e-06 9.080795647631210154e-07 7.216014196292127755e-07 5.731345203568978973e-07 4.559904934422500735e-07
2.555135961148507373e-05 2.030311462534770158e-05 1.616465202348178951e-05 1.281741469525686098e-05 1.016579150998345411e-05 8.077742199959939102e-06 6.419724033099933755e-06 5.098738915926909653e-06 4.055825517505244471e-06 3.223810652896152861e-06 2.563131098137579342e-06 2.036379915792614664e-06 1.618110388882259360e-06 1.284878990417302419e-06 1.020559936678554025e-06 8.115735628795801993e-07 6.449051731022642819e-07 5.124999926627367237e-07 4.070894586950897092e-07 3.229702256938027897e-07
2.791402408587515774e-05 2.221223805781229359e-05 1.767131052063640608e-05 1.404860373666205837e-05 1.116466348119945169e-05 8.866496849586492015e-06 7.052278361343830976e-06 5.608638401098104876e-06 4.451601016912200437e-06 3.534744627925936192e-06 2.804783267974916915e-06 2.225019461568704755e-06 1.766412522725866197e-06 1.401923535427899030e-06 1.111803883911716294e-06 8.808206378803902725e-07 6.975586644759359331e-07 5.525125019955535393e-07 4.371156348999119739e-07 3.460562438087494866e-07
2.633027733206351017e-05 2.098501121545704666e-05 1.665160272808521882e-05 1.323194173187157760e-05 1.052347176282201495e-05 8.355362274479656784e-06 6.648540617642111342e-06 5.292090600747134207e-06 4.211623341554225846e-06 3.354043239950757458e-06 2.672955105887978261e-06 2.131856984730147586e-06 1.699451602251001037e-06 1.355766622651882749e-06 1.084189014343862017e-06 8.679596017047246158e-07 6.941807912908702111e-07 5.566710955760751239e-07 4.498160180778772631e-07 3.666511653803832879e-07
3.127824721432429607e-05 2.487664874878300677e-05 1.983072745596193201e-05 1.571613646085045569e-05 1.246975524158665520e-05 9.915701560701523207e-06 7.877351900698751957e-06 6.250688513714296402e-06 4.973510950315826421e-06 3.949618026452979044e-06 3.140709182109053283e-06 2.497212120987243495e-06 1.984547147041099991e-06 1.576376778272764193e-06 1.252159094395390645e-06 9.934556448129321729e-07 7.876357144465617463e-07 6.243198490495260193e-07 4.952235037463413349e-07 3.925938961939822923e-07
3.452537084280829700e-05 2.750355736979953920e-05 2.176979914737833225e-05 1.734571967036180779e-05 1.374773799168152267e-05 1.094348831931842933e-05 8.700832277662157703e-06 6.914845035398094737e-06 5.496031943111715091e-06 4.365189846204784566e-06 3.467524522503761896e-06 2.755174081080889742e-06 2.190941729365031947e-06 1.743413800682177875e-06 1.387931117525199169e-06 1.104701623036379480e-06 8.786422929435842619e-07 7.008505822946187313e-07 5.608104078394874168e-07 4.523666028142236842e-07
3.285077847978869458e-05 2.630522989028509514e-05 2.087554674806602710e-05 1.653093600864320522e-05 1.316109548341776417e-05 1.045674760528176125e-05 8.314187361414483027e-06 6.604986765917044062e-06 5.257904777829250287e-06 4.191033948244036217e-06 3.340250689802799802e-06 2.663139814003785149e-06 2.127172871024356109e-06 1.699464287575884716e-06 1.362178671508651420e-06 1.093962304160600494e-06 8.838417620166021545e-07 7.198873053462405865e-07 5.928937770951304293e-07 4.912661586269027598e-07
2.696398559190164331e-05 2.141386759136959937e-05 1.704506635361650350e-05 1.355200229582053307e-05 1.078015437839210598e-05 8.561003690125223135e-06 6.800706406833728290e-06 5.409113154289191110e-06 4.297487848509055690e-06 3.416917544272302416e-06 2.712801331020702282e-06 2.153610190349467080e-06 1.711179734510943391e-06 1.359832434660345625e-06 1.079518699008999474e-06 8.567252788175676285e-07 6.807057759691420493e-07 5.408097271565839920e-07 4.291113345089781051e-07 3.403298831462722965e-07
2.725465416265403530e-05 2.167208051996322358e-05 1.721609907906103545e-05 1.367747113097887956e-05 1.088114776476820969e-05 8.653677148913200144e-06 6.874652395792137390e-06 5.475316376747258414e-06 4.352920784851372591e-06 3.460804494033321393e-06 2.748845424587485401e-06 2.184873209993103087e-06 1.734785434055898237e-06 1.378125898992773769e-06 1.094903689928148666e-06 8.710820890576451941e-07 6.923788114385737927e-07 5.504142304183049000e-07 4.373682535902778525e-07 3.470398284294547312e-07
3.245995422341475703e-05 2.590225345330509003e-05 2.057194386675945314e-05 1.633904110676083845e-05 1.298272921652210890e-05 1.031229099492368062e-05 8.194264216362332157e-06 6.515270218928179839e-06 5.174657488776434163e-06 4.114001712734809746e-06 3.268977992239815947e-06 2.598893100619723790e-06 2.060318267668329618e-06 1.634215374126958201e-06 1.296814786648142703e-06 1.030560866550426205e-06 8.204930970475350340e-07 6.531018664285684272e-07 5.204585308821753427e-07 4.139527980221023813e-07
3.004494997156653143e-05 2.401218903841613933e-05 1.910800563934959387e-05 1.519503809776600135e-05 1.206632425780078685e-05 9.590901707070038923e-06 7.623074834666897726e-06 6.058688065993797836e-06 4.814899783594877177e-06 3.825958563676293992e-06 3.036040153045712349e-06 2.409846779281845301e-06 1.915490405939366257e-06 1.522894162761346098e-06 1.209426142322654310e-06 9.610235223674828915e-07 7.625459449661986375e-07 6.046383585559881046e-07 4.782036885951786770e-07 3.778151018695572948e-07
2.630057182387540281e-05 2.090966834800464497e-05 1.661955304995494444e-05 1.320877221370580075e-05 1.048297780130085900e-05 8.333587641159077538e-06 6.630488172016064148e-06 5.272969737711765994e-06 4.190868685852429169e-06 3.328037333740153855e-06 2.644715168896013715e-06 2.102970589345779558e-06 1.672147941164200933e-06 1.328686368965945125e-06 1.057100854734547750e-06 8.402881833193953081e-07 6.667680062276818216e-07 5.293277775507781168e-07 4.197674472777182372e-07 3.333255096969983144e-07
3.032266429036757172e-05 2.418577521610108623e-05 1.928080964383399674e-05 1.527527706855791130e-05 1.214176069752177610e-05 9.640416507124951665e-06 7.673157780074905051e-06 6.093846287186778263e-06 4.847455057942069713e-06 3.851050247351203478e-06 3.059948021110638751e-06 2.430058344034347521e-06 1.930488565891233568e-06 1.533502676460347352e-06 1.217828638131191563e-06 9.666302785854731138e-07 7.684117590322534378e-07 6.108845758571455684e-07 4.853975097046961632e-07 3.852072979902934113e-07
3.213490495174196811e-05 2.553185561803120556e-05 2.028956574788143947e-05 1.611484243808358887e-05 1.280549601685774325e-05 1.018106833232690615e-05 8.071763524709885378e-06 6.406388809864784788e-06 5.087790685073193602e-06 4.035963946576287611e-06 3.205070644155310955e-06 2.542277172925800642e-06 2.018986996829192644e-06 1.603947341826607703e-06 1.274626739381115859e-06 1.010890299493976480e-06 8.011612247151607188e-07 6.351428862720104384e-07 5.038689519362446588e-07 4.013352496492833021e-07
3.305765464763241407e-05 2.617676841737067933e-05 2.087606721259307381e-05 1.654734025020940862e-05 1.317636006997795423e-05 1.046834428875262852e-05 8.323403618314836219e-06 6.608790745488350000e-06 5.248509800798413886e-06 4.166010236216655651e-06 3.314335727413016523e-06 2.633719039025755740e-06 2.092971544176586275e-06 1.661612052242184712e-06 1.319775132197718083e-06 1.048884848687728618e-06 8.336206696128971200e-07 6.614570717622300843e-07 5.251574716971484125e-07 4.165393074069320686e-07
2.562130869326738363e-05 2.039171872107513561e-05 1.619856279264385762e-05 1.288629728485615599e-05 1.024543289121081059e-05 8.132643309826766145e-06 6.478799886357831109e-06 5.148762441965634675e-06 4.097987911830717679e-06 3.256485542051818446e-06 2.593903557335191629e-06 2.068904900617407600e-06 1.652869143312270625e-06 1.321632588854132805e-06 1.058847626594494838e-06 8.504565142552407399e-07 6.837488359706289516e-07 5.523207301679627288e-07 4.484626808986622136e-07 3.661080481318596840e-07
2.797332509139698653e-05 2.220467884746042192e-05 1.766483380508063962e-05 1.406571888920431968e-05 1.116286275687854711e-05 8.855621638194713713e-06 7.043397411134505667e-06 5.599499095061133888e-06 4.450425841765256809e-06 3.531665571420971715e-06 2.805730779361653884e-06 2.232777920451909850e-06 1.773444460344151349e-06 1.408942523329983240e-06 1.119408799956746876e-06 8.890525160112350498e-07 7.057127870298119426e-07 5.590537663825314835e-07 4.425680742474200973e-07 3.504076235531497632e-07
2.661331801749786843e-05 2.119083687710341540e-05 1.683322838309664411e-05 1.335814839183167957e-05 1.061832712359619332e-05 8.434045843891688964e-06 6.704216397629061924e-06 5.326073620584878098e-06 4.232736606818989545e-06 3.363225916217113426e-06 2.669779162563660033e-06 2.122335673187329924e-06 1.686672266985701415e-06 1.340658003687208574e-06 1.066414170994085296e-06 8.481582541122005901e-07 6.749086946896641522e-07 5.365675612602271957e-07 4.262873547555920062e-07 3.386949285937183277e-07
3.103833360317142403e-05 2.467883637121525209e-05 1.956849972641974632e-05 1.559222504462320130e-05 1.236191290724313793e-05 9.826149253421271495e-06 7.804928799585458566e-06 6.211514178435862112e-06 4.926608906579152309e-06 3.908512127641057811e-06 3.101686048897908380e-06 2.460569511531942027e-06 1.952550402748481537e-06 1.549261479742461074e-06 1.229982111307627637e-06 9.773176891287613432e-07 7.757471664213277782e-07 6.154311791783184227e-07 4.877675406145012303e-07 3.874739762094948439e-07
2.646312205205038904e-05 2.102761735353931246e-05 1.670747148498049063e-05 1.325672627602222073e-05 1.053874741713752591e-05 8.372138729330073545e-06 6.645816151947707686e-06 5.277831174800166088e-06 4.195597279421439640e-06 3.336624032051386833e-06 2.650194975542508652e-06 2.104360640296098654e-06 1.671749653202152919e-06 1.329362488236825766e-06 1.055438665528533585e-06 8.377107822688447431e-07 6.641802861829066940e-07 5.271228163393814012e-07 4.184856755760553730e-07 3.329449813270111298e-07
2.617528974686220055e-05 2.087307642177663013e-05 1.653040591388518237e-05 1.316734347239868004e-05 1.045343675563281595e-05 8.317585500599923066e-06 6.605220117059902074e-06 5.245053947357653624e-06 4.166262645869232991e-06 3.311723068452111694e-06 2.631114584064764204e-06 2.088953067478579474e-06 1.660593502216114071e-06 1.321539474021736994e-06 1.052081370499345009e-06 8.384294787115442932e-07 6.674326937175776889e-07 5.302851143466986619e-07 4.203440253957341171e-07 3.333104496058831956e-07
3.056573784878118157e-05 2.429206999189436768e-05 1.932101772190192871e-05 1.534637860944084502e-05 1.219622406375050587e-05 9.663501829434253105e-06 7.686859147237072850e-06 6.108977546683744423e-06 4.854515721614140840e-06 3.854782627124200129e-06 3.062898272595903788e-06 2.432049713141720035e-06 1.930235830040911181e-06 1.532599314748651128e-06 1.217380074686323391e-06 9.678745250740525970e-07 7.703999065490476494e-07 6.125464516234048203e-07 4.859359511463128172e-07 3.856131753604105069e-07
2.553056857756572719e-05 2.027865760121044212e-05 1.614869121270058345e-05 1.280654381315064621e-05 1.018042573380929428e-05 8.084610911683759663e-06 6.433904223725953082e-06 5.112735736664852484e-06 4.064659685206031868e-06 3.231029227789284249e-06 2.571075801805791793e-06 2.043576127735727860e-06 1.625344899408532306e-06 1.291385089935013887e-06 1.025621247423719409e-06 8.130029064158255674e-07 6.442450904374346990e-07 5.111209317687465384e-07 4.061212305403054306e-07 3.232835721607529906e-07
2.621974849894614706e-05 2.085016768562663356e-05 1.655826109624592823e-05 1.312099645791592763e-05 1.045312317979347276e-05 8.298588490020349979e-06 6.596572085540580596e-06 5.249133030091139077e-06 4.163409482198302387e-06 3.310377883397481246e-06 2.629636071686087233e-06 2.087779273097213370e-06 1.658766506011378989e-06 1.316677416375120246e-06 1.044825350285160404e-06 8.292352506610789411e-07 6.575870816151874301e-07 5.217457741124869742e-07 4.139999294117968549e-07 3.288516702587864122e-07
2.594362986693625242e-05 2.062971989225492365e-05 1.636732594973927678e-05 1.305117361404691533e-05 1.033611927497851391e-05 8.217871374014913121e-06 6.533220473227667654e-06 5.188046647579598856e-06 4.122026455119950477e-06 3.271563589801193745e-06 2.598354835025787216e-06 2.063712247037601797e-06 1.638395273927376734e-06 1.300371452649724950e-06 1.032072818771302810e-06 8.201020735077875638e-07 6.526809432282520045e-07 5.188296867750333669e-07 4.112688593710463755e-07 3.260974250551875497e-07
2.819190134193102210e-05 2.242858242898948025e-05 1.782728239393783102e-05 1.419313959893188910e-05 1.130591406653446300e-05 9.001255699503243481e-06 7.161612902062279549e-06 5.699080601451818841e-06 4.538549524859335584e-06 3.616786316562586320e-06 2.882367288834270335e-06 2.298823463654553606e-06 1.835889177859689621e-06 1.467965258418983086e-06 1.174221134398453959e-06 9.417614790369829957e-07 7.579086794722249057e-07 6.107318797960741252e-07 4.943858527016893030e-07 4.030296900684697662e-07
3.389023214223580241e-05 2.684452998848885845e-05 2.134681330366469215e-05 1.702036474880925374e-05 1.350959850224129605e-05 1.072589279365658488e-05 8.534901402257601371e-06 6.778267808416982544e-06 5.392235001683848695e-06 4.285479237636085164e-06 3.413707537966444422e-06 2.715654030815317071e-06 2.161377835950076123e-06 1.721989551870921065e-06 1.375098840170668456e-06 1.101532909821084737e-06 8.849251918082769508e-07 7.130320155980473776e-07 5.781762460928757276e-07 4.734607842534709476e-07
2.758475944662635651e-05 2.184514369332147808e-05 1.744334875839142449e-05 1.386262613833095081e-05 1.101971616923376015e-05 8.766269274144967532e-06 6.967534386707938918e-06 5.545211879690524415e-06 4.407106108727913266e-06 3.507800703774530964e-06 2.795628454613487809e-06 2.231272704991168530e-06 1.782985889134356865e-06 1.424734698465109148e-06 1.141360223417326369e-06 9.160510268972182894e-07 7.359094890736439322e-07 5.927226326804110794e-07 4.793381314067201801e-07 3.902526878677292941e-07
2.856153840046367389e-05 2.276271956321423634e-05 1.811003630424692939e-05 1.440214904212079151e-05 1.145566192645946500e-05 9.115106254271852058e-06 7.254833659200019841e-06 5.773074332995752772e-06 4.603037686763040664e-06 3.674320355518260027e-06 2.932125395416358366e-06 2.347218492408539984e-06 1.881580784790956060e-06 1.510701804440269489e-06 1.214526936431220304e-06 9.794983752805204088e-07 7.945657944115075480e-07 6.497967895251084480e-07 5.354053447778629656e-07 4.455280237346784952e-07
2.625112328094508703e-05 2.091880901752953147e-05 1.654250104094656098e-05 1.319929910730328208e-05 1.048483232992570350e-05 8.323163105733236280e-06 6.617004111813817089e-06 5.255331447164699354e-06 4.168819485482373472e-06 3.313056869950180616e-06 2.629871710098486730e-06 2.088475150745334208e-06 1.658328084536139971e-06 1.317710897661492005e-06 1.047108703264978817e-06 8.321177042458703698e-07 6.612785211214439158e-07 5.252058044984681445e-07 4.171164662626446516e-07 3.307846616458890605e-07
2.990016880525487122e-05 2.373360867694303375e-05 1.887439254231876849e-05 1.499594524588121452e-05 1.191755305848251636e-05 9.463878327663232705e-06 7.531801539355763376e-06 5.979974152442683736e-06 4.756238529459766720e-06 3.776929876161593722e-06 3.002847568688300288e-06 2.386398228025626200e-06 1.898145038320796351e-06 1.507895162971971600e-06 1.198385423034684510e-06 9.527044437147581890e-07 7.571649113619425903e-07 6.017873147172028488e-07 4.790606341765747380e-07 3.800151964053241396e-07
2.913223887756418476e-05 2.329575272475722949e-05 1.843196339940568875e-05 1.464373352517429528e-05 1.162514811013053383e-05 9.235938742091322949e-06 7.334693399129282358e-06 5.823997915840222603e-06 4.633256336044115350e-06 3.678566667059255166e-06 2.923312331911627655e-06 2.324499067775355795e-06 1.844343799774890966e-06 1.464324592004681717e-06 1.163611049032503535e-06 9.243877247339506971e-07 7.338858326715446983e-07 5.831065131479184109e-07 4.636342224842523811e-07 3.683071021494035523e-07
2.663006128859247791e-05 2.113100713398820892e-05 1.688297190200612903e-05 1.341486427410629658e-05 1.066430056469619718e-05 8.480145314727597250e-06 6.738495576524564951e-06 5.361216347237871968e-06 4.266068657354297605e-06 3.394874477380139439e-06 2.700696524104566138e-06 2.147947299685133991e-06 1.710418701755396620e-06 1.363256017463927936e-06 1.087709636878270457e-06 8.694942092443506426e-07 6.964446296553251627e-07 5.599302540056185615e-07 4.526031856562287463e-07 3.680650883126148822e-07
2.779935714882350508e-05 2.198233210405084738e-05 1.747306533188741881e-05 1.386155542350760668e-05 1.101033769191377903e-05 8.749526444447336353e-06 6.946459591452607778e-06 5.526119516781341709e-06 4.394400672654457166e-06 3.496020330317043499e-06 2.774154546191806504e-06 2.202224757538841895e-06 1.748032925558886248e-06 1.388409861407233114e-06 1.103160335992842348e-06 8.772442964678993112e-07 6.968687448969475028e-07 5.538721694035755734e-07 4.400181344111161226e-07 3.488378114703400770e-07
3.072176149631890242e-05 2.448757927651270457e-05 1.943233554453438762e-05 1.541714700873840903e-05 1.227507908866660557e-05 9.747215431131833269e-06 7.745264957302666075e-06 6.154131914567349887e-06 4.892449271347927738e-06 3.884700140870859484e-06 3.088850061965315365e-06 2.451950224630359644e-06 1.944999601390199433e-06 1.542305630307281029e-06 1.221992723198977016e-06 9.685944891577852425e-07 7.678216872389359053e-07 6.082074093064693740e-07 4.812050976428418988e-07 3.800682462814414450e-07
2.845053231420710112e-05 2.262519318592818630e-05 1.796941048490182727e-05 1.428023489970202742e-05 1.134346575729280667e-05 9.004614379754779100e-06 7.154888687176071080e-06 5.682793975537023858e-06 4.519029540394130637e-06 3.595345212875208029e-06 2.858890558586611514e-06 2.274052365638203182e-06 1.807409252805601121e-06 1.437608848611937388e-06 1.143557905178291569e-06 9.090043657535165447e-07 7.230417206070782942e-07 5.754125501923162112e-07 4.576836858470527263e-07 3.642735634814395773e-07
3.147240211248894938e-05 2.503879455778172791e-05 1.985681285179334579e-05 1.581662103121569615e-05 1.254878052327034899e-05 9.961664204327106353e-06 7.919385973999643489e-06 6.295302439519065764e-06 4.995936191389936264e-06 3.971186587778859428e-06 3.158190184679036739e-06 2.508712885659744916e-06 1.994428159258547587e-06 1.585135928594022264e-06 1.259252404798006139e-06 1.000376755511257913e-06 7.964804738757388055e-07 6.348169354324290223e-07 5.053479661586586833e-07 4.054502390307100143e-07
2.769824713641533083e-05 2.204703792122656079e-05 1.749600411472381354e-05 1.392042399514498373e-05 1.106622722889243234e-05 8.812103029205129950e-06 7.006663371604761601e-06 5.581061410057414654e-06 4.438024774095956959e-06 3.532552619896456084e-06 2.815434000927282394e-06 2.244561278973756283e-06 1.791674087805903414e-06 1.432460630329676829e-06 1.147725180169080594e-06 9.202202357404533553e-07 7.397794833518686052e-07 5.963292801224277357e-07 4.830767782097625417e-07 3.928748544982044795e-07
3.072528245255208492e-05 2.450741097869746894e-05 1.954045033273080835e-05 1.552151234642653452e-05 1.233458025624681014e-05 9.799322805531183639e-06 7.777189683017113244e-06 6.178872343122121381e-06 4.904321456501678668e-06 3.895231125973122832e-06 3.095605535230487743e-06 2.458705344191689243e-06 1.953525706156023771e-06 1.552356272821732008e-06 1.233411955033103082e-06 9.808957867942540750e-07 7.805845129257493350e-07 6.208073713974883199e-07 4.934650292204693399e-07 3.929138730118446006e-07
2.829508628197283771e-05 2.254825866549413620e-05 1.792575847606626773e-05 1.426195951940131934e-05 1.131592585167306785e-05 8.982415607048779079e-06 7.128539389789669407e-06 5.666617395861437360e-06 4.499138058831325180e-06 3.575957410017554786e-06 2.838587660866718778e-06 2.254015438543923720e-06 1.790188692249058482e-06 1.423281107913932207e-06 1.131126466411566040e-06 8.985438623990085594e-07 7.136497227934201940e-07 5.675612062106573739e-07 4.519136278930170982e-07 3.605383814988951279e-07
2.924625288232699432e-05 2.324896329705801481e-05 1.847776888584063619e-05 1.469622536072584507e-05 1.169044118585081720e-05 9.275200618350310021e-06 7.373568665197182657e-06 5.860208676464501802e-06 4.658598737526093576e-06 3.699232892245845358e-06 2.937236077491314598e-06 2.333234402979399232e-06 1.851899677132422165e-06 1.471373761481007787e-06 1.168124473344343490e-06 9.280665218477555235e-07 7.387123729526201606e-07 5.881833617235887273e-07 4.681910499575404183e-07 3.727256374504849756e-07
2.900876672198718373e-05 2.305305854591276806e-05 1.832437996749345611e-05 1.451709270010774226e-05 1.154059980815336403e-05 9.174690606344608183e-06 7.292969007848915274e-06 5.798655988959958609e-06 4.611908384925146084e-06 3.666118203355377333e-06 2.915442945217332880e-06 2.318456362422983486e-06 1.841768983489542822e-06 1.463887105305768724e-06 1.163609331166095362e-06 9.245462424457069669e-07 7.341261002860718362e-07 5.828364475694698049e-07 4.620776361491563808e-07 3.682275106157307250e-07
2.985236623234867196e-05 2.371044779978399706e-05 1.894644582352657188e-05 1.504335831952043053e-05 1.194570523152794871e-05 9.499299934935071665e-06 7.549300914289181716e-06 6.000220608948071232e-06 4.777833676741805193e-06 3.806359106168174353e-06 3.033773023185978096e-06 2.417741739777340828e-06 1.929180798258955446e-06 1.542182962767331019e-06 1.234478425403981331e-06 9.901842596338839163e-07 7.955463837621482371e-07 6.422385331747146120e-07 5.222264168038289274e-07 4.302375900640399385e-07
2.724717080807738723e-05 2.171407591171323789e-05 1.727403375608073936e-05 1.371296640388682151e-05 1.090189878677176497e-05 8.652110268891487045e-06 6.878422361841341926e-06 5.468023118527198598e-06 4.341917329154599140e-06 3.448916958224028805e-06 2.736696426406437689e-06 2.174865903871431103e-06 1.730210061276266932e-06 1.375050170128149364e-06 1.091556498686883598e-06 8.664345015359416535e-07 6.878392216226083686e-07 5.464545111690304323e-07 4.344124915022027310e-07 3.457222773855486479e-07
2.870740953858803089e-05 2.280291218327586727e-05 1.810696998291929860e-05 1.441620242103573582e-05 1.148773290671910289e-05 9.133128017468313662e-06 7.242517196353403981e-06 5.753039227213225204e-06 4.572001530937925362e-06 3.633283423173665169e-06 2.883960052927830336e-06 2.289814419641466075e-06 1.817650620386294881e-06 1.443322506002651340e-06 1.145991416089660457e-06 9.093646064195926636e-07 7.219723339006832116e-07 5.725895915603649887e-07 4.545831226590718702e-07 3.610254257572877667e-07
3.000271238988457584e-05 2.376313090684295157e-05 1.892607252412210891e-05 1.504616322374220345e-05 1.195318762733868472e-05 9.500910107729326163e-06 7.543193546495616906e-06 5.990269905775074584e-06 4.757904257524896463e-06 3.773905847628728118e-06 3.001892658998033354e-06 2.385172930681882596e-06 1.894089129599870698e-06 1.504962451991365080e-06 1.197553979381279819e-06 9.522691820956167721e-07 7.574371492901209797e-07 6.025404268366032761e-07 4.798407247012366268e-07 3.812502404662286126e-07
2.752482016386909716e-05 2.187619388337491607e-05 1.738449156576750667e-05 1.381502626615559917e-05 1.096277445816345510e-05 8.702683858301316953e-06 6.910480323411481020e-06 5.490863722603133758e-06 4.362793224579767749e-06 3.462633936854263182e-06 2.750944816914273535e-06 2.184482126457610999e-06 1.734290324211396883e-06 1.376684897654653387e-06 1.092646903057038691e-06 8.666462092018099480e-07 6.871948773886221150e-07 5.449317102684417932e-07 4.316715435668053173e-07 3.413553628902075314e-07
2.867948138827622703e-05 2.272020043414777702e-05 1.801778163591794069e-05 1.435016834558283501e-05 1.139146418893936485e-05 9.057285794391065382e-06 7.199076218013162203e-06 5.719597840324879537e-06 4.544283697054918541e-06 3.609589661566820266e-06 2.868159776477337063e-06 2.278826026717119972e-06 1.812293684051600990e-06 1.439321335983030783e-06 1.142683632350668893e-06 9.076349909794287275e-07 7.213467375818427135e-07 5.732264690449956156e-07 4.552496227170304451e-07 3.617034889972927438e-07
2.768001568281348623e-05 2.188663897185628830e-05 1.748618037152143816e-05 1.386284895443634731e-05 1.099397612825232764e-05 8.740564802756024994e-06 6.938756255479566957e-06 5.512900949669693187e-06 4.378682101518914700e-06 3.474667850605043265e-06 2.762285526202329507e-06 2.196047021405663581e-06 1.745126745968016948e-06 1.386771988459550137e-06 1.101883680105425823e-06 8.752201974424389760e-07 6.952490782223573445e-07 5.523136943340762597e-07 4.389242889826172523e-07 3.489151628919576193e-07
2.888793151403314840e-05 2.294399925426678159e-05 1.823604339553781717e-05 1.450824763124426985e-05 1.152387553698635387e-05 9.164032193077409545e-06 7.284003060273231374e-06 5.789857157755028813e-06 4.602184602263226081e-06 3.656919799571970026e-06 2.909515858482377620e-06 2.310864032517884993e-06 1.835798685684233065e-06 1.457663190179528549e-06 1.158897127628298642e-06 9.210536791602507559e-07 7.313049964578255513e-07 5.807116018800002644e-07 4.612358123187853177e-07 3.661962989177273242e-07
2.734466198031484452e-05 2.171591685984169850e-05 1.727534659479019772e-05 1.370869023109368900e-05 1.090411035841950324e-05 8.659447087205686568e-06 6.887794308991449141e-06 5.476479950940017159e-06 4.352112316763749712e-06 3.456555124639803714e-06 2.747140631750945139e-06 2.180793262201382781e-06 1.731581044288011451e-06 1.375596500135326449e-06 1.092728072399006635e-06 8.681786344373482079e-07 6.901047614159754231e-07 5.483227608702009747e-07 4.355474212565845646e-07 3.455506508929575874e-07
2.887845739351409274e-05 2.293932459903612838e-05 1.822937775348525542e-05 1.446338380302277004e-05 1.148257878964941000e-05 9.131744895060883959e-06 7.252580331936295542e-06 5.761010664520496791e-06 4.570936477886656102e-06 3.632623776791592965e-06 2.888536002747680118e-06 2.293934036181464081e-06 1.822411603381638493e-06 1.446918172322994549e-06 1.147680816260342048e-06 9.110803595424367841e-07 7.245425139028696356e-07 5.764930598997443650e-07 4.601062637696313464e-07 3.676205546725054649e-07
2.779481164360599811e-05 2.212989867104146356e-05 1.758342096748555529e-05 1.397116952373558696e-05 1.109401311824584659e-05 8.807638263098337725e-06 7.002138781641202476e-06 5.563537362682364634e-06 4.415151260975110580e-06 3.507364676809759107e-06 2.784925081866108593e-06 2.213119913874305035e-06 1.757805861487906551e-06 1.396996817090408191e-06 1.110044435240232414e-06 8.823427783954897056e-07 7.014318339167417805e-07 5.579532577235555010e-07 4.434085254865974204e-07 3.526763015050166414e-07
2.448830289401292100e-05 1.951744968416045930e-05 1.548237543301356388e-05 1.229507573520892321e-05 9.764354563743823343e-06 7.770774238612910640e-06 6.169082473532956724e-06 4.904310697985066224e-06 3.895174443222497061e-06 3.094870417086897906e-06 2.459148988367813181e-06 1.953131229308254008e-06 1.551664147292157301e-06 1.233641603305905915e-06 9.805441960865042903e-07 7.804805134002013817e-07 6.210932020391203026e-07 4.941277993827986483e-07 3.927140742290811548e-07 3.119702387332667577e-07
3.203228468675070292e-05 2.549252115683957944e-05 2.022861699943090695e-05 1.608098227055066302e-05 1.278834920411318838e-05 1.016758828648271553e-05 8.067074279844351026e-06 6.420230957496154124e-06 5.095271907139599500e-06 4.052104236700000139e-06 3.217483482783553030e-06 2.555191747038324784e-06 2.031127999940129013e-06 1.612990932178204071e-06 1.280592424908761862e-06 1.016476485853339811e-06 8.057616745171605926e-07 6.376263155994068879e-07 5.047051652722930428e-07 4.001406299232385828e-07
2.695750785124685127e-05 2.142294256953368079e-05 1.700782456661784742e-05 1.354006891510171444e-05 1.077131833378029947e-05 8.564181151635324700e-06 6.814956527220565190e-06 5.421211321894262403e-06 4.311622132077510889e-06 3.435947557727028322e-06 2.739146107467449346e-06 2.187347518820082482e-06 1.749273239665210909e-06 1.401415087446592223e-06 1.126490538928001796e-06 9.079257712888887556e-07 7.345150472144483819e-07 5.987819169831650461e-07 4.930222213199926496e-07 4.079541661660449486e-07
2.629934067496219881e-05 2.100048422203352861e-05 1.671342915241680354e-05 1.329875181982991131e-05 1.055778613158356053e-05 8.402128909255018893e-06 6.682639829330084225e-06 5.314997268397286169e-06 4.229674755290050696e-06 3.366957282218292205e-06 2.681690543743276690e-06 2.139571348167055286e-06 1.708123760101228066e-06 1.365320198948407627e-06 1.093795046273346045e-06 8.806187641931023062e-07 7.093332079927274841e-07 5.727252431450489093e-07 4.638727483692509371e-07 3.782190441943472439e-07
3.555858995985279451e-05 2.827177348728836999e-05 2.254385755938490717e-05 1.786622447586691206e-05 1.423865979651415831e-05 1.131362030884928940e-05 9.001806228497111017e-06 7.175051461917452013e-06 5.715518967700802491e-06 4.562148035863299988e-06 3.656796771156586443e-06 2.938732751545593222e-06 2.369409193679114089e-06 1.913254346269904241e-06 1.549059713772645025e-06 1.256964404456653079e-06 1.031320359596532937e-06 8.555390547092493860e-07 7.150908592487743430e-07 6.070487628391737871e-07
2.712310590289849189e-05 2.147608420014451944e-05 1.714331103184432809e-05 1.360019461452321223e-05 1.082245504913173652e-05 8.604496910126526780e-06 6.839520371205960089e-06 5.441711946557920121e-06 4.334500203408062103e-06 3.456005258358697534e-06 2.751388677725053361e-06 2.196351287243329967e-06 1.756682794639655249e-06 1.405919948306089651e-06 1.126752764927890840e-06 9.038853503892703453e-07 7.259840389264836086e-07 5.846243073423350986e-07 4.728921637597713542e-07 3.849134888507741566e-07
3.367858255907669427e-05 2.689798032052364126e-05 2.131511367134228898e-05 1.692737246978953455e-05 1.349510288509370975e-05 1.069677375135647465e-05 8.498632414286227987e-06 6.754556932733904639e-06 5.364477838323451730e-06 4.266100779105867344e-06 3.392643691030686435e-06 2.698008158606946956e-06 2.147056468755067413e-06 1.707875239751216638e-06 1.357305105124799823e-06 1.078853886464490386e-06 8.565075586674278367e-07 6.791636422102264085e-07 5.373934906833796477e-07 4.252950934243651651e-07
2.765931871761609498e-05 2.208404625776977782e-05 1.755494095035721406e-05 1.392665441403215847e-05 1.108767196966162169e-05 8.832162856314611595e-06 7.016625023509406154e-06 5.583788929910145987e-06 4.447894802519701937e-06 3.542419707394066596e-06 2.820224218679422582e-06 2.250634957512888785e-06 1.799010633564995732e-06 1.439167846396317780e-06 1.152672016175221171e-06 9.254506504085103261e-07 7.457987266608463758e-07 6.031387209757398702e-07 4.906995040231796065e-07 4.038899428251291519e-07
2.985567081900450241e-05 2.362138393386004228e-05 1.880622822226777393e-05 1.500170013544765696e-05 1.192978576590440888e-05 9.493890479130710463e-06 7.565396429721610328e-06 6.016943972123589512e-06 4.779930245366885640e-06 3.803970244113957669e-06 3.026253110889713762e-06 2.411374595114042575e-06 1.925104722985375003e-06 1.538371726044114632e-06 1.231641816835367033e-06 9.891849768964019636e-07 7.965848314428495289e-07 6.450364300235829634e-07 5.277018307277221244e-07 4.358893150514449936e-07
2.836672311806911538e-05 2.260388521822735727e-05 1.793497484955918484e-05 1.424808243860002209e-05 1.131919166781996297e-05 9.001073355554270521e-06 7.154480377173692718e-06 5.677943089278076908e-06 4.512518798215039005e-06 3.586224487385506782e-06 2.848985301741556696e-06 2.263846583236261131e-06 1.797634194794438452e-06 1.428047688750542246e-06 1.133751251566975621e-06 9.002262829030358220e-07 7.152323047553701381e-07 5.680044061806515860e-07 4.499091809912519268e-07 3.560726503891468040e-07
2.738658227365845297e-05 2.173684222813272526e-05 1.731129762786988731e-05 1.371170010836974546e-05 1.089804582077392752e-05 8.670963147616925340e-06 6.896856970517496009e-06 5.474354788492395868e-06 4.345821580326323573e-06 3.450393220675662938e-06 2.738957403331755819e-06 2.176986327644979727e-06 1.729097298258276264e-06 1.373815882349420460e-06 1.091260638736439009e-06 8.661516219411071933e-07 6.871120690310021512e-07 5.451575038855850040e-07 4.322110457668438709e-07 3.420819867958309250e-07
3.307773801494805194e-05 2.609239827216174764e-05 2.082005584357655579e-05 1.650797915709203590e-05 1.314815617511703678e-05 1.045546371009609076e-05 8.303823818902067872e-06 6.594445786676965446e-06 5.237824164713287342e-06 4.158856493845164124e-06 3.306934467824113755e-06 2.627020843492395832e-06 2.089656728704494059e-06 1.663181660520578383e-06 1.323355350829393201e-06 1.051816648216148271e-06 8.353145844084415492e-07 6.625960704248587581e-07 5.248158840383063854e-07 4.156137975410689865e-07
3.052079632565275004e-05 2.422653908495650936e-05 1.929961514050194761e-05 1.533464596854653233e-05 1.222232873426991055e-05 9.706249923618035330e-06 7.735172023520854871e-06 6.155478580496094059e-06 4.905702103902953215e-06 3.907504134958589970e-06 3.117684859320326314e-06 2.485148158931031223e-06 1.986251833511945886e-06 1.588288114003952234e-06 1.273531562358235960e-06 1.024650092541474622e-06 8.279764612929143760e-07 6.734543134073924209e-07 5.510624408326258923e-07 4.515996093048581741e-07
2.617165809827413196e-05 2.078655432229965767e-05 1.654600023326793765e-05 1.314275366794049746e-05 1.044415231915754499e-05 8.309361659285020185e-06 6.596957347983655204e-06 5.239455993010519630e-06 4.157614111635859012e-06 3.303080783279163044e-06 2.622619428399689706e-06 2.083398695609336297e-06 1.656462354258052995e-06 1.316640876596183575e-06 1.045833950716344363e-06 8.305076288384390188e-07 6.595748162889765356e-07 5.248802551435637177e-07 4.182696172659584321e-07 3.330843518210998385e-07
2.767297710674816871e-05 2.197642653507108512e-05 1.746798287523837213e-05 1.390080085259588268e-05 1.104788541326391943e-05 8.784571066613150635e-06 6.980766549092251028e-06 5.546795695203622630e-06 4.409305567909504004e-06 3.499705709469963090e-06 2.778492717212717822e-06 2.206588650504112811e-06 1.752415959882725351e-06 1.391574163250814635e-06 1.104963640532114606e-06 8.775716716425152698e-07 6.964267722216327748e-07 5.532141549688929793e-07 4.395699337593463825e-07 3.493506086533365996e-07
2.982016165261845155e-05 2.361331219326205189e-05 1.882530237074745227e-05 1.496520624225239366e-05 1.188236199963220914e-05 9.433878833888892663e-06 7.493660133440822252e-06 5.955327879949941084e-06 4.727900741662500168e-06 3.753450551124956442e-06 2.981841564773789565e-06 2.370392557471685328e-06 1.883350674530574499e-06 1.497841211422229377e-06 1.191239231436430372e-06 9.476372810846847304e-07 7.540712281676048804e-07 6.001935591642020180e-07 4.784768718925504983e-07 3.813154328460186011e-07
