# th, gt, err_gt
2.805046135754908576e+00 1.064683600607428237e-03 7.662432753205519222e-06
3.531343861556885511e+00 8.797367688442274273e-04 7.201111656327432767e-06
4.445698525097307119e+00 6.914354326890731657e-04 6.651321626310288974e-06
5.596802846420849242e+00 5.581779078102521883e-04 5.847245050682803683e-06
7.045957328161136068e+00 4.494902785199445016e-04 5.341195048551999970e-06
8.870334730839386950e+00 3.594033903431287521e-04 4.487018934070634770e-06
1.116708980377407912e+01 2.985732874241539786e-04 4.158812300820666546e-06
1.405853312975872704e+01 2.589633109111830504e-04 4.107372362959142163e-06
1.769864460960344488e+01 2.235065430084005032e-04 3.693104345034457129e-06
2.228127345334364406e+01 1.895117612365366242e-04 4.171028464352534565e-06
2.805046135754909287e+01 1.656760282178633393e-04 4.132530864001096032e-06
3.531343861556886310e+01 1.449849860714755236e-04 4.254578408955859231e-06
4.445698525097307652e+01 1.264104930660455437e-04 4.304712035838015628e-06
5.596802846420851552e+01 1.141116494668499619e-04 4.511671707714592892e-06
7.045957328161136957e+01 1.018747936763545852e-04 4.559014942544296687e-06
8.870334730839388726e+01 8.946607053380815097e-05 4.758262372661316018e-06
1.116708980377408125e+02 7.511391384102667878e-05 4.978218639150685889e-06
1.405853312975872882e+02 6.008779560320318743e-05 4.781076907714766249e-06
1.769864460960346548e+02 4.427787223796579038e-05 4.073108208408767234e-06
2.228127345334363838e+02 3.299109171715438899e-05 3.687499473302663030e-06
