# boost_factor (sum of boost_factor from all patches except for one, different each time)
1.074082521316175098e+00 1.063007529246374760e+00 1.053287861931271552e+00 1.045773726368576240e+00 1.039266468277333155e+00 1.033628300756106455e+00 1.028952851146164305e+00 1.024265586179145204e+00 1.020333990978834260e+00 1.017074481138529496e+00 1.013948711302296468e+00 1.011133161776798239e+00 1.008728639014512929e+00 1.006405715516070609e+00 1.004338914273093852e+00 1.002737043892822699e+00 1.001459494353450941e+00 1.000467243351040203e+00 9.999001356480642366e-01 9.994829892402555815e-01
1.074072487208667326e+00 1.062945960560293779e+00 1.053214168160981457e+00 1.045810622577864279e+00 1.039287485741408723e+00 1.033684703288441309e+00 1.029002225123190506e+00 1.024339880445922724e+00 1.020366720003548444e+00 1.017126242079021470e+00 1.014014652904522640e+00 1.011214063682868591e+00 1.008789564842690556e+00 1.006433318952995926e+00 1.004345930839148693e+00 1.002730433411033406e+00 1.001462480211095629e+00 1.000498012556369165e+00 9.999327831610635986e-01 9.994686210192501585e-01
1.074161541445146639e+00 1.063016111834804711e+00 1.053292109241139363e+00 1.045840832102890916e+00 1.039297504213047008e+00 1.033696998018713842e+00 1.029016541989666189e+00 1.024348922353049973e+00 1.020376228989466671e+00 1.017116089628841369e+00 1.013982571977369185e+00 1.011162343850939838e+00 1.008742468647821022e+00 1.006417122699940769e+00 1.004342998807388199e+00 1.002727142561942619e+00 1.001462118714276261e+00 1.000515631426281082e+00 9.999466018794654909e-01 9.994915542555999899e-01
1.074136582969112963e+00 1.063029253957364695e+00 1.053309449488074145e+00 1.045871400329477119e+00 1.039346921867715823e+00 1.033729180021015548e+00 1.029018576706781207e+00 1.024335302928445213e+00 1.020391052962501099e+00 1.017111277497124933e+00 1.013982841962641768e+00 1.011152369023279540e+00 1.008737114753992081e+00 1.006412472216493326e+00 1.004331851220712668e+00 1.002728439216226342e+00 1.001474121860111088e+00 1.000512804640571574e+00 9.999597511824959151e-01 9.995144450821492610e-01
1.074192883276391175e+00 1.063050334777946082e+00 1.053318087559347749e+00 1.045856627123344706e+00 1.039317927366064875e+00 1.033682213235674885e+00 1.029013814626644985e+00 1.024330892912530100e+00 1.020367693254914387e+00 1.017111267708940003e+00 1.013972001969061232e+00 1.011145667845820384e+00 1.008729270412201062e+00 1.006389099694908529e+00 1.004313201460806049e+00 1.002709951633857566e+00 1.001467617126115428e+00 1.000514976748615892e+00 9.999486092403930826e-01 9.994960739466225430e-01
1.074046877086700880e+00 1.062959073727805182e+00 1.053249519476894713e+00 1.045824822782872365e+00 1.039270581707146590e+00 1.033629349743171888e+00 1.028961941567214433e+00 1.024256465732825916e+00 1.020306979852404483e+00 1.017023353209155712e+00 1.013912801176690692e+00 1.011094374786617678e+00 1.008689751175364968e+00 1.006390218695210947e+00 1.004325084966571024e+00 1.002733262606068987e+00 1.001483006419658928e+00 1.000524098970799081e+00 9.999674567228062916e-01 9.995054465983117531e-01
1.074066082539384182e+00 1.062918731617872536e+00 1.053195936433203972e+00 1.045760259127039848e+00 1.039272401785168221e+00 1.033639979879414694e+00 1.028940732771672195e+00 1.024251841026383669e+00 1.020296827869255907e+00 1.017057513617290132e+00 1.013943954596618680e+00 1.011138899280435988e+00 1.008711032187259882e+00 1.006391042757789345e+00 1.004305502497099267e+00 1.002700753009484469e+00 1.001443278953989324e+00 1.000456192174501879e+00 9.999027627217885739e-01 9.994478346608637320e-01
1.074189491435902921e+00 1.063045300380463853e+00 1.053326708020101199e+00 1.045919545435199494e+00 1.039395685470430264e+00 1.033748775171095424e+00 1.029057721178183060e+00 1.024351238939301689e+00 1.020386020195978238e+00 1.017118670066444963e+00 1.013993511327704766e+00 1.011160423794567942e+00 1.008734905831015549e+00 1.006412483763736709e+00 1.004322788518546838e+00 1.002723127617365373e+00 1.001474828443126519e+00 1.000530029263347664e+00 9.999709625192629847e-01 9.995145020213760390e-01
1.074097483642455719e+00 1.063070791736143050e+00 1.053335652262918032e+00 1.045862779592543035e+00 1.039310478402965643e+00 1.033691849852808931e+00 1.028999877569408028e+00 1.024303391140094055e+00 1.020340473868802444e+00 1.017077202949732806e+00 1.013942351503752670e+00 1.011111447874557534e+00 1.008688655403323198e+00 1.006346115809852115e+00 1.004268289334532049e+00 1.002632009604555119e+00 1.001327140980953434e+00 1.000345097631850200e+00 9.997675461242936379e-01 9.992930204290000340e-01
1.074052222654449107e+00 1.062990339509089832e+00 1.053233352466029116e+00 1.045844958671632741e+00 1.039315564601048125e+00 1.033689887336625590e+00 1.028976621018950821e+00 1.024287929900811189e+00 1.020318923620488594e+00 1.017058982131357370e+00 1.013934127177750444e+00 1.011111983901462175e+00 1.008683524296113632e+00 1.006342742347515973e+00 1.004275558457434103e+00 1.002678842130448666e+00 1.001439995482652501e+00 1.000499726249910015e+00 9.999614372053892142e-01 9.995321476700754770e-01
1.074029953454601838e+00 1.062927267587330249e+00 1.053193938198047741e+00 1.045778154267215099e+00 1.039250995068523586e+00 1.033641871401409951e+00 1.028938964979640547e+00 1.024233124015990315e+00 1.020272751915050513e+00 1.017001346205787415e+00 1.013866428401888786e+00 1.011011530934300184e+00 1.008588261828236909e+00 1.006270513630132646e+00 1.004203121673909349e+00 1.002618421843501029e+00 1.001383141732018478e+00 1.000456506503852649e+00 9.999260551972944944e-01 9.995020874784954490e-01
1.074106469296906008e+00 1.063039770159084352e+00 1.053307732907639016e+00 1.045830544658350458e+00 1.039314257953064091e+00 1.033686634926729964e+00 1.028998353987535808e+00 1.024318468103499580e+00 1.020351460955918332e+00 1.017073378593277067e+00 1.013952227022474784e+00 1.011145031788339921e+00 1.008716332696916185e+00 1.006406258420718958e+00 1.004338134272213967e+00 1.002732998781495466e+00 1.001463861474273243e+00 1.000513541749194601e+00 9.999811024070103249e-01 9.995302980708260510e-01
1.074174431487567416e+00 1.063090365250404012e+00 1.053352104819170520e+00 1.045880619956593982e+00 1.039363342996909800e+00 1.033744795037370823e+00 1.029046632783904291e+00 1.024348310919402261e+00 1.020371679494166406e+00 1.017090802352130785e+00 1.013959070121829953e+00 1.011138754855154032e+00 1.008714762449160141e+00 1.006390548838806298e+00 1.004315838091865309e+00 1.002729242355784978e+00 1.001493765012268167e+00 1.000537438768311249e+00 9.999781926612647531e-01 9.995232301604015657e-01
1.074213103095930322e+00 1.063145263488548986e+00 1.053411403256428125e+00 1.045952127367192341e+00 1.039408934716667066e+00 1.033793696343817681e+00 1.029106196715106725e+00 1.024415053474819537e+00 1.020432797913775280e+00 1.017154593064387269e+00 1.014019842641166846e+00 1.011188665316273161e+00 1.008766407640614426e+00 1.006424868394354188e+00 1.004336208276668252e+00 1.002743444558518604e+00 1.001477373314029862e+00 1.000505835283845180e+00 9.999439170658215303e-01 9.994768710858904504e-01
1.074056319399244064e+00 1.062972473537021845e+00 1.053203024676333754e+00 1.045781847150924593e+00 1.039241415139541491e+00 1.033609885438359743e+00 1.028911569201500731e+00 1.024220298990961231e+00 1.020272781144815566e+00 1.016998058724079446e+00 1.013853180198607484e+00 1.011030575506755680e+00 1.008620045855198155e+00 1.006291415621049179e+00 1.004225896641343985e+00 1.002641335517797883e+00 1.001412634929833567e+00 1.000475028957702683e+00 9.999479828054859132e-01 9.995462949318780765e-01
1.074071779442999475e+00 1.062995053777677112e+00 1.053311129844372251e+00 1.045836346091089997e+00 1.039340070193633503e+00 1.033708747509800796e+00 1.029018912057839241e+00 1.024330067337085870e+00 1.020368478145524671e+00 1.017100176149022817e+00 1.013977111419455790e+00 1.011158183407765199e+00 1.008729170317427259e+00 1.006400499986135566e+00 1.004322387291658014e+00 1.002706373849065136e+00 1.001460636220029121e+00 1.000513056711173077e+00 9.999427131450450146e-01 9.994991789044624930e-01
1.074242028874525134e+00 1.063088864552994117e+00 1.053336767676087637e+00 1.045888135337627922e+00 1.039365745658362927e+00 1.033767280915378839e+00 1.029058256783058622e+00 1.024358873919782420e+00 1.020396739040959844e+00 1.017153311343387045e+00 1.014033474295946036e+00 1.011185048569850808e+00 1.008763114590338850e+00 1.006438951948195548e+00 1.004350558881701660e+00 1.002746517684569572e+00 1.001495637424351104e+00 1.000528232996267919e+00 9.999705575320150253e-01 9.995222824215737045e-01
1.073996077877834576e+00 1.062932315229136115e+00 1.053241477726530206e+00 1.045805075824911778e+00 1.039269810387343673e+00 1.033658431257917565e+00 1.028989093172407276e+00 1.024332191322800512e+00 1.020365137997291116e+00 1.017123381497980095e+00 1.014012934681713274e+00 1.011188001349889509e+00 1.008794277385300031e+00 1.006491673456916036e+00 1.004431586690465394e+00 1.002845221030971512e+00 1.001624183287799674e+00 1.000689149454019322e+00 1.000127442982639003e+00 9.996488867490523900e-01
1.074058585481991956e+00 1.062955897081747647e+00 1.053199501537427141e+00 1.045748705854654625e+00 1.039218499152008368e+00 1.033595773696945441e+00 1.028896259826981074e+00 1.024215531304671911e+00 1.020267867643516402e+00 1.017004169730644891e+00 1.013885976809001610e+00 1.011052936933934721e+00 1.008631166146467972e+00 1.006278678361679280e+00 1.004174735790237305e+00 1.002568047175341759e+00 1.001315564298373761e+00 1.000360883158069703e+00 9.998049260312230624e-01 9.993331455654379525e-01
1.074196824664714889e+00 1.063094617563117961e+00 1.053346632940007188e+00 1.045908267289481275e+00 1.039371679414198946e+00 1.033724359269090121e+00 1.029039497144340842e+00 1.024325956088973255e+00 1.020356117950428798e+00 1.017096927548983398e+00 1.013968418062103805e+00 1.011139554902201976e+00 1.008688620322780061e+00 1.006356010812414992e+00 1.004256362614358356e+00 1.002661446083607411e+00 1.001424744684893842e+00 1.000476019625018864e+00 9.999181317041553330e-01 9.994603728988898927e-01
1.073954731722813527e+00 1.062867025819494993e+00 1.053130219542199653e+00 1.045742954783341894e+00 1.039255174154135597e+00 1.033628453600973662e+00 1.028946428917109079e+00 1.024278367889592367e+00 1.020316864078985253e+00 1.017047321345985633e+00 1.013952138890884980e+00 1.011131331267639100e+00 1.008715947149463776e+00 1.006409225437813193e+00 1.004339925971150738e+00 1.002735018168750436e+00 1.001486547527203008e+00 1.000523077978026532e+00 9.999547088670855954e-01 9.994824774168116210e-01
1.074052494961084792e+00 1.062969342463741862e+00 1.053226563192031895e+00 1.045813422031823370e+00 1.039296026411181906e+00 1.033675859599343827e+00 1.028988490115140930e+00 1.024305529453123365e+00 1.020313512727441863e+00 1.017051810709594051e+00 1.013923128257184336e+00 1.011127241414667033e+00 1.008704388038928590e+00 1.006389285913325216e+00 1.004324901442085194e+00 1.002732334814216753e+00 1.001478155296850359e+00 1.000490349376803145e+00 9.998899944511727700e-01 9.994136337333019426e-01
1.074052154492867617e+00 1.062992211441154744e+00 1.053305533978853292e+00 1.045844065120699495e+00 1.039352883223517265e+00 1.033729439760593172e+00 1.029035823510160430e+00 1.024346221883430275e+00 1.020411475129259227e+00 1.017153649915112590e+00 1.014018176846423813e+00 1.011205602556648264e+00 1.008829910206600733e+00 1.006490150370706660e+00 1.004391670886857657e+00 1.002763979574015307e+00 1.001519425520265294e+00 1.000591435266088070e+00 1.000072751493606305e+00 9.996523347910944990e-01
1.073826179935192471e+00 1.062753750177185319e+00 1.053010033414665703e+00 1.045522076583983440e+00 1.039023020853810930e+00 1.033446381427202576e+00 1.028710974828051405e+00 1.024006198831103331e+00 1.020038697501284952e+00 1.016776459973200986e+00 1.013643150144835969e+00 1.010820447058191629e+00 1.008438962816222029e+00 1.006146310055281434e+00 1.004093588584746843e+00 1.002542027912236344e+00 1.001328671597655928e+00 1.000386455213107650e+00 9.998296557483254965e-01 9.993651507159689862e-01
1.074152068554756534e+00 1.063019056905285087e+00 1.053245005942911039e+00 1.045862613350847958e+00 1.039337971577911857e+00 1.033695202588157613e+00 1.029010344965969992e+00 1.024315416369153908e+00 1.020355055091078267e+00 1.017091582490201374e+00 1.013954049927015433e+00 1.011127702236724435e+00 1.008710982762403674e+00 1.006378296051046783e+00 1.004318380054646020e+00 1.002736018707227394e+00 1.001489612721503830e+00 1.000535395509501324e+00 9.999935871995325742e-01 9.995206788217614324e-01
1.074012313042181033e+00 1.062879059202070708e+00 1.053181886716636484e+00 1.045761434716927063e+00 1.039216915325515300e+00 1.033569291954304026e+00 1.028869116256220018e+00 1.024206879341237775e+00 1.020257881842540071e+00 1.017012641499378978e+00 1.013887277566968725e+00 1.011075968893468513e+00 1.008649832202766383e+00 1.006336138593505014e+00 1.004278838592348455e+00 1.002685171829065025e+00 1.001450757585134133e+00 1.000514843013091681e+00 9.999641759264712437e-01 9.995141116965247097e-01
1.074063256705311886e+00 1.063005977209366959e+00 1.053297723113788997e+00 1.045838049256741176e+00 1.039292990081278401e+00 1.033682081005262265e+00 1.028989382872635527e+00 1.024320036989604832e+00 1.020347230823944962e+00 1.017095418728052536e+00 1.013963639141403972e+00 1.011146895993810801e+00 1.008733021364183635e+00 1.006428213790911519e+00 1.004376648647844039e+00 1.002786098541215809e+00 1.001537196495734028e+00 1.000553424797937296e+00 9.999764153340788830e-01 9.995264918048103464e-01
1.074064398757584859e+00 1.063058935158668561e+00 1.053323338598394887e+00 1.045882983557789858e+00 1.039351414112425376e+00 1.033732648515630625e+00 1.029045817104601968e+00 1.024359629295482188e+00 1.020410925435735194e+00 1.017159455330435502e+00 1.014062794511042753e+00 1.011230852474845898e+00 1.008797926368097952e+00 1.006463739845594674e+00 1.004406263945249123e+00 1.002815752805252814e+00 1.001575951412797316e+00 1.000618571720301775e+00 1.000050058482852444e+00 9.995651264794646051e-01
1.074078948691489233e+00 1.063075762037447802e+00 1.053324863135635336e+00 1.045838774134198124e+00 1.039350772379618704e+00 1.033738934154470712e+00 1.029051086895326650e+00 1.024342823536569691e+00 1.020390300787212601e+00 1.017125395992757975e+00 1.013992349298190820e+00 1.011166783982140105e+00 1.008756227807994232e+00 1.006418223371543963e+00 1.004333717499041656e+00 1.002709820769455140e+00 1.001430598948026551e+00 1.000481474966529616e+00 9.999518781533821565e-01 9.995062055350689700e-01
1.074207225322834081e+00 1.063084199330964097e+00 1.053357447822265369e+00 1.045893685642273363e+00 1.039342646804767512e+00 1.033700604992801253e+00 1.028990552120444102e+00 1.024302095515603250e+00 1.020350913241718338e+00 1.017078486619706235e+00 1.013956825314083376e+00 1.011151304863469269e+00 1.008731719214500888e+00 1.006391680112034726e+00 1.004311340484453030e+00 1.002708257493867716e+00 1.001454130891369143e+00 1.000494965852620100e+00 9.999256158565620334e-01 9.994814851882954931e-01
1.074110138614823073e+00 1.062987920707044509e+00 1.053312710326555823e+00 1.045885400845006696e+00 1.039326290446475065e+00 1.033734010531046854e+00 1.029034971576245239e+00 1.024325702697730156e+00 1.020333514988415180e+00 1.017085877393382631e+00 1.013987613060914894e+00 1.011155860170094067e+00 1.008751339626227539e+00 1.006411222324498977e+00 1.004336608339245096e+00 1.002756432738282077e+00 1.001499587053043427e+00 1.000537259266280010e+00 9.999634406557710298e-01 9.994979890547317503e-01
1.074211249102101418e+00 1.063048435957334004e+00 1.053292004534658988e+00 1.045880279923803391e+00 1.039303280590082368e+00 1.033692972049573999e+00 1.028991794443169017e+00 1.024311459140075264e+00 1.020350354511375457e+00 1.017091002848710346e+00 1.013957958784514446e+00 1.011132329089054149e+00 1.008710897055274947e+00 1.006378497175849152e+00 1.004301786076630343e+00 1.002707538010879640e+00 1.001455424560372176e+00 1.000495976102086182e+00 9.999424220779187245e-01 9.994884857673760337e-01
1.073997520487853352e+00 1.062931370541865483e+00 1.053250912898621827e+00 1.045764455729101705e+00 1.039236179431094698e+00 1.033627661041885970e+00 1.028960329547805586e+00 1.024284978258166001e+00 1.020342008179863091e+00 1.017077043579510010e+00 1.013962930493576664e+00 1.011145993675046872e+00 1.008725979035989040e+00 1.006384937480018449e+00 1.004293075339216967e+00 1.002688029003633963e+00 1.001436576879571438e+00 1.000506181897707680e+00 9.999810357610444678e-01 9.995438999952070969e-01
1.074162537013896523e+00 1.063007447898858704e+00 1.053293732085660572e+00 1.045840872022239632e+00 1.039322119715964554e+00 1.033697794191052344e+00 1.028985579526061844e+00 1.024304315422835732e+00 1.020352930056406482e+00 1.017083634805217018e+00 1.013955801403649826e+00 1.011134697620824419e+00 1.008713461352516605e+00 1.006381697643353501e+00 1.004300208415316309e+00 1.002704511639145535e+00 1.001462055715680810e+00 1.000502661907395785e+00 9.999653797184716586e-01 9.995195927897831956e-01
1.074176437099593429e+00 1.063118217290959899e+00 1.053346071799255323e+00 1.045894250192490160e+00 1.039366779728419399e+00 1.033725130062976172e+00 1.029026700892627488e+00 1.024322677012755811e+00 1.020351177624551964e+00 1.017108464476987439e+00 1.013972675934327050e+00 1.011154051285820810e+00 1.008738711316657710e+00 1.006394679015089277e+00 1.004306430588092880e+00 1.002714244138510402e+00 1.001458271529839239e+00 1.000505909167225926e+00 9.999516887151164157e-01 9.994849456383811948e-01
1.074009553424467134e+00 1.062925764778102522e+00 1.053220373613376282e+00 1.045722312205707327e+00 1.039230121420952946e+00 1.033565741454330000e+00 1.028862279012990877e+00 1.024183877706778878e+00 1.020230332097977977e+00 1.016955614888200410e+00 1.013839207518940633e+00 1.011030386921466739e+00 1.008633626810854222e+00 1.006323617043552554e+00 1.004212448995221774e+00 1.002572118237013088e+00 1.001332645011923539e+00 1.000392935522940396e+00 9.998468002714436809e-01 9.993803570219659260e-01
1.074046232266552270e+00 1.063011360918230341e+00 1.053248784109198422e+00 1.045808468902636124e+00 1.039303286385458103e+00 1.033690222816389781e+00 1.028995089648026662e+00 1.024289240091794007e+00 1.020343365328371776e+00 1.017068973488731487e+00 1.013952068397125039e+00 1.011120342807694694e+00 1.008712598103188585e+00 1.006393526038886765e+00 1.004319517129989459e+00 1.002717466899491594e+00 1.001464614815109844e+00 1.000506774860231873e+00 9.999532048554011787e-01 9.995156837142770145e-01
1.074090481498219285e+00 1.063014109096043436e+00 1.053258595036320466e+00 1.045809951949149719e+00 1.039277265429251473e+00 1.033665223211319484e+00 1.028964692431691530e+00 1.024314027845601327e+00 1.020350590407947511e+00 1.017119856952359624e+00 1.014003867080926602e+00 1.011175928315314554e+00 1.008752467805085429e+00 1.006412442258026729e+00 1.004315913237742830e+00 1.002703430680333740e+00 1.001443191229088203e+00 1.000476396373663590e+00 9.999224646926804239e-01 9.994626173338734265e-01
1.074050427831947374e+00 1.062924496532824170e+00 1.053150763336149209e+00 1.045710180471238093e+00 1.039205173785815672e+00 1.033605797290850115e+00 1.028897669971503559e+00 1.024229518413500406e+00 1.020297740957991639e+00 1.017041913595992053e+00 1.013932237805193148e+00 1.011108071721612989e+00 1.008692763447016638e+00 1.006382077993177804e+00 1.004329779528182920e+00 1.002753150467097010e+00 1.001538549248911281e+00 1.000594550868619148e+00 1.000065087018763954e+00 9.996228056356302183e-01
1.074050016009739039e+00 1.062979080746010663e+00 1.053235381014986594e+00 1.045759598872462837e+00 1.039219168050285802e+00 1.033626623888792340e+00 1.028906146916021225e+00 1.024229974053937342e+00 1.020255807301429618e+00 1.017016932682368591e+00 1.013901034762672904e+00 1.011084043102249641e+00 1.008654535601337443e+00 1.006308615737925072e+00 1.004216127451160290e+00 1.002616462833445743e+00 1.001342331451111400e+00 1.000415191541275783e+00 9.998910123737813072e-01 9.994580095105657369e-01
1.074127822817025013e+00 1.062998259587010885e+00 1.053202253648869435e+00 1.045775807632016052e+00 1.039268136553715749e+00 1.033624672329492178e+00 1.028918989907064319e+00 1.024234028004237906e+00 1.020259996629630628e+00 1.016996954594698854e+00 1.013890711057239491e+00 1.011102684578904842e+00 1.008718299989900702e+00 1.006409349699439293e+00 1.004331475723567957e+00 1.002716231561917581e+00 1.001469506631498252e+00 1.000508583656783079e+00 9.999552852952637849e-01 9.995224393646350292e-01
1.073869261823295673e+00 1.062822030069424883e+00 1.053129500320969747e+00 1.045690605145604524e+00 1.039141903491028751e+00 1.033509279478475706e+00 1.028817353442194493e+00 1.024108727257215135e+00 1.020154087506733198e+00 1.016916227570020093e+00 1.013800642486273551e+00 1.011023850859134932e+00 1.008621608018232640e+00 1.006332879405643421e+00 1.004276199807530467e+00 1.002696435395267871e+00 1.001449064253396637e+00 1.000511407428661403e+00 9.999909418066620370e-01 9.995385702030539221e-01
1.074140724280977288e+00 1.063049036734117658e+00 1.053287723176257629e+00 1.045811896073023162e+00 1.039296685493372285e+00 1.033679056534671181e+00 1.028965866688059672e+00 1.024289663948390938e+00 1.020320683491134250e+00 1.017079721268974390e+00 1.013961284117686157e+00 1.011149233628221067e+00 1.008738774105822245e+00 1.006412591826253644e+00 1.004333234760955040e+00 1.002721996995005416e+00 1.001469921977487632e+00 1.000513383177031645e+00 9.999549256956088428e-01 9.995006363159052443e-01
1.074077405235339011e+00 1.063017346997264578e+00 1.053318373972933708e+00 1.045857672649626258e+00 1.039307592171057948e+00 1.033694015812306244e+00 1.028996071238107213e+00 1.024317201742820593e+00 1.020357625030710924e+00 1.017096773139664512e+00 1.013973280647519237e+00 1.011154716428699363e+00 1.008733508295507786e+00 1.006406554874461401e+00 1.004322173811329488e+00 1.002706467495893206e+00 1.001455577842555122e+00 1.000496250611941695e+00 9.999462486245804804e-01 9.994834302890315270e-01
1.074044533577845018e+00 1.062927471318365180e+00 1.053229360844463391e+00 1.045815235220763473e+00 1.039245238250443792e+00 1.033631842504850296e+00 1.028940670169646188e+00 1.024273363125987268e+00 1.020335053785804025e+00 1.017082960808975534e+00 1.013952256489025983e+00 1.011136827445899167e+00 1.008714235188529429e+00 1.006384279132794379e+00 1.004295856614205062e+00 1.002685891119091677e+00 1.001422442909635668e+00 1.000437086404820208e+00 9.998615629042710840e-01 9.994085266758244712e-01
1.074084752324292014e+00 1.063004008715629833e+00 1.053275837133106352e+00 1.045790754326687555e+00 1.039263170607244824e+00 1.033634483414160865e+00 1.028966757144414101e+00 1.024275451837302731e+00 1.020340611446760359e+00 1.017084505392811478e+00 1.013957349830807875e+00 1.011121538031752420e+00 1.008702077452448886e+00 1.006380794509545318e+00 1.004304998770961355e+00 1.002713657628681032e+00 1.001451720495664111e+00 1.000494778209257030e+00 9.999473646138947736e-01 9.995084255796806705e-01
1.074106547988338045e+00 1.062982364722646622e+00 1.053256465354672100e+00 1.045813783370661554e+00 1.039258651452380722e+00 1.033660833634999276e+00 1.028959876612784097e+00 1.024268109632291202e+00 1.020308222774405804e+00 1.017063860343782489e+00 1.013949407648858436e+00 1.011118603088435153e+00 1.008693363190693804e+00 1.006367893708897787e+00 1.004294821921921654e+00 1.002704498806646916e+00 1.001463348341357307e+00 1.000530739555337112e+00 9.999791729294338349e-01 9.995108552388277667e-01
1.074000716851116088e+00 1.062984814883007445e+00 1.053245693212302436e+00 1.045832351518281245e+00 1.039318455109040862e+00 1.033667347070682974e+00 1.029004075164905219e+00 1.024311913878264590e+00 1.020335002972694749e+00 1.017057723440109251e+00 1.013953812010310429e+00 1.011135412850765469e+00 1.008729112168495368e+00 1.006382525218165958e+00 1.004288842567723439e+00 1.002687306346793150e+00 1.001452847866277862e+00 1.000483736460306972e+00 9.999129676999076732e-01 9.994598409236771230e-01
1.074021127919266405e+00 1.062964092048122478e+00 1.053260993597191719e+00 1.045789996765483121e+00 1.039257940665934354e+00 1.033661195357902018e+00 1.028978111160419262e+00 1.024278847427581463e+00 1.020314440080947627e+00 1.017070123668224246e+00 1.013952832417377659e+00 1.011125838820264189e+00 1.008710042630158288e+00 1.006381235257668205e+00 1.004301216469610125e+00 1.002701019978017749e+00 1.001453102557317898e+00 1.000499271653429556e+00 9.999443207125241484e-01 9.994904376562887549e-01
1.074024559128123668e+00 1.062906416630181594e+00 1.053185559068492205e+00 1.045743452005036378e+00 1.039224072515863684e+00 1.033627539640012971e+00 1.028921316025890320e+00 1.024243514325066551e+00 1.020291399041288960e+00 1.017043485691384141e+00 1.013936060054416943e+00 1.011113380847221688e+00 1.008693644378339860e+00 1.006366781938032640e+00 1.004286263573517912e+00 1.002688312850414931e+00 1.001445231131876890e+00 1.000507382829771696e+00 9.999547208090121542e-01 9.995123070130096377e-01
1.074034750402732774e+00 1.062985397652359998e+00 1.053288538502082483e+00 1.045830918384450525e+00 1.039309120831772182e+00 1.033692273138154372e+00 1.028996123193531842e+00 1.024295216315130874e+00 1.020337403297071122e+00 1.017053488765252256e+00 1.013934282377441987e+00 1.011118049549725173e+00 1.008697918353507195e+00 1.006371148820909722e+00 1.004306845025739303e+00 1.002717792366697003e+00 1.001465675738394623e+00 1.000521159732482124e+00 9.999493268886692210e-01 9.994768714606341309e-01
1.074138056862256496e+00 1.063060089143951670e+00 1.053323548499160323e+00 1.045879723533548411e+00 1.039327275274597895e+00 1.033683357094226540e+00 1.029007216629274302e+00 1.024337720241728533e+00 1.020357815261264012e+00 1.017081229360429218e+00 1.013942435028801992e+00 1.011121644588483637e+00 1.008680296294150125e+00 1.006343782298534828e+00 1.004237451163656702e+00 1.002625828392314178e+00 1.001375035560162052e+00 1.000409443076148763e+00 9.998461943262300089e-01 9.993794859593319035e-01
1.074147148699147847e+00 1.063106743021632106e+00 1.053362692303244863e+00 1.045870461541965613e+00 1.039329201949028780e+00 1.033689589861938263e+00 1.028988306253147522e+00 1.024292070044078073e+00 1.020340926916235791e+00 1.017085205751589116e+00 1.013965973907323237e+00 1.011128206009723751e+00 1.008718797218723040e+00 1.006372612801224697e+00 1.004303755832219869e+00 1.002721928853948397e+00 1.001474734467319383e+00 1.000532088325324587e+00 9.999928906602557621e-01 9.995443104542568458e-01
1.074063117166937475e+00 1.063067007038288381e+00 1.053317239313843023e+00 1.045873004849368071e+00 1.039315942118710145e+00 1.033689883568921886e+00 1.029003226177283681e+00 1.024323357804710399e+00 1.020371018589408818e+00 1.017135536538102736e+00 1.014015504393195322e+00 1.011200579126411592e+00 1.008756118802100366e+00 1.006422055709893959e+00 1.004347196232681094e+00 1.002736080243687100e+00 1.001467028311671781e+00 1.000493524264130851e+00 9.999294641505770409e-01 9.994547488344295294e-01
1.074039844940194888e+00 1.062934182775419956e+00 1.053243809785825214e+00 1.045777203027670854e+00 1.039239060429295813e+00 1.033656571957066506e+00 1.028977021699972516e+00 1.024295808579828382e+00 1.020336060181536109e+00 1.017078282839572800e+00 1.013948114645249143e+00 1.011132016760486474e+00 1.008733144780179281e+00 1.006414292887070072e+00 1.004328074757284472e+00 1.002717631783576868e+00 1.001464815118149332e+00 1.000519190468917685e+00 9.999735397945677118e-01 9.995153142738939511e-01
1.074022244444231999e+00 1.062887984174314848e+00 1.053222300898893460e+00 1.045727257936483579e+00 1.039217501770744123e+00 1.033607486600625514e+00 1.028892169854014105e+00 1.024213720100216607e+00 1.020247521885540021e+00 1.016983419944202049e+00 1.013865909537723375e+00 1.011034718354300477e+00 1.008620088759588862e+00 1.006309766938711547e+00 1.004247109701195795e+00 1.002666840272309123e+00 1.001439065192004874e+00 1.000499658804091085e+00 9.999725425675033419e-01 9.995516894968253796e-01
1.074029269890004690e+00 1.062968172816425305e+00 1.053287304714060735e+00 1.045811436647550385e+00 1.039267051764596550e+00 1.033676829109669182e+00 1.028978267490340492e+00 1.024299339178659896e+00 1.020362356817514193e+00 1.017108624366276803e+00 1.013980087810876896e+00 1.011145417419161419e+00 1.008728703435900931e+00 1.006412751653646076e+00 1.004329072392123656e+00 1.002718103336526223e+00 1.001468880834288200e+00 1.000519729121430945e+00 9.999913530047160881e-01 9.995584048972498969e-01
1.074194074837772739e+00 1.063082145245406673e+00 1.053350151745889862e+00 1.045888831244889072e+00 1.039350842474983327e+00 1.033735867201470260e+00 1.029029514187393524e+00 1.024334427512116452e+00 1.020365196167560606e+00 1.017084420721295235e+00 1.013964438074855812e+00 1.011138828583000526e+00 1.008719719975578188e+00 1.006399260273349139e+00 1.004322908852721241e+00 1.002727389568647265e+00 1.001483402226101882e+00 1.000549705044406545e+00 1.000010429890823227e+00 9.995723831076214205e-01
1.074065008511549291e+00 1.062977381615145545e+00 1.053239234155672444e+00 1.045825297237587659e+00 1.039270985346173237e+00 1.033663422995800829e+00 1.028954719601304690e+00 1.024266776222956477e+00 1.020329733459511834e+00 1.017061230841745934e+00 1.013947391339637294e+00 1.011121212364612054e+00 1.008701716614926358e+00 1.006370539035003508e+00 1.004292871292686851e+00 1.002708189416214868e+00 1.001472475147946906e+00 1.000528833494408465e+00 9.999880558698146515e-01 9.995577042669587797e-01
1.074087332109666892e+00 1.062993038093302589e+00 1.053279177679941725e+00 1.045849756671200392e+00 1.039328534487656386e+00 1.033715249395225522e+00 1.029031926555362242e+00 1.024339504822568081e+00 1.020383782742997125e+00 1.017109211261571167e+00 1.013981407190730044e+00 1.011160071162098717e+00 1.008744295921889744e+00 1.006409961964824351e+00 1.004318599337623796e+00 1.002700534208788685e+00 1.001433115205036861e+00 1.000472095839783471e+00 9.999188385698761783e-01 9.994551125836406147e-01
1.074090228753987741e+00 1.063042698902910477e+00 1.053246219701440500e+00 1.045790682963562812e+00 1.039258275340445348e+00 1.033618788177645298e+00 1.028905221480487686e+00 1.024216962983892198e+00 1.020264371363337030e+00 1.017001151405090731e+00 1.013878033092708408e+00 1.011048112046784242e+00 1.008633786893106565e+00 1.006309774558004966e+00 1.004228892116711958e+00 1.002624965043938499e+00 1.001372144764568928e+00 1.000446483790228935e+00 9.999167041602592398e-01 9.994613476692812970e-01
1.074213550092789182e+00 1.063145944412127175e+00 1.053389784923708383e+00 1.045963370144198601e+00 1.039394678999660870e+00 1.033755094379747330e+00 1.029048132490210543e+00 1.024355436338879155e+00 1.020394663513424227e+00 1.017127025103491622e+00 1.013996834379391920e+00 1.011161189906434110e+00 1.008730797831749237e+00 1.006411059067121361e+00 1.004331960732659734e+00 1.002733304386274948e+00 1.001474361571379035e+00 1.000526433092474354e+00 9.999817685182853522e-01 9.995297777628745495e-01
1.074067536947965973e+00 1.063007201488874731e+00 1.053228047560734959e+00 1.045778547318307883e+00 1.039260626336941273e+00 1.033632439111101364e+00 1.028945194087381498e+00 1.024243562494470794e+00 1.020297847006172764e+00 1.017022810579572001e+00 1.013901728121497037e+00 1.011071095878013359e+00 1.008666608833060474e+00 1.006349155915386984e+00 1.004290966540549279e+00 1.002697989065021167e+00 1.001463163825962788e+00 1.000524550671740176e+00 9.999878864890172636e-01 9.995377694206716290e-01
1.074080164664158010e+00 1.063026304080234796e+00 1.053313223462679638e+00 1.045834801225820954e+00 1.039337370656248982e+00 1.033676818619388094e+00 1.028982412854744233e+00 1.024304614020585813e+00 1.020336900681360959e+00 1.017094274503977491e+00 1.013968395003443046e+00 1.011173968697952841e+00 1.008788056364314345e+00 1.006483922140807730e+00 1.004427317557710087e+00 1.002851149657416618e+00 1.001584975291252899e+00 1.000613428690970697e+00 1.000045058599379866e+00 9.996174104273696237e-01
1.074165723464074906e+00 1.063105558112621418e+00 1.053337001351853042e+00 1.045868391829169131e+00 1.039374789032056601e+00 1.033726055695100232e+00 1.029021078712565096e+00 1.024356455821307410e+00 1.020414180289672679e+00 1.017142182670384365e+00 1.014001302246254399e+00 1.011177609505210961e+00 1.008766529738738482e+00 1.006423786927588493e+00 1.004342474161632692e+00 1.002775654352358936e+00 1.001573426949762258e+00 1.000646241825941418e+00 1.000105607864749668e+00 9.996202770879780708e-01
1.074237547373343649e+00 1.063106026980511487e+00 1.053386401477010237e+00 1.045949237751479410e+00 1.039434479468014372e+00 1.033788143880461252e+00 1.029068316173842979e+00 1.024390115705143378e+00 1.020425219637236758e+00 1.017146092805818691e+00 1.013992738077114764e+00 1.011178958675255757e+00 1.008760152280324895e+00 1.006411635868928567e+00 1.004333070216152146e+00 1.002733493659081931e+00 1.001493199933721101e+00 1.000515844071256932e+00 9.999493924814639723e-01 9.995125929930420705e-01
1.074013676257706384e+00 1.062954948863558124e+00 1.053221437304300068e+00 1.045788932673383131e+00 1.039257702187033505e+00 1.033649907719196293e+00 1.028974929324219412e+00 1.024293844809174292e+00 1.020324814586788698e+00 1.017108427644689339e+00 1.013986990695615820e+00 1.011183180224311196e+00 1.008776922857633984e+00 1.006445267648426123e+00 1.004324266001545674e+00 1.002703132428143684e+00 1.001443744763240939e+00 1.000495661716714446e+00 9.999251998474968373e-01 9.994587525871481137e-01
1.074102214908655650e+00 1.063042355136827544e+00 1.053282009651124396e+00 1.045893408543302039e+00 1.039374091948097378e+00 1.033751791128516562e+00 1.029046744566491922e+00 1.024361058684790216e+00 1.020393314141768704e+00 1.017109688619956653e+00 1.014005219995577356e+00 1.011168741559028250e+00 1.008759518258059762e+00 1.006447449268934591e+00 1.004395394494122629e+00 1.002828916711627993e+00 1.001619478670916941e+00 1.000700185162656020e+00 1.000171383717119555e+00 9.997463087304395701e-01
1.074069954762378876e+00 1.063014901867505024e+00 1.053312942090136817e+00 1.045891612625802658e+00 1.039343513574020550e+00 1.033694765828843565e+00 1.028985672836822074e+00 1.024321083935260557e+00 1.020338516517378613e+00 1.017089309800049302e+00 1.013982724477268560e+00 1.011154458361005926e+00 1.008742259979189093e+00 1.006420335254679665e+00 1.004376577428331307e+00 1.002808208762447473e+00 1.001570228954158148e+00 1.000619920716314448e+00 1.000062792607767204e+00 9.995869852291791036e-01
1.074088156340073041e+00 1.063028467172638880e+00 1.053297893618658332e+00 1.045900604887957552e+00 1.039359465446995534e+00 1.033745722824770175e+00 1.029040759109961289e+00 1.024356120652299751e+00 1.020398521294423544e+00 1.017128827859643314e+00 1.014022676307293036e+00 1.011210213968529059e+00 1.008802275227807410e+00 1.006481964549101438e+00 1.004391941242740893e+00 1.002780329335459131e+00 1.001517758225265453e+00 1.000559146027719448e+00 9.999930928986727752e-01 9.995233894802674213e-01
1.074064383144367918e+00 1.063010605488887483e+00 1.053317293705368973e+00 1.045853936348837054e+00 1.039350256139956130e+00 1.033746054297481898e+00 1.029049752578361954e+00 1.024369871372011298e+00 1.020390718518850992e+00 1.017121513897846441e+00 1.013997194836047555e+00 1.011170582942691576e+00 1.008748272812258984e+00 1.006419614503823112e+00 1.004331107530495260e+00 1.002734344809028455e+00 1.001495596324308845e+00 1.000531495527394288e+00 9.999885792610255786e-01 9.995312330249210842e-01
1.074156005563009053e+00 1.063078474895156056e+00 1.053357068607994496e+00 1.045899039689383025e+00 1.039363888838084504e+00 1.033759456045197478e+00 1.029073949026719781e+00 1.024376955918807841e+00 1.020423603970814108e+00 1.017154167232230844e+00 1.014025283749000472e+00 1.011187054214078174e+00 1.008770121035920120e+00 1.006434098056199655e+00 1.004342789202190778e+00 1.002721299062546922e+00 1.001464236500513083e+00 1.000498184241413790e+00 9.999330542533590993e-01 9.994661883792498314e-01
1.074066714826782620e+00 1.062967326432875392e+00 1.053220592578638648e+00 1.045773782194417079e+00 1.039267547480465126e+00 1.033619324712939269e+00 1.028936413038960662e+00 1.024260774008417973e+00 1.020323715019882727e+00 1.017072739433392936e+00 1.013968766865129378e+00 1.011142643562879639e+00 1.008714665313039660e+00 1.006374826113521248e+00 1.004288022227417976e+00 1.002663727358863444e+00 1.001382142639674067e+00 1.000399849039609768e+00 9.998622695458257992e-01 9.994019984589949113e-01
1.074108138954035008e+00 1.062967536616323594e+00 1.053319134982826810e+00 1.045849034847836201e+00 1.039295685597348973e+00 1.033664360613405497e+00 1.028983033339554654e+00 1.024286980293089400e+00 1.020324061800301996e+00 1.017058752049007309e+00 1.013931686501040597e+00 1.011115187487402034e+00 1.008702950301868295e+00 1.006393227561759973e+00 1.004322588758164159e+00 1.002730650138582424e+00 1.001470636694323346e+00 1.000500379577087262e+00 9.999380125578148926e-01 9.994847236050923289e-01
1.074082793176704520e+00 1.062982274887552592e+00 1.053323436072811203e+00 1.045866565500253920e+00 1.039326728180873349e+00 1.033692688031110363e+00 1.028974632487365648e+00 1.024288839231376480e+00 1.020335607532040445e+00 1.017093800932261205e+00 1.013976486588263004e+00 1.011132522298056280e+00 1.008711757442833701e+00 1.006384698641075159e+00 1.004319582543631517e+00 1.002720186294744797e+00 1.001458714889255308e+00 1.000489154089446275e+00 9.999257313808512793e-01 9.994723721335615485e-01
1.074087149794709095e+00 1.062992921030166737e+00 1.053249678114403620e+00 1.045806449529707249e+00 1.039267018000616494e+00 1.033639568525904773e+00 1.028959458498230894e+00 1.024256263586370563e+00 1.020306055236777087e+00 1.017027240018710144e+00 1.013915987174478950e+00 1.011121405952573493e+00 1.008704380258454547e+00 1.006390994532815109e+00 1.004313784587031799e+00 1.002708305663539079e+00 1.001436006122618627e+00 1.000465185065604112e+00 9.999037421275193127e-01 9.994528489329972398e-01
1.074097715687043264e+00 1.063011759246700549e+00 1.053283863468202908e+00 1.045824564752313668e+00 1.039300031356251708e+00 1.033675242013602169e+00 1.028997374354728711e+00 1.024306124611734203e+00 1.020356519597678258e+00 1.017099427102137410e+00 1.013969742371220617e+00 1.011143539658688528e+00 1.008736549459855025e+00 1.006417880183404057e+00 1.004346890385998226e+00 1.002756534604927863e+00 1.001511727946796437e+00 1.000562628758717709e+00 1.000011481491393850e+00 9.995517526257468033e-01
1.074065218620407824e+00 1.063013310400538813e+00 1.053247340080220695e+00 1.045850107943690821e+00 1.039325542132041091e+00 1.033706305864256603e+00 1.029021558326491004e+00 1.024320524638787422e+00 1.020374639198317723e+00 1.017119307600441447e+00 1.014000896535245388e+00 1.011169314563975963e+00 1.008756168573973655e+00 1.006431072102478064e+00 1.004350838806669977e+00 1.002758880814926812e+00 1.001514737402890765e+00 1.000551925537401132e+00 1.000002345784740676e+00 9.995369501030945125e-01
1.074084900358986738e+00 1.062968169526263384e+00 1.053264834226870672e+00 1.045792383436136674e+00 1.039270905838601378e+00 1.033670026068172820e+00 1.028971877891867948e+00 1.024294813704691887e+00 1.020335333035488290e+00 1.017073858043268109e+00 1.013944034125267457e+00 1.011134033906912366e+00 1.008718164901853509e+00 1.006386132555273871e+00 1.004312852076357121e+00 1.002713065123753911e+00 1.001453546254830185e+00 1.000493272339942674e+00 9.999386011087463277e-01 9.995021766966661891e-01
1.074153269983566084e+00 1.063035403928766831e+00 1.053303732855667141e+00 1.045854209455244987e+00 1.039300661110775792e+00 1.033678557060062841e+00 1.028988938818071519e+00 1.024305955567431869e+00 1.020342679794646434e+00 1.017081250819152904e+00 1.013969662811010197e+00 1.011154467327029627e+00 1.008746201116790031e+00 1.006410928806322103e+00 1.004327686974064493e+00 1.002723604852526096e+00 1.001490345252397329e+00 1.000535969746873199e+00 9.999986826678679552e-01 9.995531999264062328e-01
1.074069759037612704e+00 1.062995006395837327e+00 1.053266411595628060e+00 1.045853070352363190e+00 1.039315678253078579e+00 1.033694898363508141e+00 1.028981526526666856e+00 1.024284496091429464e+00 1.020322989780486855e+00 1.017066405292643250e+00 1.013959498926727543e+00 1.011125163677732086e+00 1.008694786630316198e+00 1.006353418821485990e+00 1.004264502551450722e+00 1.002639689957949720e+00 1.001379223269141860e+00 1.000421753472738429e+00 9.998594902700786990e-01 9.994086059692023349e-01
1.074070889562302566e+00 1.063027337503362091e+00 1.053283180910359107e+00 1.045848286360235413e+00 1.039293064953845880e+00 1.033669806094062560e+00 1.028989437714106003e+00 1.024306335464375994e+00 1.020340186129330640e+00 1.017066634514265155e+00 1.013931795898867394e+00 1.011107368452979216e+00 1.008694931345232249e+00 1.006370230615398764e+00 1.004305226727932876e+00 1.002719651814674817e+00 1.001483660397280762e+00 1.000537576318879296e+00 9.999741302692811695e-01 9.995105026088763056e-01
1.073878850901987647e+00 1.062804571294310385e+00 1.053080325409830875e+00 1.045646904169778901e+00 1.039134652353159716e+00 1.033547480905744553e+00 1.028875024738096888e+00 1.024218855433539410e+00 1.020256883128827452e+00 1.017014696664078954e+00 1.013890264228924476e+00 1.011088242254329694e+00 1.008687347520577759e+00 1.006344383724963931e+00 1.004263047422711219e+00 1.002666901679976741e+00 1.001425447222799470e+00 1.000487502429224795e+00 9.999262783230002949e-01 9.994573414322659444e-01
1.073968214076109096e+00 1.062906144030255629e+00 1.053203211049405619e+00 1.045755177197016161e+00 1.039272447492589624e+00 1.033614245651848673e+00 1.028924985259933367e+00 1.024219901679332301e+00 1.020287230087985275e+00 1.017020657885449042e+00 1.013905196111130724e+00 1.011097790784334594e+00 1.008672332846688668e+00 1.006364714929794957e+00 1.004291900093730927e+00 1.002688320451314397e+00 1.001437187918519101e+00 1.000499436479109550e+00 9.999496342272801153e-01 9.994864116219465133e-01
1.073934422851217985e+00 1.062892201788737001e+00 1.053151043256246533e+00 1.045698025154726984e+00 1.039165349082346035e+00 1.033544477274012774e+00 1.028868671410168467e+00 1.024200247191382918e+00 1.020246522497268771e+00 1.016984508498712581e+00 1.013869130288726828e+00 1.011073925953998698e+00 1.008677864817669079e+00 1.006358620800971826e+00 1.004306763951491321e+00 1.002746938229930329e+00 1.001516036521785669e+00 1.000585620339713655e+00 1.000075722063084260e+00 9.996841941407290655e-01
1.074199094417910061e+00 1.063108953955542724e+00 1.053344487989682721e+00 1.045884854155420651e+00 1.039361184947728001e+00 1.033712355353670675e+00 1.029023288715185558e+00 1.024332403551177828e+00 1.020385167353280664e+00 1.017121777111491987e+00 1.013994723238234696e+00 1.011164869950325507e+00 1.008735459485770702e+00 1.006411899427855916e+00 1.004333240392712101e+00 1.002719038270340368e+00 1.001441366748851092e+00 1.000487904548362117e+00 9.999396100769314399e-01 9.994978968861523150e-01
1.074022394642859091e+00 1.062999098991400437e+00 1.053275867491194617e+00 1.045810815869540500e+00 1.039278848886485696e+00 1.033671075373134407e+00 1.028973410601293770e+00 1.024306158302883629e+00 1.020341602484861721e+00 1.017077807804809275e+00 1.013951864683687365e+00 1.011140634236060265e+00 1.008709313699779786e+00 1.006394203857555070e+00 1.004311278671655927e+00 1.002719058559468301e+00 1.001468903362948026e+00 1.000513917071925718e+00 9.999664707534552388e-01 9.995117298880558110e-01
1.073962729908859659e+00 1.062928142710220625e+00 1.053226522775218887e+00 1.045741317562484118e+00 1.039207321466567802e+00 1.033602874447587361e+00 1.028916580714718032e+00 1.024226360190516161e+00 1.020283925412783566e+00 1.017037897604208707e+00 1.013916480881265070e+00 1.011090043145845385e+00 1.008662420739305343e+00 1.006336658444835885e+00 1.004267333079043256e+00 1.002685525226131302e+00 1.001443736809653373e+00 1.000527347351613638e+00 1.000063399153226396e+00 9.996854393780488790e-01
1.073943294920037150e+00 1.062830348412365122e+00 1.053247669847384493e+00 1.045797034969084160e+00 1.039324176239077246e+00 1.033693316338976986e+00 1.028977858852862415e+00 1.024296392890904794e+00 1.020342480258379148e+00 1.017096357842323107e+00 1.013969790065224919e+00 1.011159569326075314e+00 1.008757515971533403e+00 1.006420708103252792e+00 1.004331789849659096e+00 1.002710469051507181e+00 1.001448588873083079e+00 1.000477631742490825e+00 9.998900198804830941e-01 9.994112749389975070e-01
1.074141269988566405e+00 1.063083678721042258e+00 1.053356262901731677e+00 1.045905549267165391e+00 1.039384270134396937e+00 1.033764139633300161e+00 1.029074523719091028e+00 1.024379575833654688e+00 1.020409465114961112e+00 1.017151735596768747e+00 1.014031680069346519e+00 1.011199429122644489e+00 1.008777064288610470e+00 1.006432919979396656e+00 1.004344163773903009e+00 1.002746741394211716e+00 1.001483392890954338e+00 1.000526793301422135e+00 9.999764181846702016e-01 9.995211060949504844e-01
1.074065151761341763e+00 1.063046007072789179e+00 1.053324729954693062e+00 1.045859942498440276e+00 1.039309677097434381e+00 1.033748432844513454e+00 1.029046748088620733e+00 1.024345805762252093e+00 1.020374499040320293e+00 1.017090382952249739e+00 1.013978639413417149e+00 1.011162439602474095e+00 1.008744876475810015e+00 1.006425323632531565e+00 1.004351692997743628e+00 1.002754939498521791e+00 1.001477219336035285e+00 1.000500583920562514e+00 9.999429899115592768e-01 9.994918758158459759e-01
1.074038274782708857e+00 1.063022591944321693e+00 1.053285289997985208e+00 1.045871127954822066e+00 1.039269835522177665e+00 1.033665861565638888e+00 1.028965946149511090e+00 1.024283197254417299e+00 1.020326766856483713e+00 1.017069629600213965e+00 1.013943426044582097e+00 1.011116722776346899e+00 1.008692708466712551e+00 1.006375833038237078e+00 1.004307133278424802e+00 1.002716488064815614e+00 1.001475964412545938e+00 1.000524825476224233e+00 9.999894167286995650e-01 9.995396634708418881e-01
1.073786540430347936e+00 1.062779488566518715e+00 1.053045045027282356e+00 1.045604430992840728e+00 1.039050109603935512e+00 1.033425431880992118e+00 1.028733379663471448e+00 1.024023854023553781e+00 1.020070802444614122e+00 1.016836167204507646e+00 1.013754408766456505e+00 1.010947819835938954e+00 1.008558518889719702e+00 1.006225146556848138e+00 1.004148163394127602e+00 1.002546542628282911e+00 1.001285916084006855e+00 1.000342459068829015e+00 9.997905549344101583e-01 9.993278140392790609e-01
1.074203018512787544e+00 1.063123853683514586e+00 1.053371669987240855e+00 1.045899408146763632e+00 1.039408224485177445e+00 1.033779078809329288e+00 1.029077267646875349e+00 1.024360502803270956e+00 1.020399960466205735e+00 1.017138498471825470e+00 1.014011877417169583e+00 1.011184006129076218e+00 1.008772113118855174e+00 1.006434733206414744e+00 1.004347731287798862e+00 1.002736653413000223e+00 1.001467844883646263e+00 1.000505344414805542e+00 9.999585109145666673e-01 9.995044035433038321e-01
1.074096056498119234e+00 1.062988785174679984e+00 1.053270196953535409e+00 1.045846664991027408e+00 1.039332119261357157e+00 1.033686221692432738e+00 1.028970614899466840e+00 1.024282665779556734e+00 1.020339026624149881e+00 1.017038519335921265e+00 1.013929040324631270e+00 1.011102753805022125e+00 1.008701434767721228e+00 1.006376722805491175e+00 1.004303736844700756e+00 1.002704548425568554e+00 1.001451219285628635e+00 1.000497720427481640e+00 9.999414814741103275e-01 9.994789908798514810e-01
1.074073382360880125e+00 1.062989464112098492e+00 1.053285829100079285e+00 1.045810733004919113e+00 1.039281083324144372e+00 1.033679023379154405e+00 1.029007589812414691e+00 1.024328531755082539e+00 1.020368187056425846e+00 1.017108637228805623e+00 1.013978595492249335e+00 1.011161785333980490e+00 1.008748522664933533e+00 1.006411444450649562e+00 1.004343126893972649e+00 1.002750035699792042e+00 1.001506308847126325e+00 1.000548168787380288e+00 9.999988565336106472e-01 9.995346068398782702e-01
1.073953542895082602e+00 1.062923361240990738e+00 1.053203189578790777e+00 1.045750786778497199e+00 1.039206897056570433e+00 1.033616478287538554e+00 1.028906151910665479e+00 1.024248772720909306e+00 1.020280888946026643e+00 1.017040366907552729e+00 1.013920026873470270e+00 1.011138817681029423e+00 1.008732289982086083e+00 1.006424039788717417e+00 1.004343809973660351e+00 1.002742962220024570e+00 1.001500516874145985e+00 1.000552705085986371e+00 1.000011671477444297e+00 9.995541523771843684e-01
1.074065039877400318e+00 1.062993924727436479e+00 1.053286926100832632e+00 1.045871266086968454e+00 1.039293025444753216e+00 1.033691385961342579e+00 1.028990089157149956e+00 1.024307591154493657e+00 1.020334912979746989e+00 1.017062920961053551e+00 1.013943093610276902e+00 1.011122160574977835e+00 1.008688866196358225e+00 1.006351772656388421e+00 1.004281299013673134e+00 1.002695366262516652e+00 1.001445271027266326e+00 1.000500701903093814e+00 9.999553111586167997e-01 9.995096817244653042e-01
1.074106053953802098e+00 1.063012412210224911e+00 1.053321254340590540e+00 1.045850605435801661e+00 1.039314418151707997e+00 1.033715090888659427e+00 1.029031894809144365e+00 1.024328311066449171e+00 1.020343037386790996e+00 1.017076332275387296e+00 1.013952511823113856e+00 1.011137446817671925e+00 1.008728990991313079e+00 1.006405891842368394e+00 1.004333749928237207e+00 1.002733938219958487e+00 1.001482375746772568e+00 1.000531788422743595e+00 9.999637765232020081e-01 9.994981884966440688e-01
1.074062489425031020e+00 1.062927734430520577e+00 1.053213003637231138e+00 1.045804734131314806e+00 1.039248600339957251e+00 1.033643131382083524e+00 1.028955063876177300e+00 1.024273451557579540e+00 1.020321324423817400e+00 1.017055972001607911e+00 1.013942518326778508e+00 1.011133569121769549e+00 1.008706079209014339e+00 1.006370880620836017e+00 1.004304562427851266e+00 1.002718139186736135e+00 1.001476502585106676e+00 1.000498145981487008e+00 9.999507022699231085e-01 9.995182484938957002e-01
1.074075983723376204e+00 1.063015952135152764e+00 1.053262711114233863e+00 1.045793168814070917e+00 1.039267325316494128e+00 1.033662426292252245e+00 1.028958547125556677e+00 1.024266653699214435e+00 1.020328025436139319e+00 1.017072130562962862e+00 1.013963812495848993e+00 1.011146616510844920e+00 1.008739232665347929e+00 1.006414646123630963e+00 1.004333015929170125e+00 1.002722571522403738e+00 1.001460527167127079e+00 1.000499316883057821e+00 9.999560343124415107e-01 9.995009535077298279e-01
1.074022926148300749e+00 1.062955262231227049e+00 1.053216752820440583e+00 1.045746722417266739e+00 1.039215198313621302e+00 1.033628717139863928e+00 1.028927109346960300e+00 1.024229637567533713e+00 1.020279936853800473e+00 1.017024841614174058e+00 1.013889776870488202e+00 1.011085572656381437e+00 1.008654260310488660e+00 1.006356560505413222e+00 1.004282863792752556e+00 1.002696612072938587e+00 1.001465264183687198e+00 1.000525778270047628e+00 9.999618897246270732e-01 9.994914833432688717e-01
1.074078102232622012e+00 1.063025445523321011e+00 1.053308798043795624e+00 1.045896737855539493e+00 1.039318080110395170e+00 1.033703097087659950e+00 1.029039462007691474e+00 1.024344405747198650e+00 1.020392274953012768e+00 1.017098719917097993e+00 1.013965454290169266e+00 1.011157603435664853e+00 1.008727871311528190e+00 1.006398597344402956e+00 1.004321821013053340e+00 1.002715289362676288e+00 1.001456308888396984e+00 1.000507669620680051e+00 9.999494388614377227e-01 9.994940296929309964e-01
1.074077258705279814e+00 1.063018624814115354e+00 1.053280737565842617e+00 1.045870722494218530e+00 1.039329834360742000e+00 1.033713675590619996e+00 1.029016497638327365e+00 1.024327521667335761e+00 1.020389817190436865e+00 1.017129164310325962e+00 1.014031496795487763e+00 1.011194532551539016e+00 1.008769322146212399e+00 1.006447985057230321e+00 1.004372948748463834e+00 1.002742297790291337e+00 1.001479250112284447e+00 1.000507375335971672e+00 9.999562524483620596e-01 9.994839058268725207e-01
1.074013292443803946e+00 1.062925171942809222e+00 1.053199065273005219e+00 1.045771518031917369e+00 1.039247385850711192e+00 1.033602884300578673e+00 1.028945214501121086e+00 1.024261746467217904e+00 1.020319433719216740e+00 1.017057322019882415e+00 1.013934131646868186e+00 1.011108468568070018e+00 1.008691903083689390e+00 1.006378914246920608e+00 1.004312261543638396e+00 1.002704496253390420e+00 1.001457044261131690e+00 1.000510144327509510e+00 9.999408451201712289e-01 9.994866762140881544e-01
1.074261061353951385e+00 1.063123952571570996e+00 1.053399785806479638e+00 1.045977264784412997e+00 1.039459229188222311e+00 1.033807570899123007e+00 1.029120719143537421e+00 1.024424769537117808e+00 1.020470357877460321e+00 1.017201636700490797e+00 1.014068420828560191e+00 1.011231067049142229e+00 1.008800533804702582e+00 1.006464573397218620e+00 1.004370713012999516e+00 1.002751847565525933e+00 1.001494589587675232e+00 1.000513685308064060e+00 9.999541027943154026e-01 9.994887927872280198e-01
1.073793973938379054e+00 1.062787429618851753e+00 1.053120245645115194e+00 1.045672074674689700e+00 1.039131597608503599e+00 1.033507315100084423e+00 1.028834395030086890e+00 1.024187652732985176e+00 1.020239626986676917e+00 1.016982825357764186e+00 1.013856739840002241e+00 1.011045951489438544e+00 1.008660341251919945e+00 1.006357296422776049e+00 1.004296889609729737e+00 1.002703810338738011e+00 1.001458392373582917e+00 1.000465304013866685e+00 9.998215780693515686e-01 9.992941694005541553e-01
1.074118486946517459e+00 1.063035389312925183e+00 1.053286432251222982e+00 1.045850300422236145e+00 1.039311865472326346e+00 1.033688391214614644e+00 1.028983386330113436e+00 1.024283981890312001e+00 1.020332994733939902e+00 1.017062343882364939e+00 1.013936512465156925e+00 1.011116817352767150e+00 1.008686149212909111e+00 1.006347808435794411e+00 1.004267832172271335e+00 1.002659424398648191e+00 1.001395996793300824e+00 1.000431449645975412e+00 9.998472133367483083e-01 9.993545797597670477e-01
1.074067616592301988e+00 1.062962854192891271e+00 1.053273468186892714e+00 1.045817954388230220e+00 1.039288548447695248e+00 1.033655750400903850e+00 1.028953164310425050e+00 1.024267863261015599e+00 1.020306612179759043e+00 1.017052886750692275e+00 1.013939400007777047e+00 1.011122309705106304e+00 1.008705271245572188e+00 1.006393195414328812e+00 1.004367474499405777e+00 1.002783717362284444e+00 1.001514422644201652e+00 1.000548850695568426e+00 9.999920487882949516e-01 9.995311339197527900e-01
1.073987218870962268e+00 1.062938235734893766e+00 1.053202862938703577e+00 1.045748428475627767e+00 1.039244844249233468e+00 1.033626812340202372e+00 1.028892828517436797e+00 1.024177296065794440e+00 1.020213056151191067e+00 1.016939877371665801e+00 1.013830021471840537e+00 1.010996160207287886e+00 1.008573147490071209e+00 1.006242904513327430e+00 1.004112919218914879e+00 1.002467397970004059e+00 1.001152375860212551e+00 1.000127353407496589e+00 9.995212928172712008e-01 9.990006631305331508e-01
1.074116954082920739e+00 1.063079680973034291e+00 1.053265147647713729e+00 1.045855125392091356e+00 1.039332697677745054e+00 1.033699957174451622e+00 1.028998166665329839e+00 1.024332507881275278e+00 1.020357746035376545e+00 1.017095946100866177e+00 1.013978815282745360e+00 1.011158814932358263e+00 1.008737500195343140e+00 1.006416508006654498e+00 1.004338147898590661e+00 1.002719579665488192e+00 1.001446827530170669e+00 1.000490202594794154e+00 9.999268129728122734e-01 9.994638448230900307e-01
1.074097509223170821e+00 1.062984156036972383e+00 1.053259465468594058e+00 1.045737421144623980e+00 1.039208247554087361e+00 1.033584509891793290e+00 1.028915678409726198e+00 1.024207631965027510e+00 1.020251925382192448e+00 1.016984666440414964e+00 1.013866585009631338e+00 1.011057478408565746e+00 1.008640976071186746e+00 1.006299780106091335e+00 1.004219977946849252e+00 1.002639774221790514e+00 1.001393777459695045e+00 1.000461309002120824e+00 9.999358428262240528e-01 9.995218673494521422e-01
1.074052710205972927e+00 1.062977365346728931e+00 1.053213370067722865e+00 1.045819664399999738e+00 1.039258132464704554e+00 1.033650735004783439e+00 1.028945871421200975e+00 1.024252940632245590e+00 1.020279477746609764e+00 1.017030476559791952e+00 1.013901814322865080e+00 1.011083213592182561e+00 1.008648720122046427e+00 1.006325142089212976e+00 1.004247380334817530e+00 1.002667691901029112e+00 1.001436101722804173e+00 1.000500112032250533e+00 9.999602487178551602e-01 9.995178579385095574e-01
1.074120898902926280e+00 1.063054960797255255e+00 1.053321685342883507e+00 1.045841693381472703e+00 1.039295805008949136e+00 1.033675341359034938e+00 1.028987604330586336e+00 1.024273907701697794e+00 1.020331452077578138e+00 1.017072229448076515e+00 1.013963253027152511e+00 1.011144248587012129e+00 1.008717064313870537e+00 1.006364862374923508e+00 1.004256508982914076e+00 1.002635840445702309e+00 1.001359057014040266e+00 1.000389246382052955e+00 9.998382171374445848e-01 9.993713944623104917e-01
1.074108845997163941e+00 1.063076205744927893e+00 1.053375294174832000e+00 1.045907185183952759e+00 1.039362527073732112e+00 1.033727327052293310e+00 1.029004733943868155e+00 1.024338810510127651e+00 1.020367983571249360e+00 1.017106665851534641e+00 1.013974324091362567e+00 1.011160605816659119e+00 1.008752658204272956e+00 1.006433983495959916e+00 1.004347430218416770e+00 1.002739671338050975e+00 1.001461930064899031e+00 1.000495423531610806e+00 9.999413398667595931e-01 9.994870615904660749e-01
1.074077459159464842e+00 1.063006347064389567e+00 1.053347253119223836e+00 1.045862537267707726e+00 1.039337349643766562e+00 1.033733474430116761e+00 1.029032887545986874e+00 1.024329257979027963e+00 1.020361269178241326e+00 1.017097885018525050e+00 1.013993305022930835e+00 1.011159438670208743e+00 1.008739294485775373e+00 1.006401076042253706e+00 1.004323770648323455e+00 1.002729745009267592e+00 1.001465166120628858e+00 1.000508048438234265e+00 9.999577333329642270e-01 9.995047821388881593e-01
1.074008162581504333e+00 1.062920582946075720e+00 1.053235191210576849e+00 1.045819940500124501e+00 1.039239904449026364e+00 1.033631399014734775e+00 1.028944164982878995e+00 1.024256300735037373e+00 1.020285274320812174e+00 1.017008716779399968e+00 1.013895048557156287e+00 1.011086064765247094e+00 1.008668555572349801e+00 1.006358740460298939e+00 1.004309800290307253e+00 1.002735155139171441e+00 1.001510988737727148e+00 1.000531106110386093e+00 9.999602714086265332e-01 9.994996875123092206e-01
1.074152555257884334e+00 1.063106801732957463e+00 1.053383960825889476e+00 1.045935221946677984e+00 1.039375399749095985e+00 1.033759309123511549e+00 1.029043523475367428e+00 1.024369360616335323e+00 1.020404542574051332e+00 1.017134206873147484e+00 1.014005892223320826e+00 1.011176947797369774e+00 1.008754461401738522e+00 1.006421209809806872e+00 1.004328996928352424e+00 1.002722488875050777e+00 1.001468531782982785e+00 1.000515664216238054e+00 9.999643313649422272e-01 9.995091088194069107e-01
1.074152892044197394e+00 1.063083793543113664e+00 1.053360729823304975e+00 1.045883533845699542e+00 1.039363837952413938e+00 1.033738321531652238e+00 1.029036580622431973e+00 1.024331148477318321e+00 1.020369874416975797e+00 1.017101603686521472e+00 1.013958928742092480e+00 1.011134813137498201e+00 1.008720998036945371e+00 1.006403194800101097e+00 1.004352387797203816e+00 1.002782639416408772e+00 1.001546543111871745e+00 1.000588476924990866e+00 1.000032133431461689e+00 9.995502502831283831e-01
1.073943839159705371e+00 1.062927897109947617e+00 1.053197429315940514e+00 1.045822347357647342e+00 1.039253719975267387e+00 1.033640982691325538e+00 1.028938929347607445e+00 1.024274092004495040e+00 1.020297619544733969e+00 1.017046285901821667e+00 1.013926830488496966e+00 1.011097852719901935e+00 1.008698438903913752e+00 1.006379083850310385e+00 1.004295328294462886e+00 1.002705689329875360e+00 1.001457445116173517e+00 1.000482000810301475e+00 9.999242940517598655e-01 9.994683560441821601e-01
1.074028372664647790e+00 1.062986226717858695e+00 1.053317204084581293e+00 1.045823994143216362e+00 1.039267472151986782e+00 1.033626740929421528e+00 1.028953105088961983e+00 1.024282413668681002e+00 1.020329212952854059e+00 1.017056971328857973e+00 1.013923984640650033e+00 1.011088629082779855e+00 1.008648227434670863e+00 1.006320838769486858e+00 1.004234437517216971e+00 1.002635567227316837e+00 1.001376713334115820e+00 1.000407664261458329e+00 9.998519622919916916e-01 9.993964990146885219e-01
1.074155306797260900e+00 1.063035556536211956e+00 1.053317601484788923e+00 1.045852360902058464e+00 1.039342738440022673e+00 1.033717984624346720e+00 1.029052552535106191e+00 1.024367223463506837e+00 1.020412718139765751e+00 1.017146597339270819e+00 1.014005888068425509e+00 1.011175803368826731e+00 1.008765041585422351e+00 1.006455359116285031e+00 1.004391472906071892e+00 1.002809984906942509e+00 1.001560754534040587e+00 1.000573576596827330e+00 1.000003469046720772e+00 9.995740096765517446e-01
1.074238152721174400e+00 1.063175142701887621e+00 1.053433988001037935e+00 1.045966705569408850e+00 1.039448065119770614e+00 1.033782314337611696e+00 1.029082656921882721e+00 1.024395486659004595e+00 1.020438740188150506e+00 1.017170145538569770e+00 1.014038069889890314e+00 1.011201187371989940e+00 1.008782685595726702e+00 1.006454835346808130e+00 1.004365315132595082e+00 1.002751572668064473e+00 1.001491483459164833e+00 1.000515411477306493e+00 9.999427156215298096e-01 9.994747232109117974e-01
1.074186934460818366e+00 1.063076330674813885e+00 1.053364765081103771e+00 1.045891954368776355e+00 1.039341948025775730e+00 1.033737976380218138e+00 1.029050478207488739e+00 1.024341239064781250e+00 1.020366781268638334e+00 1.017089206671720758e+00 1.013967632382134942e+00 1.011160512953759083e+00 1.008734046965708675e+00 1.006409280975344211e+00 1.004309131321962756e+00 1.002705229827879130e+00 1.001456879932539623e+00 1.000494560863701476e+00 9.999314327059924956e-01 9.994852280437921399e-01
1.074085053259675071e+00 1.063018855814967578e+00 1.053268196060422657e+00 1.045778301247187292e+00 1.039292198553218638e+00 1.033651905176095731e+00 1.028977781903231303e+00 1.024310676639498041e+00 1.020334042176834322e+00 1.017084472820883434e+00 1.013972841926384039e+00 1.011148508975608262e+00 1.008737921293278772e+00 1.006416536371822490e+00 1.004333968941381494e+00 1.002731030172353099e+00 1.001470449818516517e+00 1.000505800548077806e+00 9.999492997705452524e-01 9.995014846650494000e-01
1.074062112207415653e+00 1.063024850523861975e+00 1.053278259402227190e+00 1.045858380566135448e+00 1.039257540754763287e+00 1.033678144902106188e+00 1.028987983948374652e+00 1.024314504588674346e+00 1.020338227021659661e+00 1.017080188532973661e+00 1.013968518463127078e+00 1.011131907199997571e+00 1.008722173156644253e+00 1.006390784488108370e+00 1.004308006794706110e+00 1.002718027802550482e+00 1.001481616183531598e+00 1.000525072489905964e+00 9.999580680657235154e-01 9.994920777280542623e-01
1.074136295430590193e+00 1.063035028763604783e+00 1.053363742409496817e+00 1.045857640697549051e+00 1.039354846460743165e+00 1.033710432034957494e+00 1.028990458670655306e+00 1.024343998036509884e+00 1.020387243003741284e+00 1.017145054431637163e+00 1.014018891821912627e+00 1.011198325925891650e+00 1.008775484371525755e+00 1.006427367972570375e+00 1.004333983033577127e+00 1.002740927835879869e+00 1.001475191092911388e+00 1.000527852828168918e+00 9.999792497568884553e-01 9.995390519455275014e-01
1.074092109739535505e+00 1.063007547793960450e+00 1.053285781623298778e+00 1.045838474931419571e+00 1.039315263833617164e+00 1.033719918267368865e+00 1.028992404506440028e+00 1.024298400185125635e+00 1.020322512249288049e+00 1.017042912332158489e+00 1.013935780987331503e+00 1.011111995299729838e+00 1.008691793819944449e+00 1.006384567814475162e+00 1.004306942220622778e+00 1.002700545379868080e+00 1.001452314483310291e+00 1.000490990343634756e+00 9.999417712850686701e-01 9.994747447123752959e-01
1.074066289570310806e+00 1.063006863964360393e+00 1.053233166383719110e+00 1.045812324822565476e+00 1.039270457047934970e+00 1.033684247939430811e+00 1.028985487509612717e+00 1.024274759976242732e+00 1.020339699431104252e+00 1.017084615669398451e+00 1.013961688868965094e+00 1.011142575233062946e+00 1.008728360271694546e+00 1.006394965157735522e+00 1.004303059671459053e+00 1.002711016419900458e+00 1.001475972781215473e+00 1.000540227979148877e+00 9.999829962183821586e-01 9.995304039353789527e-01
1.073923323076096281e+00 1.062811353044444296e+00 1.053098984551865236e+00 1.045654559814130691e+00 1.039147619810192769e+00 1.033554022903440117e+00 1.028869018969031934e+00 1.024211734392753925e+00 1.020274407958554175e+00 1.017004026871709765e+00 1.013896179132195430e+00 1.011111808573794901e+00 1.008710049291136723e+00 1.006361965617706078e+00 1.004279762016204502e+00 1.002677378598885838e+00 1.001418907699856087e+00 1.000456586245224599e+00 9.999084874329050576e-01 9.994875424099428640e-01
1.074149189070290111e+00 1.063039663907277887e+00 1.053300744787876386e+00 1.045846083627751666e+00 1.039308709122187091e+00 1.033701378646931346e+00 1.029002449767583149e+00 1.024331279609269840e+00 1.020339128126270811e+00 1.017067621465325367e+00 1.013960609254813017e+00 1.011136320887435769e+00 1.008709061328308287e+00 1.006363404675967521e+00 1.004285992414925222e+00 1.002710181399220080e+00 1.001474985044455313e+00 1.000543065207697868e+00 9.999943015650055722e-01 9.995310877940229988e-01
1.074202368672926289e+00 1.063068886681784342e+00 1.053367262655598546e+00 1.045895568381007612e+00 1.039320318428509804e+00 1.033712371141605635e+00 1.029024437432417782e+00 1.024321336061302823e+00 1.020345786345556505e+00 1.017080793239626635e+00 1.013965176131599755e+00 1.011166132092492731e+00 1.008758047311691719e+00 1.006450361946080951e+00 1.004365842023323019e+00 1.002749799341428938e+00 1.001478121701400603e+00 1.000526124162523844e+00 9.999719864303320271e-01 9.995359119675726323e-01
1.074068009629028708e+00 1.063012049686363314e+00 1.053274005209743791e+00 1.045812226073713491e+00 1.039256727033644578e+00 1.033674414358316973e+00 1.028975176866057106e+00 1.024292271927741860e+00 1.020323443557774823e+00 1.017069505763763537e+00 1.013958496666057973e+00 1.011143629976405389e+00 1.008726397353157500e+00 1.006396149238861781e+00 1.004312728816632028e+00 1.002706302165892627e+00 1.001468316868046937e+00 1.000522934955110799e+00 9.999681173430045034e-01 9.995119996783922156e-01
1.074277990133267080e+00 1.063175375784493282e+00 1.053483756870299937e+00 1.046011004855410098e+00 1.039438326610754526e+00 1.033838075916970523e+00 1.029156068002551772e+00 1.024427845945281357e+00 1.020470344697198772e+00 1.017183554334279316e+00 1.014049701014627214e+00 1.011222744911162152e+00 1.008784123625058537e+00 1.006440463845351907e+00 1.004355727219633954e+00 1.002741704744830820e+00 1.001468570809238123e+00 1.000500934566507238e+00 9.999436263762762067e-01 9.994793506280462703e-01
1.074202984458355381e+00 1.063086333390415916e+00 1.053333742507481574e+00 1.045851435675133390e+00 1.039349538829896336e+00 1.033694319829218777e+00 1.028981728166292076e+00 1.024312370193878996e+00 1.020356503211343302e+00 1.017112101047631167e+00 1.013992698705582951e+00 1.011171021951537075e+00 1.008734827522581368e+00 1.006399316050953674e+00 1.004325714888499199e+00 1.002745970349692595e+00 1.001498063929461280e+00 1.000530443646949319e+00 9.999437988867997396e-01 9.994969956399624156e-01
1.074101137881765089e+00 1.063070877237696443e+00 1.053307344261019241e+00 1.045841305776796348e+00 1.039302942356539639e+00 1.033648713380451500e+00 1.028967969415624850e+00 1.024276145494860346e+00 1.020316588573278782e+00 1.017052562057656484e+00 1.013949835445249192e+00 1.011129111649550438e+00 1.008706513619133105e+00 1.006378637812471721e+00 1.004309609909846301e+00 1.002710235399029592e+00 1.001477688439771141e+00 1.000498260560360730e+00 9.999243708251166485e-01 9.994568074669680779e-01
1.073914058323942822e+00 1.062921262766257646e+00 1.053221619096468942e+00 1.045738689698665125e+00 1.039184430000381409e+00 1.033554256350746270e+00 1.028891695572695664e+00 1.024186808824281147e+00 1.020245702187330794e+00 1.016980621877093371e+00 1.013854689706233936e+00 1.011060980496760298e+00 1.008645060050619824e+00 1.006324064946011454e+00 1.004279677131364679e+00 1.002718821688293183e+00 1.001488705222600251e+00 1.000580614104655819e+00 1.000067875128770600e+00 9.996318069364671377e-01
1.074124733250495289e+00 1.063032170094057927e+00 1.053266325678917870e+00 1.045805406360891254e+00 1.039257677725261342e+00 1.033661933745432471e+00 1.028973751508567958e+00 1.024273022827326685e+00 1.020318366027336054e+00 1.017072774864056672e+00 1.013938843171852344e+00 1.011136241211160636e+00 1.008726372715255115e+00 1.006411781281238094e+00 1.004372193395272506e+00 1.002812224443219602e+00 1.001605190777959509e+00 1.000695072697360466e+00 1.000190966948527382e+00 9.997763728894076829e-01
1.073993821022324546e+00 1.062918710680170964e+00 1.053203986925298041e+00 1.045751470602849231e+00 1.039205095470303375e+00 1.033590606380776933e+00 1.028898896810070518e+00 1.024204084017373173e+00 1.020241844566122991e+00 1.016983084251106506e+00 1.013857916058445774e+00 1.011032747904008433e+00 1.008620673044219540e+00 1.006295670906536488e+00 1.004203316654150191e+00 1.002571894769433314e+00 1.001296849233009434e+00 1.000326275460689640e+00 9.997371379453479090e-01 9.992157340313118086e-01
1.074022976881343183e+00 1.062996305448964174e+00 1.053243727007002306e+00 1.045792589770809577e+00 1.039289731326051403e+00 1.033674518168224532e+00 1.028987030628243149e+00 1.024315720063361024e+00 1.020386718041123242e+00 1.017129695616111329e+00 1.013998268676916226e+00 1.011188013528855345e+00 1.008778356010502364e+00 1.006451070483985077e+00 1.004376602661910534e+00 1.002792609351999209e+00 1.001549184064865816e+00 1.000577253851637982e+00 1.000046620608217252e+00 9.995913396875237833e-01
1.074028863863444094e+00 1.062911950325132304e+00 1.053172453406184150e+00 1.045789576530647302e+00 1.039235337434086581e+00 1.033623496212024762e+00 1.028951366224117425e+00 1.024277284696399226e+00 1.020317676038225541e+00 1.017057953153686967e+00 1.013943807670348196e+00 1.011151353868363190e+00 1.008742892698683669e+00 1.006424647170609310e+00 1.004349375327346028e+00 1.002749400225787957e+00 1.001511200900248033e+00 1.000570584978366595e+00 1.000018284440930438e+00 9.995416131794799819e-01
1.074070940486094639e+00 1.063012174270027810e+00 1.053251632004186922e+00 1.045858363959724313e+00 1.039339154136039944e+00 1.033707547905511559e+00 1.028973464011981642e+00 1.024274426631701429e+00 1.020311141536542232e+00 1.017051965013510584e+00 1.013927081623534177e+00 1.011109160342134272e+00 1.008701937580099850e+00 1.006384777705681133e+00 1.004323997527271306e+00 1.002707312980094967e+00 1.001470396192390533e+00 1.000527072496796954e+00 9.999873461773295391e-01 9.995685957208697570e-01
1.073902058997826980e+00 1.062811150471958621e+00 1.053145120860504047e+00 1.045669497903070067e+00 1.039133354401920117e+00 1.033532763386309172e+00 1.028820448727602477e+00 1.024143501419383151e+00 1.020189775726342063e+00 1.016937187255754882e+00 1.013810778413387848e+00 1.011013359074117712e+00 1.008590600288877592e+00 1.006272826884495819e+00 1.004208973725791321e+00 1.002636389301359898e+00 1.001428314547533560e+00 1.000543539542657401e+00 1.000055130408638693e+00 9.996675887435380048e-01
1.074124343117378588e+00 1.063052993220691800e+00 1.053338582274687019e+00 1.045907831303406255e+00 1.039335833114548135e+00 1.033728373953100688e+00 1.029038813494727478e+00 1.024347523129485626e+00 1.020402656577506617e+00 1.017128753683855580e+00 1.014010228382096646e+00 1.011198230978944457e+00 1.008763654199125392e+00 1.006421309506622341e+00 1.004345366155727337e+00 1.002746803538924647e+00 1.001477646239922636e+00 1.000505862983420258e+00 9.999544022790910480e-01 9.994903277516110629e-01
1.074133424928743086e+00 1.063057336616706650e+00 1.053270498416181811e+00 1.045812671194296106e+00 1.039274816508589883e+00 1.033664176398821910e+00 1.028976669675252031e+00 1.024295991510359771e+00 1.020359539955850936e+00 1.017103254224006825e+00 1.013991433051210755e+00 1.011164757566148209e+00 1.008742864457198740e+00 1.006405460861119039e+00 1.004323721494141397e+00 1.002722806488359097e+00 1.001489493240893758e+00 1.000536634742574815e+00 9.999800015663624642e-01 9.995008752545769815e-01
1.074131244306772315e+00 1.062954322446912458e+00 1.053258442333857348e+00 1.045800588606074388e+00 1.039275318358664491e+00 1.033647037505996735e+00 1.028945255371736867e+00 1.024253164976830499e+00 1.020320574296352589e+00 1.017051413412547456e+00 1.013922937338165964e+00 1.011109869440416587e+00 1.008682375521443797e+00 1.006345964139132354e+00 1.004268690260633923e+00 1.002669408731876377e+00 1.001432476303266705e+00 1.000492520631642401e+00 9.999692959020248795e-01 9.995471009042840027e-01
1.074169825224353447e+00 1.063035305202840064e+00 1.053350166372616581e+00 1.045890474637519496e+00 1.039320695785874271e+00 1.033689623727156448e+00 1.029002764137864734e+00 1.024319818567548834e+00 1.020367693759487882e+00 1.017102233357177532e+00 1.013966024490392082e+00 1.011130702382797786e+00 1.008689951232407678e+00 1.006354584967609878e+00 1.004266891304333109e+00 1.002660421968190274e+00 1.001403250572459713e+00 1.000460250478612645e+00 9.999159909201228436e-01 9.994459532542465663e-01
1.074139747848770865e+00 1.063030264999021313e+00 1.053329493171538456e+00 1.045854157178340627e+00 1.039328419313244600e+00 1.033733537232959687e+00 1.029030485852392651e+00 1.024352460135828702e+00 1.020379182665872131e+00 1.017124929458639304e+00 1.014017733550701239e+00 1.011184990562342234e+00 1.008763553004886182e+00 1.006432283003182881e+00 1.004353038944518550e+00 1.002738958980218920e+00 1.001470881951380676e+00 1.000503136787375125e+00 9.999463760615647789e-01 9.994847263878293697e-01
1.074187067984889721e+00 1.063071493967614023e+00 1.053341795142366921e+00 1.045907571752530574e+00 1.039396725849723424e+00 1.033798573411358390e+00 1.029100805822809717e+00 1.024420637719011040e+00 1.020462026588675020e+00 1.017170479975259445e+00 1.014037949544022599e+00 1.011215416509550602e+00 1.008798400494003378e+00 1.006451352903558361e+00 1.004364454245782801e+00 1.002760721676436484e+00 1.001495649897911955e+00 1.000522462134376012e+00 9.999495228368890931e-01 9.994960453521603005e-01
1.074075932495553998e+00 1.062998232011021837e+00 1.053228820541471489e+00 1.045839237345202344e+00 1.039312834201565838e+00 1.033696157850215291e+00 1.029015722564403656e+00 1.024337368897078493e+00 1.020370056266372005e+00 1.017133522005252644e+00 1.013990177186795627e+00 1.011178121094273630e+00 1.008753748778799864e+00 1.006415815452793350e+00 1.004323578971588526e+00 1.002725282943137453e+00 1.001455976807024362e+00 1.000474296549673792e+00 9.999161413505170959e-01 9.994663557161896916e-01
