# errs for all jackknife regions
5.083348654303256207e-06 4.038687186549590418e-06 3.207068172839581516e-06 2.549005538826521667e-06 2.024529086550980219e-06 1.608498105398316335e-06 1.278006185648719425e-06 1.015339602451172017e-06 8.068773886838527753e-07 6.410835577583132931e-07 5.093995613538170352e-07 4.046575042291351411e-07 3.215233903950746410e-07 2.554467780602942269e-07 2.028090046776272985e-07 1.609077562726493598e-07 1.275625042428026457e-07 1.009663994346081290e-07 7.992702446592522226e-08 6.338837759861810495e-08
4.621328794694762009e-06 3.672351253973792564e-06 2.916753979923144572e-06 2.314451343348680084e-06 1.839012973221326148e-06 1.461297873704684722e-06 1.161015224608986768e-06 9.220772242357912059e-07 7.326950933489852808e-07 5.821935227847984902e-07 4.625879731916154963e-07 3.675649167860733981e-07 2.921164783233800072e-07 2.321462198674971243e-07 1.843599661956519320e-07 1.463956918167559665e-07 1.163680897715939881e-07 9.253449885113668280e-08 7.359735680898543315e-08 5.866941635823170805e-08
5.806612148448647137e-06 4.617845312813681987e-06 3.668707810575207240e-06 2.913156633394744071e-06 2.314582856948789875e-06 1.838366295104253103e-06 1.461140072685773296e-06 1.160523299118322106e-06 9.223185953444282150e-07 7.333763395822728687e-07 5.828784297700710648e-07 4.636252541117820569e-07 3.689845665350264079e-07 2.936864569192784387e-07 2.336040394799778513e-07 1.856617203960805754e-07 1.475637125733245450e-07 1.173289211274557435e-07 9.317910805152055216e-08 7.414217671614299034e-08
4.942279941603683842e-06 3.924374190443173395e-06 3.119516652257527029e-06 2.478125650047662245e-06 1.968759292929023441e-06 1.563599499459350343e-06 1.241801875326700649e-06 9.864449278661094160e-07 7.832677326015924753e-07 6.222308099206357730e-07 4.945102127841724886e-07 3.928361570959839720e-07 3.119919379034881318e-07 2.477423192551441262e-07 1.965348546077875176e-07 1.559342905525701935e-07 1.237457894731329148e-07 9.818062051758739238e-08 7.770698431586882037e-08 6.148155485829041648e-08
4.702893067550449286e-06 3.734721909579410099e-06 2.966719558378884101e-06 2.357873322615983439e-06 1.873151679938353757e-06 1.488119398667291974e-06 1.182198812504407925e-06 9.391261790282590595e-07 7.462823801060965814e-07 5.928785814614187496e-07 4.712864762227948728e-07 3.743670596341706117e-07 2.973508560772998370e-07 2.362612409240582035e-07 1.876837636316130289e-07 1.490998736387619129e-07 1.184401680964283295e-07 9.411753994273146225e-08 7.482942190648024051e-08 5.948327002049601758e-08
6.192851192469689522e-06 4.921802393217281459e-06 3.912706589586150091e-06 3.105411306051100318e-06 2.468089932812320305e-06 1.961416963168167160e-06 1.557341555247621159e-06 1.237206257952734110e-06 9.817296267852537094e-07 7.802244209595842771e-07 6.196136920103142936e-07 4.919344553536765416e-07 3.905378223188483367e-07 3.103039934034543377e-07 2.468575529988642801e-07 1.964399264099654821e-07 1.565189732179379326e-07 1.246332021572286313e-07 9.916690766809711538e-08 7.929398462486821259e-08
5.001459474392246185e-06 3.971947001612567201e-06 3.154167026323707026e-06 2.507730270806469012e-06 1.991151854208660360e-06 1.582116621909454094e-06 1.256320877807717669e-06 9.979357648548565017e-07 7.929626991601751725e-07 6.303208160066377117e-07 5.012979729844669258e-07 3.985655561181133192e-07 3.168067388463518418e-07 2.517468422650916599e-07 1.999844412307205889e-07 1.588639471163451157e-07 1.261309871442921540e-07 1.001134931953576204e-07 7.931403117144527664e-08 6.281361714983330862e-08
5.397470384251846321e-06 4.290470025712922904e-06 3.408731176569309567e-06 2.706743612655961879e-06 2.150134329001468627e-06 1.708217847819079859e-06 1.357113961917684206e-06 1.077593406094429639e-06 8.561260541105663969e-07 6.803904678528877645e-07 5.405801843519226744e-07 4.294835634833148946e-07 3.412844650820982912e-07 2.712562548286573338e-07 2.155601180515687791e-07 1.711624213196289145e-07 1.359618870169539704e-07 1.081341189883263662e-07 8.614980494584516809e-08 6.880103750879707128e-08
4.508088129095431509e-06 3.580384861685826577e-06 2.844476879221171445e-06 2.259884099086134122e-06 1.796994578163624884e-06 1.428661492943188811e-06 1.135770978422224284e-06 9.035773652621446988e-07 7.189522913229337081e-07 5.721259113505463508e-07 4.556630347920660540e-07 3.631386707123460273e-07 2.894930971113459664e-07 2.309083453464113816e-07 1.844113119856967266e-07 1.476663683559147527e-07 1.186771177176639496e-07 9.567552306077116566e-08 7.747025605230446357e-08 6.299000990720806352e-08
4.411747356710167550e-06 3.504640052766880652e-06 2.784960307904542381e-06 2.211425909024983217e-06 1.757879953525195530e-06 1.397068862259372980e-06 1.110322111011029679e-06 8.829358266217721483e-07 7.023662429511191966e-07 5.589054167940750854e-07 4.450271814110581013e-07 3.544997142673371237e-07 2.826274896040161578e-07 2.256512408705442365e-07 1.803673488809309756e-07 1.444299410163246026e-07 1.158776586585134603e-07 9.332580651233467664e-08 7.568473361720693190e-08 6.193123866292570751e-08
4.749214300242726590e-06 3.777015680041177793e-06 3.001964994067773733e-06 2.382211027903475532e-06 1.892413009023410455e-06 1.502497909011525312e-06 1.193898492241632612e-06 9.481967966681694515e-07 7.529023437352303697e-07 5.979383918888383173e-07 4.748610405485761427e-07 3.771148325685851314e-07 2.994092728817832269e-07 2.376952778454111811e-07 1.886072436228974389e-07 1.496582479834737540e-07 1.186536173124593223e-07 9.391215003725926109e-08 7.430596371566471677e-08 5.881471474020073387e-08
4.865742989574598183e-06 3.868418246687903835e-06 3.071450236164522227e-06 2.437471386833832071e-06 1.936270641616454177e-06 1.538378064046536844e-06 1.220906812966993957e-06 9.698770336955659173e-07 7.702420528326442127e-07 6.116648131676115693e-07 4.858809352986530812e-07 3.861455068153683182e-07 3.069551344741241191e-07 2.439766823613709098e-07 1.940072680978718951e-07 1.542082959473397386e-07 1.225080067408848656e-07 9.711742309054142419e-08 7.689973097219643203e-08 6.089966286322960770e-08
5.570550167572366254e-06 4.421843254140067221e-06 3.514087449419559189e-06 2.790670222214741909e-06 2.218325124187146510e-06 1.762189639285003975e-06 1.400954269586537317e-06 1.113151434368965857e-06 8.844472480353545513e-07 7.030033908843771448e-07 5.584880325007377425e-07 4.432506726812420811e-07 3.518129544083403369e-07 2.789976947751636274e-07 2.211549502127174235e-07 1.753337462680138559e-07 1.388960959472680757e-07 1.101713822899952393e-07 8.739753237638652401e-08 6.934186829644420450e-08
5.294574466534827200e-06 4.207959740489689498e-06 3.342549560944207501e-06 2.658011514163819827e-06 2.110924101525512428e-06 1.677712414996251328e-06 1.332301718919918250e-06 1.058595348319075381e-06 8.410622597890106385e-07 6.681907856344317458e-07 5.308856378162585066e-07 4.217052974878575416e-07 3.349796689394544716e-07 2.662432275044175302e-07 2.116528245306428939e-07 1.681518885107406442e-07 1.334438667629663870e-07 1.057747006243256345e-07 8.370732944231513777e-08 6.607149355458444423e-08
5.006387399711523524e-06 3.974588589360531984e-06 3.156810827079472858e-06 2.507623021611814337e-06 1.991051625832581344e-06 1.581814324725243496e-06 1.255921247336021368e-06 9.977853146843936067e-07 7.921455320111630484e-07 6.290998003361623406e-07 4.993712142455309367e-07 3.962603441344613517e-07 3.144153438909933486e-07 2.493918467683638205e-07 1.977012503764825190e-07 1.566487166484885476e-07 1.240434590781209406e-07 9.820032542717823038e-08 7.760058812429940713e-08 6.116804440856029012e-08
4.729446235342655415e-06 3.753163549075448754e-06 2.984342795807974857e-06 2.368553366731878498e-06 1.880567687080095685e-06 1.493698447276793816e-06 1.186715481774479434e-06 9.427582247893158797e-07 7.487228965294398167e-07 5.945361463386467611e-07 4.723148973593449942e-07 3.752283619129330528e-07 2.980751756772907741e-07 2.367324433848212797e-07 1.880125273654934815e-07 1.493477386888363335e-07 1.185949002085649015e-07 9.417272487297925749e-08 7.484041207738395013e-08 5.955862077246573395e-08
4.562520089882184252e-06 3.631770571100423990e-06 2.884704725460116533e-06 2.290987531956497073e-06 1.820128037760362107e-06 1.445523318296271010e-06 1.148306403929481141e-06 9.122796007734142883e-07 7.243627790642029583e-07 5.752191060151306270e-07 4.569286522509383643e-07 3.629450624717255508e-07 2.883276146611218832e-07 2.290829413176924240e-07 1.820280567037901585e-07 1.445541223727864307e-07 1.147729411942232147e-07 9.122428704383688553e-08 7.256856561953854871e-08 5.780100361085218319e-08
5.340066468788009824e-06 4.246902704829504884e-06 3.375137183473551112e-06 2.681555031162590846e-06 2.132571296626543263e-06 1.695790472435025201e-06 1.349337885501930167e-06 1.073719106945080871e-06 8.553229928558162151e-07 6.820349056244613606e-07 5.440440422015996561e-07 4.344449068221430164e-07 3.476962981940485657e-07 2.790621327255856446e-07 2.245930322392985752e-07 1.815591549568000470e-07 1.475124360032474426e-07 1.206343172948347835e-07 9.941333303434469304e-08 8.304645772760706356e-08
4.628569233893783790e-06 3.676525584104555976e-06 2.922445255542637801e-06 2.323828574530019206e-06 1.846427640503619439e-06 1.468017512754291270e-06 1.167245441861756291e-06 9.287736134317975986e-07 7.387628552537257143e-07 5.880824755921072518e-07 4.682699173981344038e-07 3.730411912108398841e-07 2.973942549596608181e-07 2.371634877683150096e-07 1.894457002394698840e-07 1.516487795674002954e-07 1.216781104342779095e-07 9.786321820099975792e-08 7.908739268925051315e-08 6.425231168880673124e-08
4.291570236836199128e-06 3.406383316686458951e-06 2.708351860507290202e-06 2.152319068427965355e-06 1.709762766215457184e-06 1.358682510026950352e-06 1.079139071025402232e-06 8.572633907520197826e-07 6.812848523344390426e-07 5.413827739165739238e-07 4.301707129207520066e-07 3.418771441933749791e-07 2.717956736771584373e-07 2.161156422292017681e-07 1.718755605323239854e-07 1.367597161299169511e-07 1.088621264909506255e-07 8.665928968655273322e-08 6.896199848612034630e-08 5.494082047011293822e-08
4.781085560670497709e-06 3.799107359009869084e-06 3.019423087706773022e-06 2.397299296388830786e-06 1.903731865874565492e-06 1.512168316342583058e-06 1.201264005390795188e-06 9.540108464498823354e-07 7.580549856629131500e-07 6.023563249351261817e-07 4.786692335354475972e-07 3.803503205231043977e-07 3.021038227485945163e-07 2.401100701091492875e-07 1.909361312937927246e-07 1.519371153370612099e-07 1.209147208699510759e-07 9.641523938408964445e-08 7.695261662071599842e-08 6.144630574992837655e-08
4.743443755986284938e-06 3.768047613292852740e-06 2.994481529000137324e-06 2.377513177712203880e-06 1.888111436295583111e-06 1.501174001573088671e-06 1.192260338070420538e-06 9.471610635452018725e-07 7.527605061654205661e-07 5.982045105880466925e-07 4.756593130001532154e-07 3.780724298443565547e-07 3.005277071424110129e-07 2.388592268858089055e-07 1.899218530024011210e-07 1.510286827421848597e-07 1.200884735829595783e-07 9.550277578572174720e-08 7.587023382806050964e-08 6.032840609316192423e-08
4.706628056440995940e-06 3.736514308295487393e-06 2.967243815140898804e-06 2.359822471943739262e-06 1.874755455384432803e-06 1.491706444325026579e-06 1.186705141272994397e-06 9.438238072217534733e-07 7.515311302529544020e-07 5.984441338589871906e-07 4.769134429020841519e-07 3.803649899680606061e-07 3.036960410891953602e-07 2.429019539573402762e-07 1.945341531237721725e-07 1.560730595438490178e-07 1.254966630829723007e-07 1.012313757205945513e-07 8.215168547560112731e-08 6.716052535646320060e-08
4.729689267134439306e-06 3.756577637225548612e-06 2.984220770985081858e-06 2.371467519693878054e-06 1.882378611533183301e-06 1.495110278925377249e-06 1.187985929120613668e-06 9.433232508922979540e-07 7.494690078948158739e-07 5.951668616462759714e-07 4.728107878958458738e-07 3.758746755112194906e-07 2.988779975733107302e-07 2.377683803438141051e-07 1.893020429869383355e-07 1.508882680317802927e-07 1.204529394224462380e-07 9.625628312326382711e-08 7.693616650366469134e-08 6.164601911185564823e-08
4.843378208148984428e-06 3.850148295264454861e-06 3.058620028381252968e-06 2.429022593654537151e-06 1.928256976818280862e-06 1.531933346354789433e-06 1.216856891963892316e-06 9.662945076442950254e-07 7.673885940290857083e-07 6.095645179802596766e-07 4.840349186645766240e-07 3.845096209361358284e-07 3.056964151799637002e-07 2.432111727943496503e-07 1.935674415635839730e-07 1.539066096695437187e-07 1.223232761231120549e-07 9.718845560587127781e-08 7.731876256401515466e-08 6.167465899399708597e-08
5.385684859585711616e-06 4.279160322398944366e-06 3.398700110453743627e-06 2.698478115212053426e-06 2.142091274679448857e-06 1.702669806245109918e-06 1.352055980696478903e-06 1.073490440714567179e-06 8.524387555450314617e-07 6.766920983596561652e-07 5.371086445195921662e-07 4.263204511707335890e-07 3.382349016097952405e-07 2.681924416630322798e-07 2.126028588909453875e-07 1.683830151784268364e-07 1.331638085334535735e-07 1.051178652844564694e-07 8.307424068330831142e-08 6.572081233859468705e-08
5.127904384636816609e-06 4.077644181984617147e-06 3.238944287655706684e-06 2.576292801305035033e-06 2.046280051684873099e-06 1.626974694450142475e-06 1.294218377548397181e-06 1.029701025348343863e-06 8.196929180601646446e-07 6.526452763197247890e-07 5.199928578178883703e-07 4.147634081529653795e-07 3.311582797583108115e-07 2.648365628580763018e-07 2.122982093747215029e-07 1.705183154712239862e-07 1.373525396821665018e-07 1.108936403998850796e-07 8.978456096374331252e-08 7.307149129842956031e-08
4.648388410665845325e-06 3.694835732851391136e-06 2.935647396562252301e-06 2.333049659030317192e-06 1.854858681387744321e-06 1.474171558059624090e-06 1.171688141004290233e-06 9.318761767184625598e-07 7.418238687331081906e-07 5.901637913477171092e-07 4.698021194730806018e-07 3.740412104356851357e-07 2.980456922212019546e-07 2.376975272828154537e-07 1.898349214911241654e-07 1.519104378573035514e-07 1.219966535138801875e-07 9.825059729985467079e-08 7.946315359463849079e-08 6.471869537124935676e-08
5.005628596907459384e-06 3.972139545784384943e-06 3.153638814518842991e-06 2.505715730084461138e-06 1.988801834065551036e-06 1.580455828200706798e-06 1.254755514442102521e-06 9.964534613870637363e-07 7.915424294666165036e-07 6.285974566362255979e-07 4.991473679696706098e-07 3.963396051470789703e-07 3.148014705444752388e-07 2.501367831037730955e-07 1.986735763750880729e-07 1.576222893053808378e-07 1.249746868834616819e-07 9.940266288631199409e-08 7.931930859404791223e-08 6.332479878040186946e-08
5.243833066334966773e-06 4.166073733384797880e-06 3.307482216455451269e-06 2.629083033212123439e-06 2.087069241335574562e-06 1.658211461122715621e-06 1.316740272308188707e-06 1.046319325459941380e-06 8.308365522620031524e-07 6.594709087639813933e-07 5.235747204308051309e-07 4.159163172533708102e-07 3.303787213775160105e-07 2.624992767821439192e-07 2.085893987586318809e-07 1.656745803363899149e-07 1.314304056660990001e-07 1.039929747898128361e-07 8.218966986215575485e-08 6.500397066137063217e-08
4.951391644359610707e-06 3.935597977261838878e-06 3.127816851339758651e-06 2.486151943628873965e-06 1.977306953740570038e-06 1.571135151345920008e-06 1.249880939416969846e-06 9.943403343916967704e-07 7.914850070187952329e-07 6.303740145853948477e-07 5.022902602808103446e-07 4.006438005819394676e-07 3.199272613657833933e-07 2.557671731447150848e-07 2.047668312503670231e-07 1.642004292240001880e-07 1.320992416042838375e-07 1.066782308816273457e-07 8.659091539733919202e-08 7.076237207019777088e-08
5.271970253194743962e-06 4.193621427644002407e-06 3.331205843585614536e-06 2.645920401012371066e-06 2.102810851343755706e-06 1.670846264260540621e-06 1.327600467405573672e-06 1.054499519642772727e-06 8.373836734337504127e-07 6.652824141035060042e-07 5.285462752857461861e-07 4.199908182255912842e-07 3.338220461523873329e-07 2.654370636250837527e-07 2.111721316799039818e-07 1.683010023273781812e-07 1.342600070935933933e-07 1.072717380706111796e-07 8.566853798270382808e-08 6.831924190056367448e-08
4.742143424200058870e-06 3.769968779892154227e-06 2.990293854993727541e-06 2.376089050565813653e-06 1.887445995011188677e-06 1.500116618400330617e-06 1.191657902344553658e-06 9.465016300224731029e-07 7.519602900143560550e-07 5.977474856862023527e-07 4.747360694446839947e-07 3.770097062427837877e-07 2.995213568204516440e-07 2.379419897770133001e-07 1.888517039955504177e-07 1.498029150031733998e-07 1.186782782738891242e-07 9.388536873741756135e-08 7.414279245666078430e-08 5.843807156777870115e-08
5.708325169179912526e-06 4.526918400287281024e-06 3.594149559041144964e-06 2.856922167956945386e-06 2.271199279060391319e-06 1.802518094590882870e-06 1.432512421145292092e-06 1.137394636230995763e-06 9.031660476185672642e-07 7.172777267529419709e-07 5.693718809858458310e-07 4.520875729661843314e-07 3.590300522843552432e-07 2.853603710878327950e-07 2.269375210286674593e-07 1.805847374789077144e-07 1.437577244857315604e-07 1.146345358186654576e-07 9.130246624168098814e-08 7.260565920366237757e-08
4.827632282944263175e-06 3.836601414822636788e-06 3.047864756873953478e-06 2.421261041593846363e-06 1.922423247230168238e-06 1.527423829986542365e-06 1.213322581672561267e-06 9.639237533026430458e-07 7.655181073452050522e-07 6.076588083797905090e-07 4.822932498653535216e-07 3.828740307988450782e-07 3.040361848514629189e-07 2.414009128160333981e-07 1.919293782384835216e-07 1.527786317598370787e-07 1.216721349838208957e-07 9.697648233745968221e-08 7.719880225956739524e-08 6.143084164540913697e-08
4.532939170976296783e-06 3.601351147189903380e-06 2.860642250776554228e-06 2.274527182281957913e-06 1.805955133484104456e-06 1.435514246499627537e-06 1.141465917443938996e-06 9.079408254046098422e-07 7.223082810736462576e-07 5.746649038018846452e-07 4.575290479540297574e-07 3.644432942365395464e-07 2.905235660973677628e-07 2.318390129929452047e-07 1.852229260106801986e-07 1.482383608240643148e-07 1.189666616497475756e-07 9.589994369928178426e-08 7.769393841346511167e-08 6.330507883444476889e-08
5.808223745094451570e-06 4.614222767541255655e-06 3.665024272125078831e-06 2.909569549919507659e-06 2.310510414521312384e-06 1.836435388444942117e-06 1.458379866353519263e-06 1.159119742486666469e-06 9.205045794878061728e-07 7.313357253031893951e-07 5.808991480693233999e-07 4.612469775624681756e-07 3.660919546217781523e-07 2.906021514872308104e-07 2.307622575131860991e-07 1.830786948494123119e-07 1.450591653145329448e-07 1.148524886054516449e-07 9.082477405870566495e-08 7.188184621995590631e-08
4.695162163979811742e-06 3.737128676933788201e-06 2.968677714794200429e-06 2.358003537771526032e-06 1.872984485364225912e-06 1.486482098857771572e-06 1.181360412330476890e-06 9.381643531127263665e-07 7.454607435848424761e-07 5.921418030600323313e-07 4.703541122887021938e-07 3.736867142425978572e-07 2.969660586528089135e-07 2.360812820356899173e-07 1.877992968831218859e-07 1.492805180500067311e-07 1.184773379383577112e-07 9.388326534422515308e-08 7.439628088498109186e-08 5.905375787313441896e-08
5.520501990263268573e-06 4.384734557115466283e-06 3.485384776024622778e-06 2.769009321237453738e-06 2.201282830695393480e-06 1.750006296171724438e-06 1.391886413002305111e-06 1.106848274620220527e-06 8.811066248638272969e-07 7.017247682740232557e-07 5.590114076433963231e-07 4.457847496716428448e-07 3.558377666402373024e-07 2.844697268132780665e-07 2.277796279816191660e-07 1.827611169016910322e-07 1.471546179173803142e-07 1.189418239793660432e-07 9.665694827253745637e-08 7.926202906536707898e-08
4.684933613041090085e-06 3.722041212848320965e-06 2.958585166405756005e-06 2.350699532685357011e-06 1.868380907853273529e-06 1.483743012586675815e-06 1.179168145271693479e-06 9.364341420665996779e-07 7.441283843348932638e-07 5.913248627634830319e-07 4.699362130113473416e-07 3.738546755699520529e-07 2.976385652028789951e-07 2.370814817193523406e-07 1.891002816594400636e-07 1.509403906828682069e-07 1.206289641318055954e-07 9.664512150316215286e-08 7.767574663565453055e-08 6.265703631398720047e-08
5.463584665589559753e-06 4.340180048261468072e-06 3.450877440918013222e-06 2.740622579066732562e-06 2.178076633629220325e-06 1.731336496585422889e-06 1.376468631348045097e-06 1.094060147587888506e-06 8.707324685370947194e-07 6.931779229535190143e-07 5.522971825856728158e-07 4.404984627276343226e-07 3.517202522017052162e-07 2.812338059294355645e-07 2.253135456019448034e-07 1.810834606104304486e-07 1.460340344843658252e-07 1.183319975295703384e-07 9.634951367878622991e-08 7.924114584307796302e-08
4.529063122901118781e-06 3.601117695404097024e-06 2.855781267449657349e-06 2.270576078010985337e-06 1.803823073730318946e-06 1.432879271706915016e-06 1.138364466296849299e-06 9.041557913403965973e-07 7.183326579283699783e-07 5.705321127787211155e-07 4.532242735011324519e-07 3.602569839123163564e-07 2.863232252738845413e-07 2.274308552218427433e-07 1.807960866676998404e-07 1.437761573399089122e-07 1.144225912691867301e-07 9.117681997927422078e-08 7.263367861608922595e-08 5.787030470965966058e-08
5.252354141614152546e-06 4.172510999358965842e-06 3.313912945675316918e-06 2.635153125365238372e-06 2.092905751362924935e-06 1.661573810597824603e-06 1.319670073319490674e-06 1.047393761465381337e-06 8.319185959217521981e-07 6.607076822830551181e-07 5.246294266959926153e-07 4.161441737962954780e-07 3.301428490467015604e-07 2.620411182924409456e-07 2.080273499912771352e-07 1.650894484945798254e-07 1.310273054619618107e-07 1.039595980310585244e-07 8.234625605045689623e-08 6.519145289646751362e-08
6.269630816965695541e-06 4.981006123955308868e-06 3.954050525240930864e-06 3.142400175679141356e-06 2.496401556147529072e-06 1.982957594366241400e-06 1.573928674232564245e-06 1.250475702615952709e-06 9.930960702221828864e-07 7.888916860962299243e-07 6.266643246568322711e-07 4.976087024186875621e-07 3.951751909803627533e-07 3.136127831882077538e-07 2.487383761194292378e-07 1.971625803574939497e-07 1.560812144291670720e-07 1.236164347081395279e-07 9.780212795266789716e-08 7.737490553457475100e-08
5.925426707985843489e-06 4.707277819799089107e-06 3.741496689591196220e-06 2.973520199565094743e-06 2.363417366468322185e-06 1.880796143394800301e-06 1.496288505750711209e-06 1.190787654144666660e-06 9.483282109017641275e-07 7.550251694696703497e-07 6.014646298657812775e-07 4.791374136180147997e-07 3.820808853252880992e-07 3.049359901242420401e-07 2.435455237939897781e-07 1.948987786604108027e-07 1.563446920345892348e-07 1.258796767668219204e-07 1.018538855255247439e-07 8.309719628052179009e-08
5.143876578577636185e-06 4.085559891488053382e-06 3.243499553835909201e-06 2.576672996267647290e-06 2.046103230076254831e-06 1.626004315283498603e-06 1.291333055416370666e-06 1.025763626489568069e-06 8.148261548386815427e-07 6.470584146326572091e-07 5.135761752241719467e-07 4.076950949314578550e-07 3.235042698842810417e-07 2.565955625732934480e-07 2.035395712554953525e-07 1.614242429793845265e-07 1.278424981144679473e-07 1.011322623984389575e-07 7.990599405156017172e-08 6.318180107303791297e-08
4.982615817604255138e-06 3.956896828367136376e-06 3.147724552507081429e-06 2.499367042564322396e-06 1.985300110227524959e-06 1.576773256597873821e-06 1.252111217968568597e-06 9.947670290189150158e-07 7.901353258344480380e-07 6.275070131258126123e-07 4.985268272658254969e-07 3.960390409826078262e-07 3.145561416999676026e-07 2.498015228536445578e-07 1.984049600989856427e-07 1.576206736626190886e-07 1.252847614266182882e-07 9.962468858754955243e-08 7.931919114985044008e-08 6.323319884819503485e-08
4.117467603411504987e-06 3.267875538386712546e-06 2.594297953221327985e-06 2.060617569257584315e-06 1.638419845855006859e-06 1.301903487883004558e-06 1.033874070435519274e-06 8.211895131599288635e-07 6.525657825820169563e-07 5.182638891516287002e-07 4.117022044107422259e-07 3.270561555740889086e-07 2.598420085953591373e-07 2.064533394699451963e-07 1.639567446559740134e-07 1.301322165925524659e-07 1.032056632340537053e-07 8.184297614446228244e-08 6.501532398469689485e-08 5.176725032922993735e-08
4.629713394950383672e-06 3.677372870594408535e-06 2.920954677841195923e-06 2.320694201146491069e-06 1.842810479499116453e-06 1.463759490170173236e-06 1.163120216892374401e-06 9.244062216181031360e-07 7.344703685091409133e-07 5.835031010695701277e-07 4.636471102614564635e-07 3.684359406116854502e-07 2.928742856862414579e-07 2.328231663775041746e-07 1.851042516164311109e-07 1.473046063414525944e-07 1.171922103793984207e-07 9.332619282349529763e-08 7.438539750802640482e-08 5.924604176246035014e-08
6.371131987692168183e-06 5.062206259418565930e-06 4.018143876764703924e-06 3.191311659081110065e-06 2.536663595439514778e-06 2.013565732611817271e-06 1.600080361895557934e-06 1.271094315547549220e-06 1.010093737466608551e-06 8.024877766146211492e-07 6.372400445281671905e-07 5.059466927464444680e-07 4.018732726562712233e-07 3.191631587738785510e-07 2.534822432718199147e-07 2.012002180229004606e-07 1.593404919186576864e-07 1.259360822012865305e-07 9.958259149295125607e-08 7.865813391665154607e-08
5.079745929537286443e-06 4.029994262158630741e-06 3.202347470870726430e-06 2.542196765369125951e-06 2.019081476668566499e-06 1.603848004064358269e-06 1.274007844822506127e-06 1.012600497597875722e-06 8.042704729168970780e-07 6.385462167228769177e-07 5.070413291608064219e-07 4.025299667199818443e-07 3.194277430601931928e-07 2.535678573240737686e-07 2.015589261022329937e-07 1.604593559686948422e-07 1.279341167614507863e-07 1.020158795008468921e-07 8.143842845049380646e-08 6.505280116596022382e-08
4.830254770772154582e-06 3.834259885995076449e-06 3.048364222828220693e-06 2.423138843573856474e-06 1.926045661583225596e-06 1.531839749455125388e-06 1.218234246993431972e-06 9.692456953848964575e-07 7.713101072834143195e-07 6.139636375987242705e-07 4.888598616312170753e-07 3.897348888950636126e-07 3.109244407145718108e-07 2.482788755506874518e-07 1.986243818230440193e-07 1.592103289199589433e-07 1.278424570098129868e-07 1.030194837200275526e-07 8.342540279599192970e-08 6.794822018708612385e-08
4.532126856200442931e-06 3.603475421846555628e-06 2.859347946945297191e-06 2.274270367871547937e-06 1.806708156332288422e-06 1.435128960221508486e-06 1.140269422590424051e-06 9.056008417929430540e-07 7.192393407161115264e-07 5.710443287182555504e-07 4.535517268667616639e-07 3.600353287465154212e-07 2.857415920009877671e-07 2.268292521528522702e-07 1.799783280624548865e-07 1.427544674755360316e-07 1.132890281088246608e-07 8.989069532873917727e-08 7.125829558632427933e-08 5.648100863705039976e-08
5.891273883125322815e-06 4.687797442268244397e-06 3.726673297158892634e-06 2.965132030053028638e-06 2.357178051980601320e-06 1.875182232875569683e-06 1.492556430218878435e-06 1.187856193171384310e-06 9.465721008081524205e-07 7.545154493501576676e-07 6.017997317470432282e-07 4.808061496332170378e-07 3.846459524792842493e-07 3.083424213482986916e-07 2.476190051632736278e-07 1.995811164077869820e-07 1.613041634516782896e-07 1.308675781179988186e-07 1.067620297136065830e-07 8.810520986277956528e-08
4.732095212151368994e-06 3.760968208701935725e-06 2.986518219961962860e-06 2.375202249268136901e-06 1.886130836884630917e-06 1.496767740673607699e-06 1.188252170958989791e-06 9.438463145918866595e-07 7.494213097518013311e-07 5.953358573323148369e-07 4.728236932416985989e-07 3.754914143474324572e-07 2.981420591640829868e-07 2.368025269784239642e-07 1.880717422269903066e-07 1.492978363326438461e-07 1.183140573515124178e-07 9.382494396040970991e-08 7.450873740402871503e-08 5.912400572277507885e-08
4.952746275744704878e-06 3.936383056165192246e-06 3.124708441894767849e-06 2.483644493456742363e-06 1.972351984189422666e-06 1.566111073663536984e-06 1.243780226450353981e-06 9.874500968589056976e-07 7.841754763178562325e-07 6.227614353136378411e-07 4.944078615380406365e-07 3.924126798064943027e-07 3.114435920820756348e-07 2.470380456047273897e-07 1.957855335727037021e-07 1.550556893853201241e-07 1.227020345853694086e-07 9.695046066539527383e-08 7.652741773438984547e-08 6.033745494449606412e-08
5.466152050642486123e-06 4.343883126984503874e-06 3.451455837784466121e-06 2.744604024907205888e-06 2.179690129512892581e-06 1.733561165343804596e-06 1.378753096218907343e-06 1.096306307153269446e-06 8.717997514453129686e-07 6.938480453516522245e-07 5.525557125895708001e-07 4.403486822426109677e-07 3.514738014531112032e-07 2.812440374417782679e-07 2.256432934801437050e-07 1.815303824235548756e-07 1.466277137739901188e-07 1.188866317053849602e-07 9.696036082828878142e-08 7.962857289383663991e-08
5.416851869562122794e-06 4.304542488546872425e-06 3.420207423770466907e-06 2.718004207818492358e-06 2.157500995511057751e-06 1.711989635929179968e-06 1.360012707249050278e-06 1.080460132816257359e-06 8.578684990576339742e-07 6.813419564227885414e-07 5.409413876007082229e-07 4.294880261024293145e-07 3.409335965846581832e-07 2.705985067182432102e-07 2.147316672910795402e-07 1.704508960792248332e-07 1.351423509656077983e-07 1.069270145651358293e-07 8.453497866196454179e-08 6.687302603154261461e-08
6.203188413775624220e-06 4.933820204934971177e-06 3.920950026621481635e-06 3.117974511534469762e-06 2.477991252603600190e-06 1.971564176574531398e-06 1.568272746406701714e-06 1.247857186119286659e-06 9.933566378877189300e-07 7.914821584327092531e-07 6.310211440943719798e-07 5.037723749413019964e-07 4.025851941966715117e-07 3.223168163269612105e-07 2.588259581667560092e-07 2.089020868090958183e-07 1.692875320519546418e-07 1.379073093716349392e-07 1.130923433185989937e-07 9.354843709782365837e-08
5.195720697439063003e-06 4.130205418621402672e-06 3.277533450439241179e-06 2.604378732914662107e-06 2.069830400981427663e-06 1.642003070779694071e-06 1.304503629530612034e-06 1.036266569556035727e-06 8.232433762990553807e-07 6.538221006855947229e-07 5.190294294580185107e-07 4.120706053257124190e-07 3.269978110699133619e-07 2.593515182683052072e-07 2.056820657261993291e-07 1.630850356581469579e-07 1.292398200470297509e-07 1.024258785561812232e-07 8.119597253622955869e-08 6.447349016831475244e-08
4.479272314880187283e-06 3.559586837556206072e-06 2.826263082153932635e-06 2.246213609778906415e-06 1.784872981152134299e-06 1.419109256674461215e-06 1.128013586867484120e-06 8.973867367991558220e-07 7.139833556063492092e-07 5.681452595239385520e-07 4.525225049234559215e-07 3.605125473828336580e-07 2.874200359637884816e-07 2.294076605501725916e-07 1.833920801640199672e-07 1.468848942545643644e-07 1.179340337843483299e-07 9.501204739927531957e-08 7.668160143141044339e-08 6.202508037660847744e-08
5.356561088589307899e-06 4.258676173238099535e-06 3.380877312986892877e-06 2.685302238311276783e-06 2.134876044984345894e-06 1.696604927448715033e-06 1.347195512785750979e-06 1.070216633877654061e-06 8.497085392277165997e-07 6.750003662447710813e-07 5.361204941691241612e-07 4.256565205906014421e-07 3.378548641933173103e-07 2.680187956717738996e-07 2.127525607166266578e-07 1.690509712453553455e-07 1.344592889102931387e-07 1.068796671651619067e-07 8.471356275833775772e-08 6.699971725245248905e-08
5.593591205745595960e-06 4.442143816144555401e-06 3.530576769442271933e-06 2.804182265044355428e-06 2.225969528275346643e-06 1.767206549355542856e-06 1.403683397479986699e-06 1.114580185049272649e-06 8.851224413450664936e-07 7.027632160780608032e-07 5.582450057105124106e-07 4.434244398018270024e-07 3.522556876130302793e-07 2.800359629018873053e-07 2.226770807797551072e-07 1.770563094362654345e-07 1.404809272482745673e-07 1.112545369617512617e-07 8.820426340663162756e-08 6.995043372672641931e-08
4.477518458075297576e-06 3.553105543319841980e-06 2.825509366220341410e-06 2.244780480674021818e-06 1.784198316218032032e-06 1.418273463545764950e-06 1.127594978096935092e-06 8.968328659847559859e-07 7.138797846297922843e-07 5.685262546181041745e-07 4.531323356530708014e-07 3.614669510416945328e-07 2.886784269441657848e-07 2.308230702322711952e-07 1.848682910803371922e-07 1.483296378085080745e-07 1.193140841714592076e-07 9.633991257595519270e-08 7.810949273216011192e-08 6.375380077793519442e-08
4.845782197545467143e-06 3.847240973322814064e-06 3.059937730399541193e-06 2.433778461033521331e-06 1.933715720704914020e-06 1.537636349717310209e-06 1.222624796288855711e-06 9.729442188578372001e-07 7.744103328333597682e-07 6.169809371102840809e-07 4.917342917250420690e-07 3.921453360628678936e-07 3.130769696093900304e-07 2.502232801132195191e-07 2.001982751229958497e-07 1.604212406048257832e-07 1.288964378458950530e-07 1.039394470121632827e-07 8.422763300937440185e-08 6.874367052157724371e-08
5.042923415992174956e-06 4.004163561103744579e-06 3.180726207061222039e-06 2.526050701236814788e-06 2.004761418515631593e-06 1.592473831143825181e-06 1.264886877038810513e-06 1.004861351649717036e-06 7.982826311730330951e-07 6.341844499218673788e-07 5.037607345773803475e-07 4.000582499893553386e-07 3.177286984954200041e-07 2.524466938418534288e-07 2.005402312795450778e-07 1.593700144113479998e-07 1.266484398368341027e-07 1.006154565409097256e-07 7.993818553938549227e-08 6.363772411749909541e-08
5.195827624431514711e-06 4.124565174491940170e-06 3.277053260046006382e-06 2.605632422857157285e-06 2.069183173792833293e-06 1.644315325851535012e-06 1.306081519229569709e-06 1.037310157104232383e-06 8.243083348995949870e-07 6.544605331747043833e-07 5.197231200859045857e-07 4.127291931278900651e-07 3.276526539172710247e-07 2.600752310045110811e-07 2.063759047061398860e-07 1.637477624490128024e-07 1.298382682316123388e-07 1.030072044202931718e-07 8.192417496628004100e-08 6.512968091559029063e-08
4.727776931696555994e-06 3.759895933386148936e-06 2.989164616846148727e-06 2.376159710256333740e-06 1.889302875738886967e-06 1.503838913317662051e-06 1.196851671393468456e-06 9.529338636180883402e-07 7.590828564945261330e-07 6.052474093814027048e-07 4.829778112923752871e-07 3.862456232562065145e-07 3.093786703839689565e-07 2.484580265747432764e-07 2.001556263026964110e-07 1.618729334279074972e-07 1.314547135679114765e-07 1.073479767946658319e-07 8.838586819057455731e-08 7.366989751116171975e-08
5.332632847932028281e-06 4.237724498395172027e-06 3.369098021980897592e-06 2.678350421970034933e-06 2.130029804362578435e-06 1.693205953882765922e-06 1.347477420205061652e-06 1.071975778752387900e-06 8.532183607409456106e-07 6.797039208656609592e-07 5.415213848303096438e-07 4.319949244868465995e-07 3.449864006257766502e-07 2.760330081602561687e-07 2.214223819986212339e-07 1.782058954849545169e-07 1.438283788417119167e-07 1.165228008393714744e-07 9.479948422848539994e-08 7.737136167778230223e-08
6.646963151423150455e-06 5.285314218671370747e-06 4.200888926246627771e-06 3.335737257743351919e-06 2.652824448786500580e-06 2.107462018542386762e-06 1.677705201393336652e-06 1.336228662001311431e-06 1.064727764575304640e-06 8.487492415178980987e-07 6.770312737440231335e-07 5.408731693385487520e-07 4.324404308166520438e-07 3.459999613517417790e-07 2.772750917890289108e-07 2.231437885687785756e-07 1.806519774346557687e-07 1.471247922977774258e-07 1.206514367059018855e-07 9.986090760829925560e-08
4.869892294949373113e-06 3.867964732094992661e-06 3.071264164691483980e-06 2.441317662118783813e-06 1.938421190566697168e-06 1.539856761354119517e-06 1.222701591224196609e-06 9.713964317940775064e-07 7.717570009955289866e-07 6.127782191457621511e-07 4.865647343291548899e-07 3.862684656014026778e-07 3.065605701184887026e-07 2.431954137301199451e-07 1.929877105061946326e-07 1.531682238953689622e-07 1.216610711806967837e-07 9.668722985317476432e-08 7.686315698099566956e-08 6.118173525102479473e-08
5.081759663277654111e-06 4.032296395336403444e-06 3.204952509631886378e-06 2.547414559409108800e-06 2.022847961241038207e-06 1.606596464369236787e-06 1.275519067622345950e-06 1.012714683091407204e-06 8.045215603659425337e-07 6.388822129535317673e-07 5.074594150910011580e-07 4.030666972553877439e-07 3.200962412865643590e-07 2.540908298563581021e-07 2.016419430449672106e-07 1.601660013103831632e-07 1.272828074431068405e-07 1.011195269413357815e-07 8.047335341658434810e-08 6.422374379831973905e-08
4.591757029794208267e-06 3.650216445935575048e-06 2.898352370161521008e-06 2.303254948520927470e-06 1.829330987446701106e-06 1.454058344748451084e-06 1.154989969829824085e-06 9.181180697331762095e-07 7.293026140041247380e-07 5.795161349097908846e-07 4.607194077481303414e-07 3.661866613817451330e-07 2.911400741069713166e-07 2.315262028413472878e-07 1.841233771133973611e-07 1.464217855377788096e-07 1.164604414806898975e-07 9.270907110317613635e-08 7.380601671792318041e-08 5.880652789405266254e-08
5.133247376579173337e-06 4.075045895634813173e-06 3.236102382947101616e-06 2.569925221970967062e-06 2.041252212664344585e-06 1.621767546678826062e-06 1.288363515872646081e-06 1.023408410550618671e-06 8.129051933691223182e-07 6.457658586818096961e-07 5.130644277990829760e-07 4.077456025798664366e-07 3.241930356327985597e-07 2.577743088865389558e-07 2.050401614144698078e-07 1.632941492362736641e-07 1.301337483118462488e-07 1.037710951034231170e-07 8.280219564313714341e-08 6.608658437591989355e-08
4.889286171869797648e-06 3.878248600518192410e-06 3.083379390681017008e-06 2.449295452544280517e-06 1.946177172581283016e-06 1.545485053783737939e-06 1.228395168452763472e-06 9.760076237131781001e-07 7.749668101062509453e-07 6.157200214788261176e-07 4.892726564714907648e-07 3.888065060432432853e-07 3.088510908596051921e-07 2.454211437520465670e-07 1.951420063432380359e-07 1.553412937583546512e-07 1.238816684484550928e-07 9.876378180981431607e-08 7.857141688803668348e-08 6.250166057624584155e-08
4.826580688905476440e-06 3.834539414450992021e-06 3.045125595590913967e-06 2.419614218171341425e-06 1.922300685832051103e-06 1.527220804913986287e-06 1.212628996069626940e-06 9.635819514307808794e-07 7.652057175902991491e-07 6.078604476989649426e-07 4.830929402271638512e-07 3.840998384518714835e-07 3.054938548517210849e-07 2.430495821245324929e-07 1.934650686265355811e-07 1.539690488707651256e-07 1.225771982940167860e-07 9.751580802581334512e-08 7.764695593086182863e-08 6.187143156417868273e-08
5.883972082260824382e-06 4.683481164654093236e-06 3.715396745884465433e-06 2.953259278020586333e-06 2.345352957363557500e-06 1.862926771304100928e-06 1.480071154603443207e-06 1.175315144212931463e-06 9.334819752297236825e-07 7.412053047997148973e-07 5.888964261374072114e-07 4.674843414154066347e-07 3.709581554995152991e-07 2.945020022868118738e-07 2.336376471417533004e-07 1.852178877304531276e-07 1.467177263068157575e-07 1.161428450946641408e-07 9.192492394809102829e-08 7.275927705436341714e-08
4.950757877020758743e-06 3.935530121044076364e-06 3.125374818089561552e-06 2.481107415180196684e-06 1.969068021670260411e-06 1.565661119590447386e-06 1.243496255347510201e-06 9.880222266132889683e-07 7.845829720375633002e-07 6.228901392351803017e-07 4.946487918049968799e-07 3.926904133111946841e-07 3.116497524828532112e-07 2.473005995548268562e-07 1.962905880603389296e-07 1.557135620985246886e-07 1.235540672026136433e-07 9.822389657650323664e-08 7.827491930835871985e-08 6.239852156581549210e-08
6.542861034545872464e-06 5.198559049312179580e-06 4.134252502509095841e-06 3.285853698628876779e-06 2.607593027593499086e-06 2.072697530904661480e-06 1.646492101467294385e-06 1.307692205735708873e-06 1.039121277431687936e-06 8.247389280282588069e-07 6.549598744007276901e-07 5.201709259609885237e-07 4.131012252323444296e-07 3.283400813554406640e-07 2.607709241511024078e-07 2.068947576242158410e-07 1.641589657696358012e-07 1.303485166713070050e-07 1.032211938435637984e-07 8.164151103661222860e-08
4.507580763092613354e-06 3.581934832674861323e-06 2.841996201383865744e-06 2.255845104437021773e-06 1.792851202567327669e-06 1.424838756959547807e-06 1.131432292546464064e-06 8.985819112709919793e-07 7.133297929636714840e-07 5.663552892785598154e-07 4.495201046796776313e-07 3.567824179850541887e-07 2.830609241072059011e-07 2.245263244416283068e-07 1.780447144255546983e-07 1.410183130954604772e-07 1.117478040086491125e-07 8.861398065365139017e-08 7.031258496204775484e-08 5.577237199065856086e-08
5.758942200857046376e-06 4.575393440655884063e-06 3.637744519749135152e-06 2.891558025303016371e-06 2.300119443384548005e-06 1.830106214136968985e-06 1.455891426306223090e-06 1.158522269296835284e-06 9.225588720730772992e-07 7.349277938600923607e-07 5.858696702635698246e-07 4.675645152499738810e-07 3.737769378837498756e-07 2.990482487121140108e-07 2.393908774288081861e-07 1.921124652576584883e-07 1.545097428518571595e-07 1.249259997377317755e-07 1.017720360628936303e-07 8.357147599426560736e-08
6.254906138948582097e-06 4.969938853555124920e-06 3.951750813546923447e-06 3.139005020340832012e-06 2.493863986651054059e-06 1.979785256165372137e-06 1.571976921949442380e-06 1.249097678961659669e-06 9.921644010480222567e-07 7.881913412400633909e-07 6.264163363935081249e-07 4.977703743876387221e-07 3.952691742521776298e-07 3.139092512955335202e-07 2.494199328228578172e-07 1.981256705202240293e-07 1.574547350527030461e-07 1.252064159083377637e-07 9.947912390234179966e-08 7.871628938721062092e-08
4.647737817974520566e-06 3.692580927183315687e-06 2.935079444602929106e-06 2.332118981073929258e-06 1.851713655514548242e-06 1.470542282496626644e-06 1.167577471177767190e-06 9.272172592854675967e-07 7.364378908611225640e-07 5.850313785577297052e-07 4.647549945346693115e-07 3.692938307364400541e-07 2.931986534003793872e-07 2.328645334668572051e-07 1.850119792932261494e-07 1.470537874127259979e-07 1.170185488439252085e-07 9.316844849229033580e-08 7.418369157594919963e-08 5.902598208349910785e-08
4.345745812935293266e-06 3.452020459960744938e-06 2.741929190358510257e-06 2.178117132507596191e-06 1.729530263171855260e-06 1.374445673596332691e-06 1.091857177516876512e-06 8.671657100241804128e-07 6.888203784240638600e-07 5.468582558623582987e-07 4.343768510898253704e-07 3.450124914435944106e-07 2.740401278139572850e-07 2.175579330303724212e-07 1.727796968118609084e-07 1.372781047894306042e-07 1.091611322981324591e-07 8.691190621406888392e-08 6.926962392875694237e-08 5.530243191970283820e-08
4.628180754210931815e-06 3.677782559790383503e-06 2.924956760896666756e-06 2.323347235193922037e-06 1.847256259596451505e-06 1.468921838510998299e-06 1.167120060932474369e-06 9.286585810523732050e-07 7.385958137464165124e-07 5.878650791447075046e-07 4.681098470896805679e-07 3.730067749693710543e-07 2.974324612328978672e-07 2.374434216249316003e-07 1.898811783992186340e-07 1.521174643848798868e-07 1.221111903662577098e-07 9.833603608501812575e-08 7.955397998065008068e-08 6.478918430346314998e-08
5.034588655868485828e-06 4.002586865662626794e-06 3.177552184842655960e-06 2.526509720806557451e-06 2.006710454676981984e-06 1.594755105572951772e-06 1.266625012704420516e-06 1.006365598918191706e-06 7.994977119689131407e-07 6.349739052525593422e-07 5.044336600087517693e-07 4.005718362177372133e-07 3.184162348899144790e-07 2.529718124145769177e-07 2.011404901733611122e-07 1.602190450078221024e-07 1.277623850783391356e-07 1.020263212245595281e-07 8.177190115658266695e-08 6.566995251295763689e-08
6.174821304677766050e-06 4.894924875156664728e-06 3.888233071092013718e-06 3.088575900594255224e-06 2.455121913498932245e-06 1.951712452243160023e-06 1.551070103137791860e-06 1.232826959124495992e-06 9.799952989712480300e-07 7.786693281552452256e-07 6.192041569759923111e-07 4.921673052632310629e-07 3.915340346398567698e-07 3.118388263823268973e-07 2.485556662242365129e-07 1.980907215006253145e-07 1.579976048983606847e-07 1.258915929507494604e-07 1.007641094326273981e-07 8.160087788637096497e-08
6.348554235396428132e-06 5.046974714525011021e-06 4.017298226872764727e-06 3.196112576843959142e-06 2.539869553823496878e-06 2.019771542055302803e-06 1.606864680565000635e-06 1.278500411297395202e-06 1.017366425455259099e-06 8.104316913925963611e-07 6.461445981226782608e-07 5.156134461347806793e-07 4.118147949621149256e-07 3.296409325148853072e-07 2.647465340952164148e-07 2.134980154631830516e-07 1.732997374047450809e-07 1.418231987651800399e-07 1.172661605370440587e-07 9.733367567596763127e-08
5.362039223562633328e-06 4.264861103769955132e-06 3.385614122253197223e-06 2.689065065305335071e-06 2.135218256469033117e-06 1.695506183567386493e-06 1.346830264646716063e-06 1.069716633129297662e-06 8.494859046821633673e-07 6.743689049644399898e-07 5.354804746205573014e-07 4.253311163192051431e-07 3.378430694682235892e-07 2.680974415048299492e-07 2.126317619009243078e-07 1.686899244542620484e-07 1.338860219031987842e-07 1.064012800912490703e-07 8.466962653169591816e-08 6.726695243821142390e-08
4.399088087770747078e-06 3.489486839649355802e-06 2.772449651954830733e-06 2.202783473678411962e-06 1.748062034850848160e-06 1.388910061697794977e-06 1.103286861665575590e-06 8.763537795922247167e-07 6.962352705055472078e-07 5.529111114136164577e-07 4.388477563789630716e-07 3.483938709610506438e-07 2.765227750491467558e-07 2.194240353819095944e-07 1.741420786679463762e-07 1.383046813844603676e-07 1.099717888731929500e-07 8.744321530883476047e-08 6.950912271122165294e-08 5.531737489451299371e-08
6.014129947797382464e-06 4.767390154421010049e-06 3.791084326065997531e-06 3.015342700012168105e-06 2.395552335549464324e-06 1.902321838825735575e-06 1.511499240588970647e-06 1.201243229725997063e-06 9.540114966829724903e-07 7.578782051467818178e-07 6.018254558443818535e-07 4.778316717752900089e-07 3.791175433940104022e-07 3.006720240845923748e-07 2.382840658060612380e-07 1.889340688498346127e-07 1.501825929929052204e-07 1.195461480984691267e-07 9.535682955904224802e-08 7.577755012107445354e-08
4.889218695286089057e-06 3.883448592944032656e-06 3.085208989685702832e-06 2.448853076831289995e-06 1.946239943905486526e-06 1.545488381181302698e-06 1.227293943851827825e-06 9.744999763060745779e-07 7.739972462184008656e-07 6.144671463884392967e-07 4.878786515775888835e-07 3.877200081608883592e-07 3.080292559092723295e-07 2.446172632766273026e-07 1.943387530234983695e-07 1.543857963877615632e-07 1.224817778899762302e-07 9.696369047137398837e-08 7.659290973723130244e-08 6.039402949764408952e-08
5.042666223405139240e-06 4.003110252999403346e-06 3.178281057687629736e-06 2.523545772550986969e-06 2.005185086934225023e-06 1.592755220755915920e-06 1.265094529381198627e-06 1.005334301156100073e-06 7.984164788035769882e-07 6.346203794434487993e-07 5.041422967534322900e-07 4.003255162813897701e-07 3.176612968053029590e-07 2.519681683436473786e-07 1.999361001384271435e-07 1.586495824120443391e-07 1.259070034159145396e-07 1.001670046852040477e-07 7.990273940301114640e-08 6.387530321440575263e-08
5.435524800932957721e-06 4.319397374332740478e-06 3.430456474884501339e-06 2.725485304457251725e-06 2.163030306040856117e-06 1.719382610329536924e-06 1.366335013995074831e-06 1.085701573106810143e-06 8.626076805853767618e-07 6.850478725495238674e-07 5.443093994124266140e-07 4.326721566575964720e-07 3.439962158037841243e-07 2.733870205741884723e-07 2.171862919540242664e-07 1.724955188307077472e-07 1.368022147194606981e-07 1.084434219885117410e-07 8.608519300399770920e-08 6.821069036852778448e-08
5.661611699691291025e-06 4.500498262613663712e-06 3.574703734431917393e-06 2.838643271840726119e-06 2.255575713287428287e-06 1.792137531554573060e-06 1.424491452346292260e-06 1.131447212384044561e-06 8.991379330970480152e-07 7.145935925965297842e-07 5.681742904007067590e-07 4.516134808355304810e-07 3.592428710103612955e-07 2.858689175541151836e-07 2.275295399574822271e-07 1.812124379619445259e-07 1.443898025186540836e-07 1.151160633171253504e-07 9.194177143434252760e-08 7.384552353606143870e-08
5.780958066250085985e-06 4.595111365849537510e-06 3.647475310400863241e-06 2.897563295542909528e-06 2.302283619521792987e-06 1.827884880789130940e-06 1.451847900827367515e-06 1.153575206990886152e-06 9.162745950040199959e-07 7.275740826032801919e-07 5.781217740986910059e-07 4.592249550617477820e-07 3.646764697689197375e-07 2.895118806119413285e-07 2.299229809883819877e-07 1.825932598117197325e-07 1.449571775372113230e-07 1.149645090272849857e-07 9.121149698208743516e-08 7.244075136203631099e-08
4.627229751902138753e-06 3.675298993795026225e-06 2.920339790150158973e-06 2.319281229562685215e-06 1.844535237174921732e-06 1.465548874000225558e-06 1.166009724585200718e-06 9.264979505317723860e-07 7.368413933706442500e-07 5.860324221437191094e-07 4.664792401653492766e-07 3.715631690634057970e-07 2.961322940755277065e-07 2.361719209655196281e-07 1.886488845702283903e-07 1.509093463976339817e-07 1.209915250208665771e-07 9.731405874495020971e-08 7.862700080940302540e-08 6.383552106397619950e-08
4.597199276143649296e-06 3.652584245056924321e-06 2.903564271413244634e-06 2.303896392332526624e-06 1.831115447502335380e-06 1.453700969066709954e-06 1.154922389042689777e-06 9.175659052658911580e-07 7.290826266607964594e-07 5.792292687150919726e-07 4.601455568761901247e-07 3.656100217375981694e-07 2.904893196709850575e-07 2.306937047277152798e-07 1.830378704354731171e-07 1.451731585458765401e-07 1.150533870775521981e-07 9.108838380150895085e-08 7.207356489978754295e-08 5.696165503486804841e-08
4.679399722146914567e-06 3.721610798836834744e-06 2.953573027818336390e-06 2.346023059540538700e-06 1.863091912209242433e-06 1.480019751896172701e-06 1.175624456593164473e-06 9.338519547485435115e-07 7.421110494035560491e-07 5.897081227590474740e-07 4.684068335567119776e-07 3.720847101888778319e-07 2.956089961154420102e-07 2.347551669231596430e-07 1.863982219255195034e-07 1.480052672503382813e-07 1.175778584483947546e-07 9.344375191001660614e-08 7.433921035686597450e-08 5.912748008147489959e-08
5.828629346714426470e-06 4.632100047884874083e-06 3.677421994416785623e-06 2.923423371947303868e-06 2.320568829945565505e-06 1.843462259369744288e-06 1.464024589100772595e-06 1.163103769792239808e-06 9.234000178707319552e-07 7.331236238684105266e-07 5.818645309412622575e-07 4.616548243155312446e-07 3.664746910377452126e-07 2.909287358594552568e-07 2.307712828740807866e-07 1.829077885171542828e-07 1.446968221174126678e-07 1.143659152275923556e-07 9.030243041871475798e-08 7.123743965663692989e-08
4.698372693434251483e-06 3.735970955131606988e-06 2.964799630108426683e-06 2.355301693779654680e-06 1.870744939087331642e-06 1.485310973827347147e-06 1.179888960392211087e-06 9.369422611516892744e-07 7.441701479322666200e-07 5.911967266997649752e-07 4.694228614302376067e-07 3.728782488830225154e-07 2.960296686218799411e-07 2.350477638258244222e-07 1.866285824701145244e-07 1.482121114547636874e-07 1.176104203319969928e-07 9.318386172558345201e-08 7.377726639850460803e-08 5.839623074400851794e-08
4.687792811815030034e-06 3.723678666965248605e-06 2.958955384426446260e-06 2.351468473596179208e-06 1.868779484698244745e-06 1.484116374273947826e-06 1.179161079444831662e-06 9.369371171370642725e-07 7.447458533055480113e-07 5.919820043049140216e-07 4.705946097938022973e-07 3.740305062380652312e-07 2.974338466071866336e-07 2.364907896014710801e-07 1.881317306042742641e-07 1.497788724591439429e-07 1.193667396543928187e-07 9.511258794727859193e-08 7.573941399895192286e-08 6.022750860059616619e-08
5.451104849141014371e-06 4.333972362952316431e-06 3.440118994004076319e-06 2.730865552036472345e-06 2.169634505889494355e-06 1.723517588400637852e-06 1.368306201351384880e-06 1.086638791940594833e-06 8.629084034273339646e-07 6.856576962244255287e-07 5.443916776432484816e-07 4.325009157626877610e-07 3.434888010273397409e-07 2.729384386175763335e-07 2.167467737287879409e-07 1.720057084302133656e-07 1.365033649782131367e-07 1.081923271649941321e-07 8.566065870456938271e-08 6.778505962832747535e-08
4.589320539978858709e-06 3.646380143256849196e-06 2.895943976571885253e-06 2.300630751289150684e-06 1.828216121818680696e-06 1.451557525056200826e-06 1.153566885033394382e-06 9.159267053702520593e-07 7.273798578894178438e-07 5.777272745630161664e-07 4.588965076943181955e-07 3.645110153427737484e-07 2.895008336973606860e-07 2.299259659496604078e-07 1.826888854404616146e-07 1.451782510030513455e-07 1.153110123137424561e-07 9.156498505499416818e-08 7.293164625664183160e-08 5.817285216836330293e-08
4.615294456382612294e-06 3.669153946852216336e-06 2.915489787035164769e-06 2.316039435222227505e-06 1.839024067676506840e-06 1.460783093607072568e-06 1.159726805760792102e-06 9.216350294213892627e-07 7.319904072305401065e-07 5.816129867955894173e-07 4.619788246447449430e-07 3.670000644670975476e-07 2.917345801688888636e-07 2.318215792973725727e-07 1.842455976380552431e-07 1.464654866360982095e-07 1.165145701815004432e-07 9.280207360713237119e-08 7.385654614553445317e-08 5.869277246419835599e-08
4.768921501759565945e-06 3.790590935917882185e-06 3.008944820982686608e-06 2.389135725944461663e-06 1.898135526219997537e-06 1.508377282164747907e-06 1.198127345608696299e-06 9.513834065792817632e-07 7.558244280186863108e-07 6.004601534595834448e-07 4.768487091103066792e-07 3.787759677154859669e-07 3.008073835829841782e-07 2.388632436693204264e-07 1.897239991604074021e-07 1.505437716530509056e-07 1.193797427284628580e-07 9.454875444194370464e-08 7.478846496395217075e-08 5.907896776175620648e-08
4.891251387030575371e-06 3.884154229392557311e-06 3.084779485439625032e-06 2.452617647038684196e-06 1.949957962144250708e-06 1.550734220664898495e-06 1.232773851404041903e-06 9.806145738148499398e-07 7.809109191071231131e-07 6.217352554286206944e-07 4.954007760079285575e-07 3.949934780184758355e-07 3.152534830290711790e-07 2.520173953723585717e-07 2.017827996985450671e-07 1.620301313560455094e-07 1.305424865041479168e-07 1.053372357887855398e-07 8.514713759478381782e-08 6.948642806934585460e-08
5.959460807639461691e-06 4.734552977018435196e-06 3.759988614765384466e-06 2.989669595896069242e-06 2.375020284165445882e-06 1.885667062552666294e-06 1.498573512758857650e-06 1.190615032159920437e-06 9.462142941379929030e-07 7.520919106578124043e-07 5.980386847144456800e-07 4.754202970065621464e-07 3.784037912781845071e-07 3.013767652496064554e-07 2.403020702132258728e-07 1.918001386548541231e-07 1.532970691949980869e-07 1.228131351780803551e-07 9.888627677844122321e-08 8.044057767089216756e-08
4.657256004031433748e-06 3.698894613461978236e-06 2.942523607512620921e-06 2.336290680546034333e-06 1.857362859527122630e-06 1.476556813007629134e-06 1.173637003552436953e-06 9.338709111640915699e-07 7.432635045660470302e-07 5.915894835737286044e-07 4.710093897983613629e-07 3.754021978500959925e-07 2.994414999473403604e-07 2.389856987918489192e-07 1.910177562931343979e-07 1.530287369284820028e-07 1.228445320535272501e-07 9.892908496171200903e-08 8.008876123772938195e-08 6.522274488277610865e-08
4.525647961584224185e-06 3.595436612867684622e-06 2.855126864365941556e-06 2.271626700807376413e-06 1.805792162967178939e-06 1.435955177907940151e-06 1.143162517469659228e-06 9.097924404638847466e-07 7.246032872277822760e-07 5.775048377135946058e-07 4.607279917724015510e-07 3.682521252419100797e-07 2.947302469281156378e-07 2.364072980690774456e-07 1.900716305126974665e-07 1.532874794095857515e-07 1.243764658066942149e-07 1.015721067851564942e-07 8.366916742836014215e-08 6.967105946518029509e-08
4.604402350979107160e-06 3.661473456757103320e-06 2.909196968736363477e-06 2.308871030612122102e-06 1.833668712463956494e-06 1.457046051837128865e-06 1.157377248127472504e-06 9.197896837641990751e-07 7.307845834255301206e-07 5.809277156093745315e-07 4.618173395410134670e-07 3.672340626154809315e-07 2.921691544313912893e-07 2.324634385560460899e-07 1.849966019671904809e-07 1.472353435709365574e-07 1.172201510798685021e-07 9.338210430683691958e-08 7.442468373395009943e-08 5.929326166530332621e-08
4.706653692890539439e-06 3.739497587888660146e-06 2.968867081346865479e-06 2.360785204558245136e-06 1.874682312122502588e-06 1.488552972521589872e-06 1.182358335666964810e-06 9.390617619274457305e-07 7.457987388424448834e-07 5.923380532247919566e-07 4.705685990639649217e-07 3.736516402383623579e-07 2.966777260531842890e-07 2.355498167973998961e-07 1.870494416491748201e-07 1.484440929058823531e-07 1.177502513259412455e-07 9.347708370067181532e-08 7.415741668259782628e-08 5.864910282574761548e-08
5.054592155717804818e-06 4.014268700909137623e-06 3.186599676389413871e-06 2.530924414352090875e-06 2.012433207075178265e-06 1.598385761604372338e-06 1.269891212610840140e-06 1.008448886607700231e-06 8.010451495618899151e-07 6.366317260592252498e-07 5.062023233685233649e-07 4.022543056087617235e-07 3.196878512632128538e-07 2.540547949438466440e-07 2.018402008149850557e-07 1.602704343279974197e-07 1.272328349406220595e-07 1.009153398801482558e-07 7.996202651097259892e-08 6.338253379057000152e-08
4.614666778664264017e-06 3.661984705038506270e-06 2.909700240925892018e-06 2.311475533730849982e-06 1.837344821174183251e-06 1.459339502571278284e-06 1.160041220469537185e-06 9.223851786376172539e-07 7.333552458378139532e-07 5.833094099207503573e-07 4.639059534285719500e-07 3.693476353322657258e-07 2.944590718797872044e-07 2.350742350361230534e-07 1.877914605434500043e-07 1.501065363513239016e-07 1.200979344005317515e-07 9.633936321062718961e-08 7.759781345225168357e-08 6.285675163033686736e-08
4.550281778477757972e-06 3.615211427424144733e-06 2.872103326294222391e-06 2.281691945700115513e-06 1.812680782608316809e-06 1.440280428015370413e-06 1.144291413836602241e-06 9.085920051854470433e-07 7.218424895812271128e-07 5.731625188410746599e-07 4.550015584706549407e-07 3.612294384920300427e-07 2.867528994723219077e-07 2.276300621371055644e-07 1.806242746492797431e-07 1.434369094893414190e-07 1.140038348241826847e-07 9.054163059540637730e-08 7.178576176404659986e-08 5.690922045056196521e-08
4.901232504666852032e-06 3.896139824524921031e-06 3.092923483885838722e-06 2.455910268846839869e-06 1.951504498374826779e-06 1.550397267787684047e-06 1.231312003885434872e-06 9.780434749555015949e-07 7.769161374024924946e-07 6.177074966611310393e-07 4.908023348042316549e-07 3.900933973503681992e-07 3.101274189829102561e-07 2.465799924678072433e-07 1.960269158709231360e-07 1.558107060228752996e-07 1.238303281312601593e-07 9.822165355428181995e-08 7.762354335393700911e-08 6.123601280410094706e-08
5.258715298714963946e-06 4.178019362026441187e-06 3.313501981499429265e-06 2.632692491775128090e-06 2.093328651961622312e-06 1.663124058994978722e-06 1.320549287299677567e-06 1.048416836632486567e-06 8.329364800333401521e-07 6.614660091737240039e-07 5.254264364734546272e-07 4.173644189488308609e-07 3.312940548026686297e-07 2.629956626524307799e-07 2.086162248513237634e-07 1.653449447548885852e-07 1.312808633192127856e-07 1.045060307378091861e-07 8.319244814024616200e-08 6.633216325936464861e-08
5.549861997521243011e-06 4.406195150685149530e-06 3.506165582250900764e-06 2.784754848267731559e-06 2.211660390643813257e-06 1.756317081453651410e-06 1.395004116519515680e-06 1.107942192474869293e-06 8.798559734024053375e-07 6.993338063236770624e-07 5.558938759642762413e-07 4.417335467717169193e-07 3.512356765485769164e-07 2.791735743891815949e-07 2.219747093984603960e-07 1.766153984117283539e-07 1.405144962550661937e-07 1.116510295940393575e-07 8.867397722485803784e-08 7.098500785179344011e-08
4.591830467244104205e-06 3.643193653343712699e-06 2.896672005320986660e-06 2.303058930547005738e-06 1.830396304680305753e-06 1.455478900089744399e-06 1.157375453256377737e-06 9.207395717190082619e-07 7.326202448920333097e-07 5.830551915514029441e-07 4.646819778876599040e-07 3.705959660264774304e-07 2.957628941404762441e-07 2.363087312530263228e-07 1.891146609976027884e-07 1.515467740868328955e-07 1.217211802641409774e-07 9.802677030065122885e-08 7.906808899461851738e-08 6.405054924723559054e-08
5.480614748553337207e-06 4.354490422138857254e-06 3.461028348822023352e-06 2.744100483083369079e-06 2.182168424540914246e-06 1.733714641637500374e-06 1.377854662754208132e-06 1.094095530766634189e-06 8.690428642721196225e-07 6.903436936244715221e-07 5.484429930819974586e-07 4.356955219549837184e-07 3.462050345346411212e-07 2.752842430142233772e-07 2.189695082981445298e-07 1.739546785282821886e-07 1.381749637737883701e-07 1.097603854715884043e-07 8.712568815562569616e-08 6.925466522369832708e-08
4.836314206519391118e-06 3.841559567270774583e-06 3.050160991604083237e-06 2.423055405780145350e-06 1.925007762945639214e-06 1.529301791577645925e-06 1.214242120445626641e-06 9.647086149481085044e-07 7.662011987013653793e-07 6.087964176960537959e-07 4.834718329539984937e-07 3.840247120064043766e-07 3.051745352749438361e-07 2.427553215559586035e-07 1.931065150219546151e-07 1.536712125246517326e-07 1.222979893807932575e-07 9.724517412626058811e-08 7.728574415340254294e-08 6.152154014588600540e-08
4.651008311376469930e-06 3.695478575230356877e-06 2.933439582758955451e-06 2.330483079441384732e-06 1.851215938366661887e-06 1.470653998677875122e-06 1.168289127588237010e-06 9.280274330628451180e-07 7.371888110322473653e-07 5.857119258984846037e-07 4.652803132665581105e-07 3.694693349885371119e-07 2.933028244154328539e-07 2.328376874007547525e-07 1.848485180565804922e-07 1.467382364492024128e-07 1.164574397197601716e-07 9.249025085016659525e-08 7.361278588732924246e-08 5.869789531605030353e-08
5.286158147374158385e-06 4.201419945750090824e-06 3.336311359487044317e-06 2.648418348918929511e-06 2.104710896873967403e-06 1.671763456610937997e-06 1.327282610112612821e-06 1.054188416323126675e-06 8.374930721473215721e-07 6.656222817203491808e-07 5.290124932688379219e-07 4.204357364065577247e-07 3.341222409637730425e-07 2.655152316037494905e-07 2.109992357506549985e-07 1.674731712505742017e-07 1.328143865557857088e-07 1.052555172684224592e-07 8.347827674296554970e-08 6.636537276571500348e-08
5.226323556410973343e-06 4.150400308965234655e-06 3.298748075290342433e-06 2.620273688424901354e-06 2.083386857323599518e-06 1.655617505545020544e-06 1.316207620274321044e-06 1.046628395413085736e-06 8.326577011445777951e-07 6.620372609657991734e-07 5.267267299796045605e-07 4.193761854347820834e-07 3.340547061306412546e-07 2.661414795025228277e-07 2.122323711612668278e-07 1.694111520620511219e-07 1.356012970334634558e-07 1.089787292638735227e-07 8.803313767625332952e-08 7.198137457806580864e-08
4.824063337079361476e-06 3.830538612159338639e-06 3.041789286278230556e-06 2.416655212053329020e-06 1.920407432275453133e-06 1.524443786724551963e-06 1.211101185141234587e-06 9.620476286346473108e-07 7.639927770713277602e-07 6.070569026403519544e-07 4.822986530485196436e-07 3.829773369114336332e-07 3.040345121115966030e-07 2.414054785643659265e-07 1.915886880848433354e-07 1.521830582790340724e-07 1.209359278063938864e-07 9.627314218421696400e-08 7.660022892191186837e-08 6.085643258561873188e-08
4.795356029131470864e-06 3.804639972880991039e-06 3.027131948141874261e-06 2.403419214313369333e-06 1.909986898513894508e-06 1.517536799144876360e-06 1.205318627896022413e-06 9.573344632815485637e-07 7.608850742751456868e-07 6.045590557428047175e-07 4.803426549965332210e-07 3.817056363770254755e-07 3.034267425102994973e-07 2.412074015889876117e-07 1.917943625444380167e-07 1.525059055975996928e-07 1.212861033217254221e-07 9.639843967968863653e-08 7.651359694314279432e-08 6.059580776025947435e-08
4.705076997067492804e-06 3.734513503253592296e-06 2.968048502397913815e-06 2.359608177259030029e-06 1.874672961281530761e-06 1.488115103133228367e-06 1.182987690690009945e-06 9.392608626726309393e-07 7.464912486694453797e-07 5.930596423950602063e-07 4.711035668196749957e-07 3.746230231328874088e-07 2.979053069740865837e-07 2.369965473235250406e-07 1.885169705631485748e-07 1.499095554863949825e-07 1.192374797431037663e-07 9.487393060615043935e-08 7.549517211094185149e-08 6.013868705039288470e-08
4.423977641096846371e-06 3.515526696089208994e-06 2.792299218421978955e-06 2.217456140704854740e-06 1.761964521169589944e-06 1.399204024361163488e-06 1.111697527484117563e-06 8.830284408465894119e-07 7.013824691207973877e-07 5.574361284773089195e-07 4.427429251468551068e-07 3.516801263724771968e-07 2.794911234156424758e-07 2.221280176951870426e-07 1.766360945091692305e-07 1.405312315153903195e-07 1.118697370742005435e-07 8.903768393714299339e-08 7.094392966513035574e-08 5.654887822294717791e-08
5.063882659012518098e-06 4.024253266180746073e-06 3.196633311132537625e-06 2.540217349674256421e-06 2.017285588518376080e-06 1.601975048272308584e-06 1.271861589239322120e-06 1.009434113292830087e-06 8.013103251790687284e-07 6.361606325824030890e-07 5.049449840014593792e-07 4.007663232848347972e-07 3.180737311129498552e-07 2.524046608092448753e-07 2.001921988651776905e-07 1.585211572705716859e-07 1.253864332746633150e-07 9.917765211530233149e-08 7.844234530035766078e-08 6.208367879485081933e-08
4.446089795133951506e-06 3.528507084205920108e-06 2.804156702046296318e-06 2.227621434661989811e-06 1.770392673235115827e-06 1.405964167524158069e-06 1.117089846587058290e-06 8.874444063853059763e-07 7.049555731982281717e-07 5.601918654931483832e-07 4.450066091439896389e-07 3.535964974316940886e-07 2.809014754744974654e-07 2.232075413997893588e-07 1.775069732894853787e-07 1.412742664749330779e-07 1.125050768506298445e-07 8.957656047848511420e-08 7.134508216793974108e-08 5.698987990778067512e-08
5.086779890318593494e-06 4.039935407368684926e-06 3.212958377701516586e-06 2.550754343951247512e-06 2.027419829989375663e-06 1.612107627027826748e-06 1.279599188363589755e-06 1.016607217268217388e-06 8.077402640434952048e-07 6.414700119646686444e-07 5.094160798802421799e-07 4.047776094487238145e-07 3.215896133843341411e-07 2.555671844430464665e-07 2.031300192425368557e-07 1.612384789188532061e-07 1.279121828419858875e-07 1.014235881114178369e-07 8.044805349648874632e-08 6.378316766204459754e-08
4.621927829569605730e-06 3.670205727047719029e-06 2.917319776716177959e-06 2.315678214833083241e-06 1.839734435303006573e-06 1.461057794010930616e-06 1.159984484683796306e-06 9.218027755889836354e-07 7.321003419763225911e-07 5.813099516873929021e-07 4.617037886911630443e-07 3.666426620256271152e-07 2.911107294243330811e-07 2.311663388925308476e-07 1.834998529098094056e-07 1.457905449479914910e-07 1.159235015458604329e-07 9.218435680914306691e-08 7.322061001194815982e-08 5.816829600915950678e-08
5.084214823765075358e-06 4.033067228663846507e-06 3.202358302051551032e-06 2.544835511244558249e-06 2.023239982290646589e-06 1.606973885107885587e-06 1.276769415350203349e-06 1.014365965921494208e-06 8.060560984327139674e-07 6.403272834843399057e-07 5.083808491379800387e-07 4.034932775596170900e-07 3.202184342383465234e-07 2.540350143780434925e-07 2.014727584352107321e-07 1.596825070404964860e-07 1.263762200792756897e-07 1.000342497754040669e-07 7.923527325259568585e-08 6.274240149534157774e-08
4.539037927627303406e-06 3.604520961599777338e-06 2.861907792220192111e-06 2.274754854468492377e-06 1.807860593924807695e-06 1.436010152550187790e-06 1.140712437879764048e-06 9.061952964127577631e-07 7.198929587526666538e-07 5.723100710206051488e-07 4.547687840337624931e-07 3.613418827322388892e-07 2.872668685942993047e-07 2.282691604515258569e-07 1.812407122333421871e-07 1.439602902033962149e-07 1.144930858021461788e-07 9.111064254381900083e-08 7.246516132464490751e-08 5.758111773655363806e-08
4.259996925435886165e-06 3.387270768245850892e-06 2.688079781352428777e-06 2.136206729089827561e-06 1.696561005754668543e-06 1.348411468325383015e-06 1.070913529747665225e-06 8.505147678544380713e-07 6.754539695182553365e-07 5.363887741091970528e-07 4.260468078737908683e-07 3.383611485393799953e-07 2.685540914664437028e-07 2.131071060662236740e-07 1.690410763154710378e-07 1.340375923621751164e-07 1.063779397842060172e-07 8.453002843948762284e-08 6.715801533556932037e-08 5.332935320285704946e-08
5.996041716078040514e-06 4.754702463121781017e-06 3.777284348662169491e-06 2.998152881409553571e-06 2.380774973242567251e-06 1.892296445450964569e-06 1.502203217821452037e-06 1.193108642838424623e-06 9.472231869819083832e-07 7.523317314744181709e-07 5.972474447448794209e-07 4.742589033974102340e-07 3.767543095200491617e-07 2.993402564948421614e-07 2.378643576744820818e-07 1.890940021867709962e-07 1.503040219075964288e-07 1.193335328418489978e-07 9.463497837255341251e-08 7.503130586242908127e-08
4.948336689295146213e-06 3.928503741636096833e-06 3.128815742272597802e-06 2.487174147923269735e-06 1.976869272032085607e-06 1.572766826932174100e-06 1.251080373430526975e-06 9.962018441820663495e-07 7.933066173733696463e-07 6.322604378052846210e-07 5.041458242348346604e-07 4.023821357652476773e-07 3.215614618251750318e-07 2.575126431188788902e-07 2.069040944711379708e-07 1.666249825408788035e-07 1.346416914672588826e-07 1.094408411406973467e-07 8.969316456837637305e-08 7.408808569374245537e-08
4.996058832027366856e-06 3.972228003113318499e-06 3.159248181419109721e-06 2.508093608367909892e-06 1.995405637287006951e-06 1.586357497396307921e-06 1.260721336964486299e-06 1.002765130029354656e-06 7.978477086243104626e-07 6.350054781176679386e-07 5.057386164488631767e-07 4.028274996396639771e-07 3.209498576803362108e-07 2.560639820200312936e-07 2.046215714977792631e-07 1.639859890174325567e-07 1.318339643738837207e-07 1.063422657564794296e-07 8.608562610352693499e-08 7.006606581032397969e-08
6.009148165884816446e-06 4.776195695035745062e-06 3.795624797200196429e-06 3.018457010277392382e-06 2.401049953619193590e-06 1.911131289878468568e-06 1.521715931413631871e-06 1.212309926287386663e-06 9.674024804911945551e-07 7.727091332441159743e-07 6.180271883135094456e-07 4.957468869452253563e-07 3.985498612430288973e-07 3.212589420535201272e-07 2.598207024146006696e-07 2.111496183029271446e-07 1.726129256845819321e-07 1.423059019023659987e-07 1.186840354194695889e-07 1.005902276252353507e-07
4.596193270934524332e-06 3.650073576967333935e-06 2.902476298460770199e-06 2.307002499267410800e-06 1.833724124050642369e-06 1.457977723701460629e-06 1.159603006333315703e-06 9.221615944525793971e-07 7.332720073047867293e-07 5.836613118955357124e-07 4.648272523408623085e-07 3.705893134779940671e-07 2.958628607107395777e-07 2.363931296413895300e-07 1.891291319292947202e-07 1.516799416311527471e-07 1.220466043505829404e-07 9.861162147290553357e-08 8.008222243765907833e-08 6.554645313197841265e-08
5.888343825111439959e-06 4.681086117854668413e-06 3.715643446681977034e-06 2.949724073228885961e-06 2.345034884221281756e-06 1.863167976460626989e-06 1.479970569358266438e-06 1.174943942358278754e-06 9.328584217571491391e-07 7.408994016029081204e-07 5.885020965989223215e-07 4.675430219394865040e-07 3.714092834676816267e-07 2.947933381418551951e-07 2.338635489210390997e-07 1.856457639957883514e-07 1.474881448223589799e-07 1.172605792409476821e-07 9.332060689697532583e-08 7.429061376740004373e-08
5.070794864356767539e-06 4.030719292631786950e-06 3.203235916204280991e-06 2.545965467386325845e-06 2.024060852832339573e-06 1.608923797867881386e-06 1.279177735592451887e-06 1.018246733807601720e-06 8.108865222172123483e-07 6.459179852977841197e-07 5.149895723701915313e-07 4.109833345369980458e-07 3.282666365977454735e-07 2.624687182290112412e-07 2.101507409019750215e-07 1.687327870639605178e-07 1.359189432559726083e-07 1.098050416968062801e-07 8.897607391864472796e-08 7.266038277060828734e-08
5.742261032654386474e-06 4.560738724085222193e-06 3.621591982690456481e-06 2.877982892801507469e-06 2.289012292109727755e-06 1.819599216648431914e-06 1.447413008149769899e-06 1.151138352823619978e-06 9.157419011139242705e-07 7.292390440973581888e-07 5.812713735348534163e-07 4.634867937043095797e-07 3.701198164996094691e-07 2.961391109136139764e-07 2.373602927087762621e-07 1.906661854133601557e-07 1.534869113742090691e-07 1.243015473206798659e-07 1.015486185365819608e-07 8.368671266875802977e-08
4.579392449213368204e-06 3.635680137223516354e-06 2.889979565957838573e-06 2.294995233800154348e-06 1.824264668711651457e-06 1.448145090607607898e-06 1.150989681481919415e-06 9.139790539917725492e-07 7.261272105963702177e-07 5.766857384772088952e-07 4.580139330741759287e-07 3.637184594246328091e-07 2.889660927613901187e-07 2.295800298347193061e-07 1.823945963307252616e-07 1.449027089445267407e-07 1.151996875878129683e-07 9.165176519193488678e-08 7.286904618111267444e-08 5.777054951857138459e-08
4.723353817692036118e-06 3.751212707981011759e-06 2.979625951365747169e-06 2.366503282052889547e-06 1.880528440714502438e-06 1.493464061246713958e-06 1.186247624741752822e-06 9.424301716939621697e-07 7.481996710180889847e-07 5.941114810041797798e-07 4.716576770124734272e-07 3.745274700423446992e-07 2.973831948606254693e-07 2.360597826639329196e-07 1.873065252668571958e-07 1.486361897820073982e-07 1.178779638022274487e-07 9.345914354167768150e-08 7.409943802844848296e-08 5.869517937304984496e-08
5.202375341993455895e-06 4.132669901087961220e-06 3.284535894064773070e-06 2.606816478326977615e-06 2.071028491133097955e-06 1.645322636794238335e-06 1.307113017810797349e-06 1.038260582651581393e-06 8.248306092588099579e-07 6.552139135238180475e-07 5.204473749367445708e-07 4.132185459991126901e-07 3.281639958919815262e-07 2.605859262032364214e-07 2.067356196095396791e-07 1.640319630122588373e-07 1.300668588841046250e-07 1.029731482462732140e-07 8.145514166260126959e-08 6.438972714937338529e-08
5.247152026159807763e-06 4.178492210366914562e-06 3.318337223761291705e-06 2.636107885484056211e-06 2.096408265843047839e-06 1.667687181347102155e-06 1.325629213833278240e-06 1.054563917275188626e-06 8.391222958568258387e-07 6.681016615817420135e-07 5.323820366998474537e-07 4.244874065309868212e-07 3.388147988256643064e-07 2.707331435883477706e-07 2.166363685792622414e-07 1.738363353968943537e-07 1.399274455152682529e-07 1.131220454066226164e-07 9.183350624672802678e-08 7.480900622784061347e-08
4.595796730039102325e-06 3.652035289257220971e-06 2.899563813173501219e-06 2.302775807985313419e-06 1.829942200356407138e-06 1.453179596317399137e-06 1.154801249854454142e-06 9.170198949682748357e-07 7.283959779711452992e-07 5.783469715858717897e-07 4.594103824648899750e-07 3.650115349053246066e-07 2.899430620166602423e-07 2.303468794877739306e-07 1.830838929472067483e-07 1.454494530645966878e-07 1.154662914402797915e-07 9.160945832247305675e-08 7.268448012537688879e-08 5.779647577210274454e-08
4.669622790609492745e-06 3.708986476736547713e-06 2.946583256652722866e-06 2.341895376473804113e-06 1.859789966663724206e-06 1.477100827434304862e-06 1.173654980411696384e-06 9.322191059061756479e-07 7.406527175073180627e-07 5.886006434914425533e-07 4.674849089338127605e-07 3.711516728957836259e-07 2.948272287864411900e-07 2.342299703047464376e-07 1.861240465439693111e-07 1.476801275502845300e-07 1.171704097259394075e-07 9.314037700827619014e-08 7.408029280389631150e-08 5.885818283754664326e-08
5.154755052008349390e-06 4.100879308578858818e-06 3.257629630381723090e-06 2.586036856956939460e-06 2.053039337004609920e-06 1.629746886511711105e-06 1.294687511588037780e-06 1.027766363683167422e-06 8.162381646614889697e-07 6.480647916124567640e-07 5.148045991581411416e-07 4.087328894250012486e-07 3.245171397820120990e-07 2.576952528734593892e-07 2.046518229914405649e-07 1.625559400141186734e-07 1.292047235915951261e-07 1.027831081451407459e-07 8.204168012005055362e-08 6.563107371385900008e-08
