# gts for all jackknife regions
1.462688900348298160e-04 1.167911117999551718e-04 8.389179320424072067e-05 6.590662038867869108e-05 6.501290486945507472e-05 3.069840564789987650e-05 3.343314183579524827e-05 2.987455828074849303e-05 3.311404102724081056e-05 3.910898744971619766e-05 2.723034094990921722e-05 2.650239756951390559e-05 4.312616213728412862e-05 3.892791168992504634e-05 2.477125584452121815e-05 -4.121612022503255568e-06 -5.857036790802800042e-05 -1.365016605550363688e-04 -1.566641343440980643e-04 -9.239092389522173541e-05
1.506829148031688364e-04 8.277339738591616726e-05 5.754710504378712121e-05 3.335488579200102056e-05 3.321434574507916372e-05 3.204083062706123048e-05 2.960042826030953716e-05 2.510962372288403683e-05 2.739198723259193025e-06 2.822102212700875493e-05 4.068898690699956423e-05 3.853755539192938042e-05 2.409719069824392199e-05 -5.621901387010410423e-06 9.202914335764449379e-08 -2.659459790949105233e-05 -5.534427195897818902e-06 4.604092444531711006e-05 8.890794526602023747e-05 1.667004990405509212e-04
1.294117384727535810e-04 1.270213711955203142e-04 1.056682339096921716e-04 4.128923495365039787e-05 5.892902862666401170e-05 7.067037539392132385e-05 6.019536693109718952e-05 4.644342869211922010e-05 5.458945242501946760e-05 3.643036725351906762e-05 1.206096497506990554e-05 8.192808893586472597e-07 1.267295373078221557e-05 2.016237840669962220e-05 -3.473050963015608210e-06 -2.876722917926985507e-05 -5.176929304373952104e-05 3.396559581470916474e-06 -1.312804718243258796e-05 -4.919221125143516740e-05
1.748768262175165737e-04 1.138777367237028436e-04 1.261894309210274522e-04 8.660952362750615218e-05 7.799447637099892090e-05 7.598217114677644380e-05 5.135288835627649248e-05 4.181550617792335271e-05 3.534005788321229911e-05 1.304263403911342596e-05 1.770368002926437495e-05 1.158730596116351878e-05 1.907919425054591624e-07 -4.776761401157337011e-06 -3.691674341477134234e-05 -7.671013159670711241e-05 -1.152832640191032385e-04 -1.393227755884095416e-04 -1.774716850617578186e-04 -2.300951671292571958e-04
1.494107864314772529e-04 1.534577069873514115e-04 8.564361252122686108e-05 5.690934585536776893e-05 5.261785483795849083e-05 4.864907400699557431e-05 3.645968043659697088e-05 5.233127473668860362e-05 4.432620338259051564e-05 3.947258711877275889e-05 2.436245328448374776e-05 1.286775780712619076e-05 -3.119215883014522958e-07 4.709620331585489434e-06 1.001282895973429434e-05 8.944531848170257001e-06 1.696289817384891959e-06 -8.751552435504317200e-06 -2.190854774040863360e-05 -1.360474264554679953e-05
1.674806696981658894e-04 9.107839938813520528e-05 1.232368263521100410e-04 7.781940514472367263e-05 5.624732689232961682e-05 9.106682888817917544e-05 8.173033280549280488e-05 9.296989752087680297e-05 4.558538850760024793e-05 4.011997391371008141e-05 5.301989672744166588e-05 3.686573953123682663e-05 4.841386987033387084e-05 8.053565952819736898e-05 1.038944653555034858e-04 1.176874439396282225e-04 1.165117435012818456e-04 8.157264821580242973e-05 2.555127979736256899e-05 6.864361286880518449e-05
1.433478523970479058e-04 8.709355703012307823e-05 6.834257611201495009e-05 8.634503738632282532e-05 4.967056540047083761e-05 7.105328897820606870e-05 5.882635726672458200e-05 5.644257965321006036e-05 5.889116337238678835e-05 6.632901445505403747e-05 5.923065643817146658e-05 6.136456768736427039e-05 5.404339874018501916e-05 5.141842627415494596e-05 4.332765292705579262e-05 4.277478156541811147e-05 3.006587085746182444e-05 1.617106194958979411e-05 -8.237101596643051055e-06 -4.183959872969106027e-05
1.643135622008483180e-04 1.338094658316558885e-04 1.167243161232574023e-04 1.126971226145971410e-04 6.235192097308646245e-05 2.509740125256485274e-05 1.483775042628656989e-05 2.143466435149665175e-05 6.057262916517887969e-06 -1.871223852553803539e-05 -1.387376596059118011e-05 -4.397364482504810101e-05 -4.337961484373369173e-05 -2.232345370581003868e-06 7.620418247249760093e-06 3.026026144833060766e-05 3.824723087298146691e-05 9.506307160690277464e-05 1.509074034122025523e-04 2.709334099812184108e-04
8.326696134279411938e-05 9.434096431908569182e-05 6.139319151043571058e-05 6.110761167992185194e-05 4.659100209477675986e-05 3.808463220559888302e-05 3.252752769879624248e-05 4.316965213459298787e-06 2.877705917742572869e-05 5.010721544706255602e-06 2.124771887180751064e-06 2.283496999416424658e-05 2.168238812212558114e-05 -8.595156690660141595e-06 -1.097850032538606684e-05 -5.285992944146011905e-05 -1.004567776908276311e-04 -1.074953935827780495e-04 -7.112896285295112466e-05 -2.065085363616917438e-05
1.215477106932244788e-04 9.306896779630545447e-05 9.065757366342781928e-05 8.220311700637604956e-05 4.560095664526159372e-05 6.070569371239053954e-05 2.591355129042394981e-05 1.546009670503096733e-05 1.015672671952709561e-05 1.862939234809184174e-05 2.407637046904003916e-05 -2.028352231655131248e-06 -9.285216461241924414e-06 -8.440659894947728989e-06 -4.020963169572695846e-07 1.090785697858243150e-05 2.651615364835211320e-05 7.620673340091606618e-06 3.102208357429498152e-05 8.661863546426522308e-05
6.215051097242159394e-05 1.229204591890757290e-04 1.298503656387025955e-04 9.712387849731896939e-05 5.433314791523292155e-05 4.191956155874256392e-05 1.591351998648005047e-05 2.005566659664712688e-05 6.669147810549887671e-06 -4.104631498307571391e-06 -1.562633592863236652e-06 -1.040280103560409903e-05 -1.449355180195113541e-05 -1.720763236362537796e-05 -2.945548351363289465e-05 -1.143152558259479796e-05 8.086135277240969363e-06 1.966387175908801058e-05 2.175377891744312492e-05 2.636676265347611263e-05
6.619942331830829820e-05 8.965111578831369663e-05 9.267902604576978712e-05 2.889911636280092795e-05 2.769052716366013407e-05 4.270065066716647586e-05 4.000745159777818684e-05 5.245678722661132552e-05 4.728867445395366301e-05 1.765494573418614505e-05 3.195390334075169918e-05 4.420738201283569711e-05 5.689843925441311919e-05 5.086277234970047322e-05 6.460130117293809719e-05 6.173182547410876813e-05 3.515607734313329509e-05 -8.248397437763282144e-06 -4.639563360114842762e-05 -6.547769278486922266e-05
1.673586097323535480e-04 1.423609493410242348e-04 1.307511208012213436e-04 7.738844060282578827e-05 2.728225453032580920e-05 4.913532046783645449e-05 5.012151794221474864e-05 1.812331915785523362e-05 1.160994106111053207e-06 1.535210356107810030e-05 1.969181619758631564e-05 1.107185992007976013e-05 9.712235086767807794e-06 -1.226766042409921285e-06 -4.880330219342938531e-05 -1.152945354394342364e-05 1.729451125999955356e-05 6.665563791166711138e-05 1.029377802834861464e-04 9.866324975438580649e-05
1.442747745965827116e-04 1.414028605384159423e-04 1.048260530929536876e-04 8.802512860411921419e-05 8.900402093904608719e-05 3.156855424570049578e-05 2.549432755946260675e-05 3.797172333637999605e-05 2.787873811441242498e-05 1.934284658307175450e-05 -4.927290618441624857e-07 -1.180922257953170348e-08 4.513357961096521236e-06 1.087697449793882456e-05 1.733007183319402062e-05 4.210902495919361982e-05 4.521982931682192976e-05 3.223313560430039320e-05 3.909549180174612138e-05 -4.227928287988451465e-06
1.239233528253889537e-04 1.067381271441043204e-04 6.963699652531395027e-05 3.759567371417598129e-05 3.909466670822380748e-05 1.375733995229707358e-05 2.105742389455261598e-05 2.179699945147983535e-05 7.011690716694052787e-06 -1.523128519917422066e-05 -3.343283793502202240e-05 -3.932396307453438336e-05 -5.184539825135044518e-05 -7.023259067153947237e-05 -6.622991134900387737e-05 -8.196543384753884605e-05 -9.536467814538628518e-05 -1.278200943464686862e-04 -1.788952228191985718e-04 -2.324398768544551222e-04
1.148970853378127114e-04 9.629768517099515255e-05 1.133580067576493526e-04 5.191314104384044825e-05 5.520006399791408492e-05 2.223312278413356043e-05 2.429901794338208996e-05 3.479706829498444676e-05 3.949969455017748529e-05 1.513379445742223784e-05 4.286195562550834009e-05 1.767503880984866839e-05 1.825647820906801979e-05 3.695577884401127337e-06 1.435856353469133401e-05 4.727459987928442494e-05 6.365502896651989678e-05 7.563439772147387947e-05 3.169387654767966481e-05 5.635326464003882643e-05
1.201446102688724172e-04 7.737044799617551585e-05 4.424255660745207204e-05 5.241958440257417178e-05 4.899431215857847835e-05 5.101695417409471737e-05 2.836272880310325916e-05 1.291548040076775098e-05 4.789556547197035834e-06 5.323505355491755129e-06 -9.847447728907059064e-06 -3.051383509797622127e-05 -1.119452348074885227e-05 1.754172051450168977e-05 2.889110928258693860e-05 4.499244801744186972e-05 4.800556119994402448e-05 4.752335943179217617e-05 6.980214632644790010e-05 1.034489290082315246e-04
1.149140908679656766e-04 9.116114248777028414e-05 8.133859267390901370e-05 6.291531120346878676e-05 5.486416145072817510e-05 6.517595285643138371e-05 7.175622356346126370e-05 6.978669054727313021e-05 4.990266583714315663e-05 5.924065499215985667e-05 3.729553154336510376e-05 3.327342352457307622e-05 4.212113788335645782e-05 4.365660944062740249e-05 5.775407295226811050e-05 5.372824704702562962e-05 1.030880554755231955e-04 1.638589545043746439e-04 1.995508944722807203e-04 1.359493209371092541e-04
9.248806521067052177e-05 9.576308631154463338e-05 7.386366033144782712e-05 6.262159337413646988e-05 5.440942700253233210e-05 3.408684966989886371e-05 3.201428063915510530e-05 4.082523416137421300e-05 3.233652354337538369e-05 2.781888319888427359e-05 3.338473441017566953e-05 2.569172757712943976e-05 2.331847337881556674e-05 -9.149925316619406592e-06 -2.890314356004424977e-06 6.425778009586934238e-06 -7.111829584742173011e-07 -1.449153904785518136e-05 -6.219370688304491072e-06 -1.780561134823274889e-05
1.399200585736898458e-04 1.103226329373559607e-04 9.120671247643239202e-05 7.329276701038017912e-05 4.982801012700491158e-05 4.265316385237593515e-05 4.604624432015010901e-05 3.427427478335670370e-05 2.403625180863202914e-05 1.328488326214233046e-05 2.280674416286093573e-05 2.132871882986522302e-05 5.616116222996768976e-06 2.259125682580017720e-05 4.850713205937255015e-06 2.069425863727486134e-05 4.912805015981465081e-05 5.159055853113164242e-05 2.751296679435702130e-05 3.213233269701207376e-05
1.159462363576877798e-04 5.563994691251407761e-05 6.574012267418980740e-05 7.038382624382915362e-05 7.736115907495841283e-05 3.465496494992329390e-05 4.092166529831388669e-05 5.092685175095771466e-05 5.670624760983996904e-05 7.053073145387174611e-05 6.562699751764843644e-05 5.465873824041714556e-05 4.813426730593552795e-05 7.646341439566481271e-05 9.809072855501928311e-05 1.385835285491105503e-04 1.608017378752641389e-04 1.698136505160346163e-04 2.013434590406599893e-04 2.306708751210962880e-04
1.585810863399548848e-04 1.412821123142232770e-04 9.043185520378100336e-05 5.855289891340229611e-05 7.663893227851509542e-05 5.163516741403596550e-05 4.745297101654286028e-05 5.176573704962016511e-05 3.305299010183638885e-05 2.136201891524521423e-05 1.716111600596030438e-05 3.067855425431750431e-05 2.752078756001978053e-05 2.899661059461885372e-05 1.246781173762702714e-05 -2.511832879229118279e-05 -8.228886137898949401e-05 -1.882263558320185779e-04 -2.610253528252637584e-04 -2.679965942959831393e-04
1.269097742296598492e-04 8.322070508282198166e-05 4.256120042728348159e-05 5.805680844292610969e-05 4.296633126447799476e-05 5.253244764026955593e-05 4.025258877029537599e-05 3.936516589526400418e-05 5.557044913652119914e-05 4.285359369412824012e-05 4.256455306613736298e-05 4.946667638296019687e-05 6.934500441019717724e-05 5.558711775222917252e-05 4.167190841404351309e-05 -2.555140953349539698e-06 -3.576932738224035863e-05 -8.464387596119092106e-05 -1.136224654385661648e-04 -1.905922962385505704e-04
1.813115775165828137e-04 1.149695099002838645e-04 8.193373370262295213e-05 4.602024486532144972e-05 2.100453548006247649e-05 2.809925147991712441e-05 2.000539625660216917e-05 1.835542386057210151e-05 3.214438928436795425e-05 3.913259514034403354e-05 5.474704350942581496e-05 5.521743066946772932e-05 9.075805247305289468e-05 1.404245823131114088e-04 1.555522427150502244e-04 2.030465047002853285e-04 2.203176456228955705e-04 2.276723826161992470e-04 1.863010900050137406e-04 1.780055530824612190e-04
1.685724591786805367e-04 1.385127546128872914e-04 5.893160289396835966e-05 6.885295767121626519e-05 5.430525109551213571e-05 4.750546814689721767e-05 6.445302067941759778e-05 4.897837749877899215e-05 3.501464206921557854e-05 2.884474335437554527e-05 1.728676385278422713e-05 2.792531883143328818e-05 4.192839607124342516e-05 4.458531654275555670e-05 7.257848878172968546e-05 7.702832435517709792e-05 7.252357782730733384e-05 1.132776742454156773e-04 1.411042767397283244e-04 1.481878743970479410e-04
9.248134836541234752e-05 1.201582934297423881e-04 9.659414005845356761e-05 8.740992191901636400e-05 4.769780075581732707e-05 3.662614626975564392e-05 4.372118213608701859e-05 4.654232104451127715e-05 3.941936671934999229e-05 3.189251656356268912e-05 2.031591517272880932e-05 6.497389881363221989e-06 -1.602504255566585280e-05 -3.720832550693849470e-05 -2.337075789542447380e-05 -2.809756122184252670e-05 -5.754963518777896900e-05 -1.059329598706638839e-04 -1.260494536854963286e-04 -1.333321706045443027e-04
1.689789315457541300e-04 1.092465867007305505e-04 9.142543658857596022e-05 1.038789007219757620e-04 7.921527046349641340e-05 5.033230608152566989e-05 5.037263995294283616e-05 6.300815727042272227e-05 3.053455499718675379e-05 1.707877290204931259e-05 4.728076590288549067e-06 1.641753436762388274e-05 5.009972709827926737e-06 7.332414867727114387e-06 1.959933487865116950e-05 1.070122019477895978e-05 -2.919300549502693224e-05 -8.775623969784591364e-05 -1.315967985300279814e-04 -2.385280748632563586e-04
1.531366827634567530e-04 1.205672445991286300e-04 9.827853475281183877e-05 8.081163553369798374e-05 8.476094080418154330e-05 5.087715455770982538e-05 2.748497769958506255e-05 3.209780946289945432e-05 3.442198372854674996e-05 1.865977175583908077e-05 1.302160506156727196e-05 -4.541367483394207757e-05 -8.017252392993652209e-05 -9.388906873970377057e-05 -6.712615649801842281e-05 -3.695028990412239277e-05 4.268622766992342176e-06 1.327804128141628271e-05 -7.191350353218645555e-06 -3.672132744556351214e-05
8.187442445141200175e-05 7.195300623738195601e-05 4.442065685517106980e-05 3.037494694914508178e-05 -6.949490624979054885e-06 8.251060305647229710e-06 2.568927607497623180e-05 -2.814408581786667663e-06 -8.281128718785624323e-07 -2.164446939548789360e-05 -3.338035345489845601e-05 -4.577828748697475178e-05 -4.825554013330204229e-05 -8.552069764305252043e-05 -1.140511086754283395e-04 -1.461442939844794084e-04 -1.854570895155910489e-04 -1.009643136130145767e-04 -9.473100980579738723e-06 6.361886111430849384e-05
1.063844562431064762e-04 8.442739114274582033e-05 6.268476018452918757e-05 4.894051220962673896e-05 2.144197332272189258e-05 7.871679693480973557e-06 2.238496396313893353e-05 3.488055626438315958e-05 2.471940224300825159e-05 1.567214043638474522e-05 2.843930416504149820e-05 3.691794003442829496e-05 -4.176012306622292955e-06 -2.148263177906686491e-06 3.309505701422176791e-05 2.239532213263218212e-05 2.454182643410767333e-06 -8.156748546125778187e-05 -1.129957086515765184e-04 -7.948249228016667238e-05
1.283616492242365857e-04 8.962826970240887379e-05 6.778350148727461054e-05 6.699256609647491131e-05 4.438193174350688725e-05 4.590757612828006519e-05 2.505109648172583185e-05 7.297687303702737310e-07 -2.281585172210517476e-05 1.664884935276866296e-05 4.441067087082845694e-05 4.236212715739242257e-05 5.109732990678835239e-05 3.874082953562644718e-05 4.441346669780362236e-05 8.046876315055532898e-06 -7.635615584342325817e-06 -4.683400179282779403e-05 -8.527323054857919161e-05 -1.268119515496461279e-04
1.336284428423345819e-04 1.018232946963141085e-04 7.638510196162536241e-05 4.183951860207438066e-05 2.374697059367486521e-05 4.361110900548427190e-05 4.398428633057529564e-05 4.177487695564514262e-05 1.311416966684365458e-05 2.000005696999186650e-05 -1.045645979523502763e-05 -1.911656633209701694e-05 1.280934768841658319e-06 9.058454407263631447e-06 3.597910367443946480e-05 6.706386483276061312e-05 1.063530932647655425e-04 1.649934015457905120e-04 2.160996969035279742e-04 2.528173675776992512e-04
1.302795107956853076e-04 8.835537452765968947e-05 7.681458281816228885e-05 4.850131657226815083e-05 3.499737568293919543e-05 3.559757022966434807e-05 4.720706204833259454e-05 6.703521742907062248e-05 6.686302433422562034e-05 5.411618398253445668e-05 5.675943074507499452e-05 4.725191070559442490e-05 4.471222492689269846e-05 3.910769041603067185e-05 1.869593292557582815e-05 3.022922630292618489e-05 -2.140930087551241940e-06 -4.664444051639827084e-05 -6.953815323618280032e-05 -1.333981147466839284e-04
1.193823310705196622e-04 8.535106841319332655e-05 8.244334908278563715e-05 6.999020585414499486e-05 4.753551480234323565e-05 3.515555795653370244e-05 1.086382914999421745e-05 -3.966704618926907400e-06 2.287710715095132789e-05 2.934979633216503464e-05 5.598992387493460756e-06 6.112794512638532976e-06 -7.745586435432401883e-06 -3.749661013260690267e-06 -5.570980170253446407e-07 6.777156489553249014e-06 6.908952901794699418e-06 -2.363782004459319871e-05 -2.932984181728575708e-05 -1.026479442247567677e-04
8.932886223441800181e-05 7.049396772592865154e-05 6.316740511299452859e-05 2.750125605942592752e-05 2.907663972296930415e-05 5.030632766013459582e-05 3.148361256059337815e-05 2.313874588559612693e-05 2.239612427520061788e-05 1.911317236680993052e-05 -1.748285140018525355e-05 -2.294037591444645272e-05 -6.672963731276414949e-06 -2.472935909065669826e-05 1.016096848656246463e-05 6.321881047250465049e-05 9.263373412491804750e-05 8.838718433524768783e-05 6.599370276834109637e-05 6.432061044621840279e-05
1.376592998424339945e-04 1.313052697416621027e-04 1.095609728395563638e-04 8.131315467975843477e-05 5.432694652196969049e-05 3.655900655658505475e-05 3.452710703167385784e-05 3.468775019739705752e-05 2.144356797737116408e-05 1.105436925549761275e-05 1.960286957708537672e-05 1.976263096754072264e-05 2.669380319836614786e-05 4.701961220291145106e-05 5.025104356653106291e-05 5.758107055124503859e-05 1.270562467262596328e-04 1.380645222931391018e-04 1.611442888775572113e-04 1.750930306754895725e-04
4.507467775248019182e-05 7.494990748047512753e-05 1.162856764216300987e-05 1.326690067285325259e-05 2.913692416783097042e-05 3.125642644985843823e-05 4.039758151696668691e-05 3.471560417005035591e-05 7.917909592726947324e-05 4.244228446484878944e-05 9.265388028093878811e-06 -2.667028302432179342e-05 -9.112725567848517909e-06 1.904391791935356362e-06 2.763165064187151311e-05 4.181272626306469425e-05 4.028170048836338238e-05 3.816666479368320373e-05 1.265089775190735011e-04 2.645623079802086972e-04
1.748922834903877998e-04 1.419299850269074284e-04 1.005937659250737349e-04 6.158647440149507340e-05 4.800268548119405662e-05 4.218387903389827581e-05 5.036901748570081966e-05 5.182044476479483327e-05 5.064162376023033493e-05 5.358169854920279699e-05 3.802098944070634722e-05 1.672728839831513138e-05 1.920518612654229274e-05 2.112545043919563571e-05 2.045449323532763628e-05 1.453497005537262766e-05 -3.165817470232067006e-06 -1.299514785269890366e-05 -2.337215315081675164e-05 -2.669154078895194846e-05
1.191045445968478460e-04 8.782068142069321013e-05 5.688472772363656566e-05 3.216959145487119370e-05 5.208597589990720427e-05 8.659218530245084704e-05 6.132060072413303756e-05 7.047008541470949300e-05 1.046566159589705513e-04 9.125655428833923490e-05 5.481865330041492797e-05 3.951953623799112346e-05 1.131168036001839031e-05 -8.779521325017048794e-06 -7.081019364361677130e-06 -5.626941760776128817e-06 6.437684551538932942e-06 2.002181028700710495e-05 3.030094290762717175e-05 3.341134344030437600e-05
6.677639599312198634e-05 7.807801719894342119e-05 4.257585187194646919e-05 2.983351861934833022e-05 4.224606491501893221e-05 5.270594805255639296e-05 5.758880239304264604e-05 4.092631380133128158e-05 9.585003293593769786e-06 4.543876485219911732e-06 1.388477222899741526e-05 2.652649588578745969e-05 4.810832529326248110e-05 6.054025514002269527e-05 7.011931231817702785e-05 9.601250795747991293e-05 1.360429345505846340e-04 2.343207645673481190e-04 3.409409049402529666e-04 4.390282681266772179e-04
1.675269476251911886e-04 9.720261437628275366e-05 6.922424721403377620e-05 3.499425235646281803e-05 -1.488551896392226038e-06 4.183549953284118665e-06 1.223508302608540042e-05 3.914915694989107943e-05 4.224478268432568020e-05 8.985309311895969527e-05 8.804554104038801634e-05 1.062522369517299506e-04 1.012167586320640166e-04 8.478050947629410430e-05 8.873251030247110015e-05 1.022168317948897600e-04 8.552625437319617970e-05 4.922638146347758551e-05 7.893737189929877118e-05 1.126392249537736299e-04
1.329952801807182900e-04 1.489958051115913742e-04 1.175309652983650528e-04 8.616853369300941500e-05 7.502167243732016681e-05 4.701507137215362613e-05 1.654022852516501269e-05 2.549525908987318828e-05 6.216936094277703050e-05 7.895824958932205469e-05 8.147693346932900554e-05 9.382633733071185872e-05 1.018026699339461666e-04 1.085882161153514967e-04 1.252694192556445070e-04 1.249572486794726608e-04 1.296759032627434584e-04 1.686023240718983410e-04 1.798295488029707351e-04 2.026051422419693313e-04
1.375598442293395280e-04 1.115008549571557033e-04 3.902065385278313754e-05 4.280675290680166576e-05 1.904994001135633142e-05 4.065564665003773917e-05 2.999965111176605437e-05 2.550993345138960871e-05 5.554312551072770611e-05 6.978587547926973775e-05 7.265173978352577216e-05 2.599127296218425046e-05 1.112968360104515326e-05 1.446834775701882737e-05 4.321928451892330793e-05 2.438188394900112611e-05 2.060792158584492757e-05 -2.087330116676780562e-05 -2.386208345811951435e-05 9.331323788966458053e-06
1.608988963254303847e-04 1.199857676252932424e-04 1.195456320514657120e-04 7.850530952969818604e-05 5.249975942074035657e-05 4.164478123337736313e-05 5.296948625966389616e-05 5.072237045523471876e-05 2.993755306862006443e-05 2.781767889133417255e-05 1.129451878643262312e-05 3.533054169877795849e-05 2.906802198783422201e-05 2.780730834747723067e-05 1.584516261482444983e-05 -2.269108537953739402e-05 -5.945511215624441455e-05 -4.769168030894099813e-05 -2.204859685616572426e-05 -1.920487846902482258e-05
1.430331363205633827e-04 1.334030979348979130e-04 7.489064195443884901e-05 5.813417190536977042e-05 6.662537565248468426e-05 4.984878812971231825e-05 6.538542858506238970e-05 6.416025102320960629e-05 6.414519049612441199e-05 7.203778218159831491e-05 2.479030900612498342e-05 1.191837213632685544e-05 -1.011459664689250804e-05 -1.548107830482216148e-06 -5.855504689134432234e-06 -1.969083079243025579e-05 -7.672581270459294866e-05 -1.458891882222467201e-04 -1.795930204717440101e-04 -2.041918231585964044e-04
1.160132619916381437e-04 9.945735753766197281e-05 7.938518707293833025e-05 7.191963905103850052e-05 4.722496678088629752e-05 4.187439739703847973e-05 5.137604776887550210e-05 3.626020233970178526e-05 5.610949117873178940e-05 3.194073285082158148e-05 1.416035796075484183e-05 -6.434977368466778968e-06 -2.146740250869207998e-05 -4.327563066530143031e-05 -7.519271467313785656e-05 -8.259716488956551147e-05 -1.214593021400852123e-04 -1.491512837176642260e-04 -2.314688742984612657e-04 -3.031426335731262603e-04
1.246483401415539912e-04 9.278224643921795722e-05 8.016761574799898232e-05 7.646114711554552012e-05 4.831252593643427674e-05 3.790822503465291653e-05 2.357003183580956194e-05 8.489358402253567007e-06 9.704266207084341096e-06 1.817535885191902016e-05 7.924392871270078117e-06 2.248659087787411149e-08 1.392655819148328762e-06 1.009970468389336670e-05 1.587542476641289968e-05 3.966671289326651650e-05 7.296402385416876375e-05 1.227045621417869052e-04 1.534107638705367398e-04 1.724483693359670693e-04
6.338486147832342560e-05 7.713345799454682337e-05 6.595563994056324267e-05 6.788863558399615733e-05 4.356503461484299519e-05 3.875873156542777414e-05 4.536758538898392438e-05 5.134891032341762287e-05 2.613864800259596156e-05 1.323993726644749465e-05 2.823547900349035190e-05 3.138090472337350340e-05 2.729754486910791791e-05 3.077481926303521348e-05 1.572364596811010962e-05 4.062643418510769787e-06 -3.450447029563784892e-05 -5.396775837410417679e-05 -2.026337620594075779e-05 6.024228671444181737e-05
1.324887392976811752e-04 8.697750867713528928e-05 9.724464136441168631e-05 8.155467986393648196e-05 5.722465290911831067e-05 7.133653950831086554e-05 6.706492926583656903e-05 5.546489024859931565e-05 5.285635860113601931e-05 5.693267226812831467e-05 3.122913623485675823e-05 1.394825453488566058e-05 2.523434581469369660e-05 3.541767864554431193e-05 5.305482052250644982e-05 5.831472044870950413e-05 5.756238970181560579e-05 5.013210931431170595e-05 3.792743415213285525e-05 -1.494535637507671823e-05
1.483360149937946689e-04 1.081367860727106223e-04 6.854161500058923902e-05 9.011429062487006075e-05 7.591052117003012952e-05 6.688284577901468285e-05 5.985467296785683525e-05 6.428330822809861047e-05 6.321378752284370975e-05 6.561291452783889612e-05 7.741717586448129706e-05 6.356812266008373519e-05 4.041169515967647568e-05 3.253709108627651200e-05 2.579988218819944266e-05 3.427038708487902441e-05 9.574089170826909824e-06 -2.989418631132103482e-05 -7.593185645190042251e-05 -1.251181896967507024e-04
1.637012675788323927e-04 1.711393797345804526e-04 1.281744519645187041e-04 9.905450353423463018e-05 6.092430086062828898e-05 3.417958124403934196e-05 4.015874450552156787e-05 4.493394944975540717e-05 5.087879418653964861e-05 9.654574505762096736e-06 1.006428976163371782e-05 3.138294967675350192e-05 1.118930414848364308e-05 1.496659467303750115e-05 4.116559051150727637e-05 5.079203469197812211e-05 6.186337663981743859e-05 9.447892873618395884e-05 1.054327193891102559e-04 1.370181628774309792e-04
1.698466621558543984e-04 1.517209094884851110e-04 1.147390888472519843e-04 8.346855055033101315e-05 3.903087688573161288e-05 5.079457756915893736e-05 5.478554687150207403e-05 4.953963354300800723e-05 3.992088180497616284e-05 1.102910323151338197e-05 -3.237792562711945658e-06 4.163144575071608609e-06 -1.321501709477830730e-05 -1.474151407636453423e-05 -4.759589848142629069e-05 -4.353164171114515973e-05 -3.068203235390104766e-05 -3.679002276650992814e-05 -7.942516773815637188e-06 6.146157807722919223e-05
1.480695634192099903e-04 1.343691539493439011e-04 9.379480482302757563e-05 8.413929678598699644e-05 5.414240071232130018e-05 4.695545608640625879e-05 4.736933539584234500e-05 4.729622569567544879e-05 4.803130645872662880e-05 3.619578921412910900e-05 2.215920890824615632e-05 -9.381352013173962326e-07 7.216804878406762370e-07 -1.740242233991311958e-06 -1.545987782710943594e-06 -1.704924739159161676e-05 -1.983439145014894768e-05 -1.477789430849645331e-05 -2.207026691328484700e-05 -2.312014060954232234e-05
1.245872922657564148e-04 8.209916136307395917e-05 7.471376617616134834e-05 7.856805120132036172e-05 4.117236070628984732e-05 2.643683030264155112e-05 2.159037523847532711e-05 4.172421078445721947e-05 5.837889001189615459e-05 7.313474544171895354e-05 8.575398832885171882e-05 7.078621645633582948e-05 7.442880665368097125e-05 9.157180202922629770e-05 1.215159259608996489e-04 1.649931471493558486e-04 2.041598321705126288e-04 2.288088577666012597e-04 2.487170856116654592e-04 2.307255537853886238e-04
1.643033699273453772e-04 1.256550429472840370e-04 8.717825973581133420e-05 6.078331879786770639e-05 1.144794557462882080e-05 1.480118650125260545e-05 2.606748936974375311e-05 3.831310339620220797e-05 2.336694545097765577e-05 3.707793566431493885e-05 2.289490359680121173e-05 3.233705345311840205e-05 4.687565221706043724e-05 5.765777525192178842e-05 6.022183279470533972e-05 3.389127433680549478e-05 -1.007289085634123359e-05 -1.148459422588467661e-05 -1.153527181146493790e-06 -5.177261470803614632e-06
1.276795150400751317e-04 9.907373424114465524e-05 3.506608263213117162e-05 2.451314017005176791e-05 3.171374090587432410e-05 7.498256123404171970e-06 9.936414879417964740e-06 2.085151536415593326e-05 5.877868423470138432e-06 -6.681658010422745519e-06 1.786106533603860905e-05 1.418686222153094961e-05 1.782773072672291242e-05 1.195906584865464188e-06 1.229601306944830867e-05 3.969266729152597392e-06 -2.129968139837000690e-05 -6.616485687479565863e-05 -7.150371585227927843e-05 -4.234022561912625091e-05
1.157664888220810549e-04 9.384077958180676567e-05 1.166608873177464302e-04 1.286893769152465459e-04 9.714352755485176091e-05 9.078158701496010223e-05 7.215987988292094308e-05 6.108501015393735833e-05 7.321438625019946163e-05 6.764817073189211157e-05 4.758569247370039636e-05 3.976006312151475486e-05 5.180554891476575586e-05 9.735513025203170010e-05 1.221179258215938240e-04 1.208089150421700459e-04 1.472677203226826841e-04 1.414437673872110887e-04 9.426515883369342359e-05 2.191075759636572283e-05
8.524060423257120783e-05 1.032832596228332623e-04 7.661469607631730863e-05 4.886996163077554720e-05 2.287669956976290679e-05 1.274613227183849453e-05 1.909712989824369848e-05 3.336916000139482222e-05 2.650714671677320336e-05 -1.139491677126855509e-06 -2.479370908632553977e-05 -8.842450629045293383e-06 -2.074833731002761165e-05 -8.092562486860731909e-06 -1.659438436117050288e-05 -2.258413789431936862e-05 -4.924556357570465903e-05 -9.484971662353279889e-05 -1.934204725667248753e-04 -2.581049051689691780e-04
1.631553058401581094e-04 1.409420914464609383e-04 1.112704282375664712e-04 7.036765580403271398e-05 4.095572456520456435e-05 3.034872966697315562e-05 4.826168849336992512e-06 1.343360231219892773e-05 3.738036357875181313e-05 1.101783248861384975e-05 -8.786111337197066005e-06 -1.773221884311851863e-05 -4.243254362107220579e-05 -8.315070971260629900e-05 -1.244927049499471039e-04 -9.955458322325204433e-05 -7.533122293526362076e-05 -5.165875566074928498e-05 -1.086062027709563808e-06 5.830460747644477398e-05
1.436761794186593437e-04 1.198915124168019233e-04 1.174224675713725450e-04 7.688852726694559922e-05 5.852220460632025570e-05 6.845301052664628984e-05 2.986663472813435915e-05 2.746160173215447396e-05 1.018618929993799605e-05 -6.671314517917084280e-06 -1.783461020278258205e-05 -5.101832676774119885e-06 -1.155854706248239310e-05 -3.258751925938255375e-05 -4.967572449763700825e-05 -6.736797787660422931e-05 -9.093572404124061434e-05 -1.111757778248507848e-04 -1.127837612506289066e-04 -1.145958675338995048e-04
1.413249420996240521e-04 1.320285074170213951e-04 7.934236017671978899e-05 5.265373544483866066e-05 1.123922381188896106e-05 -2.487754469195749351e-06 4.760544046766049606e-07 2.935478216007325164e-05 3.492037297707691480e-05 3.401450885420283677e-05 3.060948761706799815e-05 3.209145629635520072e-05 3.084990301864124266e-05 3.510161308715953278e-05 3.940673502631712299e-05 3.819277820775554989e-05 -7.420835421505434528e-06 -4.346768495690513222e-07 -3.576408250290185437e-05 -9.706525159593671801e-05
1.435230762567443557e-04 1.516482982011088752e-04 1.238091991980147793e-04 8.930871992023295815e-05 5.816329304789104646e-05 1.503178738135531220e-05 1.475360557643508142e-05 1.751211603437656623e-05 8.877188723157782932e-06 2.660719021484806828e-05 7.862519200483298240e-06 -1.311951519009448289e-05 -7.477969479419375490e-06 -7.928265768411485524e-06 -2.695325229930868401e-05 -1.894103167889021758e-05 -1.985475914689017644e-05 -3.260103993633166856e-05 -9.415616082579521099e-05 -1.500693234982146147e-04
1.069820452541478005e-04 7.656985790270839161e-05 7.028220387597553887e-05 6.262946272538548725e-05 4.070687491629987667e-05 3.767550912935616796e-05 5.875145603329628187e-06 2.583486729733097223e-06 3.423284103727985880e-05 -6.842042173580809091e-06 -1.443906023246124090e-05 -1.809059046474912800e-05 -7.391323530349756296e-06 3.461892745511785196e-05 5.540098961502105853e-05 1.258341492920539949e-05 -4.145695653677809332e-05 -9.879582005128474990e-05 -1.310531829800080244e-04 -1.285806157170664085e-04
9.501953945688361599e-05 7.788734039726255011e-05 9.544742765947082067e-05 8.174656697056587344e-05 5.204903409000010572e-05 5.895481370141082169e-05 3.124751237495192234e-05 1.549338234253323336e-06 -1.430900638846448789e-05 -2.183217227368392538e-05 -1.854128541700000569e-05 -1.777217927369928791e-05 -1.836354287515946180e-05 -1.451279010285609882e-05 -1.498706177132384904e-05 1.611040880699577608e-05 4.324209714306760091e-05 5.768629185342520572e-05 5.676641065849445157e-05 6.852916520822254377e-05
1.213086559663784900e-04 8.802251816106020684e-05 1.069298253858609013e-04 9.012808792926466051e-05 8.312550502127881197e-05 4.882242827253152118e-05 2.529683663627315892e-05 5.120455437504647873e-05 7.210527543206586912e-05 7.722517033954367886e-05 5.548421456956860773e-05 3.785564834023686699e-05 3.890955621411491686e-05 1.172875375961767328e-05 1.494860179122555360e-05 3.408826772949340384e-05 3.336969411603180128e-05 3.051681167025345001e-05 3.575818835603132562e-05 2.808156388580308630e-05
1.018115991954546924e-04 1.241990020991398669e-04 8.063145844981820919e-05 6.367825590134851494e-05 5.290930923228648320e-05 1.944967393894191123e-05 1.092411120384553224e-05 5.580960467349205712e-05 3.005254152104926767e-05 -7.790628477885278458e-07 -1.562224652839217320e-05 3.549542119163579919e-06 -1.787303455518575931e-05 -2.509942484378357091e-05 -8.545885396306610425e-06 2.784001539451373225e-05 4.255318146459098415e-05 2.748523826986811865e-05 3.163218615272321186e-05 4.486251841055700039e-05
1.208096360445372715e-04 1.030386528179595327e-04 9.420123750323334958e-05 9.908169682085799553e-05 1.023880628559483747e-04 7.627398676727527825e-05 6.832737632011631583e-05 9.958128487788366024e-05 8.831357149180722591e-05 6.741917627526283210e-05 3.450629010703673929e-05 6.996386873206171812e-06 -9.343718934580540365e-07 -2.970658311429896266e-05 -1.076133657275542537e-04 -7.345548332241933918e-05 -1.331871120810827882e-05 1.055090613026223130e-05 -2.227940620127037507e-05 -5.015807832524054309e-05
1.054578220795531840e-04 1.188870267836103793e-04 8.058249418947064507e-05 8.094709801876501622e-05 7.083093624184408636e-05 6.234836751318274849e-05 5.986094246232816327e-05 7.072412311807238700e-05 3.772695436452871357e-05 2.370782688236707712e-05 2.478945126704891523e-05 1.474456035649927766e-05 2.175132190166096199e-05 2.116982220159790924e-05 1.224043537598980865e-05 2.055780013431782347e-06 1.914028892344445099e-06 -7.389005756557111806e-07 -7.910608376281102507e-07 5.660811226729300382e-06
1.395977563304611358e-04 1.318030157119681018e-04 9.456564567278119158e-05 8.497453849137642497e-05 7.495150007784555563e-05 4.531140490375695361e-05 2.376322303591151967e-05 2.986650239997338079e-05 2.435546615290613810e-05 1.484817151174407449e-05 1.093663141278995611e-05 -1.315382367882903125e-06 -3.032483807554327583e-05 -5.086225694759827784e-05 -2.063124767911098142e-05 3.366670827650459092e-06 -2.324925802648597107e-05 -4.509472086318907255e-05 -5.642193426066733101e-05 -8.455341571170320845e-05
1.304188987139139543e-04 1.289906799574270027e-04 7.082500501707024215e-05 9.617358813387386638e-05 7.089117813924009006e-05 5.594660330411153893e-05 6.402929757893609491e-05 4.526856364305288627e-05 2.583548347482564727e-05 1.504778932393335118e-05 5.697670154050698605e-05 7.713108707728715734e-05 4.478754386063682697e-05 2.097234494974690967e-06 -3.564237515361670379e-05 -8.677271731561245519e-05 -8.772878225722595250e-05 -6.543980948571181369e-05 -5.641641339002891054e-05 -2.551818583065626117e-05
1.182451895536780283e-04 1.000908631499611046e-04 7.140707285730339064e-05 7.818646642836836773e-05 7.031817298883210764e-05 3.869985376156488682e-05 2.117682665218173342e-05 3.348445439851788371e-05 3.118040833285395556e-05 8.214684782803510229e-06 1.239615549061352471e-05 1.166840646518185290e-05 -1.587909620867666407e-05 -1.973433656172513903e-05 -2.629935770852628236e-05 -1.006090506042659780e-05 5.560843055594875674e-06 9.369132829103586391e-06 2.407777454919733919e-05 2.674752853050436924e-05
1.243972347958334870e-04 1.022892484006166544e-04 9.580721736293076798e-05 7.041245710461708628e-05 5.450032746687773460e-05 6.777940809827160936e-05 2.984720935618724672e-05 1.224912598336523900e-05 1.557119952109230578e-05 2.216043563291549451e-05 1.293740064297870803e-05 2.939971975783548568e-06 1.394809241065623593e-05 -7.396788785793106948e-06 -1.179062414733307777e-05 -2.022978920724675020e-05 1.200235543927406205e-05 1.836456602073045102e-05 3.414051066021643263e-05 7.548834305561960317e-05
1.404430650265552094e-04 1.368032541887355283e-04 9.845404080486734122e-05 1.208196246807712455e-04 1.087871908911050881e-04 7.988501468105358523e-05 6.045404127041228656e-05 4.777547856829626120e-05 5.767719124395176975e-05 7.301840561244326167e-05 7.132748918069565581e-05 6.084850630698652069e-05 4.008893575710199971e-05 3.836200948499142894e-05 4.078797077631325278e-05 2.373839779629800277e-05 1.110054605947835779e-05 3.541902421659739688e-05 5.203212201467087453e-05 6.541809739625462485e-05
1.458181933635502206e-04 8.049998586641113395e-05 6.845080572064307406e-05 2.627438127103852379e-05 -6.425060325291845708e-06 2.747145840349405514e-06 3.470421961647639729e-05 2.855446296775703821e-05 2.175353957917064735e-05 1.254022940754142205e-05 -5.062088988142339297e-06 2.185095815057173676e-06 5.702653131381215957e-05 9.344353974087146947e-05 9.604524545475284271e-05 1.005388891280221221e-04 1.164157245484269144e-04 1.307961139169500639e-04 2.062299185363933968e-04 3.431111915299538454e-04
1.698027686721469414e-04 1.385936447678959001e-04 1.534583792017608461e-04 1.284721739790658807e-04 7.289579740297451457e-05 1.776500058622146731e-05 1.822279914968042371e-05 1.618150381526662561e-05 2.660398143345745162e-05 3.684956055775430689e-05 2.660667639931498887e-05 1.821338713107647012e-05 -1.045580701963277603e-06 3.046756350095423984e-05 3.549973629469524433e-05 3.998276304797868872e-05 4.339051339467112534e-05 6.890759763648711530e-05 4.686971952895606478e-05 4.517151950061877732e-05
1.298638248171438928e-04 1.471980571055581523e-04 1.216363918506557632e-04 7.622831927465019116e-05 9.547094876450260947e-05 6.602292226193836721e-05 7.354836957925636666e-05 5.864785128762514557e-05 2.448247822991687285e-05 -1.023132980280694382e-05 -3.801027666674476130e-06 3.660627720223513272e-05 3.692502705589273979e-05 5.309531310260228191e-05 6.234279109145065504e-05 6.577095049543586010e-05 7.062960569357430685e-05 6.189026934029790014e-05 7.723419529545289105e-05 1.232511188503762124e-04
1.876351399031317923e-04 1.464214082287348733e-04 1.503444276435794930e-04 9.949848900013019855e-05 4.458721077621637108e-05 3.162365928152923648e-05 1.681055648592050548e-05 4.915780411944249246e-06 2.369327500667648708e-05 8.794511046465308950e-06 -8.809989130917888621e-06 -1.185669162950506917e-05 -2.400930369832726929e-05 -4.709736378348650218e-05 -5.060822992463496887e-05 -4.936548095250298148e-05 -7.082751208313108494e-05 -7.683042525890581577e-05 -4.864665151072058459e-05 -1.510522426949709618e-04
1.175216910008258423e-04 1.633553737959392532e-04 1.457696168917664494e-04 1.241111962178127412e-04 7.146129925387824128e-05 8.016605487961631820e-05 6.634898383827967966e-05 5.764381338912153612e-05 5.962319283883800523e-05 4.672048053463349432e-05 5.436971542663972457e-05 6.341508874669817030e-05 8.056097745791925252e-05 7.644937711966737551e-05 5.791561218680347161e-05 6.826502925000120904e-05 7.231738355576018370e-05 2.038738545179058211e-04 3.803907184351099958e-04 4.669556787394636851e-04
1.037141782139101311e-04 1.146311719568623039e-04 9.138527286921521286e-05 5.390564663112307691e-05 6.734931760085927620e-05 5.376975947844403535e-05 5.826703685572601400e-05 5.169652618449380470e-05 6.446162089270482246e-05 2.428838319801091537e-05 -9.379394887305842547e-06 -5.745445762671596184e-06 -2.028522852685706490e-05 -2.835314505128179485e-05 -3.174902783611254208e-05 -4.680322830620019730e-05 -6.197644902595663937e-05 -7.073227184386267341e-05 -1.179256366225740678e-04 -9.381956431843332250e-05
1.586990595459238757e-04 1.385631624650936731e-04 9.564127893341201373e-05 5.996988852885047931e-05 3.413079556437091894e-05 3.684977936652885928e-05 4.183690396945377284e-05 2.374172799315363595e-05 1.467212075181981109e-05 3.085165048855063126e-05 4.307030101819254926e-05 3.609048285224229497e-05 2.303141978073524791e-05 9.769068892570682106e-06 -3.324472082587593371e-06 -3.442466936412695957e-05 -3.423293842430197753e-05 -6.715473459873007257e-05 -6.097658057591622737e-05 -5.545478775027732319e-05
9.465137533003979264e-05 1.520685667973907822e-04 1.261339083186622894e-04 1.004766324649949050e-04 7.381134433024922475e-05 5.689647473168009265e-05 4.615257089292147945e-05 5.608217665022607271e-05 8.470733622272018457e-05 9.969875430880788627e-05 9.924251486360118502e-05 8.622826688350700868e-05 8.378294216590409667e-05 5.487938220020522159e-05 2.104123910488937845e-05 1.011262425164262902e-05 4.594591814883570237e-05 9.385333267831500131e-05 9.102692573529704587e-05 9.593641890347559867e-05
1.560091514943199946e-04 9.285566540649550608e-05 8.635012583490533303e-05 5.951017870291402977e-05 4.477109455875742596e-05 6.714199081274979815e-05 5.541558124361013814e-05 4.759184295090394248e-05 2.641141128319670692e-05 8.420624590794851429e-06 1.939120616847318763e-05 7.899508093989421678e-06 -5.336715867902172398e-06 1.030772048583464010e-05 3.110402252735435023e-05 2.263133629143065706e-05 4.880157243045317933e-05 4.496615529754045511e-05 4.605351064076653611e-05 -6.317459808061763919e-06
1.248394352696377584e-04 1.215347409524832804e-04 8.136926796860104378e-05 8.947102646094579113e-05 7.486683043164834390e-05 5.506065952340994974e-05 5.098903541898170143e-05 6.748816305243970221e-05 4.804601079631649153e-05 6.363733885115320553e-05 8.054505831514161072e-05 6.775520620529993699e-05 8.787676006930977455e-05 4.408962791941984017e-05 7.315789351597964778e-05 8.294049236104023275e-05 1.136406608813880428e-04 1.673198985589676314e-04 1.612745711975671517e-04 1.598589209915133051e-04
9.304385321998436681e-05 1.112861054236148839e-04 9.064181659637713523e-05 5.483108711564711795e-05 7.593098984806068131e-05 5.145986701153686127e-05 5.839214913358773475e-05 6.205650494158069825e-05 3.762143945247239523e-05 2.594534617250171857e-05 2.997998200045949677e-05 4.357212628167471500e-05 8.190937735722890090e-06 1.806837460087474094e-05 1.262704427860910931e-05 2.858094787061034106e-05 5.850673951100517870e-05 9.736633717616080075e-05 1.175320688189627615e-04 1.540249628166740457e-04
1.217505233933546355e-04 1.084246566044981801e-04 6.568362672985358962e-05 6.533743182245985777e-05 2.527311021213501504e-05 3.795151313853034082e-05 2.407736513714538995e-05 2.605168539261878077e-05 1.748892168773436652e-05 1.027777573084924279e-05 6.858707429642298971e-06 1.778275183172754761e-05 1.276335767463438283e-05 1.768054579040433694e-05 1.737696566763006535e-05 2.937102440704109953e-05 4.273812316876729597e-05 5.363444904807449675e-05 4.748523571580716722e-05 4.624910639761236345e-05
1.160021477521382474e-04 1.130237359795902111e-04 6.664160770128745904e-05 3.110012527000554061e-05 6.473229116864219536e-06 7.192389849409620766e-06 8.776847239165425028e-06 1.651463339996496276e-05 2.042974388230539432e-05 8.603067265527993752e-06 1.837949140727323570e-05 -5.325591504508949892e-06 -3.630296898400406374e-05 -2.216373975740132271e-05 -2.577123936343549311e-05 -2.628175685633544185e-05 1.310723069014069958e-05 1.021641654566205517e-04 2.085565271015282372e-04 3.173636909904367209e-04
1.315963609918720744e-04 1.120922141587159856e-04 1.004910311673919338e-04 7.756790694574506532e-05 7.850836585700349366e-05 5.809740733983719051e-05 2.458476018007927852e-05 8.793654094334024457e-05 9.262430423635910034e-05 3.729364997375361513e-05 1.935296053308603983e-05 2.056426107387840230e-05 3.094032689910730922e-06 3.509399159401789227e-05 2.672227588308769905e-05 1.296907612355749924e-05 1.424259537934761648e-05 9.587116261922742113e-06 5.780799858994552611e-05 1.408939584659466460e-04
1.992453921171919546e-04 1.085634102100704445e-04 7.404912699781231319e-05 5.932107575539724543e-05 3.317410704497157842e-05 3.329844154101688241e-05 2.067597232447877255e-05 2.889176827801801173e-05 2.407164846025192971e-05 3.000656180914234287e-05 6.365595977705135238e-06 6.108304110208222202e-06 -3.235428621005187582e-06 -8.546545453429406594e-06 -3.352688639590772017e-05 -6.265206020496749911e-05 -1.246879832952352274e-04 -1.610252632950085144e-04 -1.850294687934461127e-04 -2.269392299469654708e-04
1.494907014600321295e-04 9.186461531941796316e-05 1.166764697068032295e-04 9.753633891847729020e-05 1.059960276030532994e-04 9.846560675756759709e-05 7.229607524791594440e-05 3.297572006831916161e-05 2.616604371078155245e-05 7.929019577131819494e-06 -4.799838526669381735e-06 6.220817063048765773e-06 3.808563696601467368e-06 -1.254677317558686305e-05 -4.959980871562820730e-05 -7.453427951617134584e-05 -8.099259686296489511e-05 -9.781804181406495086e-05 -1.754071321000138801e-04 -2.648885779478475817e-04
1.343551205963289404e-04 1.021903207921224892e-04 5.129735329932361447e-05 4.977459735576867235e-05 2.716209518275132081e-05 3.279444873866882079e-05 3.160500300330219657e-05 2.529710642540857092e-05 8.029101107443622299e-06 8.469746891832975947e-06 1.020248319095437018e-05 -1.102752037075681364e-06 -5.716995728899248533e-06 -3.897754160422840124e-05 -3.852708351847693684e-05 -3.941306664758036863e-05 -3.498713755161622445e-05 -2.950915938248405618e-05 -2.688990267304692191e-05 -2.342962529518264578e-05
1.494995562384816661e-04 1.478030482454909162e-04 7.734894853935320158e-05 3.941447287876632873e-05 6.817976323557570499e-05 3.736126894159255116e-05 3.688378029515446425e-05 2.968497574347474604e-05 2.723455697596291000e-05 2.928692690049276108e-05 4.366558126908384665e-05 4.838339458065266449e-05 3.444033002936072843e-05 4.266140116329176433e-06 9.846631324000078780e-07 1.105456314655923438e-06 2.427033004900464979e-05 5.669134120182629029e-05 1.069132199088059388e-04 7.128591744684591701e-05
1.164951835600083139e-04 1.432424413047085100e-04 8.848646764877345810e-05 6.593805650462853610e-05 4.569400116035481183e-05 5.799487883418739020e-05 6.390562797120848625e-05 3.202523502549900735e-05 2.629754231060196573e-05 2.896966661121143797e-05 2.059345823615907784e-05 2.607334624273664647e-05 3.447977561282944159e-05 2.575769819599466593e-05 3.248718358127218901e-05 5.302842026862577586e-05 4.008184818394510123e-05 -5.918396886085104666e-06 -1.172239809357728891e-05 -3.128444768568114316e-05
1.990310834974840589e-04 1.565127406726001382e-04 1.113052358712294008e-04 9.459164599600189264e-05 2.095339416017049671e-05 1.633241445565620842e-05 4.328839198389785139e-06 1.114844387867792620e-05 1.876636968615921758e-05 3.359475598757648502e-05 5.558349965787330344e-05 5.598788086838392213e-05 2.837668976887044311e-05 1.250924640629832290e-05 2.917442003951762871e-06 3.238294233169003955e-06 1.159756416014776081e-05 5.036631981395601711e-05 8.378585002693226310e-05 1.059081336615996002e-04
1.284927350302513341e-04 1.070387799837116931e-04 1.091484780244448627e-04 9.931626084066712235e-05 6.483755654207437797e-05 5.010604264471228979e-05 3.835826984198546118e-05 2.384113076783960850e-05 6.557702732179488904e-06 -4.092902606513343205e-06 -7.198645814371502250e-06 -2.395298306074969700e-05 -2.467273994198308936e-05 -1.130139093185248122e-05 -6.554182452493336708e-06 -1.750174544494490820e-05 -6.896099068534272485e-05 -7.598628515347033560e-05 -5.481851049468295983e-05 -8.216978333545465335e-05
1.705823644734403210e-04 1.551450683457942809e-04 1.157472949351203003e-04 7.480338133610679762e-05 5.797239830209770435e-05 1.999312631982414138e-05 3.043805719050304433e-05 4.122115809503867158e-05 4.313334023320744066e-05 -7.275738764566840877e-07 2.958501763870123179e-05 5.109138955526931796e-05 5.809579127121699768e-05 1.048719068000744615e-04 1.579518793462584398e-04 1.919543168579954204e-04 1.546287101679591318e-04 2.060863261963253950e-04 2.389566813739006277e-04 2.349857133572877919e-04
1.335088795090581760e-04 1.205563263832618910e-04 1.208723237521195862e-04 7.179134025920338568e-05 8.945020686449964341e-05 6.725731693397275562e-05 7.379248504712942916e-05 7.203261452854219321e-05 7.843137637816146115e-05 6.726453816647886760e-05 3.748647955994488241e-05 6.380834216535069602e-05 7.411558452186904893e-05 5.661150278557531011e-05 6.707811034004376673e-05 5.482542589643712002e-05 1.669534672992227875e-05 -2.162573062174655145e-05 -3.972905055604987104e-05 -1.018085318181140948e-04
1.021941546266218409e-04 1.323382073343335049e-04 1.267790676886177727e-04 1.212476620485953074e-04 9.845441631684063695e-05 8.983632170191217803e-05 3.807024756646750895e-05 2.494758020085738705e-05 2.547363768712928217e-05 1.201240648377110775e-05 7.782499962235825931e-06 1.306806417773594484e-05 -1.651944193178226831e-05 4.560717565517573017e-06 -4.743936579279139958e-06 8.916508741315127954e-06 3.945336046091629995e-05 1.992711367329605423e-05 4.170092846469407479e-05 2.816855482541901862e-05
1.082617473487389778e-04 1.281567488293025049e-04 9.616261505644982724e-05 7.870829162674897346e-05 4.569322386616410907e-05 2.339413779327935016e-05 1.454544777932776903e-05 3.137405131772879512e-05 2.253814886264688313e-05 -3.526464979208703991e-06 6.743757732491539263e-06 -1.342825221326257260e-05 -2.074401844128880967e-05 -2.264564087109771732e-05 -4.058874497166137734e-05 -4.331943643958187221e-05 -3.008356983067095373e-05 -2.282480639290100153e-05 -2.280325295949648751e-05 -6.850743924636543559e-05
1.341193068598259687e-04 9.201076344557930563e-05 8.877041087405474200e-05 6.179374897819976903e-05 5.092466272952502181e-05 3.953595337655714358e-05 4.234454146732324876e-05 1.930645978376018248e-05 1.878675539167222729e-05 2.339269853655200911e-05 1.955078316046774173e-05 1.229615110663143298e-05 1.228269202634162811e-07 -5.818844116729276342e-06 -5.250145844753383076e-06 6.576839666902465293e-06 1.642898685678480009e-05 1.250083756795923541e-05 -1.615852267402030957e-05 -5.645357641030483866e-05
1.840345728037697686e-04 1.318179546373861246e-04 1.065489000157908683e-04 8.599829646822116020e-05 4.309962087916898886e-05 8.077751161916859625e-05 4.706419167355531196e-05 5.565378655219677101e-05 5.264569768783534937e-05 4.888682042986849122e-05 1.814594994378088708e-05 -2.587330607572145291e-06 -1.875634293725041312e-05 -4.821280244654001403e-05 -2.201619202166216544e-05 -3.390146518501958677e-05 -7.628881798905733352e-05 -1.295136212182169142e-04 -1.994731787633717058e-04 -2.094270209549411370e-04
1.656712769859595524e-04 9.933321847439382829e-05 1.019738171044816589e-04 7.350476849710672368e-05 7.137230685252333767e-05 4.037437112052737914e-05 2.507641509803619338e-05 1.379526770329461005e-05 4.813809912072397699e-05 2.884575612052335633e-05 2.351830478470205837e-05 2.132960261675633610e-05 1.265091486881695524e-05 3.937104203277438935e-06 -2.040265789994669842e-05 -4.069676003647409621e-05 -4.123502131896109648e-05 -3.556441964572723915e-05 -4.788815568681079391e-05 -9.927831162937648588e-05
1.905052209663180983e-04 1.323331890919810004e-04 1.370083457553016005e-04 8.708080863288377024e-05 6.140179310683529634e-05 8.380353690207443227e-05 7.375679284677048538e-05 6.549022908240759611e-05 7.228957064475345412e-05 6.102273464656369524e-05 4.285047269223194599e-05 5.597717756824929867e-05 5.968210908202095855e-05 6.497223053073695662e-05 5.594852748692271250e-05 6.919883725639112699e-05 8.047341948698326288e-05 8.358191098902283611e-05 5.377859570812865803e-05 1.852136194117045959e-05
1.153440178186876456e-04 1.030051242101383030e-04 6.287984788290516781e-05 4.844022793572058130e-05 5.853333603642856545e-05 5.450015458561614139e-05 7.596816513183263459e-05 5.388743646787806267e-05 3.926383563718814851e-05 7.236525002099694868e-06 5.409445507010516175e-06 3.525283210201181317e-05 4.217198310336321601e-05 6.088311788508635615e-05 8.964060790206230893e-05 1.004490689260168987e-04 8.885179651992212925e-05 5.072567066901255363e-05 -2.418031652075871215e-05 -5.314278779797422189e-05
1.355669574621698199e-04 1.112603042793104089e-04 8.966084869805167486e-05 8.881580256183377222e-05 6.096585417814486528e-05 4.323618457495127440e-05 3.114089897190671155e-05 1.049869348983652503e-05 8.780018092083863662e-06 9.154258313576622593e-07 -3.127864049100276500e-06 -1.474982483533710746e-05 -3.748816930601176688e-05 -4.798618188283297040e-05 -4.652812262558240325e-05 -5.174095890286661126e-05 -4.735142917313791324e-05 -5.691608292204779733e-05 -6.274436037559580055e-05 -7.846402147660775034e-05
9.412443986194054038e-05 5.870401481644117058e-05 9.539094915584820332e-05 9.518710743322972019e-05 7.685809895502044903e-05 5.727605918428275793e-05 4.349652544012557110e-05 5.673676238475952366e-05 4.333517446660102839e-05 4.599016868050290001e-05 3.135096932740276458e-05 1.072846480973051128e-05 1.300629622870674287e-05 3.491145729054935687e-06 5.952095132843812387e-06 2.162903049798238364e-05 4.476854317508691540e-05 7.360313123542012071e-05 5.554821999988542616e-05 3.522702428225421979e-05
1.276087693499462468e-04 1.102824553992304637e-04 6.599438434491671109e-05 4.129363884217081325e-05 4.569075696990156722e-05 2.375660946934973826e-05 2.006972347732124129e-05 2.880367459768490163e-05 3.721410661168277246e-05 3.569889260073939787e-05 1.675468062461036504e-05 8.254588759250355105e-06 3.051054272815300161e-06 2.269630744571518854e-05 1.453888612549089816e-05 -2.193415363160589117e-05 -4.403560843135933894e-05 -8.102484341664087830e-05 -1.182361314679222124e-04 -1.652518639736014769e-04
1.698117300046014908e-04 1.778599826400567184e-04 1.415992244446803814e-04 1.113011599913376666e-04 1.044570771962625316e-04 1.163578496685230371e-04 9.053420615589812264e-05 8.180599552557086770e-05 5.591998750487656763e-05 5.034992869666591740e-05 5.464303983363269474e-05 6.872382381163140560e-05 9.761202735796285952e-05 1.241099406507350253e-04 1.430122664362286084e-04 1.605182151028654888e-04 1.641913881454064685e-04 1.128092065396897397e-04 7.251011527736969003e-05 1.312362024431533479e-04
1.621166929772753799e-04 1.257123505213209448e-04 8.784632214575324152e-05 8.059382479269272732e-05 5.193391099159587227e-05 2.233510231293813278e-05 1.109888972004295191e-05 2.182785389922710351e-05 2.030060410959212310e-06 -1.755775926196173834e-05 -1.506172590438528065e-05 -3.067698095559567254e-05 -6.113135594584423211e-05 -9.276144044295785032e-05 -1.340977859740487439e-04 -1.374924367780618701e-04 -1.028740585324624510e-04 -7.898379979787095663e-05 -4.422842416619196109e-05 1.262419099723720611e-05
1.053506854315321292e-04 5.318307288832578903e-05 8.199470396037221453e-05 6.445686168139128655e-05 5.680356950805189449e-05 3.811470530306200174e-05 2.856673137472365593e-05 2.381084278839239621e-05 2.205118115094087945e-05 2.024443951084120203e-05 1.864913990923881726e-05 8.922637978713744095e-06 -6.082521024206999423e-06 -1.836211403651028104e-05 4.432344431029018319e-06 8.343306348506967818e-06 -3.642747297937023653e-06 1.374214790949301822e-05 3.620055846503997900e-05 -6.593849522622638825e-06
1.289173585467110242e-04 1.069054627903419174e-04 1.285017327014730296e-04 9.563790440172413078e-05 9.156923887546619125e-05 6.746907686843780377e-05 6.271041580591015787e-05 4.062089618949862944e-05 4.991946431419488141e-05 5.679929351539139741e-05 6.841501582238078763e-05 7.672491757032932089e-05 9.334430450070291100e-05 1.325322085085887968e-04 9.031590421016344114e-05 1.083371533572404161e-04 1.064749082006911360e-04 3.024175081189158884e-05 9.668718196967164883e-06 1.692755951244658967e-05
1.133357400142418994e-04 8.947950652041369445e-05 5.991804292997090960e-05 5.325217360327875673e-05 2.249449328174003493e-05 4.343612454891450548e-05 1.368169547490193012e-05 1.946979573054780151e-05 3.510827956720979215e-05 1.553033933032479683e-05 1.470249224698565273e-05 8.482685459381368104e-06 3.070742597202906244e-05 3.459837916100903012e-05 4.739381030279544147e-05 1.130600033401333610e-05 -3.241156708370211912e-06 1.162311933129467310e-05 7.223305949242199995e-06 -5.428410217368911318e-06
4.072922136993916678e-05 5.109651828762129636e-05 8.060082566955983018e-05 4.787509769066352662e-05 3.391888323068012440e-05 1.888621628392177725e-05 1.205312160797164926e-05 1.526569813648558305e-05 8.898183622814920954e-06 1.918776625403734070e-05 3.111007079914643775e-05 1.912929067647657760e-05 2.155552752605447504e-05 2.393534963147975726e-06 6.595938768688729953e-06 -2.980099091630772884e-07 -2.438714161439771777e-05 -1.764635408140491300e-05 -2.905209516112208432e-05 -1.090866040372935912e-04
1.010581466236013020e-04 1.060375912569370884e-04 6.384091623825193429e-05 9.159827854212599578e-05 8.419241010196685398e-05 6.389003304382692477e-05 3.401024070771602875e-05 -6.238945925495568630e-06 -2.291257466924868986e-06 9.746689457707926821e-06 1.917709017896930925e-05 1.485467035175903381e-05 1.117633379077937874e-05 9.241963802444281878e-06 -1.136878893581638697e-05 -1.699646240330427024e-05 -5.000443594777437810e-05 -5.930704999089351148e-05 -8.328109506393472879e-05 -1.208228417949454932e-04
1.210015556030255037e-04 1.176368601227795966e-04 4.869487419867409429e-05 5.924914393431635100e-05 5.663887722839814606e-05 8.705829225951324055e-05 5.331845975142315028e-05 3.483922202511683449e-05 4.277596514191994611e-05 3.692437935422683153e-05 4.075288305394822051e-05 4.469641272797041223e-05 4.772564812486381749e-05 5.629024884923197676e-05 5.432582498901164069e-05 3.215277880953224541e-05 1.859652422832873514e-05 -1.153602409492061948e-05 2.880769048397340074e-05 5.944710596099286409e-05
1.191598047663647834e-04 9.032894328453581524e-05 7.697619547771556033e-05 4.189750525109575837e-05 2.483605303817474735e-05 2.746948039436796635e-05 2.715745397890886736e-06 4.690493290017225830e-07 6.822070093904553381e-06 1.924966906260690028e-05 6.153941557831025233e-06 1.315944104446611289e-05 2.311794468257435977e-05 1.675503446741370304e-05 1.261316379255862050e-05 1.568815194948352290e-05 9.966347158943315127e-06 -2.480219814991263994e-07 -8.833209242151703435e-06 3.914591365474931040e-06
1.094078131430272952e-04 1.420900042414832394e-04 1.086443454928469359e-04 1.012875914481065900e-04 8.160362667442353337e-05 4.724504195317751016e-05 2.103764529233587434e-05 1.002208402791864102e-06 -3.932722007847392461e-06 7.046867535896124331e-06 4.146732530586594550e-05 3.134380796419561734e-05 3.157544233997445175e-05 3.314499684904649129e-05 5.490160406253573837e-05 4.975974133796484775e-05 2.681474607589911748e-05 2.118308175425549582e-05 -4.060831045300144945e-05 -5.492913030667971456e-05
1.082071247133716989e-04 7.870877489960127890e-05 6.536091421829810831e-05 5.815275513965562803e-05 2.662185359656606178e-05 5.867205239238910947e-05 5.077246524232298679e-05 6.465844079684866449e-05 1.469554247680832235e-05 -1.295948170408900695e-05 1.008002353923274940e-05 2.811238929720399180e-05 2.381065495728372440e-05 1.471654382432437146e-05 1.148753753525975284e-05 -9.329626317243024835e-06 -6.364719482603739217e-06 -2.051559828281575800e-05 -5.293798737982563138e-05 -6.363640124749345454e-05
1.343649975245283818e-04 1.489866707413478391e-04 1.044154249051082998e-04 1.099470521360005639e-04 8.020500702104570027e-05 7.623803113194115228e-05 5.413268639520552153e-05 4.191159960754156183e-05 5.024711517061126320e-05 3.714923436399716216e-05 3.337580717583741165e-05 3.133677744223376552e-05 4.342834234460154504e-05 3.388409563026283279e-05 2.724102418135608089e-05 4.523150054314540555e-05 5.141107778344841689e-05 2.470355579162911375e-05 1.365033617089593820e-05 -9.061489241005301387e-06
1.431589593864542867e-04 1.115870241673943370e-04 6.268685993609617025e-05 7.536467068166686578e-05 4.711388119496356334e-05 3.139717359669937075e-05 2.665281095229930580e-05 3.514706968636318706e-05 2.031296267660877939e-05 9.776305042485814237e-06 -5.230332723035428783e-06 -5.102724924557352407e-06 -9.134703751557310118e-06 -2.725316317562706204e-06 -2.694722917818082191e-05 -6.193032286891613406e-06 -1.423549955333812865e-05 -4.170989575765587877e-05 -1.002686184687388783e-04 -1.940620414841961506e-04
1.488799881632845248e-04 1.144968367155436214e-04 1.076602916221961950e-04 9.600273622601950018e-05 9.253877351821845887e-05 6.063951801751169159e-05 4.671920371458632170e-05 1.194069627817497766e-05 1.820341647976382829e-05 3.120161794496426343e-05 2.605276587815139944e-05 2.307832031595943409e-05 4.676766370887506505e-05 4.121935766903824617e-05 7.124011982904934119e-05 7.691147174061007210e-05 8.661534017506958749e-05 9.572070273004547152e-05 1.228365754037900458e-04 1.566360450151435318e-04
1.447904751822493442e-04 1.165152714874532645e-04 9.533419431922631078e-05 6.280079202079861785e-05 6.063308597109371551e-05 3.019178540332797202e-05 3.896653071401568852e-05 4.104564340198496705e-05 4.326846790127802537e-05 2.485702671899357719e-05 6.345887547199424085e-06 9.018064186327830124e-06 -2.124989181419288104e-06 1.038576616174454632e-05 8.895161749017622127e-07 6.432112292287849660e-06 3.640141605735494519e-07 -4.692833235808789149e-05 -9.516113429166950602e-05 -1.230319324078169257e-04
1.289476419067113759e-04 8.580608248968072001e-05 8.486220611334889714e-05 7.403992413292522737e-05 8.971040660650248921e-05 8.550850167790544402e-05 8.342714050614194465e-05 5.003501661949003628e-05 4.254960354997284620e-05 5.730901069883112667e-05 3.023189513925141083e-05 1.200012627950806034e-05 1.970819179089881431e-05 1.240869617688401778e-05 5.349527841189569861e-07 -5.883565573285803565e-06 -2.604062952376247938e-05 -6.666107559615069508e-05 -1.013167686691756637e-04 -8.871015097913384051e-05
8.103327387910515354e-05 1.036227345914051659e-04 8.430125772866535916e-05 5.944559972315549285e-05 3.485129201412624729e-05 2.692855061952060730e-05 2.142628553544406199e-05 3.394897830097604388e-05 2.415679341041217907e-05 7.746899645072214411e-06 -3.417161008574688652e-06 -1.001390444620373111e-05 -1.160472503274179355e-05 -1.179905872786283025e-05 -2.502866473326085189e-05 -4.640928723337594142e-05 -6.312643664388018340e-05 -1.147941751826014021e-04 -1.543236168335309147e-04 -1.711406506273907677e-04
1.616138777864616126e-04 1.061446300875737696e-04 8.125236501865280977e-05 6.770418731591356775e-05 7.138516587500560702e-05 6.256661393778476248e-05 4.913469844849913804e-05 1.310282504149151017e-05 -1.622731942308879011e-06 -2.274497976519481175e-05 -3.090279411872236667e-06 1.472937560682983795e-05 -8.684837951652483003e-07 -1.838747006801080049e-05 -6.531746283912566637e-05 -8.673066525517786785e-05 -9.329562344539809725e-05 -9.941968530881565463e-05 -1.111019110100687528e-04 -1.014406888910838035e-04
2.142088701637920615e-04 1.485397257182553962e-04 1.132529156477907087e-04 1.050552431669033642e-04 8.653944031677387929e-05 3.946360791318378629e-05 3.405413685362506071e-05 5.170198033748948252e-05 6.266365417257193151e-06 3.751749424353614635e-05 5.673685583288160076e-05 3.213131953410550227e-05 2.792390171518949565e-05 1.345835994089049391e-05 -5.095482943729620019e-06 9.779796175561432224e-06 5.128367334655620295e-05 1.006602236225420351e-04 1.625249219149264162e-04 2.161528260564520552e-04
1.417541854118951319e-04 1.055391813224731973e-04 9.887293694851603083e-05 9.548913170412757763e-05 7.527822634267960459e-05 3.707566142580809223e-05 3.915181527961156727e-05 4.382626306284738790e-05 4.851476757373388552e-05 3.428290257250343195e-05 3.105401033472125608e-05 3.658053509535256792e-05 4.066392866584481934e-05 3.586891624692170697e-05 3.497528132789034182e-05 4.188743974856557194e-05 5.508195018403046629e-05 6.459737485323249805e-05 5.547372108577974613e-05 3.641080675072799489e-05
1.754669231865105988e-04 1.407950400481953741e-04 1.371033560192847368e-04 8.531809247254084022e-05 8.617951969776448053e-05 6.407410697090143957e-05 3.277497626057725665e-05 4.693653561389661127e-05 2.931630306024152942e-05 3.982784352019531942e-05 3.460490957780275513e-05 5.954580821608072410e-05 4.591344831463495328e-05 4.564813057853868482e-05 3.896677060978832147e-05 5.193181814691320836e-05 2.139519379932388316e-05 1.324802968463951977e-05 -2.999390735934506026e-06 -3.746154070223191594e-05
7.446306030010015390e-05 8.507334378640659972e-05 8.561267362108562165e-05 7.814045776556428576e-05 8.645217721030689923e-05 3.161452108088084280e-05 3.022564530439102761e-05 1.539311009917928845e-05 2.618274458548893908e-05 2.538135036852277873e-05 3.300591127085106887e-05 3.473944909474129466e-05 2.867076290685299512e-05 3.067032786790700760e-05 2.177768942302907710e-05 2.054633692681647329e-05 3.617347655088018585e-05 4.685690318057369238e-05 6.932093767808725573e-05 4.871604607073275845e-05
1.276022963770883604e-04 1.317169901083416249e-04 1.109575649815533103e-04 9.813072080558318691e-05 7.079006398493206307e-05 4.754386265379097263e-05 3.788478924505181899e-05 1.552052963793487930e-05 5.741933434471506795e-06 -8.020217586464597510e-06 -1.881038029484062284e-05 -3.845678611413449381e-05 -3.393940638106483445e-05 -5.162961674775904081e-05 -4.992020852164926441e-05 -9.112112821032417682e-05 -1.300876764453889097e-04 -1.483779011252020648e-04 -1.754748023539056811e-04 -1.891911685596672668e-04
1.881945577181117727e-04 1.578081384999835944e-04 1.189629361867435557e-04 7.718507350663261172e-05 6.894015401719579396e-05 7.614308117075381315e-05 4.939904558371369629e-05 5.258495741368362174e-05 4.693129628387834699e-05 3.770277464508696690e-05 4.021637175137599598e-05 3.425497124049723514e-05 2.164625358397530977e-05 -1.039741587766685471e-06 -1.218705514707459882e-05 -2.581156804278956285e-06 9.563838876863093341e-06 1.366821069164277411e-05 3.069820055331932979e-05 6.148983175037584263e-05
1.949577605052789202e-04 1.619061375930491687e-04 1.357917332948013875e-04 1.085961899405266605e-04 1.038020847903413265e-04 9.341322784270797929e-05 8.696936172066356769e-05 8.016207354197433176e-05 2.901115385171968466e-05 3.427251240006962628e-05 2.047939243702103898e-05 2.435972035929529405e-05 1.504127207684366707e-05 7.179338588869593488e-06 -1.086471425591219939e-07 -2.114607022918526069e-05 -5.166225278666092843e-05 -9.479898154676018036e-05 -1.069213531509182190e-04 -1.023336480911160357e-04
9.176102464374020519e-05 9.915989983678992318e-05 8.391629600450642933e-05 6.186466244752405737e-05 2.069331223116258262e-05 1.607022267758551141e-05 1.929701186168479628e-05 2.120930370027096227e-05 1.504922666325497777e-05 1.089536381768683302e-05 2.636409560887742690e-05 3.884243134346649750e-05 2.889450204995065916e-05 3.867400949984227436e-05 2.382468051914704332e-05 2.488154344918045707e-05 4.316967308871247838e-05 1.054653544545522376e-04 1.294250505842394221e-04 1.583788789892928445e-04
1.786063462822104703e-04 1.615446080747501225e-04 8.939037074546291766e-05 6.741483682846042397e-05 3.856924465657301880e-05 5.059131897959485763e-05 2.740497843970191038e-05 3.465991368653288099e-05 3.846436541008852958e-05 3.574089047298337522e-05 4.046249778497803900e-05 3.928897027622385514e-05 2.363914090851096936e-05 2.113666370284143093e-06 -1.779544987473379416e-05 -2.498278038008591232e-05 -4.168312841609248464e-05 -6.083178415071847998e-05 -7.929654316707229517e-05 -9.726732276049317985e-05
9.180569536720886129e-05 9.508694718136215577e-05 6.749016018421790612e-05 4.072941461607911597e-05 2.315118974630473049e-05 3.254892795978974607e-05 2.099322695426039166e-05 1.806128015095942953e-05 2.453641695799470534e-05 1.633661620891449227e-05 -1.330336642559127817e-05 -1.664200665889650844e-05 -2.782928273157555870e-05 -2.268569338739144628e-05 -3.216396845292221663e-05 -9.189994861947244558e-06 1.494145807047161921e-05 3.311271475020154738e-05 2.056492436456235968e-05 1.879795806876008183e-05
1.490224703447086125e-04 1.187910649398153743e-04 8.611358801332159429e-05 6.474115654749378155e-05 4.478355939269601819e-05 2.847480313972107168e-05 -9.964442539548447997e-06 4.371504775187608109e-06 1.610267342888873975e-05 2.135776440528501668e-05 2.648534224772418433e-05 1.176019405394912921e-05 -6.351721484430063302e-06 -1.019843164953565218e-05 -7.866351327747400613e-06 7.318466467928332773e-06 2.315637351926157827e-05 1.904076623872083649e-05 8.361354766425809103e-06 3.974357991190727453e-05
1.277299514373897665e-04 1.034467205599085324e-04 7.232065184164111456e-05 3.883442494564175255e-05 -3.920193835409171065e-06 6.566312735257746681e-07 1.574474523576780750e-05 9.370105424616736187e-06 1.698324841967640734e-05 2.617299486629943184e-05 5.744581265521782771e-05 3.469961748742429172e-05 1.358453107474613944e-05 2.190160671503709283e-05 3.175931020380638639e-05 4.580490890658662188e-05 1.215378010338910857e-04 1.012679235325697052e-04 3.152047453255322893e-05 -7.135482412197023101e-06
1.694991901921848480e-04 8.966439432636861000e-05 7.151362494789805565e-05 6.197590002080082254e-05 2.119134884500967981e-05 1.890005815207814252e-05 2.067620046650459883e-06 -8.783938744678315653e-06 9.526543951906605678e-06 3.049053951383851624e-05 2.830283430868804130e-05 3.370108504574558699e-05 2.240102182113432394e-05 3.242341728132286247e-05 4.797630763955624097e-05 4.415718537153134128e-05 7.254876845931398823e-05 1.123024336300625586e-04 8.326855509822410340e-05 4.196073633886750225e-05
1.022997189485323175e-04 7.679755912069749827e-05 6.848954092978729188e-05 2.628456494240714669e-05 4.997458897122606460e-05 3.794600717886314789e-05 2.083159118561791334e-05 1.967705095346261159e-05 9.780713032896874124e-06 1.168205409934250282e-05 -1.033093384386666516e-05 -2.228758673937409309e-06 -3.841089169862031049e-05 -3.575655503032702472e-05 -3.301273917804106365e-05 -4.774426930896423060e-05 -5.183559269468708568e-05 -4.250142623079202647e-05 -3.962412110196473158e-05 -4.025880258438961981e-05
1.701240617854687357e-04 1.782899851985814750e-04 8.833395331151041663e-05 8.921101511337284384e-05 5.375827029372413235e-05 5.651207044641048857e-05 4.516671034711740497e-05 3.854513344785167082e-05 2.132288969077731207e-05 2.065567652345435772e-05 4.584562335708803489e-06 6.232828464865332863e-06 -1.014389904479160386e-05 -1.361939127769642203e-05 -2.211797516424387512e-05 -4.840035066303892733e-05 -2.990225401913263536e-05 -2.437897022337068528e-05 -1.456139783751708029e-05 -3.022677612368360292e-05
1.327048823894824540e-04 1.323109628439995023e-04 1.270141607282469830e-04 9.931748513799046069e-05 7.246658125227658273e-05 8.748606158801677292e-05 6.904333726156529675e-05 5.420708728929008564e-05 3.210912270358440155e-05 2.210608860607134426e-05 6.472054860278072012e-06 -2.412112034349075391e-06 -1.016591779529860898e-06 3.223472958373250238e-06 9.347839026627951687e-06 -3.775680759743979417e-06 1.421344965353562992e-06 7.535354893054719654e-06 4.424089200625581605e-05 6.458919454641435262e-05
1.489110097076002813e-04 1.510311727624286148e-04 1.102023650545891912e-04 7.649908514804428276e-05 6.996297009717445769e-05 6.161854135958485113e-05 5.479992064443334394e-05 1.967044577180235437e-05 -1.607057370223077204e-05 -1.019419618088752352e-05 -1.145454199867844403e-06 4.567754911450482594e-05 6.823925394696299630e-06 -1.809343838866307621e-05 -4.730259431126564845e-05 -7.125829895372572174e-05 -5.345633525727958398e-05 -7.304912067379135312e-06 1.572838122576414486e-05 4.384577419025442345e-05
1.593978162084478127e-04 1.163772383372521429e-04 1.198100789949077625e-04 1.198284812979103045e-04 9.017157001710148715e-05 4.657891586284083505e-05 3.992519322986266080e-05 5.569073048564463337e-05 4.238252208424884092e-05 7.011843353178570182e-05 6.616310349581645996e-05 6.264795650261695053e-05 7.137545533397308170e-05 7.831214964746121665e-05 5.979581229755681339e-05 6.539340264294258990e-05 6.250149026740880001e-05 2.662761143361176710e-05 -4.379027099577479688e-05 -8.411521186897618350e-05
1.872013641620518172e-04 2.003647513918509963e-04 1.873930632566464484e-04 1.190186448892880663e-04 9.668543232869764904e-05 9.336191710395347831e-05 8.240941295211038991e-05 7.918558798572683424e-05 7.121581580638890250e-05 8.257092931235221370e-05 7.295960924074471716e-05 6.641350057338672622e-05 3.364387702159932859e-05 3.696341096893346334e-05 3.506027676690062322e-05 4.957628378711902227e-05 3.820935094234376129e-05 5.532660773191424333e-05 3.562178676795324663e-05 -5.533013529928574583e-05
1.452475213406426808e-04 1.168022040851661360e-04 1.056064015754191630e-04 1.034843309258414313e-04 6.750449933622198432e-05 5.179788290242435340e-05 6.724050321466752656e-05 4.225402578701951170e-05 2.635654080543119195e-05 4.813215129967669989e-06 -7.572615555103502263e-06 -9.863079008330755925e-07 -6.230102377834895298e-06 6.427352958784275748e-06 1.085179066525057895e-05 8.689780135477207611e-07 -7.314345223646739132e-06 -5.760304128367086586e-06 3.345376845476464450e-07 -3.207219217926143064e-05
1.414323635036365714e-04 1.076415166130550505e-04 7.030646833350114489e-05 5.001198807504033821e-05 2.819245980194035823e-05 4.217948603189471390e-05 4.508882604084276876e-05 2.822202399604754181e-05 2.884797180042899081e-05 1.960689159195187100e-05 1.444410401916594538e-05 1.121012142149091163e-05 2.140680386071967624e-05 1.721078042237943683e-05 6.591872711233421262e-06 1.994311828651111170e-05 3.702661842640833027e-05 3.309020864759859153e-05 2.440196032280059199e-05 -1.816726924558173612e-05
1.170945335148747220e-04 1.006751206380866997e-04 1.163601320678755877e-04 6.062283005263481074e-05 3.741953476746749294e-05 2.367087365731347109e-05 4.126463221365207930e-05 5.833311639489372873e-05 7.202669245302421907e-05 5.931766871413711201e-05 4.789154016764649892e-05 3.543912417383079488e-05 -6.295742501722090121e-06 -4.197903477651082594e-05 -6.265662123998252985e-05 -6.912941034565767595e-05 -5.150545977547637427e-05 -6.948481973588506151e-05 -7.030701797165934703e-05 4.295143450872193671e-06
1.332831646359565513e-04 1.031291094124988717e-04 1.076692283673920289e-04 8.787166604145254015e-05 7.629479014782055725e-05 3.073034793299799048e-05 4.780054910746181458e-05 4.495696958930459785e-05 3.378920453432489275e-05 9.497841016911317307e-06 -8.346381346280773770e-06 -1.965190267648273404e-05 -4.435501077935718865e-05 -3.066293901555123435e-05 -1.654764117664242880e-05 8.757373782460431627e-07 1.167578135971148594e-07 -4.441542287693144356e-06 -2.982478189446657630e-05 -7.434051700701544264e-05
1.184281842532402000e-04 9.493611828148447440e-05 6.321532750471476453e-05 6.506274280288897602e-05 4.991153491345111588e-05 6.715326785054125201e-05 6.397546988481237124e-05 3.670211943969588117e-05 2.699083149985898121e-05 3.344463250146377509e-05 3.488204181052397858e-05 2.662724349425844183e-05 1.071982892450691252e-05 5.371072697552250740e-06 2.064686895572259172e-05 1.806104217809730361e-05 -3.013960305148047560e-06 -1.104911784848094040e-05 -1.322173663941074619e-05 -3.666933618602916030e-05
1.658897230562389165e-04 9.886326286238751528e-05 6.059287182278403505e-05 5.455851567667321928e-05 5.382890550151960484e-05 5.415825304645436082e-05 5.566627409555084064e-05 9.249006123880846165e-05 7.358819238460618498e-05 2.889126134766229709e-05 -6.820784792645941271e-06 -5.208958592242094033e-06 7.436322067713357556e-06 1.175367768643745139e-05 2.385634742367794776e-05 -2.454371568433107266e-07 -1.772777604908321226e-05 -1.368893512852689672e-05 1.814007849196137369e-06 -3.659401960539831860e-06
1.306342017969893256e-04 9.118767859326158578e-05 9.379343453005562913e-05 7.629334579381268804e-05 6.300999108647153718e-05 3.711909598282666869e-05 4.939777597625459441e-05 4.802390841072703639e-05 2.742591450175560871e-05 1.265590492735267319e-05 -2.267612303742815743e-05 -2.714267336233019283e-06 -1.269595551679828458e-05 -5.049383448476345477e-05 -7.454543381458471742e-05 -7.194196252635027080e-05 -1.006851131475575557e-04 -1.445619207822390032e-04 -1.127879983129510805e-04 -1.013945281423669697e-04
