# th, gt, err_gt
2.805046135754908576e+00 1.329083353206993710e-04 2.750161055967192002e-06
3.531343861556885511e+00 1.127035158159927375e-04 2.371707484055244474e-06
4.445698525097307119e+00 9.051702233918073129e-05 2.296030869856187867e-06
5.596802846420849242e+00 7.220933378060214228e-05 1.983359784727134749e-06
7.045957328161136068e+00 5.518825889253577393e-05 2.109373790775775962e-06
8.870334730839386950e+00 4.661174271108345569e-05 1.890096114723331411e-06
1.116708980377407912e+01 3.865625723044395327e-05 1.701644342598897038e-06
1.405853312975872704e+01 3.698942450216190485e-05 1.746721930468204317e-06
1.769864460960344488e+01 3.259588317322406961e-05 1.698488319817891839e-06
2.228127345334364406e+01 2.710541851650238409e-05 1.782759361403171982e-06
2.805046135754909287e+01 2.366964264907671530e-05 1.787814005660839795e-06
3.531343861556886310e+01 2.059678470471241346e-05 1.779805991516594717e-06
4.445698525097307652e+01 1.658080577944361363e-05 1.931103105259038942e-06
5.596802846420851552e+01 1.507437991642211339e-05 2.094375574837147149e-06
7.045957328161136957e+01 1.396890895380348441e-05 2.139674972418057642e-06
8.870334730839388726e+01 1.391013583342390938e-05 2.212083667158020038e-06
1.116708980377408125e+02 1.260902131712760216e-05 2.324532949481909576e-06
1.405853312975872882e+02 1.037724774069295289e-05 2.259446656782715795e-06
1.769864460960346548e+02 8.192135957214896261e-06 1.829233877007476506e-06
2.228127345334363838e+02 6.841408368568437158e-06 1.745147240912368701e-06
