7.263911646438193061e-09 -1.319053304813416021e-09 3.101302255715271707e-10 6.350311888067830277e-10 2.719606072784148854e-10 -2.481924822627063290e-10 -1.296110564772866459e-10 -9.758854932030223878e-11 1.673202836416479421e-10 -4.593158647729200011e-12 -1.049866970823997296e-10 -1.576756845037686400e-10 -7.153407358268386246e-11 -3.095451641836692189e-11 -1.439602502829030673e-11 -7.171050868221499969e-11 -4.185193888433986275e-11 2.896527352660219376e-12 -4.475215242133636243e-13 -4.896230493440712112e-12
-1.319053304813416021e-09 4.890289012680369183e-09 -2.362400226845399233e-11 1.208966900282169978e-10 4.561250928229630156e-11 1.047772033579319918e-10 1.383551229167877597e-10 1.419428265783601019e-10 9.845082349926826216e-11 1.755869060400068185e-10 -2.817737063392252896e-11 -3.265255036920776597e-11 5.882735868730176535e-11 7.442033752455461506e-11 4.514912883329380802e-11 8.261589029148755283e-11 3.052375987328350482e-11 7.257358182484073550e-12 1.443868463972084694e-11 -1.400798170932988971e-11
3.101302255715271707e-10 -2.362400226845399233e-11 2.977816792140271861e-09 -9.247560781862674176e-11 2.586528185253707813e-11 -2.378202525627515752e-10 4.141115299717923880e-11 4.020373393850005635e-11 6.525762997335251035e-11 -5.639061255362567321e-11 1.755345538476836524e-11 -1.383995581225540731e-11 -1.681806657308282404e-11 -3.878567313233977881e-11 -8.600125111110210994e-12 -2.579478930291357022e-11 4.551756165907089280e-12 1.176529637930185283e-11 -1.239137664570868406e-11 7.142273636961428781e-12
6.350311888067830277e-10 1.208966900282169978e-10 -9.247560781862674176e-11 2.422148778799845613e-09 8.551568624139481440e-13 8.669723042800571098e-11 1.251178354621152808e-10 -1.141145067615079366e-10 -1.301117617016561411e-10 -6.830301643309878791e-11 -1.307362182657771441e-10 -2.704848437162453883e-11 -1.136196793543774253e-11 2.602740719006757918e-11 7.271661653942427173e-11 3.590308936037229707e-11 1.955578554726031649e-11 7.981894759382520206e-12 1.653395601194662958e-11 -1.153187045010319085e-11
2.719606072784148854e-10 4.561250928229630156e-11 2.586528185253707813e-11 8.551568624139481440e-13 1.392176392488511343e-09 -9.390902306395220260e-11 8.173716060177340030e-11 4.256398351171594239e-11 -8.642748059892752352e-12 2.397276300970226742e-11 -1.541336924894777109e-11 -2.745540431428880633e-11 3.934739609625382614e-11 3.815518146829591948e-11 -2.434854833232918366e-12 -1.283801595358672415e-11 1.095473595565708045e-11 -8.258925657327908372e-12 -8.339056021872109349e-12 -1.599652753096463550e-11
-2.481924822627063290e-10 1.047772033579319918e-10 -2.378202525627515752e-10 8.669723042800571098e-11 -9.390902306395220260e-11 8.439327195973670648e-10 -1.798443390465484517e-11 4.820414505004831808e-11 -4.014031939138418369e-11 -2.927699026673277870e-11 1.641888903172895673e-11 -1.714493472583765571e-11 4.452626135372653804e-12 7.711177005214545926e-12 -1.982839497487989335e-11 2.114025327341690473e-11 2.421858467343331937e-11 8.641971895225083422e-12 1.730513299378003912e-11 3.686395536458876445e-12
-1.296110564772866459e-10 1.383551229167877597e-10 4.141115299717923880e-11 1.251178354621152808e-10 8.173716060177340030e-11 -1.798443390465484517e-11 6.857229081146870765e-10 8.517957713079526371e-11 -1.959231762289683807e-11 -7.136846570968672549e-12 -1.101263926237885216e-12 4.631380666037517438e-12 2.171624338767781990e-11 1.372380759114878101e-11 -8.464295671335681691e-12 6.959858815264774369e-13 -1.647559077577251815e-12 -1.013323418038411378e-11 -9.222510171574303133e-12 -1.014305399601455856e-11
-9.758854932030223878e-11 1.419428265783601019e-10 4.020373393850005635e-11 -1.141145067615079366e-10 4.256398351171594239e-11 4.820414505004831808e-11 8.517957713079526371e-11 5.402494706047777889e-10 8.558577670469481238e-12 -4.631673778941699343e-12 -2.179618990215886969e-11 -5.825544318144591138e-12 4.811085943931298736e-11 9.409368867422824377e-14 -4.679635625690154528e-12 -2.042325828768387136e-12 5.053665036866010667e-12 5.384883245300137303e-12 8.853962573254898759e-12 2.073236704933348261e-12
1.673202836416479421e-10 9.845082349926826216e-11 6.525762997335251035e-11 -1.301117617016561411e-10 -8.642748059892752352e-12 -4.014031939138418369e-11 -1.959231762289683807e-11 8.558577670469481238e-12 3.175333707259749172e-10 1.219719469726049246e-11 7.776060098470106783e-12 2.510989572195825557e-12 -5.322521585679403271e-12 4.109502574987622664e-12 8.501106384441277388e-12 1.611705826601633771e-11 1.880540979733031479e-12 2.577899188940763730e-12 3.481003176212435566e-12 -3.595648692613512994e-12
-4.593158647729200011e-12 1.755869060400068185e-10 -5.639061255362567321e-11 -6.830301643309878791e-11 2.397276300970226742e-11 -2.927699026673277870e-11 -7.136846570968672549e-12 -4.631673778941699343e-12 1.219719469726049246e-11 2.150679040297111308e-10 3.799394573471548029e-11 -5.353578786535830120e-12 -5.607757698521090137e-12 -1.546071474219791430e-11 -8.314626517708539516e-12 -3.262599062587095208e-12 6.345128132884523862e-14 3.663046142715974376e-12 -3.795751335233811305e-12 -1.142377317591857773e-12
-1.049866970823997296e-10 -2.817737063392252896e-11 1.755345538476836524e-11 -1.307362182657771441e-10 -1.541336924894777109e-11 1.641888903172895673e-11 -1.101263926237885216e-12 -2.179618990215886969e-11 7.776060098470106783e-12 3.799394573471548029e-11 1.728249181655310281e-10 1.232154750367771196e-11 1.788835391883659128e-11 2.640094361478404646e-11 1.238981489517587953e-11 -3.920935339746264879e-12 4.543257628977911982e-12 -1.647345862425663683e-12 -4.799371914940771153e-12 -6.661100812413587520e-12
-1.576756845037686400e-10 -3.265255036920776597e-11 -1.383995581225540731e-11 -2.704848437162453883e-11 -2.745540431428880633e-11 -1.714493472583765571e-11 4.631380666037517438e-12 -5.825544318144591138e-12 2.510989572195825557e-12 -5.353578786535830120e-12 1.232154750367771196e-11 1.111132707925063051e-10 1.465758413817696271e-11 7.860675298984477165e-12 1.807736128926976379e-11 8.077520055224782261e-12 1.294686587758852822e-11 4.322827065907225595e-12 5.494407912472288256e-13 -8.299479578399087338e-13
-7.153407358268386246e-11 5.882735868730176535e-11 -1.681806657308282404e-11 -1.136196793543774253e-11 3.934739609625382614e-11 4.452626135372653804e-12 2.171624338767781990e-11 4.811085943931298736e-11 -5.322521585679403271e-12 -5.607757698521090137e-12 1.788835391883659128e-11 1.465758413817696271e-11 6.883312531598390912e-11 2.225593500461399904e-11 1.021324586733720234e-11 2.206300474446906038e-12 5.331636463608829216e-12 2.643975882158714503e-12 6.000922356054042395e-12 3.023194390785981722e-12
-3.095451641836692189e-11 7.442033752455461506e-11 -3.878567313233977881e-11 2.602740719006757918e-11 3.815518146829591948e-11 7.711177005214545926e-12 1.372380759114878101e-11 9.409368867422824377e-14 4.109502574987622664e-12 -1.546071474219791430e-11 2.640094361478404646e-11 7.860675298984477165e-12 2.225593500461399904e-11 6.787499772826864556e-11 2.137749319020284238e-11 7.728393452114768341e-12 8.331207138158642122e-12 1.554139429443272706e-12 6.444855674664371459e-12 -6.325786075315300312e-15
-1.439602502829030673e-11 4.514912883329380802e-11 -8.600125111110210994e-12 7.271661653942427173e-11 -2.434854833232918366e-12 -1.982839497487989335e-11 -8.464295671335681691e-12 -4.679635625690154528e-12 8.501106384441277388e-12 -8.314626517708539516e-12 1.238981489517587953e-11 1.807736128926976379e-11 1.021324586733720234e-11 2.137749319020284238e-11 6.218929469297350514e-11 2.151601638609869482e-11 1.456751390599039739e-11 3.343168346045902227e-12 4.014886973903665339e-12 1.141951069751820742e-12
-7.171050868221499969e-11 8.261589029148755283e-11 -2.579478930291357022e-11 3.590308936037229707e-11 -1.283801595358672415e-11 2.114025327341690473e-11 6.959858815264774369e-13 -2.042325828768387136e-12 1.611705826601633771e-11 -3.262599062587095208e-12 -3.920935339746264879e-12 8.077520055224782261e-12 2.206300474446906038e-12 7.728393452114768341e-12 2.151601638609869482e-11 4.764823457515097766e-11 2.286333644076093314e-11 1.187500734739612791e-11 8.748877753053292157e-12 5.839052211389865769e-12
-4.185193888433986275e-11 3.052375987328350482e-11 4.551756165907089280e-12 1.955578554726031649e-11 1.095473595565708045e-11 2.421858467343331937e-11 -1.647559077577251815e-12 5.053665036866010667e-12 1.880540979733031479e-12 6.345128132884523862e-14 4.543257628977911982e-12 1.294686587758852822e-11 5.331636463608829216e-12 8.331207138158642122e-12 1.456751390599039739e-11 2.286333644076093314e-11 3.123085754250466188e-11 1.133975076545856904e-11 4.789816497867562591e-12 4.948218429128799722e-12
2.896527352660219376e-12 7.257358182484073550e-12 1.176529637930185283e-11 7.981894759382520206e-12 -8.258925657327908372e-12 8.641971895225083422e-12 -1.013323418038411378e-11 5.384883245300137303e-12 2.577899188940763730e-12 3.663046142715974376e-12 -1.647345862425663683e-12 4.322827065907225595e-12 2.643975882158714503e-12 1.554139429443272706e-12 3.343168346045902227e-12 1.187500734739612791e-11 1.133975076545856904e-11 2.217484540678568401e-11 1.089222531992324205e-11 3.560670523924984195e-12
-4.475215242133636243e-13 1.443868463972084694e-11 -1.239137664570868406e-11 1.653395601194662958e-11 -8.339056021872109349e-12 1.730513299378003912e-11 -9.222510171574303133e-12 8.853962573254898759e-12 3.481003176212435566e-12 -3.795751335233811305e-12 -4.799371914940771153e-12 5.494407912472288256e-13 6.000922356054042395e-12 6.444855674664371459e-12 4.014886973903665339e-12 8.748877753053292157e-12 4.789816497867562591e-12 1.089222531992324205e-11 2.334124364066958616e-11 7.242797099705003218e-12
-4.896230493440712112e-12 -1.400798170932988971e-11 7.142273636961428781e-12 -1.153187045010319085e-11 -1.599652753096463550e-11 3.686395536458876445e-12 -1.014305399601455856e-11 2.073236704933348261e-12 -3.595648692613512994e-12 -1.142377317591857773e-12 -6.661100812413587520e-12 -8.299479578399087338e-13 3.023194390785981722e-12 -6.325786075315300312e-15 1.141951069751820742e-12 5.839052211389865769e-12 4.948218429128799722e-12 3.560670523924984195e-12 7.242797099705003218e-12 1.682215625444761661e-11
