# npairs for all jackknife regions
9.517800000000000000e+04 1.475080000000000000e+05 2.306310000000000000e+05 3.598110000000000000e+05 5.640110000000000000e+05 8.828380000000000000e+05 1.383847000000000000e+06 2.182565000000000000e+06 3.411027000000000000e+06 5.362815000000000000e+06 8.412779000000000000e+06 1.321709100000000000e+07 2.074037300000000000e+07 3.240883400000000000e+07 5.076999300000000000e+07 7.936324000000000000e+07 1.231796400000000000e+08 1.898681480000000000e+08 2.891161520000000000e+08 4.347769120000000000e+08
7.634300000000000000e+04 1.189930000000000000e+05 1.840760000000000000e+05 2.855060000000000000e+05 4.449680000000000000e+05 7.006460000000000000e+05 1.109216000000000000e+06 1.740739000000000000e+06 2.739366000000000000e+06 4.329033000000000000e+06 6.785650000000000000e+06 1.061477200000000000e+07 1.661998300000000000e+07 2.593930900000000000e+07 4.042635100000000000e+07 6.248414100000000000e+07 9.645248400000000000e+07 1.483052600000000000e+08 2.256240920000000000e+08 3.430422510000000000e+08
6.519000000000000000e+04 1.005850000000000000e+05 1.563380000000000000e+05 2.434630000000000000e+05 3.793500000000000000e+05 5.936800000000000000e+05 9.311930000000000000e+05 1.449200000000000000e+06 2.265935000000000000e+06 3.535401000000000000e+06 5.515590000000000000e+06 8.538079000000000000e+06 1.323458800000000000e+07 2.049382200000000000e+07 3.145369800000000000e+07 4.803106600000000000e+07 7.313891800000000000e+07 1.084464310000000000e+08 1.557831780000000000e+08 2.203798680000000000e+08
6.683400000000000000e+04 1.035160000000000000e+05 1.616090000000000000e+05 2.530520000000000000e+05 3.937900000000000000e+05 6.187170000000000000e+05 9.706850000000000000e+05 1.512907000000000000e+06 2.371493000000000000e+06 3.726966000000000000e+06 5.867048000000000000e+06 9.244609000000000000e+06 1.459151200000000000e+07 2.305650300000000000e+07 3.646224100000000000e+07 5.727024600000000000e+07 9.004184400000000000e+07 1.410508530000000000e+08 2.199605380000000000e+08 3.405677430000000000e+08
9.814000000000000000e+04 1.524040000000000000e+05 2.378480000000000000e+05 3.729170000000000000e+05 5.840380000000000000e+05 9.134370000000000000e+05 1.426702000000000000e+06 2.243006000000000000e+06 3.513985000000000000e+06 5.514842000000000000e+06 8.654360000000000000e+06 1.355429800000000000e+07 2.114848700000000000e+07 3.286098100000000000e+07 5.070635600000000000e+07 7.718861000000000000e+07 1.160247690000000000e+08 1.721777600000000000e+08 2.521385560000000000e+08 3.595614480000000000e+08
5.518800000000000000e+04 8.630200000000000000e+04 1.332050000000000000e+05 2.062000000000000000e+05 3.236300000000000000e+05 5.104250000000000000e+05 8.043720000000000000e+05 1.262668000000000000e+06 1.980791000000000000e+06 3.106015000000000000e+06 4.861704000000000000e+06 7.602268000000000000e+06 1.186388500000000000e+07 1.856393900000000000e+07 2.884789900000000000e+07 4.489702900000000000e+07 7.073046200000000000e+07 1.112280070000000000e+08 1.743502460000000000e+08 2.700314170000000000e+08
7.907800000000000000e+04 1.232450000000000000e+05 1.925200000000000000e+05 3.020250000000000000e+05 4.719980000000000000e+05 7.389850000000000000e+05 1.159040000000000000e+06 1.818109000000000000e+06 2.843769000000000000e+06 4.464549000000000000e+06 6.980148000000000000e+06 1.085653700000000000e+07 1.698684100000000000e+07 2.662674000000000000e+07 4.163668800000000000e+07 6.484000800000000000e+07 9.982755500000000000e+07 1.523533110000000000e+08 2.313194160000000000e+08 3.476134950000000000e+08
8.490500000000000000e+04 1.318990000000000000e+05 2.045450000000000000e+05 3.186690000000000000e+05 4.997390000000000000e+05 7.857380000000000000e+05 1.235826000000000000e+06 1.946000000000000000e+06 3.056481000000000000e+06 4.830030000000000000e+06 7.605004000000000000e+06 1.198294700000000000e+07 1.892361000000000000e+07 2.974428500000000000e+07 4.642396300000000000e+07 7.214531700000000000e+07 1.121945460000000000e+08 1.740075090000000000e+08 2.693593420000000000e+08 4.153991740000000000e+08
6.042800000000000000e+04 9.415000000000000000e+04 1.452600000000000000e+05 2.287920000000000000e+05 3.594530000000000000e+05 5.652500000000000000e+05 8.865260000000000000e+05 1.397459000000000000e+06 2.193758000000000000e+06 3.448377000000000000e+06 5.430011000000000000e+06 8.534279000000000000e+06 1.343673800000000000e+07 2.123198300000000000e+07 3.358197200000000000e+07 5.332698300000000000e+07 8.465475200000000000e+07 1.342775980000000000e+08 2.140916030000000000e+08 3.414601370000000000e+08
5.521500000000000000e+04 8.591900000000000000e+04 1.340280000000000000e+05 2.075640000000000000e+05 3.271280000000000000e+05 5.151800000000000000e+05 8.098030000000000000e+05 1.277192000000000000e+06 2.012403000000000000e+06 3.169661000000000000e+06 4.998270000000000000e+06 7.861849000000000000e+06 1.242285400000000000e+07 1.967193300000000000e+07 3.129693000000000000e+07 4.983224400000000000e+07 7.958909700000000000e+07 1.279780830000000000e+08 2.056560760000000000e+08 3.294480560000000000e+08
5.598300000000000000e+04 8.732300000000000000e+04 1.348370000000000000e+05 2.126980000000000000e+05 3.337380000000000000e+05 5.229380000000000000e+05 8.246420000000000000e+05 1.300404000000000000e+06 2.046833000000000000e+06 3.245876000000000000e+06 5.134985000000000000e+06 8.139322000000000000e+06 1.285704800000000000e+07 2.042194500000000000e+07 3.224490200000000000e+07 5.070276400000000000e+07 7.994904000000000000e+07 1.259474180000000000e+08 1.978949240000000000e+08 3.102156020000000000e+08
8.984100000000000000e+04 1.385450000000000000e+05 2.163220000000000000e+05 3.382940000000000000e+05 5.312260000000000000e+05 8.373150000000000000e+05 1.318845000000000000e+06 2.087577000000000000e+06 3.276204000000000000e+06 5.169936000000000000e+06 8.147283000000000000e+06 1.284072100000000000e+07 2.030220800000000000e+07 3.215689000000000000e+07 5.085692500000000000e+07 8.019789800000000000e+07 1.270528310000000000e+08 2.020408510000000000e+08 3.215796470000000000e+08 5.154677890000000000e+08
8.631800000000000000e+04 1.346430000000000000e+05 2.117420000000000000e+05 3.338980000000000000e+05 5.228120000000000000e+05 8.242770000000000000e+05 1.296247000000000000e+06 2.037649000000000000e+06 3.201285000000000000e+06 5.056666000000000000e+06 7.974672000000000000e+06 1.260521200000000000e+07 1.993532300000000000e+07 3.142720200000000000e+07 4.958734500000000000e+07 7.842425000000000000e+07 1.238625490000000000e+08 1.960794170000000000e+08 3.097878540000000000e+08 4.904333720000000000e+08
6.837400000000000000e+04 1.060640000000000000e+05 1.667620000000000000e+05 2.617100000000000000e+05 4.083030000000000000e+05 6.410290000000000000e+05 1.006774000000000000e+06 1.577710000000000000e+06 2.474421000000000000e+06 3.900425000000000000e+06 6.133090000000000000e+06 9.629381000000000000e+06 1.522474000000000000e+07 2.416962500000000000e+07 3.833967900000000000e+07 6.095144800000000000e+07 9.753123300000000000e+07 1.554985270000000000e+08 2.466307270000000000e+08 3.897652100000000000e+08
5.804300000000000000e+04 9.084900000000000000e+04 1.408610000000000000e+05 2.207390000000000000e+05 3.449370000000000000e+05 5.391470000000000000e+05 8.476350000000000000e+05 1.323598000000000000e+06 2.066763000000000000e+06 3.213133000000000000e+06 4.988587000000000000e+06 7.726403000000000000e+06 1.190718100000000000e+07 1.834825100000000000e+07 2.835265900000000000e+07 4.352203100000000000e+07 6.690177500000000000e+07 1.016296100000000000e+08 1.507657260000000000e+08 2.237357920000000000e+08
8.352100000000000000e+04 1.310590000000000000e+05 2.058860000000000000e+05 3.215010000000000000e+05 5.018310000000000000e+05 7.884510000000000000e+05 1.247414000000000000e+06 1.956821000000000000e+06 3.085732000000000000e+06 4.875646000000000000e+06 7.705339000000000000e+06 1.215759000000000000e+07 1.912981900000000000e+07 3.008228900000000000e+07 4.729009200000000000e+07 7.454031700000000000e+07 1.175110560000000000e+08 1.852617380000000000e+08 2.903712430000000000e+08 4.559144840000000000e+08
5.291900000000000000e+04 8.130000000000000000e+04 1.272700000000000000e+05 1.992370000000000000e+05 3.154000000000000000e+05 4.956380000000000000e+05 7.850050000000000000e+05 1.242913000000000000e+06 1.960026000000000000e+06 3.101490000000000000e+06 4.894066000000000000e+06 7.754299000000000000e+06 1.230012000000000000e+07 1.955648900000000000e+07 3.106266300000000000e+07 4.954813200000000000e+07 7.890371400000000000e+07 1.255753920000000000e+08 1.997024100000000000e+08 3.187563340000000000e+08
6.527800000000000000e+04 1.026050000000000000e+05 1.597240000000000000e+05 2.490000000000000000e+05 3.895880000000000000e+05 6.129710000000000000e+05 9.679090000000000000e+05 1.525013000000000000e+06 2.391428000000000000e+06 3.764871000000000000e+06 5.959962000000000000e+06 9.418554000000000000e+06 1.491058600000000000e+07 2.362420700000000000e+07 3.735001100000000000e+07 5.904263100000000000e+07 9.321481700000000000e+07 1.466393160000000000e+08 2.304502340000000000e+08 3.613410820000000000e+08
8.608600000000000000e+04 1.327600000000000000e+05 2.060130000000000000e+05 3.201030000000000000e+05 5.022780000000000000e+05 7.894260000000000000e+05 1.240488000000000000e+06 1.941301000000000000e+06 3.026841000000000000e+06 4.723212000000000000e+06 7.358645000000000000e+06 1.145774600000000000e+07 1.776638400000000000e+07 2.738809900000000000e+07 4.174289300000000000e+07 6.241461000000000000e+07 9.096116900000000000e+07 1.284183240000000000e+08 1.717722370000000000e+08 2.132811060000000000e+08
7.701400000000000000e+04 1.201800000000000000e+05 1.880520000000000000e+05 2.931180000000000000e+05 4.591420000000000000e+05 7.204540000000000000e+05 1.130003000000000000e+06 1.767280000000000000e+06 2.767027000000000000e+06 4.359299000000000000e+06 6.875248000000000000e+06 1.084596600000000000e+07 1.702196900000000000e+07 2.663784400000000000e+07 4.190796800000000000e+07 6.586615000000000000e+07 1.042868360000000000e+08 1.663204440000000000e+08 2.660256000000000000e+08 4.246836550000000000e+08
8.423400000000000000e+04 1.311380000000000000e+05 2.053530000000000000e+05 3.215110000000000000e+05 5.056150000000000000e+05 7.960770000000000000e+05 1.259632000000000000e+06 1.978320000000000000e+06 3.132628000000000000e+06 4.924543000000000000e+06 7.757902000000000000e+06 1.223311900000000000e+07 1.933115700000000000e+07 3.059377500000000000e+07 4.834205000000000000e+07 7.652614500000000000e+07 1.213481620000000000e+08 1.922506120000000000e+08 3.035327410000000000e+08 4.815479500000000000e+08
7.929400000000000000e+04 1.224120000000000000e+05 1.898160000000000000e+05 2.967860000000000000e+05 4.617700000000000000e+05 7.174230000000000000e+05 1.119283000000000000e+06 1.751515000000000000e+06 2.735633000000000000e+06 4.253200000000000000e+06 6.579899000000000000e+06 1.020029600000000000e+07 1.571438200000000000e+07 2.409189200000000000e+07 3.669934300000000000e+07 5.559021700000000000e+07 8.378209400000000000e+07 1.234513990000000000e+08 1.781234830000000000e+08 2.553728490000000000e+08
8.024100000000000000e+04 1.235050000000000000e+05 1.921830000000000000e+05 2.995820000000000000e+05 4.670620000000000000e+05 7.296200000000000000e+05 1.138336000000000000e+06 1.786846000000000000e+06 2.805653000000000000e+06 4.406275000000000000e+06 6.910876000000000000e+06 1.083078400000000000e+07 1.703502000000000000e+07 2.674346800000000000e+07 4.196171300000000000e+07 6.616761600000000000e+07 1.050941690000000000e+08 1.675989740000000000e+08 2.683550360000000000e+08 4.302799040000000000e+08
6.797900000000000000e+04 1.056760000000000000e+05 1.667730000000000000e+05 2.604500000000000000e+05 4.080950000000000000e+05 6.391230000000000000e+05 1.008127000000000000e+06 1.587779000000000000e+06 2.510968000000000000e+06 3.974045000000000000e+06 6.268111000000000000e+06 9.899638000000000000e+06 1.562831900000000000e+07 2.474906600000000000e+07 3.922244500000000000e+07 6.195239100000000000e+07 9.748883900000000000e+07 1.531284610000000000e+08 2.407531800000000000e+08 3.805850640000000000e+08
8.426200000000000000e+04 1.302270000000000000e+05 2.037890000000000000e+05 3.199310000000000000e+05 5.008220000000000000e+05 7.855180000000000000e+05 1.232192000000000000e+06 1.938738000000000000e+06 3.051717000000000000e+06 4.801745000000000000e+06 7.561380000000000000e+06 1.186823700000000000e+07 1.870533400000000000e+07 2.960875200000000000e+07 4.704805300000000000e+07 7.477299700000000000e+07 1.185885250000000000e+08 1.869696110000000000e+08 2.945680480000000000e+08 4.655815190000000000e+08
3.967700000000000000e+04 6.093000000000000000e+04 9.404600000000000000e+04 1.472920000000000000e+05 2.307150000000000000e+05 3.593370000000000000e+05 5.614560000000000000e+05 8.781850000000000000e+05 1.373317000000000000e+06 2.138951000000000000e+06 3.317526000000000000e+06 5.163226000000000000e+06 7.984008000000000000e+06 1.234807600000000000e+07 1.897005700000000000e+07 2.885292500000000000e+07 4.413054500000000000e+07 6.641086700000000000e+07 9.734706900000000000e+07 1.405391060000000000e+08
7.881700000000000000e+04 1.234780000000000000e+05 1.926780000000000000e+05 3.009000000000000000e+05 4.725310000000000000e+05 7.429620000000000000e+05 1.169861000000000000e+06 1.839014000000000000e+06 2.898157000000000000e+06 4.568734000000000000e+06 7.214748000000000000e+06 1.137545700000000000e+07 1.795694600000000000e+07 2.825494200000000000e+07 4.420508800000000000e+07 6.893660700000000000e+07 1.078650230000000000e+08 1.687699350000000000e+08 2.628140940000000000e+08 4.079056390000000000e+08
3.622300000000000000e+04 5.613100000000000000e+04 8.697900000000000000e+04 1.359770000000000000e+05 2.119440000000000000e+05 3.328450000000000000e+05 5.226400000000000000e+05 8.235610000000000000e+05 1.291866000000000000e+06 2.032391000000000000e+06 3.195300000000000000e+06 5.028154000000000000e+06 7.943186000000000000e+06 1.247902000000000000e+07 1.950799600000000000e+07 3.031805900000000000e+07 4.721147200000000000e+07 7.339665700000000000e+07 1.146842120000000000e+08 1.779134440000000000e+08
5.224700000000000000e+04 8.100400000000000000e+04 1.250840000000000000e+05 1.969320000000000000e+05 3.085520000000000000e+05 4.787640000000000000e+05 7.533210000000000000e+05 1.177138000000000000e+06 1.852929000000000000e+06 2.901503000000000000e+06 4.557521000000000000e+06 7.134318000000000000e+06 1.117897800000000000e+07 1.750526200000000000e+07 2.743361200000000000e+07 4.297470100000000000e+07 6.717082300000000000e+07 1.046379230000000000e+08 1.624485630000000000e+08 2.575070330000000000e+08
7.323300000000000000e+04 1.146520000000000000e+05 1.771450000000000000e+05 2.769250000000000000e+05 4.344030000000000000e+05 6.819500000000000000e+05 1.078836000000000000e+06 1.691301000000000000e+06 2.664424000000000000e+06 4.194841000000000000e+06 6.593585000000000000e+06 1.037899500000000000e+07 1.633781000000000000e+07 2.576236500000000000e+07 4.044091600000000000e+07 6.336786600000000000e+07 9.955497000000000000e+07 1.572297560000000000e+08 2.514942080000000000e+08 3.990997000000000000e+08
3.211500000000000000e+04 4.945600000000000000e+04 7.653100000000000000e+04 1.195320000000000000e+05 1.862360000000000000e+05 2.885130000000000000e+05 4.571130000000000000e+05 7.145050000000000000e+05 1.122984000000000000e+06 1.764331000000000000e+06 2.769983000000000000e+06 4.357059000000000000e+06 6.815681000000000000e+06 1.071883800000000000e+07 1.688990800000000000e+07 2.649830900000000000e+07 4.137809500000000000e+07 6.555569200000000000e+07 1.041794980000000000e+08 1.626687130000000000e+08
8.142500000000000000e+04 1.263820000000000000e+05 1.970400000000000000e+05 3.085510000000000000e+05 4.842610000000000000e+05 7.591140000000000000e+05 1.190723000000000000e+06 1.866427000000000000e+06 2.935063000000000000e+06 4.622943000000000000e+06 7.249288000000000000e+06 1.133945600000000000e+07 1.777434300000000000e+07 2.782489300000000000e+07 4.342824700000000000e+07 6.756178500000000000e+07 1.048345990000000000e+08 1.615880640000000000e+08 2.479655690000000000e+08 3.772430230000000000e+08
7.386900000000000000e+04 1.146550000000000000e+05 1.770570000000000000e+05 2.738440000000000000e+05 4.250490000000000000e+05 6.636480000000000000e+05 1.042562000000000000e+06 1.619485000000000000e+06 2.536659000000000000e+06 3.930818000000000000e+06 6.099581000000000000e+06 9.442777000000000000e+06 1.445046300000000000e+07 2.202784900000000000e+07 3.281125600000000000e+07 4.795164000000000000e+07 6.797262000000000000e+07 9.261533400000000000e+07 1.188189590000000000e+08 1.343354370000000000e+08
1.058270000000000000e+05 1.649470000000000000e+05 2.557660000000000000e+05 4.009970000000000000e+05 6.260530000000000000e+05 9.795060000000000000e+05 1.533304000000000000e+06 2.401209000000000000e+06 3.753811000000000000e+06 5.852008000000000000e+06 9.141015000000000000e+06 1.422094700000000000e+07 2.202735300000000000e+07 3.409973200000000000e+07 5.278117300000000000e+07 8.162031700000000000e+07 1.254824150000000000e+08 1.905473720000000000e+08 2.831708380000000000e+08 4.160738460000000000e+08
8.739500000000000000e+04 1.356700000000000000e+05 2.133520000000000000e+05 3.340670000000000000e+05 5.252330000000000000e+05 8.256500000000000000e+05 1.294545000000000000e+06 2.038521000000000000e+06 3.209645000000000000e+06 5.055761000000000000e+06 7.947974000000000000e+06 1.247399400000000000e+07 1.970726800000000000e+07 3.118447500000000000e+07 4.938100000000000000e+07 7.836836700000000000e+07 1.242136600000000000e+08 1.970209410000000000e+08 3.126626550000000000e+08 4.948474600000000000e+08
5.799100000000000000e+04 9.067700000000000000e+04 1.416290000000000000e+05 2.223860000000000000e+05 3.515190000000000000e+05 5.505530000000000000e+05 8.652390000000000000e+05 1.357889000000000000e+06 2.133688000000000000e+06 3.351841000000000000e+06 5.295835000000000000e+06 8.410476000000000000e+06 1.331765100000000000e+07 2.103588400000000000e+07 3.333883200000000000e+07 5.270829200000000000e+07 8.281577200000000000e+07 1.311834270000000000e+08 2.068213390000000000e+08 3.234037810000000000e+08
6.589400000000000000e+04 1.024820000000000000e+05 1.614960000000000000e+05 2.513970000000000000e+05 3.926360000000000000e+05 6.177330000000000000e+05 9.667910000000000000e+05 1.523991000000000000e+06 2.395763000000000000e+06 3.774844000000000000e+06 5.919686000000000000e+06 9.255329000000000000e+06 1.445639500000000000e+07 2.254234900000000000e+07 3.496882700000000000e+07 5.381288500000000000e+07 8.189560500000000000e+07 1.235792310000000000e+08 1.842314630000000000e+08 2.711244370000000000e+08
4.650000000000000000e+04 7.281900000000000000e+04 1.135890000000000000e+05 1.796760000000000000e+05 2.806310000000000000e+05 4.428110000000000000e+05 6.965330000000000000e+05 1.095947000000000000e+06 1.732656000000000000e+06 2.738504000000000000e+06 4.344610000000000000e+06 6.850436000000000000e+06 1.085257900000000000e+07 1.725355600000000000e+07 2.744783200000000000e+07 4.379437100000000000e+07 6.981794700000000000e+07 1.109211230000000000e+08 1.768821100000000000e+08 2.838520420000000000e+08
9.254700000000000000e+04 1.440920000000000000e+05 2.254390000000000000e+05 3.490580000000000000e+05 5.500910000000000000e+05 8.665490000000000000e+05 1.366994000000000000e+06 2.157410000000000000e+06 3.401435000000000000e+06 5.391104000000000000e+06 8.517754000000000000e+06 1.347516600000000000e+07 2.130112300000000000e+07 3.368808300000000000e+07 5.323806900000000000e+07 8.450859400000000000e+07 1.339296310000000000e+08 2.129406040000000000e+08 3.379696560000000000e+08 5.347844470000000000e+08
4.598800000000000000e+04 7.181400000000000000e+04 1.115850000000000000e+05 1.759100000000000000e+05 2.759820000000000000e+05 4.325130000000000000e+05 6.846090000000000000e+05 1.077695000000000000e+06 1.691857000000000000e+06 2.660127000000000000e+06 4.172240000000000000e+06 6.605698000000000000e+06 1.044990500000000000e+07 1.658611300000000000e+07 2.634018100000000000e+07 4.183679300000000000e+07 6.694321500000000000e+07 1.071981380000000000e+08 1.709371750000000000e+08 2.752869630000000000e+08
8.852600000000000000e+04 1.364560000000000000e+05 2.116830000000000000e+05 3.313200000000000000e+05 5.184830000000000000e+05 8.136440000000000000e+05 1.280199000000000000e+06 2.009815000000000000e+06 3.168419000000000000e+06 4.997748000000000000e+06 7.898626000000000000e+06 1.246313900000000000e+07 1.967605900000000000e+07 3.106503700000000000e+07 4.915342600000000000e+07 7.767887100000000000e+07 1.228491260000000000e+08 1.948741780000000000e+08 3.131673410000000000e+08 5.018604040000000000e+08
8.954200000000000000e+04 1.392130000000000000e+05 2.192300000000000000e+05 3.436340000000000000e+05 5.392340000000000000e+05 8.452830000000000000e+05 1.331258000000000000e+06 2.083540000000000000e+06 3.279181000000000000e+06 5.183982000000000000e+06 8.160635000000000000e+06 1.289581500000000000e+07 2.046222000000000000e+07 3.252665800000000000e+07 5.165302600000000000e+07 8.186527100000000000e+07 1.299157040000000000e+08 2.065031190000000000e+08 3.253947540000000000e+08 5.124743530000000000e+08
7.668500000000000000e+04 1.189640000000000000e+05 1.865950000000000000e+05 2.940230000000000000e+05 4.619090000000000000e+05 7.301310000000000000e+05 1.151930000000000000e+06 1.808125000000000000e+06 2.853131000000000000e+06 4.497139000000000000e+06 7.102149000000000000e+06 1.118548400000000000e+07 1.767649100000000000e+07 2.804047400000000000e+07 4.450021200000000000e+07 7.020955200000000000e+07 1.106197020000000000e+08 1.745211170000000000e+08 2.762605800000000000e+08 4.364142810000000000e+08
6.130500000000000000e+04 9.613700000000000000e+04 1.501740000000000000e+05 2.322630000000000000e+05 3.655520000000000000e+05 5.749550000000000000e+05 9.014390000000000000e+05 1.419310000000000000e+06 2.233918000000000000e+06 3.511632000000000000e+06 5.523894000000000000e+06 8.708192000000000000e+06 1.367238300000000000e+07 2.140857100000000000e+07 3.360023100000000000e+07 5.281669400000000000e+07 8.254837800000000000e+07 1.282194680000000000e+08 1.984708030000000000e+08 3.076135350000000000e+08
6.124600000000000000e+04 9.554600000000000000e+04 1.504400000000000000e+05 2.353860000000000000e+05 3.674780000000000000e+05 5.792510000000000000e+05 9.011550000000000000e+05 1.424443000000000000e+06 2.225746000000000000e+06 3.508694000000000000e+06 5.531622000000000000e+06 8.725163000000000000e+06 1.368547700000000000e+07 2.156388100000000000e+07 3.412982400000000000e+07 5.413412200000000000e+07 8.563934000000000000e+07 1.359116670000000000e+08 2.164617420000000000e+08 3.417470990000000000e+08
8.236500000000000000e+04 1.278350000000000000e+05 1.995490000000000000e+05 3.137320000000000000e+05 4.909330000000000000e+05 7.728770000000000000e+05 1.213650000000000000e+06 1.913358000000000000e+06 3.019641000000000000e+06 4.754579000000000000e+06 7.493990000000000000e+06 1.185240900000000000e+07 1.874273600000000000e+07 2.980053400000000000e+07 4.741178300000000000e+07 7.546406500000000000e+07 1.200685560000000000e+08 1.915997500000000000e+08 3.068560890000000000e+08 4.901185010000000000e+08
9.289500000000000000e+04 1.446300000000000000e+05 2.267680000000000000e+05 3.551610000000000000e+05 5.582360000000000000e+05 8.802260000000000000e+05 1.386663000000000000e+06 2.185120000000000000e+06 3.453474000000000000e+06 5.467058000000000000e+06 8.630596000000000000e+06 1.364145600000000000e+07 2.157646100000000000e+07 3.411468300000000000e+07 5.405013100000000000e+07 8.582997400000000000e+07 1.355259680000000000e+08 2.133995450000000000e+08 3.351188680000000000e+08 5.268188340000000000e+08
9.090900000000000000e+04 1.421360000000000000e+05 2.208280000000000000e+05 3.452040000000000000e+05 5.415700000000000000e+05 8.517310000000000000e+05 1.343889000000000000e+06 2.115153000000000000e+06 3.321012000000000000e+06 5.207675000000000000e+06 8.170133000000000000e+06 1.281254100000000000e+07 2.009410700000000000e+07 3.146557000000000000e+07 4.923482700000000000e+07 7.659452700000000000e+07 1.190665430000000000e+08 1.839979900000000000e+08 2.801285910000000000e+08 4.213904660000000000e+08
5.539900000000000000e+04 8.587100000000000000e+04 1.339920000000000000e+05 2.079020000000000000e+05 3.254600000000000000e+05 5.083870000000000000e+05 8.014270000000000000e+05 1.256188000000000000e+06 1.976185000000000000e+06 3.116930000000000000e+06 4.909180000000000000e+06 7.726946000000000000e+06 1.221174200000000000e+07 1.927491700000000000e+07 3.038506700000000000e+07 4.807184900000000000e+07 7.644596700000000000e+07 1.229272620000000000e+08 1.980794200000000000e+08 3.204869670000000000e+08
5.715000000000000000e+04 8.878500000000000000e+04 1.389690000000000000e+05 2.202300000000000000e+05 3.446830000000000000e+05 5.422510000000000000e+05 8.566440000000000000e+05 1.349529000000000000e+06 2.127892000000000000e+06 3.373131000000000000e+06 5.361597000000000000e+06 8.469453000000000000e+06 1.337074600000000000e+07 2.115793600000000000e+07 3.354275400000000000e+07 5.306113900000000000e+07 8.371202500000000000e+07 1.323095960000000000e+08 2.095410410000000000e+08 3.321078530000000000e+08
7.305700000000000000e+04 1.128970000000000000e+05 1.778010000000000000e+05 2.786320000000000000e+05 4.363920000000000000e+05 6.916440000000000000e+05 1.084712000000000000e+06 1.715021000000000000e+06 2.706745000000000000e+06 4.258776000000000000e+06 6.708527000000000000e+06 1.059064000000000000e+07 1.671654100000000000e+07 2.636142600000000000e+07 4.166670200000000000e+07 6.589842900000000000e+07 1.040115340000000000e+08 1.642552560000000000e+08 2.578297100000000000e+08 4.062056710000000000e+08
7.068500000000000000e+04 1.102310000000000000e+05 1.731910000000000000e+05 2.713840000000000000e+05 4.256140000000000000e+05 6.699040000000000000e+05 1.053585000000000000e+06 1.659140000000000000e+06 2.612797000000000000e+06 4.110786000000000000e+06 6.484898000000000000e+06 1.020661200000000000e+07 1.601521600000000000e+07 2.513648500000000000e+07 3.945982900000000000e+07 6.184027500000000000e+07 9.686631600000000000e+07 1.509231230000000000e+08 2.325263290000000000e+08 3.592762630000000000e+08
8.666900000000000000e+04 1.352130000000000000e+05 2.117760000000000000e+05 3.311050000000000000e+05 5.216890000000000000e+05 8.246490000000000000e+05 1.299134000000000000e+06 2.059044000000000000e+06 3.251426000000000000e+06 5.128778000000000000e+06 8.097894000000000000e+06 1.281346900000000000e+07 2.028862500000000000e+07 3.220765900000000000e+07 5.120625300000000000e+07 8.147277000000000000e+07 1.293254180000000000e+08 2.047721430000000000e+08 3.222780520000000000e+08 5.090946090000000000e+08
7.772100000000000000e+04 1.215940000000000000e+05 1.885550000000000000e+05 2.976970000000000000e+05 4.677150000000000000e+05 7.357400000000000000e+05 1.159014000000000000e+06 1.827509000000000000e+06 2.878492000000000000e+06 4.539513000000000000e+06 7.166217000000000000e+06 1.134409700000000000e+07 1.798052900000000000e+07 2.856554400000000000e+07 4.514541500000000000e+07 7.122891400000000000e+07 1.125403190000000000e+08 1.775436370000000000e+08 2.800180090000000000e+08 4.391094170000000000e+08
8.124800000000000000e+04 1.265710000000000000e+05 1.990350000000000000e+05 3.110710000000000000e+05 4.890790000000000000e+05 7.643100000000000000e+05 1.200607000000000000e+06 1.891270000000000000e+06 2.974216000000000000e+06 4.693789000000000000e+06 7.404700000000000000e+06 1.168340900000000000e+07 1.838923200000000000e+07 2.894332800000000000e+07 4.582178400000000000e+07 7.267787300000000000e+07 1.155157620000000000e+08 1.829303070000000000e+08 2.905270320000000000e+08 4.637065250000000000e+08
7.812300000000000000e+04 1.214380000000000000e+05 1.890840000000000000e+05 2.961010000000000000e+05 4.636480000000000000e+05 7.277760000000000000e+05 1.147046000000000000e+06 1.797694000000000000e+06 2.813108000000000000e+06 4.432338000000000000e+06 6.979593000000000000e+06 1.099487300000000000e+07 1.729133900000000000e+07 2.720677700000000000e+07 4.255532200000000000e+07 6.616579300000000000e+07 1.021078510000000000e+08 1.563747490000000000e+08 2.369085930000000000e+08 3.518537760000000000e+08
6.677000000000000000e+04 1.030190000000000000e+05 1.607960000000000000e+05 2.500730000000000000e+05 3.928260000000000000e+05 6.183620000000000000e+05 9.752990000000000000e+05 1.526543000000000000e+06 2.394118000000000000e+06 3.756939000000000000e+06 5.874096000000000000e+06 9.180360000000000000e+06 1.426463000000000000e+07 2.213171300000000000e+07 3.408403600000000000e+07 5.248689400000000000e+07 8.059952100000000000e+07 1.231765660000000000e+08 1.877701140000000000e+08 2.839675410000000000e+08
7.357000000000000000e+04 1.149190000000000000e+05 1.791850000000000000e+05 2.794110000000000000e+05 4.361950000000000000e+05 6.804250000000000000e+05 1.061965000000000000e+06 1.657486000000000000e+06 2.578845000000000000e+06 4.016648000000000000e+06 6.204026000000000000e+06 9.594066000000000000e+06 1.480710600000000000e+07 2.282587400000000000e+07 3.499992000000000000e+07 5.348567100000000000e+07 8.081401500000000000e+07 1.216543430000000000e+08 1.818861520000000000e+08 2.698685710000000000e+08
5.605900000000000000e+04 8.825800000000000000e+04 1.379670000000000000e+05 2.156650000000000000e+05 3.407430000000000000e+05 5.331180000000000000e+05 8.361500000000000000e+05 1.313832000000000000e+06 2.063887000000000000e+06 3.244418000000000000e+06 5.125132000000000000e+06 8.109468000000000000e+06 1.280420200000000000e+07 2.018165900000000000e+07 3.198212500000000000e+07 5.087157600000000000e+07 8.056656700000000000e+07 1.275860730000000000e+08 2.037257530000000000e+08 3.241953980000000000e+08
5.054400000000000000e+04 7.953400000000000000e+04 1.241230000000000000e+05 1.956000000000000000e+05 3.068900000000000000e+05 4.831700000000000000e+05 7.590020000000000000e+05 1.196015000000000000e+06 1.885940000000000000e+06 2.978965000000000000e+06 4.725662000000000000e+06 7.464923000000000000e+06 1.182164900000000000e+07 1.862549300000000000e+07 2.936793900000000000e+07 4.607436800000000000e+07 7.250156600000000000e+07 1.147376510000000000e+08 1.819143160000000000e+08 2.887366240000000000e+08
8.458200000000000000e+04 1.320780000000000000e+05 2.063830000000000000e+05 3.221620000000000000e+05 5.049880000000000000e+05 7.917740000000000000e+05 1.240136000000000000e+06 1.944089000000000000e+06 3.039525000000000000e+06 4.756512000000000000e+06 7.477189000000000000e+06 1.169615400000000000e+07 1.821002100000000000e+07 2.835949800000000000e+07 4.404256300000000000e+07 6.813829700000000000e+07 1.049368650000000000e+08 1.603396470000000000e+08 2.427556500000000000e+08 3.636182010000000000e+08
6.391100000000000000e+04 9.879400000000000000e+04 1.555330000000000000e+05 2.435090000000000000e+05 3.844610000000000000e+05 6.003740000000000000e+05 9.421820000000000000e+05 1.479205000000000000e+06 2.328419000000000000e+06 3.644017000000000000e+06 5.716892000000000000e+06 8.953477000000000000e+06 1.406050500000000000e+07 2.212668200000000000e+07 3.483470800000000000e+07 5.479995100000000000e+07 8.545176700000000000e+07 1.318872690000000000e+08 2.017131910000000000e+08 3.032889710000000000e+08
5.826200000000000000e+04 8.897500000000000000e+04 1.395240000000000000e+05 2.183140000000000000e+05 3.407690000000000000e+05 5.364420000000000000e+05 8.437270000000000000e+05 1.321252000000000000e+06 2.069551000000000000e+06 3.264809000000000000e+06 5.136302000000000000e+06 8.088158000000000000e+06 1.269421700000000000e+07 1.993320600000000000e+07 3.120115000000000000e+07 4.838762300000000000e+07 7.453411600000000000e+07 1.144143660000000000e+08 1.736559830000000000e+08 2.605985980000000000e+08
5.781900000000000000e+04 9.003500000000000000e+04 1.402030000000000000e+05 2.191140000000000000e+05 3.435900000000000000e+05 5.452240000000000000e+05 8.616120000000000000e+05 1.349019000000000000e+06 2.125913000000000000e+06 3.341113000000000000e+06 5.264328000000000000e+06 8.318639000000000000e+06 1.317090000000000000e+07 2.085885400000000000e+07 3.309694900000000000e+07 5.246169100000000000e+07 8.340611000000000000e+07 1.331419410000000000e+08 2.126886940000000000e+08 3.390435390000000000e+08
6.447400000000000000e+04 1.003980000000000000e+05 1.569360000000000000e+05 2.454250000000000000e+05 3.822930000000000000e+05 5.988850000000000000e+05 9.415640000000000000e+05 1.476227000000000000e+06 2.305772000000000000e+06 3.631164000000000000e+06 5.679400000000000000e+06 8.893549000000000000e+06 1.391070300000000000e+07 2.178688500000000000e+07 3.386441000000000000e+07 5.219260900000000000e+07 8.029613000000000000e+07 1.237888400000000000e+08 1.890158450000000000e+08 2.846623870000000000e+08
5.201600000000000000e+04 8.140800000000000000e+04 1.271310000000000000e+05 1.980990000000000000e+05 3.113800000000000000e+05 4.897110000000000000e+05 7.774600000000000000e+05 1.225522000000000000e+06 1.929670000000000000e+06 3.047577000000000000e+06 4.803509000000000000e+06 7.603607000000000000e+06 1.198646300000000000e+07 1.894805200000000000e+07 2.991120700000000000e+07 4.730153700000000000e+07 7.507796400000000000e+07 1.192748040000000000e+08 1.896718000000000000e+08 3.021053040000000000e+08
6.706600000000000000e+04 1.045930000000000000e+05 1.639100000000000000e+05 2.590290000000000000e+05 4.064500000000000000e+05 6.396910000000000000e+05 1.011129000000000000e+06 1.588503000000000000e+06 2.504860000000000000e+06 3.947694000000000000e+06 6.208648000000000000e+06 9.770148000000000000e+06 1.544869100000000000e+07 2.451983300000000000e+07 3.888099100000000000e+07 6.187068000000000000e+07 9.846625800000000000e+07 1.568394620000000000e+08 2.494132820000000000e+08 3.933892850000000000e+08
6.143500000000000000e+04 9.650400000000000000e+04 1.485250000000000000e+05 2.337470000000000000e+05 3.673350000000000000e+05 5.788850000000000000e+05 9.171930000000000000e+05 1.443460000000000000e+06 2.273672000000000000e+06 3.581255000000000000e+06 5.652831000000000000e+06 8.945426000000000000e+06 1.409511000000000000e+07 2.223738100000000000e+07 3.521245200000000000e+07 5.591314900000000000e+07 8.916054200000000000e+07 1.412891080000000000e+08 2.233977950000000000e+08 3.536139360000000000e+08
7.755600000000000000e+04 1.187250000000000000e+05 1.848720000000000000e+05 2.886460000000000000e+05 4.496730000000000000e+05 7.030590000000000000e+05 1.091662000000000000e+06 1.709980000000000000e+06 2.661912000000000000e+06 4.158939000000000000e+06 6.509395000000000000e+06 1.018926700000000000e+07 1.588193700000000000e+07 2.474248900000000000e+07 3.868559800000000000e+07 6.036417300000000000e+07 9.331795300000000000e+07 1.432150640000000000e+08 2.183832180000000000e+08 3.325808150000000000e+08
7.457300000000000000e+04 1.171780000000000000e+05 1.835420000000000000e+05 2.880780000000000000e+05 4.542080000000000000e+05 7.169260000000000000e+05 1.125573000000000000e+06 1.772432000000000000e+06 2.790067000000000000e+06 4.409173000000000000e+06 6.940969000000000000e+06 1.094557500000000000e+07 1.729226700000000000e+07 2.728668900000000000e+07 4.294028000000000000e+07 6.754059500000000000e+07 1.068259320000000000e+08 1.700082940000000000e+08 2.699712080000000000e+08 4.259373070000000000e+08
9.404400000000000000e+04 1.465310000000000000e+05 2.276050000000000000e+05 3.574460000000000000e+05 5.615830000000000000e+05 8.797150000000000000e+05 1.380991000000000000e+06 2.177018000000000000e+06 3.422810000000000000e+06 5.406786000000000000e+06 8.551198000000000000e+06 1.354539700000000000e+07 2.134256300000000000e+07 3.374727700000000000e+07 5.317874600000000000e+07 8.384449800000000000e+07 1.318156620000000000e+08 2.055994100000000000e+08 3.209601770000000000e+08 5.006061490000000000e+08
7.284200000000000000e+04 1.136180000000000000e+05 1.757960000000000000e+05 2.756960000000000000e+05 4.336510000000000000e+05 6.857550000000000000e+05 1.080110000000000000e+06 1.695124000000000000e+06 2.674507000000000000e+06 4.213825000000000000e+06 6.657450000000000000e+06 1.052661300000000000e+07 1.662774500000000000e+07 2.632836700000000000e+07 4.190817800000000000e+07 6.676443500000000000e+07 1.061117120000000000e+08 1.693236460000000000e+08 2.714199200000000000e+08 4.297451370000000000e+08
1.008810000000000000e+05 1.551330000000000000e+05 2.409640000000000000e+05 3.772720000000000000e+05 5.899760000000000000e+05 9.303690000000000000e+05 1.466574000000000000e+06 2.304479000000000000e+06 3.629129000000000000e+06 5.700160000000000000e+06 8.914168000000000000e+06 1.397868800000000000e+07 2.183889100000000000e+07 3.402011900000000000e+07 5.294979600000000000e+07 8.204874400000000000e+07 1.265799190000000000e+08 1.942364000000000000e+08 2.949090620000000000e+08 4.387076670000000000e+08
5.888100000000000000e+04 9.188300000000000000e+04 1.437040000000000000e+05 2.246840000000000000e+05 3.527730000000000000e+05 5.534000000000000000e+05 8.706860000000000000e+05 1.368927000000000000e+06 2.161627000000000000e+06 3.418100000000000000e+06 5.392820000000000000e+06 8.520615000000000000e+06 1.349134100000000000e+07 2.129834000000000000e+07 3.373464700000000000e+07 5.354602100000000000e+07 8.511846400000000000e+07 1.345055460000000000e+08 2.127377750000000000e+08 3.381098500000000000e+08
5.178500000000000000e+04 8.147800000000000000e+04 1.270010000000000000e+05 2.005860000000000000e+05 3.152390000000000000e+05 4.959160000000000000e+05 7.796330000000000000e+05 1.230273000000000000e+06 1.944866000000000000e+06 3.073944000000000000e+06 4.850832000000000000e+06 7.673979000000000000e+06 1.212824900000000000e+07 1.931738200000000000e+07 3.070337400000000000e+07 4.858800300000000000e+07 7.689354300000000000e+07 1.221091970000000000e+08 1.939975530000000000e+08 3.075759200000000000e+08
7.885700000000000000e+04 1.228290000000000000e+05 1.909620000000000000e+05 2.990020000000000000e+05 4.695150000000000000e+05 7.367280000000000000e+05 1.158649000000000000e+06 1.807157000000000000e+06 2.830904000000000000e+06 4.455634000000000000e+06 7.065684000000000000e+06 1.116514000000000000e+07 1.769504000000000000e+07 2.809202400000000000e+07 4.436726000000000000e+07 6.997714200000000000e+07 1.110006250000000000e+08 1.762986630000000000e+08 2.810205520000000000e+08 4.440160310000000000e+08
9.798500000000000000e+04 1.520540000000000000e+05 2.364590000000000000e+05 3.680780000000000000e+05 5.748910000000000000e+05 9.013760000000000000e+05 1.407937000000000000e+06 2.204954000000000000e+06 3.451248000000000000e+06 5.403012000000000000e+06 8.469096000000000000e+06 1.325668200000000000e+07 2.068557100000000000e+07 3.230121300000000000e+07 5.052868100000000000e+07 7.889145800000000000e+07 1.229090830000000000e+08 1.900353660000000000e+08 2.913342590000000000e+08 4.493212830000000000e+08
7.834800000000000000e+04 1.211190000000000000e+05 1.897000000000000000e+05 2.965050000000000000e+05 4.631300000000000000e+05 7.261570000000000000e+05 1.142142000000000000e+06 1.785928000000000000e+06 2.801970000000000000e+06 4.402122000000000000e+06 6.917662000000000000e+06 1.086113000000000000e+07 1.709514000000000000e+07 2.690767700000000000e+07 4.226945500000000000e+07 6.597620200000000000e+07 1.023671430000000000e+08 1.581623320000000000e+08 2.433812620000000000e+08 3.723205430000000000e+08
7.441200000000000000e+04 1.165500000000000000e+05 1.817720000000000000e+05 2.830330000000000000e+05 4.459750000000000000e+05 6.979570000000000000e+05 1.102664000000000000e+06 1.743383000000000000e+06 2.746853000000000000e+06 4.336882000000000000e+06 6.844685000000000000e+06 1.082207700000000000e+07 1.708365900000000000e+07 2.690132000000000000e+07 4.233101200000000000e+07 6.652969300000000000e+07 1.046007260000000000e+08 1.632358950000000000e+08 2.548261210000000000e+08 4.007820310000000000e+08
6.475300000000000000e+04 9.986400000000000000e+04 1.565560000000000000e+05 2.437290000000000000e+05 3.825850000000000000e+05 5.973130000000000000e+05 9.358360000000000000e+05 1.468969000000000000e+06 2.299078000000000000e+06 3.594232000000000000e+06 5.597581000000000000e+06 8.698417000000000000e+06 1.345303100000000000e+07 2.082814200000000000e+07 3.223982000000000000e+07 4.979456700000000000e+07 7.716667000000000000e+07 1.185203180000000000e+08 1.803323800000000000e+08 2.695199420000000000e+08
8.202200000000000000e+04 1.267420000000000000e+05 1.958390000000000000e+05 3.072740000000000000e+05 4.821020000000000000e+05 7.518990000000000000e+05 1.187306000000000000e+06 1.862371000000000000e+06 2.919204000000000000e+06 4.583289000000000000e+06 7.185416000000000000e+06 1.124192200000000000e+07 1.763642500000000000e+07 2.752539000000000000e+07 4.286497600000000000e+07 6.653188600000000000e+07 1.031407280000000000e+08 1.576032870000000000e+08 2.367798670000000000e+08 3.498123960000000000e+08
8.898300000000000000e+04 1.388260000000000000e+05 2.163040000000000000e+05 3.394440000000000000e+05 5.292270000000000000e+05 8.322320000000000000e+05 1.309787000000000000e+06 2.053312000000000000e+06 3.231527000000000000e+06 5.074918000000000000e+06 7.964707000000000000e+06 1.247210400000000000e+07 1.949220500000000000e+07 3.045204100000000000e+07 4.737402200000000000e+07 7.326129800000000000e+07 1.133269300000000000e+08 1.739472690000000000e+08 2.656881980000000000e+08 4.033548530000000000e+08
9.298800000000000000e+04 1.461920000000000000e+05 2.251530000000000000e+05 3.536120000000000000e+05 5.564140000000000000e+05 8.681800000000000000e+05 1.363454000000000000e+06 2.144211000000000000e+06 3.353496000000000000e+06 5.270986000000000000e+06 8.265121000000000000e+06 1.296160900000000000e+07 2.035108300000000000e+07 3.216468300000000000e+07 5.113017900000000000e+07 8.108926000000000000e+07 1.281437590000000000e+08 2.023145010000000000e+08 3.219732300000000000e+08 5.153258760000000000e+08
4.954000000000000000e+04 7.723400000000000000e+04 1.204240000000000000e+05 1.875150000000000000e+05 2.959850000000000000e+05 4.636910000000000000e+05 7.258860000000000000e+05 1.143659000000000000e+06 1.801196000000000000e+06 2.847066000000000000e+06 4.503571000000000000e+06 7.072105000000000000e+06 1.111743700000000000e+07 1.754044300000000000e+07 2.767292400000000000e+07 4.360589900000000000e+07 6.879265200000000000e+07 1.081612250000000000e+08 1.696605310000000000e+08 2.605639480000000000e+08
6.160100000000000000e+04 9.509800000000000000e+04 1.468670000000000000e+05 2.294430000000000000e+05 3.597370000000000000e+05 5.599220000000000000e+05 8.776010000000000000e+05 1.369168000000000000e+06 2.144200000000000000e+06 3.372966000000000000e+06 5.302384000000000000e+06 8.342633000000000000e+06 1.319725100000000000e+07 2.087306800000000000e+07 3.300160900000000000e+07 5.202155300000000000e+07 8.225024000000000000e+07 1.291395780000000000e+08 2.033529550000000000e+08 3.221658540000000000e+08
8.941700000000000000e+04 1.381090000000000000e+05 2.162540000000000000e+05 3.377520000000000000e+05 5.285560000000000000e+05 8.301370000000000000e+05 1.303542000000000000e+06 2.037464000000000000e+06 3.190755000000000000e+06 5.026635000000000000e+06 7.885141000000000000e+06 1.239055900000000000e+07 1.938352500000000000e+07 3.032193100000000000e+07 4.743536400000000000e+07 7.387029000000000000e+07 1.148876130000000000e+08 1.779368180000000000e+08 2.723194310000000000e+08 4.104128310000000000e+08
7.820100000000000000e+04 1.210770000000000000e+05 1.902350000000000000e+05 2.954340000000000000e+05 4.629770000000000000e+05 7.278530000000000000e+05 1.142174000000000000e+06 1.789566000000000000e+06 2.814791000000000000e+06 4.438500000000000000e+06 7.003266000000000000e+06 1.101821400000000000e+07 1.734139300000000000e+07 2.741092400000000000e+07 4.357012200000000000e+07 6.939222400000000000e+07 1.103366230000000000e+08 1.747534570000000000e+08 2.800220800000000000e+08 4.476167620000000000e+08
9.213500000000000000e+04 1.434570000000000000e+05 2.237090000000000000e+05 3.519750000000000000e+05 5.498950000000000000e+05 8.616150000000000000e+05 1.357971000000000000e+06 2.134934000000000000e+06 3.346553000000000000e+06 5.253328000000000000e+06 8.255782000000000000e+06 1.294891700000000000e+07 2.033355400000000000e+07 3.219441800000000000e+07 5.105931600000000000e+07 8.097574600000000000e+07 1.289851170000000000e+08 2.049790050000000000e+08 3.265969930000000000e+08 5.216058190000000000e+08
2.289500000000000000e+04 3.611900000000000000e+04 5.433400000000000000e+04 8.460500000000000000e+04 1.319050000000000000e+05 2.079930000000000000e+05 3.238130000000000000e+05 5.033360000000000000e+05 7.867430000000000000e+05 1.214500000000000000e+06 1.867804000000000000e+06 2.882418000000000000e+06 4.413758000000000000e+06 6.786969000000000000e+06 1.016142200000000000e+07 1.482476400000000000e+07 2.166331300000000000e+07 3.190902500000000000e+07 4.715733000000000000e+07 7.105365200000000000e+07
8.138600000000000000e+04 1.258750000000000000e+05 1.974000000000000000e+05 3.067720000000000000e+05 4.818260000000000000e+05 7.552010000000000000e+05 1.189483000000000000e+06 1.871345000000000000e+06 2.936807000000000000e+06 4.642725000000000000e+06 7.315488000000000000e+06 1.155483700000000000e+07 1.838457100000000000e+07 2.922477600000000000e+07 4.649977000000000000e+07 7.371179900000000000e+07 1.165769750000000000e+08 1.840086920000000000e+08 2.890566540000000000e+08 4.527101590000000000e+08
7.913500000000000000e+04 1.223680000000000000e+05 1.909470000000000000e+05 2.995620000000000000e+05 4.669030000000000000e+05 7.306850000000000000e+05 1.153030000000000000e+06 1.808669000000000000e+06 2.846944000000000000e+06 4.482559000000000000e+06 7.067809000000000000e+06 1.109368800000000000e+07 1.745343200000000000e+07 2.741166600000000000e+07 4.297380600000000000e+07 6.740331200000000000e+07 1.056868150000000000e+08 1.653312530000000000e+08 2.596774230000000000e+08 4.052509490000000000e+08
7.446100000000000000e+04 1.164350000000000000e+05 1.818930000000000000e+05 2.840500000000000000e+05 4.462220000000000000e+05 7.004800000000000000e+05 1.103606000000000000e+06 1.736734000000000000e+06 2.739579000000000000e+06 4.341446000000000000e+06 6.854434000000000000e+06 1.078879200000000000e+07 1.701910000000000000e+07 2.689647400000000000e+07 4.266798100000000000e+07 6.763611700000000000e+07 1.068497680000000000e+08 1.675716680000000000e+08 2.613145040000000000e+08 4.062539690000000000e+08
5.914700000000000000e+04 9.177600000000000000e+04 1.427610000000000000e+05 2.226720000000000000e+05 3.485830000000000000e+05 5.493470000000000000e+05 8.630630000000000000e+05 1.357470000000000000e+06 2.145854000000000000e+06 3.390520000000000000e+06 5.355961000000000000e+06 8.493071000000000000e+06 1.346825800000000000e+07 2.140296200000000000e+07 3.396556500000000000e+07 5.411258200000000000e+07 8.609053600000000000e+07 1.368796710000000000e+08 2.166960250000000000e+08 3.410599260000000000e+08
5.777900000000000000e+04 8.969400000000000000e+04 1.399600000000000000e+05 2.197070000000000000e+05 3.438850000000000000e+05 5.402290000000000000e+05 8.528830000000000000e+05 1.338007000000000000e+06 2.109326000000000000e+06 3.338107000000000000e+06 5.263912000000000000e+06 8.330969000000000000e+06 1.312322000000000000e+07 2.054039100000000000e+07 3.214975200000000000e+07 5.043772600000000000e+07 7.928724300000000000e+07 1.240105880000000000e+08 1.934878330000000000e+08 3.033580210000000000e+08
7.942500000000000000e+04 1.230620000000000000e+05 1.904250000000000000e+05 2.963560000000000000e+05 4.629600000000000000e+05 7.248160000000000000e+05 1.139972000000000000e+06 1.769555000000000000e+06 2.751115000000000000e+06 4.266926000000000000e+06 6.571298000000000000e+06 1.010271500000000000e+07 1.538412800000000000e+07 2.329576100000000000e+07 3.494300000000000000e+07 5.222819000000000000e+07 7.622485000000000000e+07 1.076676440000000000e+08 1.435955260000000000e+08 1.737564850000000000e+08
6.451000000000000000e+04 1.007690000000000000e+05 1.548160000000000000e+05 2.416240000000000000e+05 3.802100000000000000e+05 5.930240000000000000e+05 9.295110000000000000e+05 1.452945000000000000e+06 2.276933000000000000e+06 3.559117000000000000e+06 5.573454000000000000e+06 8.787511000000000000e+06 1.383291500000000000e+07 2.184515600000000000e+07 3.428987900000000000e+07 5.379207800000000000e+07 8.449201500000000000e+07 1.331530310000000000e+08 2.119828280000000000e+08 3.383457180000000000e+08
1.065130000000000000e+05 1.634700000000000000e+05 2.551780000000000000e+05 3.990580000000000000e+05 6.223880000000000000e+05 9.759610000000000000e+05 1.538579000000000000e+06 2.417353000000000000e+06 3.804392000000000000e+06 5.998302000000000000e+06 9.506256000000000000e+06 1.499187600000000000e+07 2.374036800000000000e+07 3.743348000000000000e+07 5.904875100000000000e+07 9.324629300000000000e+07 1.465482450000000000e+08 2.299274760000000000e+08 3.609979800000000000e+08 5.665371790000000000e+08
9.800000000000000000e+04 1.528890000000000000e+05 2.376830000000000000e+05 3.726250000000000000e+05 5.804820000000000000e+05 9.143910000000000000e+05 1.441456000000000000e+06 2.272111000000000000e+06 3.569874000000000000e+06 5.616863000000000000e+06 8.823165000000000000e+06 1.384269400000000000e+07 2.175742200000000000e+07 3.406267300000000000e+07 5.349457600000000000e+07 8.373679800000000000e+07 1.303024420000000000e+08 2.014007930000000000e+08 3.108821910000000000e+08 4.774908340000000000e+08
6.259500000000000000e+04 9.618100000000000000e+04 1.485630000000000000e+05 2.298550000000000000e+05 3.560500000000000000e+05 5.536730000000000000e+05 8.719800000000000000e+05 1.348646000000000000e+06 2.078178000000000000e+06 3.213760000000000000e+06 4.926358000000000000e+06 7.561574000000000000e+06 1.149782000000000000e+07 1.744595000000000000e+07 2.641917800000000000e+07 3.913316800000000000e+07 5.626476200000000000e+07 7.883273900000000000e+07 1.032576570000000000e+08 1.273583910000000000e+08
7.561600000000000000e+04 1.184700000000000000e+05 1.848950000000000000e+05 2.888540000000000000e+05 4.520040000000000000e+05 7.133980000000000000e+05 1.123361000000000000e+06 1.767572000000000000e+06 2.778808000000000000e+06 4.379798000000000000e+06 6.902387000000000000e+06 1.088432100000000000e+07 1.710386400000000000e+07 2.706849200000000000e+07 4.292586800000000000e+07 6.794808400000000000e+07 1.070470980000000000e+08 1.688713980000000000e+08 2.674337540000000000e+08 4.236783490000000000e+08
7.480100000000000000e+04 1.166190000000000000e+05 1.826310000000000000e+05 2.859250000000000000e+05 4.472650000000000000e+05 7.047370000000000000e+05 1.109711000000000000e+06 1.743795000000000000e+06 2.740719000000000000e+06 4.294900000000000000e+06 6.750333000000000000e+06 1.062291500000000000e+07 1.663820400000000000e+07 2.597256900000000000e+07 4.028082500000000000e+07 6.195335500000000000e+07 9.483551700000000000e+07 1.438762110000000000e+08 2.149730740000000000e+08 3.132439910000000000e+08
6.489200000000000000e+04 1.002300000000000000e+05 1.564370000000000000e+05 2.458490000000000000e+05 3.865600000000000000e+05 6.080340000000000000e+05 9.592330000000000000e+05 1.509163000000000000e+06 2.372302000000000000e+06 3.737027000000000000e+06 5.898635000000000000e+06 9.272492000000000000e+06 1.457192000000000000e+07 2.303859500000000000e+07 3.629451200000000000e+07 5.714180200000000000e+07 9.027521900000000000e+07 1.424205470000000000e+08 2.233019370000000000e+08 3.566454270000000000e+08
1.106950000000000000e+05 1.720870000000000000e+05 2.697450000000000000e+05 4.243990000000000000e+05 6.644000000000000000e+05 1.042613000000000000e+06 1.643496000000000000e+06 2.590237000000000000e+06 4.082190000000000000e+06 6.440055000000000000e+06 1.017116400000000000e+07 1.603638400000000000e+07 2.531156200000000000e+07 4.005982700000000000e+07 6.326204100000000000e+07 1.002216150000000000e+08 1.585887790000000000e+08 2.510108290000000000e+08 3.971486190000000000e+08 6.202920730000000000e+08
6.544600000000000000e+04 1.001870000000000000e+05 1.560010000000000000e+05 2.448620000000000000e+05 3.803380000000000000e+05 5.977730000000000000e+05 9.408870000000000000e+05 1.472282000000000000e+06 2.309719000000000000e+06 3.626832000000000000e+06 5.672889000000000000e+06 8.914954000000000000e+06 1.398272100000000000e+07 2.184932200000000000e+07 3.425119500000000000e+07 5.352331600000000000e+07 8.252711000000000000e+07 1.256617240000000000e+08 1.880163820000000000e+08 2.741320810000000000e+08
5.564600000000000000e+04 8.651600000000000000e+04 1.335290000000000000e+05 2.086640000000000000e+05 3.306430000000000000e+05 5.175090000000000000e+05 8.141700000000000000e+05 1.281112000000000000e+06 2.015605000000000000e+06 3.160700000000000000e+06 4.943550000000000000e+06 7.766766000000000000e+06 1.224147200000000000e+07 1.921241200000000000e+07 2.999269200000000000e+07 4.702064400000000000e+07 7.358479600000000000e+07 1.152353920000000000e+08 1.809557610000000000e+08 2.865694050000000000e+08
6.690600000000000000e+04 1.034570000000000000e+05 1.609780000000000000e+05 2.517510000000000000e+05 3.939180000000000000e+05 6.159340000000000000e+05 9.577350000000000000e+05 1.502943000000000000e+06 2.350964000000000000e+06 3.679673000000000000e+06 5.742830000000000000e+06 8.995830000000000000e+06 1.412448400000000000e+07 2.207146800000000000e+07 3.442617300000000000e+07 5.334778300000000000e+07 8.244381000000000000e+07 1.277830990000000000e+08 1.979890570000000000e+08 3.027805790000000000e+08
7.502600000000000000e+04 1.167850000000000000e+05 1.829260000000000000e+05 2.866540000000000000e+05 4.512120000000000000e+05 7.065000000000000000e+05 1.109822000000000000e+06 1.749511000000000000e+06 2.746137000000000000e+06 4.303066000000000000e+06 6.763684000000000000e+06 1.061404700000000000e+07 1.665432800000000000e+07 2.613514000000000000e+07 4.098906400000000000e+07 6.444195000000000000e+07 1.019571370000000000e+08 1.605139620000000000e+08 2.492712800000000000e+08 3.867006720000000000e+08
6.618200000000000000e+04 1.027320000000000000e+05 1.592770000000000000e+05 2.488150000000000000e+05 3.879970000000000000e+05 6.112920000000000000e+05 9.635630000000000000e+05 1.515933000000000000e+06 2.382175000000000000e+06 3.736487000000000000e+06 5.847967000000000000e+06 9.103843000000000000e+06 1.413979900000000000e+07 2.198701800000000000e+07 3.394026000000000000e+07 5.220853800000000000e+07 7.977683900000000000e+07 1.198293730000000000e+08 1.778208480000000000e+08 2.615279530000000000e+08
5.809100000000000000e+04 9.048400000000000000e+04 1.422360000000000000e+05 2.221950000000000000e+05 3.464070000000000000e+05 5.462500000000000000e+05 8.580280000000000000e+05 1.336409000000000000e+06 2.084665000000000000e+06 3.256737000000000000e+06 5.063602000000000000e+06 7.857318000000000000e+06 1.215495600000000000e+07 1.863344900000000000e+07 2.831703100000000000e+07 4.271568300000000000e+07 6.402037600000000000e+07 9.571441200000000000e+07 1.444206510000000000e+08 2.213992950000000000e+08
6.167600000000000000e+04 9.567200000000000000e+04 1.489470000000000000e+05 2.332360000000000000e+05 3.653330000000000000e+05 5.736850000000000000e+05 8.996670000000000000e+05 1.409237000000000000e+06 2.209298000000000000e+06 3.479371000000000000e+06 5.466125000000000000e+06 8.547620000000000000e+06 1.348907800000000000e+07 2.127624100000000000e+07 3.371382500000000000e+07 5.327817700000000000e+07 8.423190100000000000e+07 1.327400710000000000e+08 2.083550360000000000e+08 3.216707460000000000e+08
1.146340000000000000e+05 1.790280000000000000e+05 2.771030000000000000e+05 4.364870000000000000e+05 6.810030000000000000e+05 1.069783000000000000e+06 1.678946000000000000e+06 2.640783000000000000e+06 4.163016000000000000e+06 6.576943000000000000e+06 1.037107700000000000e+07 1.638153200000000000e+07 2.576417700000000000e+07 4.049727800000000000e+07 6.340726700000000000e+07 9.910439000000000000e+07 1.559428160000000000e+08 2.447493650000000000e+08 3.832202350000000000e+08 5.991340090000000000e+08
8.128400000000000000e+04 1.255880000000000000e+05 1.973200000000000000e+05 3.080150000000000000e+05 4.820640000000000000e+05 7.532000000000000000e+05 1.186650000000000000e+06 1.862380000000000000e+06 2.932332000000000000e+06 4.610706000000000000e+06 7.262361000000000000e+06 1.147681700000000000e+07 1.800871700000000000e+07 2.835298700000000000e+07 4.461386100000000000e+07 7.045726100000000000e+07 1.114286180000000000e+08 1.749350200000000000e+08 2.753375710000000000e+08 4.307910210000000000e+08
8.533700000000000000e+04 1.319780000000000000e+05 2.074300000000000000e+05 3.227790000000000000e+05 5.063900000000000000e+05 7.988870000000000000e+05 1.261389000000000000e+06 1.977922000000000000e+06 3.122479000000000000e+06 4.925920000000000000e+06 7.788183000000000000e+06 1.228216100000000000e+07 1.939882100000000000e+07 3.056760800000000000e+07 4.847263600000000000e+07 7.683701000000000000e+07 1.223051550000000000e+08 1.944594280000000000e+08 3.088827190000000000e+08 4.925479810000000000e+08
6.204300000000000000e+04 9.712800000000000000e+04 1.525370000000000000e+05 2.378480000000000000e+05 3.743600000000000000e+05 5.881850000000000000e+05 9.208900000000000000e+05 1.450952000000000000e+06 2.281916000000000000e+06 3.583948000000000000e+06 5.631194000000000000e+06 8.835250000000000000e+06 1.393576200000000000e+07 2.216344300000000000e+07 3.530426100000000000e+07 5.597902900000000000e+07 8.918780800000000000e+07 1.416928470000000000e+08 2.262304410000000000e+08 3.616861350000000000e+08
4.960300000000000000e+04 7.676900000000000000e+04 1.192080000000000000e+05 1.857470000000000000e+05 2.898560000000000000e+05 4.548620000000000000e+05 7.128510000000000000e+05 1.114205000000000000e+06 1.755828000000000000e+06 2.753904000000000000e+06 4.326420000000000000e+06 6.828700000000000000e+06 1.073691400000000000e+07 1.698902700000000000e+07 2.702210500000000000e+07 4.324018500000000000e+07 6.927107000000000000e+07 1.102679390000000000e+08 1.774136350000000000e+08 2.828796090000000000e+08
5.399800000000000000e+04 8.440500000000000000e+04 1.308030000000000000e+05 2.048050000000000000e+05 3.222340000000000000e+05 5.103960000000000000e+05 8.012380000000000000e+05 1.263834000000000000e+06 1.999128000000000000e+06 3.156808000000000000e+06 4.990775000000000000e+06 7.876140000000000000e+06 1.243491500000000000e+07 1.968641800000000000e+07 3.125361200000000000e+07 4.964023500000000000e+07 7.906592400000000000e+07 1.265351910000000000e+08 2.033617350000000000e+08 3.279678010000000000e+08
2.350900000000000000e+04 3.598300000000000000e+04 5.670500000000000000e+04 8.762600000000000000e+04 1.375830000000000000e+05 2.152650000000000000e+05 3.353220000000000000e+05 5.286940000000000000e+05 8.331610000000000000e+05 1.295348000000000000e+06 2.014252000000000000e+06 3.127881000000000000e+06 4.861770000000000000e+06 7.450790000000000000e+06 1.143061100000000000e+07 1.750782000000000000e+07 2.644184000000000000e+07 3.952784700000000000e+07 5.763767500000000000e+07 8.349053600000000000e+07
5.468100000000000000e+04 8.422400000000000000e+04 1.312290000000000000e+05 2.055390000000000000e+05 3.206660000000000000e+05 5.038150000000000000e+05 7.869950000000000000e+05 1.232184000000000000e+06 1.939122000000000000e+06 3.039941000000000000e+06 4.783126000000000000e+06 7.512863000000000000e+06 1.182094100000000000e+07 1.855821200000000000e+07 2.916258600000000000e+07 4.587277900000000000e+07 7.219982400000000000e+07 1.142335790000000000e+08 1.801433120000000000e+08 2.821470490000000000e+08
3.938300000000000000e+04 6.167200000000000000e+04 9.507800000000000000e+04 1.496620000000000000e+05 2.329640000000000000e+05 3.676790000000000000e+05 5.759060000000000000e+05 9.018940000000000000e+05 1.407206000000000000e+06 2.202730000000000000e+06 3.428357000000000000e+06 5.315528000000000000e+06 8.208777000000000000e+06 1.258871200000000000e+07 1.915331800000000000e+07 2.895064100000000000e+07 4.290970800000000000e+07 6.355798600000000000e+07 9.579164100000000000e+07 1.531935420000000000e+08
1.124570000000000000e+05 1.741830000000000000e+05 2.710280000000000000e+05 4.246580000000000000e+05 6.653320000000000000e+05 1.046981000000000000e+06 1.650213000000000000e+06 2.595687000000000000e+06 4.093930000000000000e+06 6.449797000000000000e+06 1.016630000000000000e+07 1.601203700000000000e+07 2.524450400000000000e+07 3.972060600000000000e+07 6.266494300000000000e+07 9.867110600000000000e+07 1.559221150000000000e+08 2.454539930000000000e+08 3.870361690000000000e+08 6.083866820000000000e+08
5.316500000000000000e+04 8.268000000000000000e+04 1.285480000000000000e+05 2.023200000000000000e+05 3.181610000000000000e+05 5.004530000000000000e+05 7.851930000000000000e+05 1.243904000000000000e+06 1.962630000000000000e+06 3.101586000000000000e+06 4.894344000000000000e+06 7.731517000000000000e+06 1.224697000000000000e+07 1.937156000000000000e+07 3.066256200000000000e+07 4.842824100000000000e+07 7.671531800000000000e+07 1.208639960000000000e+08 1.915556630000000000e+08 3.036809480000000000e+08
6.532100000000000000e+04 1.026920000000000000e+05 1.605360000000000000e+05 2.521700000000000000e+05 3.912440000000000000e+05 6.149010000000000000e+05 9.648390000000000000e+05 1.511430000000000000e+06 2.379413000000000000e+06 3.748743000000000000e+06 5.914236000000000000e+06 9.355713000000000000e+06 1.471857200000000000e+07 2.321184200000000000e+07 3.660757300000000000e+07 5.749053400000000000e+07 9.002041800000000000e+07 1.405710610000000000e+08 2.196091110000000000e+08 3.443874640000000000e+08
5.769200000000000000e+04 8.962400000000000000e+04 1.399610000000000000e+05 2.172670000000000000e+05 3.422390000000000000e+05 5.365160000000000000e+05 8.420210000000000000e+05 1.319208000000000000e+06 2.066265000000000000e+06 3.251995000000000000e+06 5.078416000000000000e+06 7.971182000000000000e+06 1.248434000000000000e+07 1.938223000000000000e+07 2.995611200000000000e+07 4.629571300000000000e+07 7.090085700000000000e+07 1.082655790000000000e+08 1.636165780000000000e+08 2.422353530000000000e+08
8.993200000000000000e+04 1.388390000000000000e+05 2.155190000000000000e+05 3.371770000000000000e+05 5.266880000000000000e+05 8.267830000000000000e+05 1.295251000000000000e+06 2.028603000000000000e+06 3.176721000000000000e+06 4.981712000000000000e+06 7.850401000000000000e+06 1.233913100000000000e+07 1.942274800000000000e+07 3.054718500000000000e+07 4.777630100000000000e+07 7.434141800000000000e+07 1.146098330000000000e+08 1.761456700000000000e+08 2.696282850000000000e+08 4.114272050000000000e+08
1.114070000000000000e+05 1.724840000000000000e+05 2.680470000000000000e+05 4.221450000000000000e+05 6.670130000000000000e+05 1.045929000000000000e+06 1.649709000000000000e+06 2.601610000000000000e+06 4.095152000000000000e+06 6.458104000000000000e+06 1.018677300000000000e+07 1.605441600000000000e+07 2.532986200000000000e+07 3.998201600000000000e+07 6.313868800000000000e+07 9.942161500000000000e+07 1.565724090000000000e+08 2.471213580000000000e+08 3.902848210000000000e+08 6.150303070000000000e+08
4.520000000000000000e+04 7.031600000000000000e+04 1.092580000000000000e+05 1.717800000000000000e+05 2.673210000000000000e+05 4.206600000000000000e+05 6.562650000000000000e+05 1.039132000000000000e+06 1.635021000000000000e+06 2.565464000000000000e+06 4.010131000000000000e+06 6.279815000000000000e+06 9.835101000000000000e+06 1.539882400000000000e+07 2.413634500000000000e+07 3.785497000000000000e+07 5.926641500000000000e+07 9.339134400000000000e+07 1.474998500000000000e+08 2.314086330000000000e+08
5.292200000000000000e+04 8.259300000000000000e+04 1.287530000000000000e+05 2.014240000000000000e+05 3.143070000000000000e+05 4.923550000000000000e+05 7.743920000000000000e+05 1.211169000000000000e+06 1.900606000000000000e+06 2.985035000000000000e+06 4.682677000000000000e+06 7.337008000000000000e+06 1.149607300000000000e+07 1.790045900000000000e+07 2.765125700000000000e+07 4.237782600000000000e+07 6.485900800000000000e+07 9.865376000000000000e+07 1.490283410000000000e+08 2.241128810000000000e+08
6.059500000000000000e+04 9.527800000000000000e+04 1.474760000000000000e+05 2.329250000000000000e+05 3.657980000000000000e+05 5.760750000000000000e+05 9.097660000000000000e+05 1.431236000000000000e+06 2.252834000000000000e+06 3.549940000000000000e+06 5.615492000000000000e+06 8.882676000000000000e+06 1.404803400000000000e+07 2.220967700000000000e+07 3.520989200000000000e+07 5.597655600000000000e+07 8.910566000000000000e+07 1.422599000000000000e+08 2.262559710000000000e+08 3.594731620000000000e+08
7.291500000000000000e+04 1.142620000000000000e+05 1.798480000000000000e+05 2.817330000000000000e+05 4.439300000000000000e+05 6.993230000000000000e+05 1.096909000000000000e+06 1.728638000000000000e+06 2.725188000000000000e+06 4.309499000000000000e+06 6.798070000000000000e+06 1.071157100000000000e+07 1.685781300000000000e+07 2.653609400000000000e+07 4.171996800000000000e+07 6.579181700000000000e+07 1.044986580000000000e+08 1.662889500000000000e+08 2.653482590000000000e+08 4.212102860000000000e+08
7.662000000000000000e+04 1.190790000000000000e+05 1.853030000000000000e+05 2.900310000000000000e+05 4.558090000000000000e+05 7.147140000000000000e+05 1.123109000000000000e+06 1.756176000000000000e+06 2.748419000000000000e+06 4.288754000000000000e+06 6.689038000000000000e+06 1.042154600000000000e+07 1.617187500000000000e+07 2.502057700000000000e+07 3.840061400000000000e+07 5.844594300000000000e+07 8.833136100000000000e+07 1.321080270000000000e+08 1.937935750000000000e+08 2.740172020000000000e+08
7.328700000000000000e+04 1.153460000000000000e+05 1.794020000000000000e+05 2.793220000000000000e+05 4.385510000000000000e+05 6.877310000000000000e+05 1.086861000000000000e+06 1.701896000000000000e+06 2.671172000000000000e+06 4.201218000000000000e+06 6.616745000000000000e+06 1.041832000000000000e+07 1.632166900000000000e+07 2.561944600000000000e+07 3.992689300000000000e+07 6.179667100000000000e+07 9.478030800000000000e+07 1.441860050000000000e+08 2.183478100000000000e+08 3.260399410000000000e+08
6.935600000000000000e+04 1.085870000000000000e+05 1.689750000000000000e+05 2.652020000000000000e+05 4.168310000000000000e+05 6.556910000000000000e+05 1.032039000000000000e+06 1.632294000000000000e+06 2.566056000000000000e+06 4.060396000000000000e+06 6.405199000000000000e+06 1.013683100000000000e+07 1.604408000000000000e+07 2.531436500000000000e+07 4.011933700000000000e+07 6.370284800000000000e+07 1.009628470000000000e+08 1.600239880000000000e+08 2.531915840000000000e+08 3.983243690000000000e+08
2.974700000000000000e+04 4.639100000000000000e+04 7.169600000000000000e+04 1.121130000000000000e+05 1.761230000000000000e+05 2.754670000000000000e+05 4.331220000000000000e+05 6.817700000000000000e+05 1.075827000000000000e+06 1.695410000000000000e+06 2.643496000000000000e+06 4.170752000000000000e+06 6.562544000000000000e+06 1.032069300000000000e+07 1.630837700000000000e+07 2.584106000000000000e+07 4.129464500000000000e+07 6.672917000000000000e+07 1.068682330000000000e+08 1.705616930000000000e+08
6.839900000000000000e+04 1.054650000000000000e+05 1.641760000000000000e+05 2.579320000000000000e+05 4.019360000000000000e+05 6.334550000000000000e+05 1.004184000000000000e+06 1.576352000000000000e+06 2.495567000000000000e+06 3.944283000000000000e+06 6.214134000000000000e+06 9.854699000000000000e+06 1.561889500000000000e+07 2.464227300000000000e+07 3.911335400000000000e+07 6.200441700000000000e+07 9.800361700000000000e+07 1.552992880000000000e+08 2.474491170000000000e+08 3.944528760000000000e+08
1.218730000000000000e+05 1.885600000000000000e+05 2.948720000000000000e+05 4.611060000000000000e+05 7.230800000000000000e+05 1.133143000000000000e+06 1.779448000000000000e+06 2.785725000000000000e+06 4.383691000000000000e+06 6.871385000000000000e+06 1.077831100000000000e+07 1.692604500000000000e+07 2.660386800000000000e+07 4.164240800000000000e+07 6.493314400000000000e+07 1.004375750000000000e+08 1.546458480000000000e+08 2.353912170000000000e+08 3.549370970000000000e+08 5.242072550000000000e+08
3.557800000000000000e+04 5.562300000000000000e+04 8.559700000000000000e+04 1.332660000000000000e+05 2.088120000000000000e+05 3.272160000000000000e+05 5.106110000000000000e+05 7.943830000000000000e+05 1.237598000000000000e+06 1.925297000000000000e+06 2.998492000000000000e+06 4.638558000000000000e+06 7.142153000000000000e+06 1.098953400000000000e+07 1.684177000000000000e+07 2.539719100000000000e+07 3.819780400000000000e+07 5.789273000000000000e+07 8.635200600000000000e+07 1.268394670000000000e+08
7.174100000000000000e+04 1.108840000000000000e+05 1.743760000000000000e+05 2.733560000000000000e+05 4.299500000000000000e+05 6.766580000000000000e+05 1.068636000000000000e+06 1.682035000000000000e+06 2.649392000000000000e+06 4.184367000000000000e+06 6.602807000000000000e+06 1.045561200000000000e+07 1.649250300000000000e+07 2.605363000000000000e+07 4.116635000000000000e+07 6.491724900000000000e+07 1.026052950000000000e+08 1.612026640000000000e+08 2.519684710000000000e+08 3.924623890000000000e+08
5.093400000000000000e+04 7.816700000000000000e+04 1.222140000000000000e+05 1.915200000000000000e+05 3.008120000000000000e+05 4.713530000000000000e+05 7.401360000000000000e+05 1.168125000000000000e+06 1.838137000000000000e+06 2.879304000000000000e+06 4.537421000000000000e+06 7.141850000000000000e+06 1.115870300000000000e+07 1.733847300000000000e+07 2.686273500000000000e+07 4.141427300000000000e+07 6.315576700000000000e+07 9.524047200000000000e+07 1.417702030000000000e+08 2.055833340000000000e+08
6.608200000000000000e+04 1.021180000000000000e+05 1.588280000000000000e+05 2.467960000000000000e+05 3.881800000000000000e+05 6.065960000000000000e+05 9.491560000000000000e+05 1.492402000000000000e+06 2.331321000000000000e+06 3.649607000000000000e+06 5.705603000000000000e+06 8.914311000000000000e+06 1.384296400000000000e+07 2.145243800000000000e+07 3.293314500000000000e+07 5.008538400000000000e+07 7.580368200000000000e+07 1.152097810000000000e+08 1.741352940000000000e+08 2.609481200000000000e+08
8.129500000000000000e+04 1.275630000000000000e+05 1.980280000000000000e+05 3.115430000000000000e+05 4.923310000000000000e+05 7.750740000000000000e+05 1.220055000000000000e+06 1.917123000000000000e+06 3.019328000000000000e+06 4.756226000000000000e+06 7.505481000000000000e+06 1.186970200000000000e+07 1.880630900000000000e+07 2.980466300000000000e+07 4.702050600000000000e+07 7.392905500000000000e+07 1.155553090000000000e+08 1.816120950000000000e+08 2.868805770000000000e+08 4.514236450000000000e+08
6.943300000000000000e+04 1.083640000000000000e+05 1.680470000000000000e+05 2.621450000000000000e+05 4.107410000000000000e+05 6.447180000000000000e+05 1.009523000000000000e+06 1.583332000000000000e+06 2.472119000000000000e+06 3.872359000000000000e+06 6.066001000000000000e+06 9.505562000000000000e+06 1.480877900000000000e+07 2.311260000000000000e+07 3.599121500000000000e+07 5.588458900000000000e+07 8.641777700000000000e+07 1.333612520000000000e+08 2.062213890000000000e+08 3.223496350000000000e+08
8.093000000000000000e+04 1.251850000000000000e+05 1.940900000000000000e+05 3.052220000000000000e+05 4.778770000000000000e+05 7.532900000000000000e+05 1.180738000000000000e+06 1.860278000000000000e+06 2.929398000000000000e+06 4.615421000000000000e+06 7.249758000000000000e+06 1.143673300000000000e+07 1.803815400000000000e+07 2.849713100000000000e+07 4.489856000000000000e+07 7.097268300000000000e+07 1.124427690000000000e+08 1.772978720000000000e+08 2.794184260000000000e+08 4.447485160000000000e+08
6.332400000000000000e+04 9.864500000000000000e+04 1.556380000000000000e+05 2.445740000000000000e+05 3.825010000000000000e+05 6.026360000000000000e+05 9.494830000000000000e+05 1.489465000000000000e+06 2.342515000000000000e+06 3.713354000000000000e+06 5.861510000000000000e+06 9.256158000000000000e+06 1.465940900000000000e+07 2.316723800000000000e+07 3.658709300000000000e+07 5.778783600000000000e+07 9.152891900000000000e+07 1.457235780000000000e+08 2.313583550000000000e+08 3.652413990000000000e+08
7.878400000000000000e+04 1.226520000000000000e+05 1.912120000000000000e+05 2.998360000000000000e+05 4.681890000000000000e+05 7.321680000000000000e+05 1.148418000000000000e+06 1.803172000000000000e+06 2.834393000000000000e+06 4.458636000000000000e+06 7.011271000000000000e+06 1.104043400000000000e+07 1.741741400000000000e+07 2.739735900000000000e+07 4.321780700000000000e+07 6.839058400000000000e+07 1.080601500000000000e+08 1.711843990000000000e+08 2.709270270000000000e+08 4.270699630000000000e+08
5.086000000000000000e+04 8.023500000000000000e+04 1.249900000000000000e+05 1.959140000000000000e+05 3.089810000000000000e+05 4.842260000000000000e+05 7.634310000000000000e+05 1.204632000000000000e+06 1.895262000000000000e+06 2.995670000000000000e+06 4.721375000000000000e+06 7.469423000000000000e+06 1.181806000000000000e+07 1.867852000000000000e+07 2.948365800000000000e+07 4.631389200000000000e+07 7.280088900000000000e+07 1.145974580000000000e+08 1.800008980000000000e+08 2.810390320000000000e+08
8.767600000000000000e+04 1.355530000000000000e+05 2.090050000000000000e+05 3.276810000000000000e+05 5.132180000000000000e+05 8.080400000000000000e+05 1.267159000000000000e+06 1.985498000000000000e+06 3.114730000000000000e+06 4.899325000000000000e+06 7.674342000000000000e+06 1.199978600000000000e+07 1.869784800000000000e+07 2.916047000000000000e+07 4.529180300000000000e+07 7.011757300000000000e+07 1.075212960000000000e+08 1.620989150000000000e+08 2.414687650000000000e+08 3.570596640000000000e+08
5.817700000000000000e+04 8.976800000000000000e+04 1.408980000000000000e+05 2.191330000000000000e+05 3.438210000000000000e+05 5.364230000000000000e+05 8.423590000000000000e+05 1.324447000000000000e+06 2.077063000000000000e+06 3.270875000000000000e+06 5.175818000000000000e+06 8.182989000000000000e+06 1.292103300000000000e+07 2.043101900000000000e+07 3.238895300000000000e+07 5.115348300000000000e+07 8.050662800000000000e+07 1.263737710000000000e+08 1.983191360000000000e+08 3.132727470000000000e+08
8.229600000000000000e+04 1.279270000000000000e+05 1.995050000000000000e+05 3.115320000000000000e+05 4.879720000000000000e+05 7.665470000000000000e+05 1.202114000000000000e+06 1.891732000000000000e+06 2.965995000000000000e+06 4.670986000000000000e+06 7.332749000000000000e+06 1.150943300000000000e+07 1.808750100000000000e+07 2.828251100000000000e+07 4.405778200000000000e+07 6.839489700000000000e+07 1.059161060000000000e+08 1.635388890000000000e+08 2.498768880000000000e+08 3.723203700000000000e+08
5.196400000000000000e+04 8.074500000000000000e+04 1.265090000000000000e+05 1.999290000000000000e+05 3.134950000000000000e+05 4.876500000000000000e+05 7.667050000000000000e+05 1.209701000000000000e+06 1.900867000000000000e+06 2.986974000000000000e+06 4.724252000000000000e+06 7.488843000000000000e+06 1.180288700000000000e+07 1.869237500000000000e+07 2.952332200000000000e+07 4.657881200000000000e+07 7.356711500000000000e+07 1.159014500000000000e+08 1.821836070000000000e+08 2.848834730000000000e+08
6.392000000000000000e+04 9.899600000000000000e+04 1.540940000000000000e+05 2.406240000000000000e+05 3.782110000000000000e+05 5.950810000000000000e+05 9.332740000000000000e+05 1.458522000000000000e+06 2.279248000000000000e+06 3.580135000000000000e+06 5.619247000000000000e+06 8.831988000000000000e+06 1.390178800000000000e+07 2.178686600000000000e+07 3.406897600000000000e+07 5.295699500000000000e+07 8.213715800000000000e+07 1.278493910000000000e+08 1.999449020000000000e+08 3.121104050000000000e+08
