# npairs for all jackknife regions
2.742747000000000000e+06 4.316007000000000000e+06 6.804595000000000000e+06 1.073416500000000000e+07 1.692088300000000000e+07 2.668427400000000000e+07 4.208313100000000000e+07 6.631603100000000000e+07 1.043934840000000000e+08 1.642742640000000000e+08 2.581654300000000000e+08 4.052999430000000000e+08 6.366493960000000000e+08 1.000710118000000000e+09 1.566587234000000000e+09 2.438262407000000000e+09 3.783556507000000000e+09 5.833420218000000000e+09 8.897519121000000000e+09 1.336782420700000000e+10
2.230322000000000000e+06 3.500154000000000000e+06 5.490889000000000000e+06 8.632865000000000000e+06 1.359299300000000000e+07 2.146573700000000000e+07 3.390872600000000000e+07 5.332085300000000000e+07 8.398655700000000000e+07 1.326356090000000000e+08 2.090053120000000000e+08 3.294499440000000000e+08 5.178569780000000000e+08 8.122980560000000000e+08 1.268217331000000000e+09 1.968197042000000000e+09 3.046434874000000000e+09 4.687368462000000000e+09 7.109519995000000000e+09 1.070457663900000000e+10
1.973387000000000000e+06 3.097696000000000000e+06 4.853182000000000000e+06 7.618140000000000000e+06 1.196492300000000000e+07 1.880725100000000000e+07 2.957744600000000000e+07 4.634820500000000000e+07 7.259907900000000000e+07 1.136070090000000000e+08 1.774363000000000000e+08 2.758369650000000000e+08 4.274930760000000000e+08 6.620303740000000000e+08 1.018995497000000000e+09 1.557068142000000000e+09 2.357496876000000000e+09 3.495649770000000000e+09 5.064513522000000000e+09 7.119389889000000000e+09
1.555910000000000000e+06 2.450479000000000000e+06 3.859920000000000000e+06 6.084024000000000000e+06 9.607304000000000000e+06 1.515548500000000000e+07 2.385307300000000000e+07 3.756317200000000000e+07 5.917914800000000000e+07 9.342803300000000000e+07 1.476015730000000000e+08 2.333760980000000000e+08 3.692880960000000000e+08 5.860543200000000000e+08 9.299350210000000000e+08 1.472903729000000000e+09 2.340137151000000000e+09 3.716357148000000000e+09 5.867782510000000000e+09 9.237066474000000000e+09
2.420141000000000000e+06 3.808793000000000000e+06 6.000840000000000000e+06 9.460526000000000000e+06 1.491348700000000000e+07 2.349972700000000000e+07 3.706641100000000000e+07 5.837599400000000000e+07 9.191977100000000000e+07 1.446942410000000000e+08 2.276161660000000000e+08 3.570608160000000000e+08 5.587246390000000000e+08 8.704221730000000000e+08 1.345026216000000000e+09 2.060671230000000000e+09 3.123061141000000000e+09 4.657164150000000000e+09 6.821279430000000000e+09 9.742305524000000000e+09
1.503648000000000000e+06 2.364040000000000000e+06 3.725754000000000000e+06 5.866164000000000000e+06 9.256848000000000000e+06 1.461718600000000000e+07 2.307900500000000000e+07 3.635673600000000000e+07 5.724565500000000000e+07 9.018753900000000000e+07 1.417609090000000000e+08 2.222388250000000000e+08 3.480903580000000000e+08 5.462303550000000000e+08 8.543876650000000000e+08 1.339996880000000000e+09 2.112054438000000000e+09 3.342338927000000000e+09 5.278841330000000000e+09 8.281253160000000000e+09
1.985171000000000000e+06 3.124142000000000000e+06 4.921199000000000000e+06 7.762583000000000000e+06 1.222790200000000000e+07 1.926386700000000000e+07 3.033019400000000000e+07 4.772605300000000000e+07 7.507265900000000000e+07 1.179233200000000000e+08 1.849512240000000000e+08 2.901359110000000000e+08 4.553672470000000000e+08 7.158913930000000000e+08 1.123450485000000000e+09 1.752401496000000000e+09 2.724036678000000000e+09 4.212776053000000000e+09 6.514320998000000000e+09 9.997893280000000000e+09
2.451913000000000000e+06 3.859268000000000000e+06 6.085234000000000000e+06 9.593391000000000000e+06 1.514852200000000000e+07 2.394504100000000000e+07 3.787350100000000000e+07 5.975226700000000000e+07 9.439147400000000000e+07 1.493011950000000000e+08 2.359443160000000000e+08 3.728560370000000000e+08 5.889964810000000000e+08 9.293769290000000000e+08 1.461679337000000000e+09 2.288348164000000000e+09 3.578180848000000000e+09 5.587770902000000000e+09 8.666962969000000000e+09 1.328251268300000000e+10
1.818389000000000000e+06 2.864495000000000000e+06 4.515082000000000000e+06 7.126176000000000000e+06 1.124119700000000000e+07 1.772303200000000000e+07 2.797920900000000000e+07 4.410477100000000000e+07 6.949438800000000000e+07 1.095323290000000000e+08 1.726741010000000000e+08 2.725575980000000000e+08 4.303911630000000000e+08 6.821349360000000000e+08 1.082826544000000000e+09 1.719233930000000000e+09 2.726081283000000000e+09 4.342954510000000000e+09 6.953799857000000000e+09 1.108951811600000000e+10
1.528079000000000000e+06 2.402905000000000000e+06 3.779698000000000000e+06 5.964927000000000000e+06 9.390235000000000000e+06 1.479712300000000000e+07 2.334978600000000000e+07 3.680575900000000000e+07 5.811779700000000000e+07 9.181018600000000000e+07 1.451609040000000000e+08 2.293783520000000000e+08 3.633964190000000000e+08 5.785018170000000000e+08 9.268343910000000000e+08 1.487000079000000000e+09 2.384859509000000000e+09 3.845160073000000000e+09 6.196140806000000000e+09 9.907588907000000000e+09
1.786865000000000000e+06 2.815389000000000000e+06 4.431548000000000000e+06 6.998751000000000000e+06 1.103215500000000000e+07 1.742260600000000000e+07 2.754601400000000000e+07 4.350613400000000000e+07 6.874419900000000000e+07 1.088273310000000000e+08 1.724216900000000000e+08 2.735253760000000000e+08 4.334493530000000000e+08 6.865036610000000000e+08 1.084805831000000000e+09 1.711386589000000000e+09 2.696554626000000000e+09 4.243148086000000000e+09 6.691866986000000000e+09 1.054451887800000000e+10
2.351530000000000000e+06 3.711433000000000000e+06 5.855567000000000000e+06 9.242932000000000000e+06 1.461353000000000000e+07 2.308672900000000000e+07 3.645983300000000000e+07 5.755447500000000000e+07 9.087124300000000000e+07 1.436676550000000000e+08 2.273442010000000000e+08 3.598299270000000000e+08 5.693913980000000000e+08 9.005575040000000000e+08 1.422475170000000000e+09 2.251112609000000000e+09 3.576085772000000000e+09 5.682109462000000000e+09 9.043568314000000000e+09 1.444136384200000000e+10
2.782443000000000000e+06 4.375909000000000000e+06 6.888069000000000000e+06 1.086334100000000000e+07 1.715737800000000000e+07 2.707760600000000000e+07 4.279330600000000000e+07 6.769095500000000000e+07 1.070040910000000000e+08 1.692310390000000000e+08 2.681321460000000000e+08 4.249775910000000000e+08 6.742564450000000000e+08 1.068178674000000000e+09 1.692864909000000000e+09 2.683222788000000000e+09 4.252639638000000000e+09 6.738654712000000000e+09 1.066157162600000000e+10 1.688235441500000000e+10
1.728913000000000000e+06 2.721310000000000000e+06 4.304165000000000000e+06 6.785541000000000000e+06 1.070806800000000000e+07 1.689201500000000000e+07 2.661086000000000000e+07 4.190569100000000000e+07 6.600117200000000000e+07 1.040476540000000000e+08 1.642262060000000000e+08 2.590594970000000000e+08 4.089798990000000000e+08 6.503033630000000000e+08 1.039456207000000000e+09 1.668720589000000000e+09 2.684052998000000000e+09 4.322310172000000000e+09 6.930471934000000000e+09 1.107598912000000000e+10
1.898139000000000000e+06 2.979553000000000000e+06 4.692513000000000000e+06 7.374397000000000000e+06 1.158996100000000000e+07 1.821734400000000000e+07 2.860388100000000000e+07 4.482449100000000000e+07 7.014736300000000000e+07 1.096052800000000000e+08 1.708558490000000000e+08 2.659721480000000000e+08 4.125100250000000000e+08 6.386656640000000000e+08 9.863338630000000000e+08 1.517246867000000000e+09 2.328276762000000000e+09 3.507253923000000000e+09 5.174880224000000000e+09 7.565781193000000000e+09
2.067866000000000000e+06 3.253654000000000000e+06 5.141025000000000000e+06 8.116900000000000000e+06 1.281788500000000000e+07 2.026027000000000000e+07 3.204000100000000000e+07 5.061810700000000000e+07 8.000299000000000000e+07 1.266113790000000000e+08 2.003627800000000000e+08 3.171765620000000000e+08 5.021568330000000000e+08 7.951304410000000000e+08 1.258345594000000000e+09 1.993199805000000000e+09 3.159142204000000000e+09 5.005959089000000000e+09 7.938617019000000000e+09 1.257874477800000000e+10
1.724235000000000000e+06 2.725480000000000000e+06 4.303570000000000000e+06 6.810835000000000000e+06 1.077896300000000000e+07 1.706451500000000000e+07 2.704421000000000000e+07 4.283332200000000000e+07 6.788328000000000000e+07 1.075925930000000000e+08 1.706024830000000000e+08 2.709921620000000000e+08 4.306975230000000000e+08 6.844943840000000000e+08 1.088767711000000000e+09 1.734530110000000000e+09 2.758125952000000000e+09 4.388135054000000000e+09 6.993188222000000000e+09 1.124711851800000000e+10
2.239282000000000000e+06 3.520937000000000000e+06 5.537706000000000000e+06 8.725854000000000000e+06 1.376048400000000000e+07 2.172065200000000000e+07 3.429570300000000000e+07 5.409557800000000000e+07 8.535315100000000000e+07 1.348286990000000000e+08 2.133027300000000000e+08 3.381990960000000000e+08 5.368628070000000000e+08 8.532063510000000000e+08 1.354368044000000000e+09 2.146811070000000000e+09 3.395521144000000000e+09 5.350191051000000000e+09 8.403221219000000000e+09 1.314078895000000000e+10
2.385904000000000000e+06 3.749429000000000000e+06 5.895912000000000000e+06 9.281017000000000000e+06 1.461315400000000000e+07 2.301228400000000000e+07 3.628146000000000000e+07 5.697878400000000000e+07 8.938374100000000000e+07 1.400493450000000000e+08 2.186783020000000000e+08 3.402106580000000000e+08 5.262738040000000000e+08 8.085653130000000000e+08 1.229638804000000000e+09 1.837421781000000000e+09 2.693397435000000000e+09 3.843350576000000000e+09 5.202331172000000000e+09 6.462846744000000000e+09
2.038506000000000000e+06 3.212294000000000000e+06 5.059570000000000000e+06 7.973419000000000000e+06 1.256225900000000000e+07 1.978812000000000000e+07 3.114206900000000000e+07 4.896615900000000000e+07 7.696003500000000000e+07 1.211514710000000000e+08 1.905922190000000000e+08 2.999522350000000000e+08 4.708061630000000000e+08 7.410524720000000000e+08 1.168934658000000000e+09 1.846414285000000000e+09 2.946475799000000000e+09 4.724532942000000000e+09 7.563858354000000000e+09 1.206270456700000000e+10
2.963206000000000000e+06 4.657914000000000000e+06 7.340229000000000000e+06 1.158390300000000000e+07 1.829445600000000000e+07 2.888775300000000000e+07 4.563706500000000000e+07 7.206920200000000000e+07 1.138399230000000000e+08 1.799113010000000000e+08 2.846162300000000000e+08 4.498144520000000000e+08 7.108551200000000000e+08 1.124214772000000000e+09 1.777746598000000000e+09 2.814070372000000000e+09 4.453180637000000000e+09 7.025434982000000000e+09 1.104555220800000000e+10 1.731718333700000000e+10
1.906833000000000000e+06 2.978408000000000000e+06 4.672288000000000000e+06 7.340775000000000000e+06 1.149221500000000000e+07 1.803563600000000000e+07 2.825901700000000000e+07 4.415726200000000000e+07 6.899027500000000000e+07 1.077047980000000000e+08 1.676148620000000000e+08 2.609929610000000000e+08 4.045798910000000000e+08 6.234997830000000000e+08 9.578117210000000000e+08 1.463658276000000000e+09 2.229002188000000000e+09 3.355348912000000000e+09 4.956468234000000000e+09 7.246800253000000000e+09
2.358155000000000000e+06 3.699534000000000000e+06 5.818687000000000000e+06 9.164784000000000000e+06 1.443685000000000000e+07 2.275163500000000000e+07 3.588299200000000000e+07 5.649345300000000000e+07 8.897898300000000000e+07 1.402741550000000000e+08 2.210817720000000000e+08 3.479723630000000000e+08 5.473454220000000000e+08 8.606389290000000000e+08 1.352971806000000000e+09 2.126521107000000000e+09 3.361691688000000000e+09 5.347011600000000000e+09 8.515511265000000000e+09 1.361621032700000000e+10
2.225607000000000000e+06 3.508973000000000000e+06 5.536536000000000000e+06 8.740333000000000000e+06 1.381135200000000000e+07 2.181091100000000000e+07 3.452760500000000000e+07 5.454188400000000000e+07 8.620987700000000000e+07 1.364109690000000000e+08 2.158318640000000000e+08 3.414926760000000000e+08 5.400930490000000000e+08 8.554504460000000000e+08 1.354914450000000000e+09 2.138000013000000000e+09 3.367143266000000000e+09 5.269334202000000000e+09 8.212409420000000000e+09 1.285042588300000000e+10
2.540423000000000000e+06 4.000965000000000000e+06 6.308251000000000000e+06 9.937331000000000000e+06 1.566294100000000000e+07 2.469581200000000000e+07 3.900173100000000000e+07 6.159288700000000000e+07 9.722500900000000000e+07 1.532820600000000000e+08 2.418829930000000000e+08 3.815773740000000000e+08 6.021290080000000000e+08 9.530442510000000000e+08 1.509539238000000000e+09 2.386369549000000000e+09 3.761424261000000000e+09 5.898036354000000000e+09 9.233136909000000000e+09 1.449108978200000000e+10
1.353736000000000000e+06 2.117831000000000000e+06 3.321897000000000000e+06 5.216115000000000000e+06 8.187581000000000000e+06 1.291564800000000000e+07 2.037748400000000000e+07 3.196699300000000000e+07 5.017826700000000000e+07 7.868693100000000000e+07 1.227053720000000000e+08 1.909748420000000000e+08 2.958854830000000000e+08 4.562819320000000000e+08 7.006762100000000000e+08 1.070063442000000000e+09 1.625879084000000000e+09 2.435403082000000000e+09 3.565446121000000000e+09 5.110409539000000000e+09
2.222348000000000000e+06 3.489503000000000000e+06 5.494924000000000000e+06 8.672675000000000000e+06 1.367496000000000000e+07 2.156829300000000000e+07 3.403436000000000000e+07 5.373109900000000000e+07 8.486381700000000000e+07 1.340685990000000000e+08 2.118256360000000000e+08 3.349662630000000000e+08 5.292104380000000000e+08 8.349516720000000000e+08 1.313549080000000000e+09 2.060698253000000000e+09 3.227465988000000000e+09 5.058832283000000000e+09 7.929297252000000000e+09 1.237163191900000000e+10
1.102681000000000000e+06 1.736672000000000000e+06 2.733342000000000000e+06 4.301457000000000000e+06 6.767715000000000000e+06 1.064725900000000000e+07 1.678669000000000000e+07 2.645508300000000000e+07 4.167987500000000000e+07 6.565744200000000000e+07 1.032997630000000000e+08 1.626359110000000000e+08 2.560681970000000000e+08 4.048541200000000000e+08 6.392287080000000000e+08 1.006003985000000000e+09 1.576379429000000000e+09 2.470196080000000000e+09 3.856630880000000000e+09 6.008995403000000000e+09
1.283461000000000000e+06 2.019142000000000000e+06 3.178702000000000000e+06 5.008747000000000000e+06 7.903958000000000000e+06 1.244963100000000000e+07 1.960864500000000000e+07 3.083177900000000000e+07 4.848296300000000000e+07 7.632395400000000000e+07 1.200100480000000000e+08 1.886577750000000000e+08 2.960734890000000000e+08 4.644978720000000000e+08 7.262336110000000000e+08 1.134528966000000000e+09 1.774416824000000000e+09 2.773386679000000000e+09 4.341490373000000000e+09 6.886343641000000000e+09
1.754290000000000000e+06 2.763691000000000000e+06 4.359797000000000000e+06 6.892179000000000000e+06 1.088189300000000000e+07 1.718098100000000000e+07 2.713703700000000000e+07 4.287936000000000000e+07 6.770186600000000000e+07 1.069168190000000000e+08 1.686017660000000000e+08 2.659269100000000000e+08 4.197222190000000000e+08 6.624844340000000000e+08 1.044366387000000000e+09 1.645584647000000000e+09 2.588985113000000000e+09 4.088359639000000000e+09 6.498974413000000000e+09 1.023879687200000000e+10
9.045160000000000000e+05 1.416118000000000000e+06 2.219025000000000000e+06 3.487959000000000000e+06 5.451249000000000000e+06 8.594022000000000000e+06 1.357692400000000000e+07 2.132988500000000000e+07 3.357037800000000000e+07 5.281430300000000000e+07 8.291157700000000000e+07 1.300926030000000000e+08 2.036766650000000000e+08 3.191435610000000000e+08 4.985968920000000000e+08 7.738114350000000000e+08 1.199736126000000000e+09 1.876218985000000000e+09 2.953730519000000000e+09 4.546032492000000000e+09
2.595858000000000000e+06 4.082782000000000000e+06 6.433277000000000000e+06 1.013873600000000000e+07 1.598061500000000000e+07 2.523589900000000000e+07 3.985653500000000000e+07 6.290193600000000000e+07 9.921014800000000000e+07 1.565597780000000000e+08 2.468499920000000000e+08 3.886312810000000000e+08 6.112073090000000000e+08 9.598016430000000000e+08 1.502646004000000000e+09 2.338877583000000000e+09 3.616874042000000000e+09 5.555214872000000000e+09 8.452660822000000000e+09 1.269985953000000000e+10
2.040652000000000000e+06 3.186019000000000000e+06 4.983329000000000000e+06 7.805826000000000000e+06 1.223898200000000000e+07 1.924119200000000000e+07 3.030515300000000000e+07 4.736778000000000000e+07 7.392221100000000000e+07 1.154006180000000000e+08 1.789937010000000000e+08 2.761429680000000000e+08 4.225475770000000000e+08 6.413570140000000000e+08 9.579802920000000000e+08 1.398797302000000000e+09 1.982477695000000000e+09 2.700423009000000000e+09 3.431302666000000000e+09 3.922800809000000000e+09
2.707566000000000000e+06 4.250419000000000000e+06 6.672351000000000000e+06 1.048409800000000000e+07 1.649235800000000000e+07 2.595579300000000000e+07 4.081238400000000000e+07 6.400896200000000000e+07 1.003660110000000000e+08 1.571852820000000000e+08 2.456493340000000000e+08 3.829821420000000000e+08 5.952804020000000000e+08 9.216126690000000000e+08 1.423840207000000000e+09 2.195152142000000000e+09 3.366939333000000000e+09 5.094790394000000000e+09 7.586797403000000000e+09 1.107920608200000000e+10
2.572014000000000000e+06 4.051489000000000000e+06 6.395663000000000000e+06 1.008469700000000000e+07 1.591540300000000000e+07 2.512002000000000000e+07 3.964711700000000000e+07 6.254601500000000000e+07 9.877429300000000000e+07 1.559164590000000000e+08 2.459007310000000000e+08 3.879198220000000000e+08 6.130042280000000000e+08 9.730345600000000000e+08 1.545955095000000000e+09 2.455156244000000000e+09 3.889793726000000000e+09 6.159776320000000000e+09 9.757787918000000000e+09 1.531592404300000000e+10
1.772897000000000000e+06 2.795993000000000000e+06 4.405982000000000000e+06 6.957424000000000000e+06 1.097020300000000000e+07 1.731303700000000000e+07 2.732600100000000000e+07 4.308862700000000000e+07 6.803309100000000000e+07 1.077247110000000000e+08 1.704800420000000000e+08 2.695491800000000000e+08 4.260061360000000000e+08 6.721356380000000000e+08 1.059035988000000000e+09 1.667951280000000000e+09 2.619020230000000000e+09 4.112019206000000000e+09 6.419545998000000000e+09 9.927355290000000000e+09
2.117918000000000000e+06 3.325429000000000000e+06 5.234822000000000000e+06 8.234552000000000000e+06 1.297083300000000000e+07 2.046536100000000000e+07 3.231583300000000000e+07 5.085466100000000000e+07 7.986030100000000000e+07 1.255655990000000000e+08 1.972937840000000000e+08 3.098228930000000000e+08 4.853994500000000000e+08 7.579950180000000000e+08 1.178669204000000000e+09 1.819597396000000000e+09 2.788537734000000000e+09 4.233775972000000000e+09 6.333411662000000000e+09 9.286945892000000000e+09
1.698349000000000000e+06 2.676200000000000000e+06 4.221397000000000000e+06 6.665771000000000000e+06 1.053320900000000000e+07 1.662817900000000000e+07 2.631755200000000000e+07 4.164776900000000000e+07 6.589793500000000000e+07 1.044049630000000000e+08 1.655809340000000000e+08 2.627258010000000000e+08 4.177306860000000000e+08 6.659341270000000000e+08 1.061123649000000000e+09 1.691146891000000000e+09 2.692990128000000000e+09 4.272697055000000000e+09 6.795440128000000000e+09 1.076828972000000000e+10
2.494462000000000000e+06 3.932120000000000000e+06 6.202981000000000000e+06 9.795713000000000000e+06 1.546422300000000000e+07 2.443975500000000000e+07 3.860587500000000000e+07 6.105037500000000000e+07 9.651960900000000000e+07 1.527241580000000000e+08 2.418716830000000000e+08 3.831869470000000000e+08 6.065107660000000000e+08 9.600614890000000000e+08 1.520794899000000000e+09 2.411755980000000000e+09 3.834062901000000000e+09 6.120363489000000000e+09 9.767899028000000000e+09 1.557391730100000000e+10
1.315286000000000000e+06 2.072327000000000000e+06 3.274713000000000000e+06 5.169274000000000000e+06 8.157497000000000000e+06 1.288907000000000000e+07 2.035177300000000000e+07 3.209099800000000000e+07 5.056377500000000000e+07 7.972528900000000000e+07 1.258242660000000000e+08 1.982651020000000000e+08 3.126751720000000000e+08 4.956914120000000000e+08 7.903506000000000000e+08 1.265583788000000000e+09 2.035989424000000000e+09 3.285649760000000000e+09 5.301998865000000000e+09 8.605536293000000000e+09
2.280758000000000000e+06 3.592380000000000000e+06 5.660046000000000000e+06 8.916278000000000000e+06 1.406540800000000000e+07 2.217826500000000000e+07 3.499795800000000000e+07 5.513612600000000000e+07 8.694477700000000000e+07 1.374174150000000000e+08 2.172333030000000000e+08 3.434722600000000000e+08 5.429408870000000000e+08 8.604651400000000000e+08 1.364970551000000000e+09 2.168574324000000000e+09 3.440790397000000000e+09 5.463517067000000000e+09 8.769019050000000000e+09 1.411917802700000000e+10
2.667739000000000000e+06 4.203971000000000000e+06 6.628221000000000000e+06 1.045056600000000000e+07 1.650278500000000000e+07 2.604821700000000000e+07 4.109953400000000000e+07 6.486272900000000000e+07 1.023595950000000000e+08 1.616311340000000000e+08 2.552970710000000000e+08 4.040150390000000000e+08 6.395212790000000000e+08 1.013788146000000000e+09 1.606559251000000000e+09 2.549794316000000000e+09 4.054565301000000000e+09 6.453202672000000000e+09 1.021475865300000000e+10 1.612952359800000000e+10
2.054419000000000000e+06 3.231712000000000000e+06 5.099494000000000000e+06 8.053990000000000000e+06 1.272195800000000000e+07 2.010093100000000000e+07 3.182661000000000000e+07 5.025165100000000000e+07 7.944519800000000000e+07 1.257704980000000000e+08 1.989124750000000000e+08 3.150195140000000000e+08 4.990512390000000000e+08 7.911659300000000000e+08 1.254255615000000000e+09 1.983228935000000000e+09 3.141927704000000000e+09 4.973215670000000000e+09 7.867786141000000000e+09 1.244170337800000000e+10
2.332944000000000000e+06 3.675603000000000000e+06 5.780222000000000000e+06 9.111300000000000000e+06 1.437874300000000000e+07 2.270914300000000000e+07 3.589720200000000000e+07 5.660130900000000000e+07 8.922914500000000000e+07 1.408787870000000000e+08 2.220288200000000000e+08 3.495782790000000000e+08 5.491538040000000000e+08 8.608604560000000000e+08 1.348015857000000000e+09 2.108535398000000000e+09 3.287213000000000000e+09 5.075245464000000000e+09 7.760953032000000000e+09 1.174021754800000000e+10
1.809499000000000000e+06 2.850773000000000000e+06 4.484712000000000000e+06 7.074527000000000000e+06 1.115122700000000000e+07 1.758736500000000000e+07 2.774322600000000000e+07 4.366661900000000000e+07 6.877989300000000000e+07 1.086251820000000000e+08 1.716617350000000000e+08 2.706388600000000000e+08 4.261908870000000000e+08 6.725834720000000000e+08 1.065623526000000000e+09 1.689789096000000000e+09 2.683916895000000000e+09 4.284097130000000000e+09 6.845751252000000000e+09 1.081109069700000000e+10
2.701768000000000000e+06 4.252369000000000000e+06 6.695353000000000000e+06 1.055968900000000000e+07 1.664433300000000000e+07 2.622802300000000000e+07 4.130302200000000000e+07 6.512687300000000000e+07 1.026226410000000000e+08 1.618659520000000000e+08 2.555899610000000000e+08 4.036962850000000000e+08 6.385641050000000000e+08 1.014966339000000000e+09 1.622840411000000000e+09 2.601205908000000000e+09 4.167691135000000000e+09 6.677238218000000000e+09 1.069481358000000000e+10 1.714422317400000000e+10
2.365671000000000000e+06 3.736344000000000000e+06 5.898744000000000000e+06 9.319915000000000000e+06 1.473234300000000000e+07 2.329238800000000000e+07 3.683529900000000000e+07 5.826860000000000000e+07 9.215775400000000000e+07 1.460248080000000000e+08 2.314807060000000000e+08 3.672026960000000000e+08 5.825846960000000000e+08 9.243628240000000000e+08 1.465634568000000000e+09 2.325124460000000000e+09 3.685341948000000000e+09 5.816429345000000000e+09 9.157628485000000000e+09 1.445867519300000000e+10
2.420389000000000000e+06 3.811715000000000000e+06 6.007683000000000000e+06 9.478451000000000000e+06 1.494563900000000000e+07 2.360145000000000000e+07 3.730325600000000000e+07 5.878737800000000000e+07 9.263862500000000000e+07 1.458773800000000000e+08 2.294434320000000000e+08 3.604329040000000000e+08 5.659519900000000000e+08 8.889339700000000000e+08 1.393531208000000000e+09 2.175533507000000000e+09 3.383063629000000000e+09 5.221532496000000000e+09 7.947517030000000000e+09 1.197064373700000000e+10
1.875166000000000000e+06 2.953903000000000000e+06 4.644108000000000000e+06 7.322744000000000000e+06 1.154724400000000000e+07 1.819150000000000000e+07 2.869619800000000000e+07 4.519765800000000000e+07 7.127505300000000000e+07 1.125736930000000000e+08 1.776799410000000000e+08 2.805481170000000000e+08 4.434148600000000000e+08 7.004509210000000000e+08 1.105784154000000000e+09 1.743878625000000000e+09 2.752902227000000000e+09 4.360968595000000000e+09 6.920449988000000000e+09 1.098058547200000000e+10
1.770935000000000000e+06 2.800155000000000000e+06 4.427232000000000000e+06 6.987968000000000000e+06 1.104415400000000000e+07 1.745764700000000000e+07 2.762096000000000000e+07 4.365776700000000000e+07 6.907209000000000000e+07 1.094690410000000000e+08 1.736422310000000000e+08 2.753942460000000000e+08 4.365655620000000000e+08 6.923762620000000000e+08 1.097201732000000000e+09 1.737828956000000000e+09 2.755950559000000000e+09 4.359387564000000000e+09 6.911809166000000000e+09 1.099972919100000000e+10
1.855800000000000000e+06 2.926080000000000000e+06 4.617488000000000000e+06 7.293474000000000000e+06 1.153822800000000000e+07 1.826087100000000000e+07 2.887402700000000000e+07 4.566729700000000000e+07 7.223520300000000000e+07 1.143737150000000000e+08 1.809853430000000000e+08 2.867421360000000000e+08 4.539569270000000000e+08 7.185712720000000000e+08 1.138112563000000000e+09 1.802447002000000000e+09 2.841642168000000000e+09 4.449479671000000000e+09 6.912610873000000000e+09 1.081497230000000000e+10
1.591552000000000000e+06 2.515015000000000000e+06 3.968374000000000000e+06 6.274142000000000000e+06 9.928650000000000000e+06 1.570739600000000000e+07 2.484547100000000000e+07 3.927116000000000000e+07 6.199914300000000000e+07 9.796025700000000000e+07 1.549519380000000000e+08 2.449360140000000000e+08 3.864637670000000000e+08 6.094623680000000000e+08 9.619586440000000000e+08 1.512928708000000000e+09 2.375027719000000000e+09 3.701521889000000000e+09 5.733555218000000000e+09 8.964328889000000000e+09
2.121497000000000000e+06 3.347671000000000000e+06 5.279679000000000000e+06 8.346310000000000000e+06 1.319919700000000000e+07 2.090957500000000000e+07 3.310249400000000000e+07 5.234631500000000000e+07 8.287053000000000000e+07 1.312209740000000000e+08 2.079105450000000000e+08 3.297472470000000000e+08 5.232376760000000000e+08 8.302190840000000000e+08 1.318103380000000000e+09 2.095099669000000000e+09 3.326837774000000000e+09 5.274403427000000000e+09 8.317475659000000000e+09 1.309807990100000000e+10
2.340006000000000000e+06 3.686328000000000000e+06 5.814858000000000000e+06 9.190610000000000000e+06 1.451149000000000000e+07 2.294923700000000000e+07 3.629421600000000000e+07 5.735370900000000000e+07 9.066769500000000000e+07 1.436142730000000000e+08 2.273894980000000000e+08 3.603487650000000000e+08 5.710874570000000000e+08 9.049243410000000000e+08 1.433864193000000000e+09 2.266117259000000000e+09 3.576874488000000000e+09 5.638646293000000000e+09 8.891132906000000000e+09 1.399001980100000000e+10
2.272934000000000000e+06 3.576636000000000000e+06 5.631824000000000000e+06 8.883455000000000000e+06 1.400764600000000000e+07 2.208168700000000000e+07 3.483025600000000000e+07 5.490152300000000000e+07 8.659470000000000000e+07 1.368721360000000000e+08 2.162820700000000000e+08 3.423043570000000000e+08 5.419211190000000000e+08 8.606911160000000000e+08 1.369481650000000000e+09 2.188095160000000000e+09 3.501142285000000000e+09 5.587784946000000000e+09 8.912830624000000000e+09 1.431789057300000000e+10
1.977336000000000000e+06 3.109632000000000000e+06 4.900656000000000000e+06 7.724522000000000000e+06 1.218882700000000000e+07 1.925463400000000000e+07 3.045513200000000000e+07 4.806142100000000000e+07 7.590419800000000000e+07 1.199387890000000000e+08 1.893770930000000000e+08 2.986521960000000000e+08 4.701619420000000000e+08 7.382109130000000000e+08 1.155007942000000000e+09 1.799310412000000000e+09 2.785595648000000000e+09 4.285652350000000000e+09 6.541134291000000000e+09 9.918787265000000000e+09
2.005112000000000000e+06 3.150474000000000000e+06 4.951199000000000000e+06 7.787101000000000000e+06 1.224858700000000000e+07 1.931178500000000000e+07 3.046499600000000000e+07 4.797417000000000000e+07 7.543001600000000000e+07 1.184810540000000000e+08 1.854979800000000000e+08 2.897698030000000000e+08 4.509970880000000000e+08 7.004873190000000000e+08 1.083094925000000000e+09 1.667956233000000000e+09 2.570813199000000000e+09 3.937417870000000000e+09 6.006386131000000000e+09 9.048993188000000000e+09
2.131089000000000000e+06 3.349064000000000000e+06 5.259928000000000000e+06 8.263298000000000000e+06 1.299745900000000000e+07 2.046302800000000000e+07 3.216731600000000000e+07 5.045875300000000000e+07 7.898309700000000000e+07 1.234630030000000000e+08 1.923372280000000000e+08 2.984623700000000000e+08 4.616012920000000000e+08 7.127232390000000000e+08 1.098349795000000000e+09 1.681778761000000000e+09 2.555184996000000000e+09 3.826254827000000000e+09 5.574882636000000000e+09 8.049766367000000000e+09
1.911088000000000000e+06 3.013268000000000000e+06 4.746032000000000000e+06 7.484168000000000000e+06 1.181662100000000000e+07 1.864247600000000000e+07 2.944482900000000000e+07 4.646291000000000000e+07 7.336816700000000000e+07 1.157343320000000000e+08 1.829205660000000000e+08 2.893658670000000000e+08 4.574694930000000000e+08 7.231001580000000000e+08 1.145036861000000000e+09 1.810869423000000000e+09 2.859350250000000000e+09 4.519028156000000000e+09 7.184377498000000000e+09 1.145627530400000000e+10
1.594112000000000000e+06 2.513705000000000000e+06 3.969634000000000000e+06 6.279877000000000000e+06 9.922381000000000000e+06 1.570864200000000000e+07 2.483830100000000000e+07 3.935511700000000000e+07 6.235897700000000000e+07 9.889558500000000000e+07 1.568085490000000000e+08 2.487695810000000000e+08 3.947612160000000000e+08 6.266769360000000000e+08 9.943642160000000000e+08 1.574706552000000000e+09 2.488247439000000000e+09 3.922278891000000000e+09 6.182283113000000000e+09 9.758519501000000000e+09
2.607285000000000000e+06 4.101496000000000000e+06 6.448827000000000000e+06 1.017149000000000000e+07 1.604037800000000000e+07 2.531182200000000000e+07 3.989246500000000000e+07 6.282177400000000000e+07 9.896765100000000000e+07 1.557249770000000000e+08 2.444611110000000000e+08 3.824835960000000000e+08 5.960105300000000000e+08 9.261498080000000000e+08 1.435162271000000000e+09 2.216767681000000000e+09 3.417600883000000000e+09 5.230710995000000000e+09 7.897622582000000000e+09 1.186432501900000000e+10
2.135591000000000000e+06 3.362374000000000000e+06 5.291031000000000000e+06 8.319673000000000000e+06 1.311388000000000000e+07 2.066846400000000000e+07 3.256456800000000000e+07 5.124222700000000000e+07 8.067372500000000000e+07 1.271626540000000000e+08 2.002770610000000000e+08 3.154079640000000000e+08 4.966137580000000000e+08 7.807583730000000000e+08 1.225880699000000000e+09 1.913607016000000000e+09 2.964703400000000000e+09 4.541603602000000000e+09 6.862656850000000000e+09 1.021361083100000000e+10
1.784138000000000000e+06 2.801291000000000000e+06 4.411856000000000000e+06 6.951937000000000000e+06 1.095464300000000000e+07 1.727931600000000000e+07 2.727095600000000000e+07 4.294677200000000000e+07 6.770584900000000000e+07 1.067755550000000000e+08 1.683696190000000000e+08 2.649799680000000000e+08 4.158564780000000000e+08 6.502130700000000000e+08 1.008519146000000000e+09 1.558345321000000000e+09 2.398146891000000000e+09 3.674981785000000000e+09 5.629102911000000000e+09 8.521937674000000000e+09
1.606635000000000000e+06 2.528455000000000000e+06 3.979457000000000000e+06 6.263484000000000000e+06 9.883141000000000000e+06 1.563239200000000000e+07 2.478843800000000000e+07 3.908766200000000000e+07 6.165152900000000000e+07 9.743902900000000000e+07 1.535532020000000000e+08 2.423455760000000000e+08 3.818931120000000000e+08 6.034093960000000000e+08 9.569903860000000000e+08 1.523798838000000000e+09 2.438173163000000000e+09 3.919603345000000000e+09 6.330732992000000000e+09 1.024271464000000000e+10
1.722842000000000000e+06 2.714791000000000000e+06 4.277516000000000000e+06 6.731950000000000000e+06 1.060873100000000000e+07 1.671292700000000000e+07 2.634429000000000000e+07 4.144723600000000000e+07 6.526166900000000000e+07 1.026451740000000000e+08 1.611573280000000000e+08 2.525790270000000000e+08 3.953883920000000000e+08 6.171495920000000000e+08 9.594964770000000000e+08 1.483876030000000000e+09 2.288157783000000000e+09 3.509290636000000000e+09 5.339042564000000000e+09 7.987993302000000000e+09
1.581036000000000000e+06 2.491906000000000000e+06 3.925912000000000000e+06 6.194141000000000000e+06 9.780301000000000000e+06 1.546231900000000000e+07 2.449305400000000000e+07 3.868428300000000000e+07 6.111512200000000000e+07 9.672628300000000000e+07 1.529240440000000000e+08 2.421650370000000000e+08 3.836540520000000000e+08 6.067931990000000000e+08 9.607898220000000000e+08 1.523992684000000000e+09 2.423081424000000000e+09 3.866711503000000000e+09 6.186613077000000000e+09 9.911012539000000000e+09
1.951379000000000000e+06 3.075032000000000000e+06 4.853254000000000000e+06 7.663290000000000000e+06 1.208425300000000000e+07 1.910489000000000000e+07 3.017377500000000000e+07 4.767579400000000000e+07 7.524460300000000000e+07 1.187639660000000000e+08 1.876313320000000000e+08 2.963573920000000000e+08 4.685498180000000000e+08 7.411603830000000000e+08 1.173122796000000000e+09 1.862575106000000000e+09 2.961050107000000000e+09 4.717691831000000000e+09 7.517183771000000000e+09 1.191843643500000000e+10
1.795836000000000000e+06 2.831983000000000000e+06 4.481105000000000000e+06 7.071203000000000000e+06 1.118294600000000000e+07 1.770464900000000000e+07 2.801684500000000000e+07 4.434356000000000000e+07 7.020988000000000000e+07 1.112031950000000000e+08 1.759010560000000000e+08 2.780003850000000000e+08 4.388611170000000000e+08 6.940868580000000000e+08 1.100309226000000000e+09 1.750257620000000000e+09 2.781237190000000000e+09 4.395175534000000000e+09 6.916098536000000000e+09 1.086599708800000000e+10
2.525077000000000000e+06 3.950434000000000000e+06 6.195063000000000000e+06 9.721217000000000000e+06 1.526977100000000000e+07 2.397784000000000000e+07 3.763035500000000000e+07 5.890662600000000000e+07 9.213738600000000000e+07 1.442349410000000000e+08 2.257195960000000000e+08 3.533564760000000000e+08 5.529689260000000000e+08 8.667848860000000000e+08 1.358872152000000000e+09 2.120545118000000000e+09 3.272740704000000000e+09 5.031874580000000000e+09 7.716001548000000000e+09 1.170381816200000000e+10
2.020747000000000000e+06 3.184731000000000000e+06 5.018565000000000000e+06 7.924547000000000000e+06 1.250955100000000000e+07 1.976453200000000000e+07 3.122656900000000000e+07 4.935811500000000000e+07 7.805070700000000000e+07 1.235193140000000000e+08 1.954571190000000000e+08 3.092100760000000000e+08 4.895472930000000000e+08 7.744424680000000000e+08 1.222963696000000000e+09 1.927827114000000000e+09 3.028206583000000000e+09 4.748735223000000000e+09 7.449139212000000000e+09 1.168726625800000000e+10
2.233561000000000000e+06 3.519390000000000000e+06 5.555692000000000000e+06 8.760234000000000000e+06 1.381739000000000000e+07 2.181820200000000000e+07 3.443780600000000000e+07 5.436633900000000000e+07 8.585478400000000000e+07 1.358648120000000000e+08 2.151294850000000000e+08 3.405158640000000000e+08 5.388578290000000000e+08 8.532438520000000000e+08 1.345387329000000000e+09 2.116395561000000000e+09 3.328916865000000000e+09 5.220389966000000000e+09 8.153441743000000000e+09 1.276447700600000000e+10
2.370726000000000000e+06 3.731719000000000000e+06 5.885623000000000000e+06 9.282976000000000000e+06 1.466243200000000000e+07 2.318102000000000000e+07 3.663179400000000000e+07 5.792187100000000000e+07 9.154105900000000000e+07 1.449012990000000000e+08 2.294917570000000000e+08 3.637699530000000000e+08 5.771019310000000000e+08 9.171063870000000000e+08 1.461482530000000000e+09 2.328638368000000000e+09 3.706005831000000000e+09 5.903077687000000000e+09 9.399125209000000000e+09 1.484235492900000000e+10
2.497567000000000000e+06 3.927053000000000000e+06 6.192362000000000000e+06 9.764187000000000000e+06 1.539292700000000000e+07 2.431169000000000000e+07 3.847254300000000000e+07 6.064470500000000000e+07 9.556597600000000000e+07 1.507518880000000000e+08 2.373787440000000000e+08 3.737121710000000000e+08 5.862089620000000000e+08 9.158457020000000000e+08 1.429260803000000000e+09 2.224001081000000000e+09 3.455804852000000000e+09 5.339611298000000000e+09 8.124621186000000000e+09 1.205090253000000000e+10
1.592602000000000000e+06 2.512100000000000000e+06 3.961896000000000000e+06 6.246498000000000000e+06 9.865791000000000000e+06 1.556362900000000000e+07 2.459812400000000000e+07 3.882354600000000000e+07 6.129755100000000000e+07 9.697208900000000000e+07 1.536262880000000000e+08 2.436879090000000000e+08 3.868217040000000000e+08 6.140722150000000000e+08 9.770451100000000000e+08 1.554697447000000000e+09 2.473629328000000000e+09 3.935006793000000000e+09 6.290858819000000000e+09 1.011134026800000000e+10
1.594854000000000000e+06 2.516058000000000000e+06 3.970613000000000000e+06 6.273506000000000000e+06 9.916905000000000000e+06 1.569259900000000000e+07 2.483398800000000000e+07 3.927268500000000000e+07 6.213985500000000000e+07 9.843368600000000000e+07 1.557264170000000000e+08 2.468420410000000000e+08 3.919277560000000000e+08 6.228247760000000000e+08 9.887951750000000000e+08 1.566187471000000000e+09 2.476662512000000000e+09 3.915740588000000000e+09 6.184867040000000000e+09 9.748242527000000000e+09
2.571392000000000000e+06 4.050838000000000000e+06 6.381766000000000000e+06 1.005967500000000000e+07 1.587482700000000000e+07 2.504609900000000000e+07 3.951633400000000000e+07 6.230541500000000000e+07 9.836468800000000000e+07 1.554655310000000000e+08 2.459011450000000000e+08 3.889639060000000000e+08 6.150241010000000000e+08 9.718704850000000000e+08 1.534309286000000000e+09 2.417665870000000000e+09 3.806454184000000000e+09 5.998482134000000000e+09 9.453583346000000000e+09 1.481890047000000000e+10
2.755112000000000000e+06 4.330988000000000000e+06 6.818997000000000000e+06 1.072913400000000000e+07 1.689048900000000000e+07 2.659172800000000000e+07 4.186556000000000000e+07 6.592782300000000000e+07 1.037260360000000000e+08 1.630184130000000000e+08 2.560991700000000000e+08 4.015792890000000000e+08 6.292333900000000000e+08 9.872695120000000000e+08 1.548217869000000000e+09 2.417631725000000000e+09 3.755241591000000000e+09 5.791823752000000000e+09 8.929837302000000000e+09 1.377250875100000000e+10
2.529372000000000000e+06 3.965059000000000000e+06 6.246869000000000000e+06 9.848044000000000000e+06 1.551814800000000000e+07 2.444372100000000000e+07 3.851277100000000000e+07 6.065177000000000000e+07 9.556178000000000000e+07 1.506676980000000000e+08 2.373274290000000000e+08 3.736468350000000000e+08 5.885609340000000000e+08 9.254934870000000000e+08 1.453087889000000000e+09 2.273342246000000000e+09 3.538338840000000000e+09 5.475662236000000000e+09 8.411466577000000000e+09 1.274011922700000000e+10
1.839802000000000000e+06 2.903291000000000000e+06 4.577749000000000000e+06 7.234359000000000000e+06 1.143494600000000000e+07 1.808322700000000000e+07 2.859846100000000000e+07 4.526041300000000000e+07 7.162097400000000000e+07 1.132350640000000000e+08 1.791013530000000000e+08 2.834400360000000000e+08 4.484140600000000000e+08 7.075847550000000000e+08 1.115372800000000000e+09 1.751630820000000000e+09 2.741957446000000000e+09 4.287166056000000000e+09 6.712905452000000000e+09 1.054735280100000000e+10
1.914142000000000000e+06 3.011417000000000000e+06 4.737727000000000000e+06 7.449594000000000000e+06 1.172395500000000000e+07 1.846685200000000000e+07 2.913351100000000000e+07 4.580148300000000000e+07 7.192494400000000000e+07 1.129657970000000000e+08 1.768726630000000000e+08 2.763154980000000000e+08 4.298841410000000000e+08 6.666040630000000000e+08 1.032332456000000000e+09 1.593444798000000000e+09 2.446632558000000000e+09 3.744228003000000000e+09 5.681438603000000000e+09 8.520444908000000000e+09
2.107179000000000000e+06 3.302995000000000000e+06 5.194858000000000000e+06 8.182073000000000000e+06 1.287862900000000000e+07 2.031722100000000000e+07 3.208546600000000000e+07 5.048630000000000000e+07 7.952516100000000000e+07 1.253575870000000000e+08 1.973166370000000000e+08 3.104422460000000000e+08 4.885500980000000000e+08 7.657138170000000000e+08 1.193892783000000000e+09 1.853774228000000000e+09 2.867138804000000000e+09 4.408108025000000000e+09 6.717828827000000000e+09 1.010226840300000000e+10
2.361127000000000000e+06 3.708428000000000000e+06 5.843984000000000000e+06 9.215488000000000000e+06 1.450438300000000000e+07 2.285729100000000000e+07 3.607232900000000000e+07 5.675516000000000000e+07 8.931043500000000000e+07 1.407723250000000000e+08 2.213888240000000000e+08 3.479005590000000000e+08 5.446845300000000000e+08 8.503619640000000000e+08 1.322119312000000000e+09 2.051992984000000000e+09 3.179997437000000000e+09 4.907166533000000000e+09 7.534565207000000000e+09 1.145383396700000000e+10
2.810035000000000000e+06 4.425278000000000000e+06 6.980671000000000000e+06 1.099962700000000000e+07 1.732674500000000000e+07 2.730740300000000000e+07 4.300053100000000000e+07 6.775485100000000000e+07 1.066786090000000000e+08 1.678203240000000000e+08 2.634734770000000000e+08 4.129811830000000000e+08 6.487084090000000000e+08 1.024947930000000000e+09 1.626023078000000000e+09 2.576952905000000000e+09 4.068439308000000000e+09 6.421192282000000000e+09 1.021002888100000000e+10 1.630670332200000000e+10
1.135734000000000000e+06 1.788970000000000000e+06 2.813759000000000000e+06 4.434682000000000000e+06 6.988848000000000000e+06 1.104589400000000000e+07 1.749587200000000000e+07 2.770810200000000000e+07 4.388044400000000000e+07 6.955194900000000000e+07 1.101435090000000000e+08 1.743316530000000000e+08 2.760646570000000000e+08 4.368420580000000000e+08 6.928677410000000000e+08 1.102027709000000000e+09 1.749301192000000000e+09 2.772287392000000000e+09 4.397057796000000000e+09 6.865787354000000000e+09
1.506223000000000000e+06 2.363550000000000000e+06 3.712216000000000000e+06 5.837679000000000000e+06 9.169185000000000000e+06 1.440519200000000000e+07 2.265161800000000000e+07 3.560726300000000000e+07 5.608639700000000000e+07 8.851002000000000000e+07 1.396089040000000000e+08 2.205232580000000000e+08 3.486825850000000000e+08 5.522005220000000000e+08 8.721214250000000000e+08 1.372312866000000000e+09 2.161838810000000000e+09 3.403208018000000000e+09 5.348534543000000000e+09 8.458858565000000000e+09
2.766070000000000000e+06 4.339889000000000000e+06 6.810921000000000000e+06 1.070879900000000000e+07 1.683975000000000000e+07 2.649341200000000000e+07 4.173367000000000000e+07 6.562024000000000000e+07 1.031461530000000000e+08 1.624879370000000000e+08 2.558609760000000000e+08 4.026718690000000000e+08 6.327865810000000000e+08 9.937233700000000000e+08 1.560559604000000000e+09 2.440186981000000000e+09 3.801283302000000000e+09 5.885093305000000000e+09 9.042113276000000000e+09 1.373346780200000000e+10
2.066883000000000000e+06 3.257627000000000000e+06 5.132934000000000000e+06 8.093180000000000000e+06 1.277105400000000000e+07 2.014925800000000000e+07 3.178167800000000000e+07 5.011880300000000000e+07 7.903910900000000000e+07 1.246072980000000000e+08 1.965558000000000000e+08 3.097128420000000000e+08 4.882342450000000000e+08 7.729771450000000000e+08 1.227735941000000000e+09 1.952275749000000000e+09 3.113848372000000000e+09 4.954428038000000000e+09 7.907391483000000000e+09 1.263792682500000000e+10
2.405456000000000000e+06 3.790828000000000000e+06 5.964864000000000000e+06 9.402576000000000000e+06 1.480817400000000000e+07 2.334263300000000000e+07 3.683031000000000000e+07 5.804407500000000000e+07 9.131588200000000000e+07 1.438370920000000000e+08 2.264581290000000000e+08 3.567517970000000000e+08 5.634606160000000000e+08 8.959110000000000000e+08 1.429353590000000000e+09 2.279857997000000000e+09 3.631425866000000000e+09 5.778360863000000000e+09 9.239342165000000000e+09 1.483188244900000000e+10
8.260000000000000000e+05 1.287940000000000000e+06 2.010401000000000000e+06 3.147530000000000000e+06 4.919148000000000000e+06 7.711311000000000000e+06 1.209681400000000000e+07 1.885115400000000000e+07 2.930956900000000000e+07 4.565885300000000000e+07 7.078066400000000000e+07 1.094385150000000000e+08 1.675481210000000000e+08 2.543032890000000000e+08 3.815889930000000000e+08 5.657169110000000000e+08 8.374858430000000000e+08 1.240691965000000000e+09 1.828626943000000000e+09 2.753115531000000000e+09
2.496268000000000000e+06 3.940527000000000000e+06 6.218827000000000000e+06 9.815174000000000000e+06 1.550560100000000000e+07 2.450047800000000000e+07 3.869088300000000000e+07 6.118379200000000000e+07 9.669669000000000000e+07 1.529138880000000000e+08 2.422951760000000000e+08 3.844652890000000000e+08 6.116052290000000000e+08 9.715393970000000000e+08 1.540731315000000000e+09 2.445933301000000000e+09 3.883841466000000000e+09 6.150771630000000000e+09 9.694385805000000000e+09 1.520294494500000000e+10
1.947670000000000000e+06 3.069395000000000000e+06 4.840606000000000000e+06 7.633671000000000000e+06 1.206447700000000000e+07 1.906534300000000000e+07 3.011744200000000000e+07 4.756546800000000000e+07 7.515234300000000000e+07 1.187088850000000000e+08 1.875615190000000000e+08 2.959337780000000000e+08 4.671026320000000000e+08 7.383941610000000000e+08 1.166364143000000000e+09 1.836378295000000000e+09 2.888052952000000000e+09 4.524130711000000000e+09 7.044005563000000000e+09 1.088427271200000000e+10
2.081777000000000000e+06 3.279743000000000000e+06 5.175884000000000000e+06 8.165266000000000000e+06 1.289216300000000000e+07 2.036510800000000000e+07 3.216835500000000000e+07 5.074873100000000000e+07 8.007403600000000000e+07 1.263816870000000000e+08 1.992615680000000000e+08 3.144770020000000000e+08 4.972233910000000000e+08 7.873891240000000000e+08 1.247249798000000000e+09 1.977464154000000000e+09 3.128373658000000000e+09 4.913995606000000000e+09 7.667067580000000000e+09 1.196137964100000000e+10
1.771911000000000000e+06 2.791493000000000000e+06 4.408179000000000000e+06 6.955025000000000000e+06 1.097496800000000000e+07 1.735832600000000000e+07 2.745571900000000000e+07 4.347353900000000000e+07 6.881928600000000000e+07 1.090778800000000000e+08 1.728210040000000000e+08 2.740898340000000000e+08 4.348379870000000000e+08 6.902349830000000000e+08 1.094712302000000000e+09 1.738852726000000000e+09 2.760472090000000000e+09 4.365646157000000000e+09 6.873810661000000000e+09 1.072712259900000000e+10
1.494930000000000000e+06 2.356757000000000000e+06 3.711716000000000000e+06 5.853563000000000000e+06 9.241705000000000000e+06 1.460055800000000000e+07 2.309576700000000000e+07 3.653158400000000000e+07 5.779705800000000000e+07 9.137112700000000000e+07 1.445128490000000000e+08 2.283478600000000000e+08 3.606480740000000000e+08 5.693544690000000000e+08 8.970739710000000000e+08 1.414744677000000000e+09 2.235089841000000000e+09 3.519594967000000000e+09 5.556487594000000000e+09 8.701331209000000000e+09
2.049758000000000000e+06 3.217160000000000000e+06 5.049673000000000000e+06 7.919837000000000000e+06 1.244809500000000000e+07 1.957374200000000000e+07 3.081638400000000000e+07 4.823237900000000000e+07 7.522991600000000000e+07 1.172292890000000000e+08 1.816201840000000000e+08 2.799518440000000000e+08 4.291000110000000000e+08 6.534247250000000000e+08 9.857201670000000000e+08 1.466732455000000000e+09 2.133770778000000000e+09 3.006933051000000000e+09 3.996133158000000000e+09 4.826295337000000000e+09
1.600735000000000000e+06 2.529610000000000000e+06 3.977604000000000000e+06 6.273023000000000000e+06 9.888874000000000000e+06 1.556447700000000000e+07 2.450457000000000000e+07 3.858371000000000000e+07 6.067148000000000000e+07 9.533726400000000000e+07 1.496612450000000000e+08 2.347180050000000000e+08 3.681597320000000000e+08 5.770971230000000000e+08 9.053446040000000000e+08 1.420169878000000000e+09 2.235540224000000000e+09 3.536229689000000000e+09 5.650314328000000000e+09 9.081455153000000000e+09
2.621849000000000000e+06 4.124229000000000000e+06 6.501340000000000000e+06 1.023923700000000000e+07 1.615151900000000000e+07 2.550923500000000000e+07 4.029021700000000000e+07 6.366831400000000000e+07 1.006776310000000000e+08 1.594206870000000000e+08 2.525628860000000000e+08 4.002492530000000000e+08 6.343683660000000000e+08 1.004990765000000000e+09 1.595321454000000000e+09 2.532097487000000000e+09 4.004911119000000000e+09 6.310815798000000000e+09 9.912115297000000000e+09 1.556826586200000000e+10
2.729191000000000000e+06 4.293343000000000000e+06 6.753682000000000000e+06 1.065556700000000000e+07 1.678628100000000000e+07 2.650145200000000000e+07 4.184947800000000000e+07 6.597299500000000000e+07 1.040139670000000000e+08 1.639244200000000000e+08 2.580386290000000000e+08 4.058759890000000000e+08 6.381559100000000000e+08 1.005017896000000000e+09 1.584007061000000000e+09 2.484766367000000000e+09 3.878032287000000000e+09 6.064689293000000000e+09 9.455274122000000000e+09 1.456732240700000000e+10
1.758002000000000000e+06 2.740872000000000000e+06 4.284668000000000000e+06 6.689952000000000000e+06 1.042847500000000000e+07 1.637755200000000000e+07 2.578492900000000000e+07 4.013385400000000000e+07 6.234293400000000000e+07 9.690551700000000000e+07 1.494601020000000000e+08 2.294828190000000000e+08 3.491536760000000000e+08 5.282340340000000000e+08 7.952369020000000000e+08 1.179066325000000000e+09 1.713293017000000000e+09 2.394933375000000000e+09 3.109765103000000000e+09 3.832016380000000000e+09
2.148863000000000000e+06 3.393288000000000000e+06 5.347708000000000000e+06 8.447151000000000000e+06 1.335071100000000000e+07 2.109137200000000000e+07 3.336894200000000000e+07 5.275277200000000000e+07 8.336332600000000000e+07 1.317111650000000000e+08 2.081177470000000000e+08 3.285459860000000000e+08 5.182485220000000000e+08 8.193699330000000000e+08 1.297032906000000000e+09 2.056742682000000000e+09 3.261869432000000000e+09 5.191587931000000000e+09 8.275526526000000000e+09 1.322853023700000000e+10
2.275607000000000000e+06 3.587033000000000000e+06 5.650997000000000000e+06 8.916054000000000000e+06 1.405631300000000000e+07 2.218899300000000000e+07 3.507642200000000000e+07 5.529672400000000000e+07 8.709533300000000000e+07 1.374713160000000000e+08 2.165577560000000000e+08 3.410316910000000000e+08 5.352596350000000000e+08 8.361170650000000000e+08 1.300895530000000000e+09 2.015312569000000000e+09 3.092451387000000000e+09 4.690505268000000000e+09 7.019695912000000000e+09 1.026968303000000000e+10
1.801434000000000000e+06 2.837872000000000000e+06 4.472600000000000000e+06 7.059902000000000000e+06 1.115313400000000000e+07 1.760999700000000000e+07 2.780868100000000000e+07 4.389609200000000000e+07 6.927544800000000000e+07 1.093813660000000000e+08 1.725327700000000000e+08 2.717171670000000000e+08 4.277684070000000000e+08 6.744978620000000000e+08 1.067188739000000000e+09 1.691862967000000000e+09 2.688485125000000000e+09 4.275929860000000000e+09 6.805124829000000000e+09 1.092052214800000000e+10
2.551513000000000000e+06 4.014951000000000000e+06 6.343587000000000000e+06 1.001161700000000000e+07 1.581838200000000000e+07 2.499023700000000000e+07 3.949058200000000000e+07 6.244189800000000000e+07 9.871569300000000000e+07 1.562973920000000000e+08 2.478272580000000000e+08 3.931423350000000000e+08 6.234913670000000000e+08 9.862461160000000000e+08 1.561159607000000000e+09 2.468487424000000000e+09 3.905937540000000000e+09 6.200135713000000000e+09 9.856586971000000000e+09 1.560076385700000000e+10
1.593245000000000000e+06 2.499377000000000000e+06 3.924686000000000000e+06 6.161166000000000000e+06 9.680637000000000000e+06 1.524847800000000000e+07 2.405390700000000000e+07 3.776946500000000000e+07 5.941778400000000000e+07 9.364771800000000000e+07 1.474331710000000000e+08 2.324068090000000000e+08 3.660255710000000000e+08 5.751898460000000000e+08 9.031954840000000000e+08 1.408864908000000000e+09 2.188477286000000000e+09 3.371876007000000000e+09 5.108236781000000000e+09 7.498501694000000000e+09
1.743768000000000000e+06 2.743876000000000000e+06 4.312643000000000000e+06 6.789476000000000000e+06 1.071384500000000000e+07 1.688551200000000000e+07 2.663792400000000000e+07 4.195975300000000000e+07 6.610450100000000000e+07 1.041255290000000000e+08 1.641589890000000000e+08 2.588822960000000000e+08 4.080835100000000000e+08 6.425975900000000000e+08 1.011426850000000000e+09 1.588293950000000000e+09 2.492331792000000000e+09 3.911963324000000000e+09 6.164523433000000000e+09 9.738425201000000000e+09
2.255288000000000000e+06 3.532068000000000000e+06 5.537821000000000000e+06 8.703385000000000000e+06 1.367443800000000000e+07 2.151349500000000000e+07 3.381311300000000000e+07 5.302663900000000000e+07 8.311667100000000000e+07 1.304985850000000000e+08 2.051004220000000000e+08 3.221780230000000000e+08 5.059156130000000000e+08 7.928726280000000000e+08 1.243418246000000000e+09 1.942042546000000000e+09 3.030177816000000000e+09 4.699775933000000000e+09 7.236993924000000000e+09 1.107276943000000000e+10
2.444492000000000000e+06 3.849754000000000000e+06 6.066153000000000000e+06 9.556310000000000000e+06 1.505631100000000000e+07 2.375153100000000000e+07 3.746042000000000000e+07 5.907519300000000000e+07 9.294830500000000000e+07 1.461890610000000000e+08 2.296480810000000000e+08 3.605602860000000000e+08 5.656859020000000000e+08 8.879143070000000000e+08 1.392178724000000000e+09 2.184777538000000000e+09 3.441364706000000000e+09 5.394741170000000000e+09 8.360197469000000000e+09 1.297478521500000000e+10
1.921364000000000000e+06 3.023352000000000000e+06 4.757924000000000000e+06 7.503116000000000000e+06 1.183248600000000000e+07 1.867363100000000000e+07 2.954553900000000000e+07 4.655229200000000000e+07 7.336045900000000000e+07 1.154954170000000000e+08 1.814088160000000000e+08 2.846400820000000000e+08 4.451630190000000000e+08 6.950466360000000000e+08 1.078725272000000000e+09 1.661048846000000000e+09 2.542384030000000000e+09 3.845459098000000000e+09 5.704137335000000000e+09 8.295659055000000000e+09
1.734640000000000000e+06 2.722024000000000000e+06 4.282679000000000000e+06 6.736259000000000000e+06 1.057928500000000000e+07 1.665896500000000000e+07 2.630319800000000000e+07 4.123572200000000000e+07 6.460679600000000000e+07 1.014817980000000000e+08 1.587588540000000000e+08 2.477719730000000000e+08 3.839864410000000000e+08 5.909359090000000000e+08 9.036076350000000000e+08 1.369259117000000000e+09 2.054824782000000000e+09 3.051239119000000000e+09 4.511032636000000000e+09 6.776490057000000000e+09
1.788588000000000000e+06 2.816976000000000000e+06 4.441847000000000000e+06 6.987323000000000000e+06 1.101413000000000000e+07 1.735878600000000000e+07 2.734851600000000000e+07 4.304323300000000000e+07 6.774863600000000000e+07 1.068197860000000000e+08 1.686113440000000000e+08 2.663481120000000000e+08 4.207977730000000000e+08 6.667897140000000000e+08 1.059504610000000000e+09 1.688241675000000000e+09 2.670563447000000000e+09 4.184215552000000000e+09 6.538508997000000000e+09 1.017297711400000000e+10
3.096363000000000000e+06 4.877256000000000000e+06 7.699902000000000000e+06 1.216162800000000000e+07 1.921134800000000000e+07 3.034101900000000000e+07 4.793833500000000000e+07 7.581242500000000000e+07 1.199714160000000000e+08 1.900262930000000000e+08 3.009734670000000000e+08 4.765748750000000000e+08 7.536939130000000000e+08 1.189022246000000000e+09 1.867857907000000000e+09 2.925835543000000000e+09 4.574503590000000000e+09 7.159075832000000000e+09 1.120053901000000000e+10 1.751578748700000000e+10
1.929880000000000000e+06 3.038845000000000000e+06 4.793599000000000000e+06 7.564320000000000000e+06 1.193065100000000000e+07 1.883341000000000000e+07 2.971888000000000000e+07 4.688638400000000000e+07 7.403596700000000000e+07 1.171202290000000000e+08 1.853331610000000000e+08 2.932497420000000000e+08 4.637034520000000000e+08 7.306305940000000000e+08 1.152120489000000000e+09 1.823968992000000000e+09 2.890003844000000000e+09 4.568206989000000000e+09 7.233728294000000000e+09 1.138587557500000000e+10
2.551568000000000000e+06 4.018326000000000000e+06 6.335444000000000000e+06 1.001630500000000000e+07 1.582633000000000000e+07 2.501066900000000000e+07 3.956857300000000000e+07 6.257305000000000000e+07 9.902433800000000000e+07 1.569607050000000000e+08 2.486792040000000000e+08 3.936480370000000000e+08 6.229755810000000000e+08 9.865364130000000000e+08 1.563808030000000000e+09 2.478874581000000000e+09 3.931823328000000000e+09 6.228472497000000000e+09 9.872642143000000000e+09 1.568426320300000000e+10
1.938996000000000000e+06 3.056298000000000000e+06 4.828147000000000000e+06 7.613000000000000000e+06 1.200950200000000000e+07 1.893383700000000000e+07 2.988499900000000000e+07 4.717704400000000000e+07 7.442839200000000000e+07 1.174086470000000000e+08 1.851524990000000000e+08 2.917039460000000000e+08 4.602025680000000000e+08 7.297846230000000000e+08 1.158110344000000000e+09 1.835724304000000000e+09 2.909037504000000000e+09 4.611382468000000000e+09 7.298144689000000000e+09 1.153889589800000000e+10
1.295252000000000000e+06 2.027799000000000000e+06 3.182963000000000000e+06 5.006785000000000000e+06 7.874451000000000000e+06 1.239631200000000000e+07 1.952114700000000000e+07 3.066130600000000000e+07 4.823222000000000000e+07 7.606834400000000000e+07 1.201628790000000000e+08 1.899786240000000000e+08 2.998025710000000000e+08 4.742716030000000000e+08 7.522190210000000000e+08 1.194672463000000000e+09 1.902559015000000000e+09 3.030106961000000000e+09 4.855964735000000000e+09 7.797887286000000000e+09
1.582067000000000000e+06 2.500818000000000000e+06 3.951204000000000000e+06 6.245191000000000000e+06 9.878432000000000000e+06 1.562412300000000000e+07 2.471833900000000000e+07 3.912975900000000000e+07 6.193205900000000000e+07 9.804567400000000000e+07 1.552952510000000000e+08 2.459583910000000000e+08 3.900557490000000000e+08 6.196065710000000000e+08 9.843894100000000000e+08 1.563127722000000000e+09 2.482459794000000000e+09 3.969653771000000000e+09 6.383873653000000000e+09 1.023906313800000000e+10
8.679460000000000000e+05 1.355791000000000000e+06 2.119696000000000000e+06 3.325336000000000000e+06 5.218922000000000000e+06 8.197350000000000000e+06 1.293461500000000000e+07 2.028989300000000000e+07 3.181231100000000000e+07 4.979181200000000000e+07 7.758798900000000000e+07 1.210739390000000000e+08 1.886032440000000000e+08 2.920106790000000000e+08 4.496143980000000000e+08 6.911345910000000000e+08 1.058040162000000000e+09 1.594159837000000000e+09 2.345372186000000000e+09 3.374986127000000000e+09
1.525088000000000000e+06 2.399050000000000000e+06 3.779444000000000000e+06 5.955711000000000000e+06 9.400056000000000000e+06 1.480350800000000000e+07 2.327256600000000000e+07 3.660277100000000000e+07 5.752596100000000000e+07 9.044581200000000000e+07 1.419214280000000000e+08 2.224264950000000000e+08 3.490250370000000000e+08 5.487013090000000000e+08 8.639214470000000000e+08 1.359471813000000000e+09 2.142525493000000000e+09 3.381211331000000000e+09 5.299060025000000000e+09 8.298843610000000000e+09
1.238113000000000000e+06 1.942753000000000000e+06 3.058712000000000000e+06 4.810527000000000000e+06 7.563039000000000000e+06 1.190731000000000000e+07 1.875349400000000000e+07 2.944764400000000000e+07 4.617643400000000000e+07 7.216278000000000000e+07 1.124468680000000000e+08 1.741386080000000000e+08 2.673709070000000000e+08 4.080260380000000000e+08 6.199833050000000000e+08 9.337618570000000000e+08 1.391892011000000000e+09 2.076825222000000000e+09 3.139381615000000000e+09 5.017259998000000000e+09
2.963243000000000000e+06 4.668859000000000000e+06 7.355803000000000000e+06 1.160506200000000000e+07 1.830942400000000000e+07 2.891377000000000000e+07 4.563141700000000000e+07 7.201308600000000000e+07 1.136689870000000000e+08 1.794831450000000000e+08 2.835274730000000000e+08 4.483623010000000000e+08 7.096017280000000000e+08 1.123527252000000000e+09 1.777937082000000000e+09 2.810806534000000000e+09 4.438633732000000000e+09 6.979029182000000000e+09 1.100157985400000000e+10 1.735451116900000000e+10
1.624410000000000000e+06 2.557320000000000000e+06 4.040934000000000000e+06 6.375384000000000000e+06 1.008482400000000000e+07 1.594469600000000000e+07 2.522323800000000000e+07 3.992716400000000000e+07 6.318478400000000000e+07 1.000401370000000000e+08 1.585579760000000000e+08 2.518151760000000000e+08 4.003790800000000000e+08 6.354644820000000000e+08 1.005694368000000000e+09 1.588826332000000000e+09 2.501706094000000000e+09 3.929784786000000000e+09 6.188918718000000000e+09 9.780419942000000000e+09
1.832574000000000000e+06 2.876659000000000000e+06 4.539087000000000000e+06 7.152094000000000000e+06 1.128426000000000000e+07 1.779487600000000000e+07 2.807645400000000000e+07 4.424325700000000000e+07 6.970736100000000000e+07 1.099108280000000000e+08 1.733752380000000000e+08 2.736043270000000000e+08 4.310179200000000000e+08 6.781455540000000000e+08 1.065627292000000000e+09 1.667821119000000000e+09 2.605501213000000000e+09 4.068503223000000000e+09 6.304239846000000000e+09 9.831124283000000000e+09
1.693930000000000000e+06 2.667508000000000000e+06 4.187830000000000000e+06 6.599366000000000000e+06 1.037909500000000000e+07 1.636061600000000000e+07 2.580643900000000000e+07 4.061422800000000000e+07 6.390494100000000000e+07 1.006958700000000000e+08 1.585085250000000000e+08 2.492755910000000000e+08 3.914521900000000000e+08 6.115062850000000000e+08 9.518891270000000000e+08 1.476159340000000000e+09 2.277673089000000000e+09 3.491316710000000000e+09 5.258561869000000000e+09 7.697903800000000000e+09
2.206962000000000000e+06 3.466096000000000000e+06 5.452144000000000000e+06 8.576125000000000000e+06 1.349718700000000000e+07 2.127635000000000000e+07 3.352200500000000000e+07 5.270988900000000000e+07 8.284588400000000000e+07 1.304575480000000000e+08 2.053432630000000000e+08 3.235297780000000000e+08 5.095010270000000000e+08 8.018039340000000000e+08 1.258015507000000000e+09 1.965445848000000000e+09 3.044361050000000000e+09 4.668774666000000000e+09 7.114404031000000000e+09 1.076096278900000000e+10
2.628319000000000000e+06 4.152895000000000000e+06 6.556208000000000000e+06 1.036353100000000000e+07 1.639557400000000000e+07 2.595576000000000000e+07 4.106693900000000000e+07 6.497423200000000000e+07 1.028352860000000000e+08 1.627813620000000000e+08 2.576549670000000000e+08 4.078003480000000000e+08 6.459375110000000000e+08 1.023779890000000000e+09 1.622161921000000000e+09 2.564757332000000000e+09 4.049045450000000000e+09 6.381715544000000000e+09 1.007767101300000000e+10 1.594546061700000000e+10
1.419362000000000000e+06 2.224697000000000000e+06 3.494647000000000000e+06 5.502005000000000000e+06 8.663036000000000000e+06 1.366622900000000000e+07 2.155700800000000000e+07 3.403699000000000000e+07 5.372275900000000000e+07 8.467968100000000000e+07 1.332277360000000000e+08 2.094305260000000000e+08 3.291179600000000000e+08 5.166088110000000000e+08 8.093883800000000000e+08 1.270074408000000000e+09 1.989782086000000000e+09 3.119407687000000000e+09 4.912836335000000000e+09 7.671379961000000000e+09
1.264654000000000000e+06 1.986501000000000000e+06 3.111328000000000000e+06 4.887956000000000000e+06 7.695422000000000000e+06 1.212166900000000000e+07 1.911678600000000000e+07 3.009915800000000000e+07 4.737660300000000000e+07 7.457290700000000000e+07 1.171738090000000000e+08 1.836249720000000000e+08 2.874101000000000000e+08 4.490543650000000000e+08 6.999215010000000000e+08 1.084988247000000000e+09 1.685140168000000000e+09 2.599407653000000000e+09 3.963025499000000000e+09 5.963514420000000000e+09
1.929748000000000000e+06 3.043024000000000000e+06 4.805660000000000000e+06 7.584794000000000000e+06 1.197258600000000000e+07 1.891211700000000000e+07 2.987836000000000000e+07 4.716494200000000000e+07 7.442833800000000000e+07 1.175394750000000000e+08 1.858527150000000000e+08 2.943179860000000000e+08 4.662122510000000000e+08 7.385235050000000000e+08 1.170046323000000000e+09 1.855248298000000000e+09 2.949876254000000000e+09 4.704766920000000000e+09 7.474472545000000000e+09 1.179650574100000000e+10
1.879708000000000000e+06 2.965814000000000000e+06 4.677958000000000000e+06 7.407172000000000000e+06 1.170108800000000000e+07 1.849181700000000000e+07 2.929762400000000000e+07 4.630681800000000000e+07 7.324359000000000000e+07 1.158948500000000000e+08 1.832875700000000000e+08 2.897823660000000000e+08 4.581545360000000000e+08 7.247140550000000000e+08 1.146215634000000000e+09 1.816998453000000000e+09 2.892368847000000000e+09 4.632505827000000000e+09 7.447357976000000000e+09 1.196121369400000000e+10
2.137012000000000000e+06 3.355447000000000000e+06 5.280667000000000000e+06 8.321129000000000000e+06 1.310744400000000000e+07 2.065431200000000000e+07 3.257621800000000000e+07 5.117074700000000000e+07 8.045267300000000000e+07 1.264073250000000000e+08 1.980536230000000000e+08 3.098839430000000000e+08 4.826693460000000000e+08 7.495275770000000000e+08 1.154013712000000000e+09 1.762717497000000000e+09 2.660178286000000000e+09 3.953891580000000000e+09 5.770940273000000000e+09 8.203469268000000000e+09
2.132797000000000000e+06 3.349836000000000000e+06 5.274160000000000000e+06 8.307661000000000000e+06 1.310963200000000000e+07 2.070091300000000000e+07 3.272525300000000000e+07 5.160652200000000000e+07 8.149970200000000000e+07 1.286652760000000000e+08 2.030742330000000000e+08 3.206500020000000000e+08 5.045723860000000000e+08 7.907085940000000000e+08 1.233689433000000000e+09 1.915367246000000000e+09 2.955812421000000000e+09 4.521554161000000000e+09 6.833917328000000000e+09 1.016335588100000000e+10
2.153830000000000000e+06 3.396777000000000000e+06 5.358377000000000000e+06 8.450663000000000000e+06 1.334566600000000000e+07 2.107429600000000000e+07 3.331890400000000000e+07 5.261637600000000000e+07 8.317668300000000000e+07 1.316397720000000000e+08 2.086761990000000000e+08 3.310110560000000000e+08 5.247163750000000000e+08 8.317862200000000000e+08 1.316406170000000000e+09 2.083324013000000000e+09 3.290391970000000000e+09 5.193111687000000000e+09 8.181590860000000000e+09 1.287319951900000000e+10
9.475450000000000000e+05 1.483130000000000000e+06 2.327410000000000000e+06 3.661079000000000000e+06 5.749954000000000000e+06 9.073918000000000000e+06 1.436741900000000000e+07 2.267048600000000000e+07 3.577051900000000000e+07 5.665428700000000000e+07 8.944715700000000000e+07 1.416021680000000000e+08 2.234597830000000000e+08 3.526808000000000000e+08 5.571232430000000000e+08 8.817832250000000000e+08 1.407560759000000000e+09 2.271816593000000000e+09 3.659918801000000000e+09 5.847344029000000000e+09
2.142135000000000000e+06 3.367391000000000000e+06 5.304576000000000000e+06 8.359181000000000000e+06 1.319850100000000000e+07 2.084936600000000000e+07 3.304650400000000000e+07 5.220534000000000000e+07 8.245853600000000000e+07 1.302987300000000000e+08 2.056168110000000000e+08 3.248626530000000000e+08 5.135334410000000000e+08 8.125604690000000000e+08 1.286213110000000000e+09 2.035844469000000000e+09 3.226703413000000000e+09 5.131569984000000000e+09 8.193137209000000000e+09 1.308487865500000000e+10
2.515967000000000000e+06 3.960945000000000000e+06 6.246449000000000000e+06 9.848985000000000000e+06 1.554399200000000000e+07 2.452097800000000000e+07 3.872557000000000000e+07 6.102313900000000000e+07 9.613776900000000000e+07 1.513874090000000000e+08 2.377694500000000000e+08 3.736716180000000000e+08 5.868529100000000000e+08 9.189462920000000000e+08 1.433339301000000000e+09 2.219740273000000000e+09 3.427840064000000000e+09 5.258781664000000000e+09 7.975918764000000000e+09 1.191787569700000000e+10
1.101517000000000000e+06 1.723591000000000000e+06 2.709379000000000000e+06 4.254344000000000000e+06 6.682337000000000000e+06 1.052381500000000000e+07 1.653158200000000000e+07 2.587793700000000000e+07 4.052171300000000000e+07 6.339099600000000000e+07 9.888556800000000000e+07 1.537562490000000000e+08 2.386161180000000000e+08 3.689365640000000000e+08 5.662896240000000000e+08 8.601310800000000000e+08 1.297285285000000000e+09 1.956441395000000000e+09 2.896506570000000000e+09 4.223341427000000000e+09
2.148310000000000000e+06 3.385615000000000000e+06 5.340782000000000000e+06 8.429534000000000000e+06 1.332167500000000000e+07 2.106302200000000000e+07 3.327654000000000000e+07 5.263353900000000000e+07 8.328571200000000000e+07 1.319182080000000000e+08 2.089264990000000000e+08 3.311851490000000000e+08 5.250781140000000000e+08 8.324600580000000000e+08 1.317037497000000000e+09 2.079057918000000000e+09 3.271031038000000000e+09 5.112260297000000000e+09 7.936353381000000000e+09 1.229561016800000000e+10
1.371215000000000000e+06 2.152473000000000000e+06 3.384591000000000000e+06 5.324053000000000000e+06 8.373822000000000000e+06 1.318616000000000000e+07 2.082064400000000000e+07 3.273586900000000000e+07 5.152148200000000000e+07 8.104631800000000000e+07 1.272277840000000000e+08 1.994834890000000000e+08 3.121784060000000000e+08 4.873434200000000000e+08 7.552130360000000000e+08 1.163184495000000000e+09 1.778313137000000000e+09 2.678138149000000000e+09 3.960045616000000000e+09 5.747517026000000000e+09
2.110832000000000000e+06 3.297738000000000000e+06 5.172127000000000000e+06 8.130888000000000000e+06 1.278456300000000000e+07 2.015088500000000000e+07 3.170763200000000000e+07 4.985651100000000000e+07 7.840445900000000000e+07 1.234010140000000000e+08 1.938719990000000000e+08 3.037310830000000000e+08 4.740880120000000000e+08 7.391453300000000000e+08 1.145956063000000000e+09 1.768945022000000000e+09 2.706515298000000000e+09 4.111550128000000000e+09 6.185023268000000000e+09 9.260529302000000000e+09
2.229702000000000000e+06 3.515664000000000000e+06 5.547010000000000000e+06 8.755447000000000000e+06 1.383358200000000000e+07 2.186201900000000000e+07 3.452429700000000000e+07 5.450833200000000000e+07 8.599050700000000000e+07 1.357872490000000000e+08 2.145861110000000000e+08 3.391330360000000000e+08 5.370769280000000000e+08 8.519859490000000000e+08 1.347717468000000000e+09 2.124219485000000000e+09 3.343990876000000000e+09 5.271404891000000000e+09 8.325486451000000000e+09 1.310150278800000000e+10
1.865127000000000000e+06 2.940288000000000000e+06 4.631027000000000000e+06 7.291493000000000000e+06 1.148787000000000000e+07 1.811075900000000000e+07 2.855767100000000000e+07 4.494978300000000000e+07 7.058659000000000000e+07 1.109484900000000000e+08 1.742342610000000000e+08 2.732667280000000000e+08 4.269495890000000000e+08 6.665230150000000000e+08 1.036722619000000000e+09 1.603965857000000000e+09 2.481344309000000000e+09 3.850213719000000000e+09 5.990503550000000000e+09 9.412687416000000000e+09
2.303952000000000000e+06 3.627356000000000000e+06 5.721059000000000000e+06 9.027959000000000000e+06 1.424576800000000000e+07 2.248212600000000000e+07 3.547714800000000000e+07 5.606079400000000000e+07 8.851767700000000000e+07 1.397807490000000000e+08 2.205685320000000000e+08 3.481367450000000000e+08 5.501188800000000000e+08 8.708688160000000000e+08 1.378268881000000000e+09 2.180703351000000000e+09 3.448354363000000000e+09 5.455263341000000000e+09 8.626473239000000000e+09 1.364936482300000000e+10
1.719305000000000000e+06 2.714604000000000000e+06 4.282454000000000000e+06 6.762173000000000000e+06 1.068020600000000000e+07 1.687323200000000000e+07 2.665931000000000000e+07 4.215194900000000000e+07 6.665418500000000000e+07 1.054844890000000000e+08 1.668982170000000000e+08 2.642371690000000000e+08 4.181547890000000000e+08 6.615237280000000000e+08 1.045725229000000000e+09 1.651590446000000000e+09 2.615851661000000000e+09 4.153677036000000000e+09 6.595051651000000000e+09 1.039537993900000000e+10
1.853563000000000000e+06 2.919955000000000000e+06 4.605383000000000000e+06 7.268929000000000000e+06 1.146820400000000000e+07 1.808413600000000000e+07 2.855901500000000000e+07 4.507265500000000000e+07 7.121264200000000000e+07 1.125283610000000000e+08 1.780210520000000000e+08 2.816297690000000000e+08 4.456069580000000000e+08 7.051128850000000000e+08 1.117663828000000000e+09 1.776857884000000000e+09 2.832703249000000000e+09 4.514412876000000000e+09 7.182995594000000000e+09 1.147428051200000000e+10
1.715499000000000000e+06 2.709329000000000000e+06 4.279097000000000000e+06 6.750729000000000000e+06 1.066015300000000000e+07 1.686245300000000000e+07 2.666622100000000000e+07 4.212153300000000000e+07 6.651180700000000000e+07 1.049922490000000000e+08 1.656879830000000000e+08 2.612633470000000000e+08 4.118878410000000000e+08 6.490857700000000000e+08 1.022635774000000000e+09 1.609165361000000000e+09 2.529203739000000000e+09 3.976400058000000000e+09 6.244128753000000000e+09 9.789196535000000000e+09
1.885880000000000000e+06 2.969721000000000000e+06 4.677364000000000000e+06 7.368302000000000000e+06 1.161626700000000000e+07 1.831278600000000000e+07 2.893347600000000000e+07 4.553138000000000000e+07 7.165408000000000000e+07 1.129011670000000000e+08 1.773786390000000000e+08 2.790541100000000000e+08 4.378141570000000000e+08 6.853127970000000000e+08 1.069093289000000000e+09 1.663127796000000000e+09 2.570358531000000000e+09 3.931717142000000000e+09 5.925621784000000000e+09 8.779293948000000000e+09
1.641582000000000000e+06 2.576225000000000000e+06 4.046196000000000000e+06 6.368463000000000000e+06 1.003199500000000000e+07 1.580079000000000000e+07 2.494240300000000000e+07 3.940140800000000000e+07 6.217598600000000000e+07 9.824581600000000000e+07 1.552524710000000000e+08 2.453012860000000000e+08 3.872901880000000000e+08 6.116687090000000000e+08 9.661172790000000000e+08 1.525806729000000000e+09 2.403302351000000000e+09 3.772578893000000000e+09 5.909182770000000000e+09 9.253958481000000000e+09
2.106721000000000000e+06 3.315920000000000000e+06 5.218562000000000000e+06 8.226209000000000000e+06 1.297331800000000000e+07 2.044971300000000000e+07 3.226556500000000000e+07 5.077072000000000000e+07 7.993318300000000000e+07 1.259154190000000000e+08 1.979841120000000000e+08 3.111222020000000000e+08 4.874327160000000000e+08 7.632547120000000000e+08 1.190538558000000000e+09 1.848594931000000000e+09 2.857790270000000000e+09 4.409795599000000000e+09 6.769272189000000000e+09 1.021573334800000000e+10
2.004137000000000000e+06 3.157411000000000000e+06 4.980760000000000000e+06 7.860355000000000000e+06 1.240287000000000000e+07 1.959057600000000000e+07 3.093005800000000000e+07 4.885104100000000000e+07 7.716614200000000000e+07 1.219550860000000000e+08 1.928258960000000000e+08 3.048525100000000000e+08 4.824351850000000000e+08 7.637787680000000000e+08 1.208577140000000000e+09 1.906968699000000000e+09 2.998493842000000000e+09 4.688456340000000000e+09 7.245147173000000000e+09 1.103522541300000000e+10
1.696823000000000000e+06 2.666680000000000000e+06 4.195184000000000000e+06 6.609278000000000000e+06 1.041047600000000000e+07 1.641736600000000000e+07 2.592507300000000000e+07 4.078328100000000000e+07 6.417069800000000000e+07 1.011250860000000000e+08 1.592513290000000000e+08 2.508868520000000000e+08 3.950250140000000000e+08 6.214511390000000000e+08 9.753119840000000000e+08 1.523896991000000000e+09 2.365752374000000000e+09 3.659543961000000000e+09 5.671688492000000000e+09 8.804611281000000000e+09
