# npairs for all jackknife regions
7.576600000000000000e+04 1.170060000000000000e+05 1.834510000000000000e+05 2.906360000000000000e+05 4.554650000000000000e+05 7.155510000000000000e+05 1.130627000000000000e+06 1.782594000000000000e+06 2.806007000000000000e+06 4.416736000000000000e+06 6.942001000000000000e+06 1.090616300000000000e+07 1.716931900000000000e+07 2.702002400000000000e+07 4.211901000000000000e+07 6.500254900000000000e+07 1.000388610000000000e+08 1.520741600000000000e+08 2.291543570000000000e+08 3.407267120000000000e+08
5.231600000000000000e+04 8.216200000000000000e+04 1.286960000000000000e+05 2.016870000000000000e+05 3.165890000000000000e+05 4.983870000000000000e+05 7.860210000000000000e+05 1.231628000000000000e+06 1.940744000000000000e+06 3.057058000000000000e+06 4.803031000000000000e+06 7.584536000000000000e+06 1.194360100000000000e+07 1.871718200000000000e+07 2.938038900000000000e+07 4.592293800000000000e+07 7.166774800000000000e+07 1.107157920000000000e+08 1.687199210000000000e+08 2.566292540000000000e+08
4.966700000000000000e+04 7.818200000000000000e+04 1.215780000000000000e+05 1.904880000000000000e+05 2.990140000000000000e+05 4.688450000000000000e+05 7.344590000000000000e+05 1.150973000000000000e+06 1.795421000000000000e+06 2.798751000000000000e+06 4.369402000000000000e+06 6.781696000000000000e+06 1.056083700000000000e+07 1.644376700000000000e+07 2.550665100000000000e+07 3.917695600000000000e+07 5.957647000000000000e+07 8.815132900000000000e+07 1.271756530000000000e+08 1.749924000000000000e+08
4.707300000000000000e+04 7.468600000000000000e+04 1.158700000000000000e+05 1.841340000000000000e+05 2.887460000000000000e+05 4.561390000000000000e+05 7.186560000000000000e+05 1.129255000000000000e+06 1.776015000000000000e+06 2.794401000000000000e+06 4.408222000000000000e+06 6.954991000000000000e+06 1.097706600000000000e+07 1.742293000000000000e+07 2.758764900000000000e+07 4.343736000000000000e+07 6.851543200000000000e+07 1.080487460000000000e+08 1.695556460000000000e+08 2.644404360000000000e+08
6.181300000000000000e+04 9.642100000000000000e+04 1.517550000000000000e+05 2.389050000000000000e+05 3.760600000000000000e+05 5.898510000000000000e+05 9.266750000000000000e+05 1.461955000000000000e+06 2.302286000000000000e+06 3.618071000000000000e+06 5.698146000000000000e+06 8.940913000000000000e+06 1.400716400000000000e+07 2.191779000000000000e+07 3.381276700000000000e+07 5.114188000000000000e+07 7.626862000000000000e+07 1.121183150000000000e+08 1.627485660000000000e+08 2.322105290000000000e+08
3.681200000000000000e+04 5.767700000000000000e+04 9.083000000000000000e+04 1.420750000000000000e+05 2.234260000000000000e+05 3.541420000000000000e+05 5.584710000000000000e+05 8.780340000000000000e+05 1.381986000000000000e+06 2.174840000000000000e+06 3.434484000000000000e+06 5.439146000000000000e+06 8.588836000000000000e+06 1.359255100000000000e+07 2.141716200000000000e+07 3.383195400000000000e+07 5.375963600000000000e+07 8.619377700000000000e+07 1.369246870000000000e+08 2.129610860000000000e+08
6.241300000000000000e+04 9.747900000000000000e+04 1.524630000000000000e+05 2.412400000000000000e+05 3.796020000000000000e+05 5.969010000000000000e+05 9.381250000000000000e+05 1.476026000000000000e+06 2.314526000000000000e+06 3.631151000000000000e+06 5.678216000000000000e+06 8.876894000000000000e+06 1.392393600000000000e+07 2.182885600000000000e+07 3.397797100000000000e+07 5.233579800000000000e+07 8.023392600000000000e+07 1.224849750000000000e+08 1.879992070000000000e+08 2.854657000000000000e+08
5.563300000000000000e+04 8.654800000000000000e+04 1.357350000000000000e+05 2.140600000000000000e+05 3.367330000000000000e+05 5.305220000000000000e+05 8.363120000000000000e+05 1.318095000000000000e+06 2.086069000000000000e+06 3.295904000000000000e+06 5.197334000000000000e+06 8.205114000000000000e+06 1.297944300000000000e+07 2.045620200000000000e+07 3.222218300000000000e+07 5.053995400000000000e+07 7.894086100000000000e+07 1.227882970000000000e+08 1.903714320000000000e+08 2.936630800000000000e+08
5.367700000000000000e+04 8.451000000000000000e+04 1.332500000000000000e+05 2.089840000000000000e+05 3.281170000000000000e+05 5.146090000000000000e+05 8.077230000000000000e+05 1.272822000000000000e+06 1.992033000000000000e+06 3.135580000000000000e+06 4.933385000000000000e+06 7.744020000000000000e+06 1.219638300000000000e+07 1.925318000000000000e+07 3.030486900000000000e+07 4.778064000000000000e+07 7.558175000000000000e+07 1.202675210000000000e+08 1.914807990000000000e+08 3.035802490000000000e+08
4.073400000000000000e+04 6.389100000000000000e+04 1.013410000000000000e+05 1.593910000000000000e+05 2.511490000000000000e+05 3.940690000000000000e+05 6.188220000000000000e+05 9.697510000000000000e+05 1.535720000000000000e+06 2.421369000000000000e+06 3.833230000000000000e+06 6.052016000000000000e+06 9.594466000000000000e+06 1.527248900000000000e+07 2.460966300000000000e+07 3.985459700000000000e+07 6.422274800000000000e+07 1.049463320000000000e+08 1.727537390000000000e+08 2.849742420000000000e+08
4.850600000000000000e+04 7.542000000000000000e+04 1.185460000000000000e+05 1.873430000000000000e+05 2.931960000000000000e+05 4.611070000000000000e+05 7.316620000000000000e+05 1.152476000000000000e+06 1.812744000000000000e+06 2.876922000000000000e+06 4.564290000000000000e+06 7.249507000000000000e+06 1.144547900000000000e+07 1.810821200000000000e+07 2.847631100000000000e+07 4.464387700000000000e+07 6.959686000000000000e+07 1.074893680000000000e+08 1.657409590000000000e+08 2.522984830000000000e+08
6.783000000000000000e+04 1.057320000000000000e+05 1.669650000000000000e+05 2.624800000000000000e+05 4.136560000000000000e+05 6.549370000000000000e+05 1.038377000000000000e+06 1.638765000000000000e+06 2.576530000000000000e+06 4.074104000000000000e+06 6.446683000000000000e+06 1.020364200000000000e+07 1.618309300000000000e+07 2.569930500000000000e+07 4.078505200000000000e+07 6.477947700000000000e+07 1.030839660000000000e+08 1.639868370000000000e+08 2.621034920000000000e+08 4.210260420000000000e+08
7.528600000000000000e+04 1.177710000000000000e+05 1.843180000000000000e+05 2.922760000000000000e+05 4.617040000000000000e+05 7.243710000000000000e+05 1.142489000000000000e+06 1.810673000000000000e+06 2.851900000000000000e+06 4.509535000000000000e+06 7.152487000000000000e+06 1.135306300000000000e+07 1.800842000000000000e+07 2.851466300000000000e+07 4.501261300000000000e+07 7.129220700000000000e+07 1.127700080000000000e+08 1.782683680000000000e+08 2.806422350000000000e+08 4.431459340000000000e+08
4.665300000000000000e+04 7.322100000000000000e+04 1.147590000000000000e+05 1.808440000000000000e+05 2.841880000000000000e+05 4.472190000000000000e+05 7.008070000000000000e+05 1.103655000000000000e+06 1.737050000000000000e+06 2.735356000000000000e+06 4.302395000000000000e+06 6.758248000000000000e+06 1.063687400000000000e+07 1.690463400000000000e+07 2.688846600000000000e+07 4.285534900000000000e+07 6.829266700000000000e+07 1.087087390000000000e+08 1.717755080000000000e+08 2.685946260000000000e+08
5.215600000000000000e+04 8.237900000000000000e+04 1.278710000000000000e+05 2.001810000000000000e+05 3.145810000000000000e+05 4.935710000000000000e+05 7.751490000000000000e+05 1.213560000000000000e+06 1.885742000000000000e+06 2.953411000000000000e+06 4.596321000000000000e+06 7.135455000000000000e+06 1.108288800000000000e+07 1.720519500000000000e+07 2.650938100000000000e+07 4.051663100000000000e+07 6.203380900000000000e+07 9.347274500000000000e+07 1.365911970000000000e+08 1.994410680000000000e+08
5.321000000000000000e+04 8.334600000000000000e+04 1.306410000000000000e+05 2.060260000000000000e+05 3.244010000000000000e+05 5.128130000000000000e+05 8.093540000000000000e+05 1.276979000000000000e+06 2.012384000000000000e+06 3.179473000000000000e+06 5.014289000000000000e+06 7.914211000000000000e+06 1.247151600000000000e+07 1.961416300000000000e+07 3.099278300000000000e+07 4.903343600000000000e+07 7.841066600000000000e+07 1.244322820000000000e+08 1.972466770000000000e+08 3.113722740000000000e+08
3.967400000000000000e+04 6.232700000000000000e+04 9.799700000000000000e+04 1.544540000000000000e+05 2.450360000000000000e+05 3.880760000000000000e+05 6.128000000000000000e+05 9.709410000000000000e+05 1.534048000000000000e+06 2.425460000000000000e+06 3.850445000000000000e+06 6.101289000000000000e+06 9.677157000000000000e+06 1.531887800000000000e+07 2.431397900000000000e+07 3.870282200000000000e+07 6.133851800000000000e+07 9.765330500000000000e+07 1.567078000000000000e+08 2.534027340000000000e+08
5.104400000000000000e+04 7.995500000000000000e+04 1.258760000000000000e+05 1.993020000000000000e+05 3.128750000000000000e+05 4.907350000000000000e+05 7.743070000000000000e+05 1.220610000000000000e+06 1.918164000000000000e+06 3.028715000000000000e+06 4.777045000000000000e+06 7.582705000000000000e+06 1.205422300000000000e+07 1.917360000000000000e+07 3.044669800000000000e+07 4.822570800000000000e+07 7.627939300000000000e+07 1.203448200000000000e+08 1.895023030000000000e+08 2.980716750000000000e+08
7.207000000000000000e+04 1.134590000000000000e+05 1.787260000000000000e+05 2.812550000000000000e+05 4.414910000000000000e+05 6.950340000000000000e+05 1.096655000000000000e+06 1.717003000000000000e+06 2.702075000000000000e+06 4.231756000000000000e+06 6.606203000000000000e+06 1.031951800000000000e+07 1.600553200000000000e+07 2.469135300000000000e+07 3.753373400000000000e+07 5.586827400000000000e+07 8.137335800000000000e+07 1.150480970000000000e+08 1.535746770000000000e+08 1.872106290000000000e+08
5.209700000000000000e+04 8.155300000000000000e+04 1.276290000000000000e+05 2.007890000000000000e+05 3.174130000000000000e+05 4.999860000000000000e+05 7.839740000000000000e+05 1.234330000000000000e+06 1.941252000000000000e+06 3.062376000000000000e+06 4.827438000000000000e+06 7.610574000000000000e+06 1.196490000000000000e+07 1.871777200000000000e+07 2.936000300000000000e+07 4.617729300000000000e+07 7.353254200000000000e+07 1.181495640000000000e+08 1.885934150000000000e+08 3.007273640000000000e+08
8.405100000000000000e+04 1.325700000000000000e+05 2.077470000000000000e+05 3.271940000000000000e+05 5.139280000000000000e+05 8.116560000000000000e+05 1.276484000000000000e+06 2.009606000000000000e+06 3.171412000000000000e+06 4.985779000000000000e+06 7.884052000000000000e+06 1.242417400000000000e+07 1.956600500000000000e+07 3.086237200000000000e+07 4.867453600000000000e+07 7.676329700000000000e+07 1.210382720000000000e+08 1.904065260000000000e+08 2.997707270000000000e+08 4.705057380000000000e+08
4.722500000000000000e+04 7.418800000000000000e+04 1.155010000000000000e+05 1.811000000000000000e+05 2.821530000000000000e+05 4.424400000000000000e+05 6.954350000000000000e+05 1.087662000000000000e+06 1.693697000000000000e+06 2.645115000000000000e+06 4.101724000000000000e+06 6.341076000000000000e+06 9.778923000000000000e+06 1.502011700000000000e+07 2.306988600000000000e+07 3.505163500000000000e+07 5.262496400000000000e+07 7.848561300000000000e+07 1.141034370000000000e+08 1.622539400000000000e+08
6.237400000000000000e+04 9.736700000000000000e+04 1.515200000000000000e+05 2.388640000000000000e+05 3.751890000000000000e+05 5.914200000000000000e+05 9.375680000000000000e+05 1.474791000000000000e+06 2.320829000000000000e+06 3.656587000000000000e+06 5.756411000000000000e+06 9.061054000000000000e+06 1.425949800000000000e+07 2.235518800000000000e+07 3.505785900000000000e+07 5.506255400000000000e+07 8.699549500000000000e+07 1.376003660000000000e+08 2.176297620000000000e+08 3.468049860000000000e+08
5.511400000000000000e+04 8.602700000000000000e+04 1.362550000000000000e+05 2.144420000000000000e+05 3.384820000000000000e+05 5.344980000000000000e+05 8.451250000000000000e+05 1.329268000000000000e+06 2.101243000000000000e+06 3.318489000000000000e+06 5.225178000000000000e+06 8.244016000000000000e+06 1.296403300000000000e+07 2.040194700000000000e+07 3.207882600000000000e+07 5.023481000000000000e+07 7.833809800000000000e+07 1.210122020000000000e+08 1.860972870000000000e+08 2.881260480000000000e+08
7.131500000000000000e+04 1.120220000000000000e+05 1.758010000000000000e+05 2.759090000000000000e+05 4.339030000000000000e+05 6.830980000000000000e+05 1.080158000000000000e+06 1.702124000000000000e+06 2.681268000000000000e+06 4.222154000000000000e+06 6.648385000000000000e+06 1.045368200000000000e+07 1.647997400000000000e+07 2.600670900000000000e+07 4.111526600000000000e+07 6.476311700000000000e+07 1.014452940000000000e+08 1.584649020000000000e+08 2.479622620000000000e+08 3.889958960000000000e+08
2.477600000000000000e+04 3.862900000000000000e+04 6.072700000000000000e+04 9.446300000000000000e+04 1.490970000000000000e+05 2.340980000000000000e+05 3.698590000000000000e+05 5.792890000000000000e+05 9.088820000000000000e+05 1.421328000000000000e+06 2.218351000000000000e+06 3.465436000000000000e+06 5.353553000000000000e+06 8.225085000000000000e+06 1.258108100000000000e+07 1.913691800000000000e+07 2.916045100000000000e+07 4.389305100000000000e+07 6.507462600000000000e+07 9.466674200000000000e+07
5.827100000000000000e+04 9.150700000000000000e+04 1.432960000000000000e+05 2.243840000000000000e+05 3.536050000000000000e+05 5.548480000000000000e+05 8.728520000000000000e+05 1.381255000000000000e+06 2.180605000000000000e+06 3.437171000000000000e+06 5.417459000000000000e+06 8.570818000000000000e+06 1.350303100000000000e+07 2.129574800000000000e+07 3.349652600000000000e+07 5.240619800000000000e+07 8.239685400000000000e+07 1.301422620000000000e+08 2.058187270000000000e+08 3.222594510000000000e+08
2.361600000000000000e+04 3.665300000000000000e+04 5.743000000000000000e+04 9.112100000000000000e+04 1.418210000000000000e+05 2.234550000000000000e+05 3.524020000000000000e+05 5.503520000000000000e+05 8.649190000000000000e+05 1.364792000000000000e+06 2.143527000000000000e+06 3.368372000000000000e+06 5.296912000000000000e+06 8.367357000000000000e+06 1.319355600000000000e+07 2.054490000000000000e+07 3.191616000000000000e+07 4.979956300000000000e+07 7.739794900000000000e+07 1.196754270000000000e+08
2.759700000000000000e+04 4.285900000000000000e+04 6.770800000000000000e+04 1.055900000000000000e+05 1.679600000000000000e+05 2.655350000000000000e+05 4.166460000000000000e+05 6.551850000000000000e+05 1.031732000000000000e+06 1.620940000000000000e+06 2.550586000000000000e+06 4.023297000000000000e+06 6.351026000000000000e+06 1.002706800000000000e+07 1.585503900000000000e+07 2.497777500000000000e+07 3.950046100000000000e+07 6.255321500000000000e+07 9.922845800000000000e+07 1.598405610000000000e+08
5.071800000000000000e+04 7.994800000000000000e+04 1.264800000000000000e+05 1.989990000000000000e+05 3.147670000000000000e+05 4.961050000000000000e+05 7.825990000000000000e+05 1.237016000000000000e+06 1.944692000000000000e+06 3.070535000000000000e+06 4.830387000000000000e+06 7.616098000000000000e+06 1.198237500000000000e+07 1.887664500000000000e+07 2.965575400000000000e+07 4.651413900000000000e+07 7.325553900000000000e+07 1.166694680000000000e+08 1.868577190000000000e+08 2.970608470000000000e+08
2.057000000000000000e+04 3.279300000000000000e+04 5.141000000000000000e+04 8.039600000000000000e+04 1.247690000000000000e+05 1.954650000000000000e+05 3.088690000000000000e+05 4.855000000000000000e+05 7.656980000000000000e+05 1.211902000000000000e+06 1.906836000000000000e+06 2.980194000000000000e+06 4.661881000000000000e+06 7.304950000000000000e+06 1.139665700000000000e+07 1.774087900000000000e+07 2.763403000000000000e+07 4.373654900000000000e+07 7.014052400000000000e+07 1.103721350000000000e+08
6.009200000000000000e+04 9.379000000000000000e+04 1.465290000000000000e+05 2.316380000000000000e+05 3.629370000000000000e+05 5.719420000000000000e+05 9.065680000000000000e+05 1.433168000000000000e+06 2.253306000000000000e+06 3.562729000000000000e+06 5.607200000000000000e+06 8.801180000000000000e+06 1.384185500000000000e+07 2.166510900000000000e+07 3.393370800000000000e+07 5.289239300000000000e+07 8.197488100000000000e+07 1.262237040000000000e+08 1.927340210000000000e+08 2.906910760000000000e+08
5.117600000000000000e+04 7.923600000000000000e+04 1.227200000000000000e+05 1.916030000000000000e+05 2.996460000000000000e+05 4.719430000000000000e+05 7.428690000000000000e+05 1.159671000000000000e+06 1.813294000000000000e+06 2.832990000000000000e+06 4.375163000000000000e+06 6.725390000000000000e+06 1.030967200000000000e+07 1.575656400000000000e+07 2.354741400000000000e+07 3.426994800000000000e+07 4.847011700000000000e+07 6.578300900000000000e+07 8.220125600000000000e+07 9.315962100000000000e+07
7.203500000000000000e+04 1.117190000000000000e+05 1.746900000000000000e+05 2.741530000000000000e+05 4.304160000000000000e+05 6.769360000000000000e+05 1.064160000000000000e+06 1.668128000000000000e+06 2.610954000000000000e+06 4.058050000000000000e+06 6.313392000000000000e+06 9.818679000000000000e+06 1.526767000000000000e+07 2.361359400000000000e+07 3.653500500000000000e+07 5.676412000000000000e+07 8.799917600000000000e+07 1.346054440000000000e+08 2.029262260000000000e+08 3.021603040000000000e+08
6.708200000000000000e+04 1.055270000000000000e+05 1.680150000000000000e+05 2.631070000000000000e+05 4.148420000000000000e+05 6.511070000000000000e+05 1.029366000000000000e+06 1.620978000000000000e+06 2.559560000000000000e+06 4.028194000000000000e+06 6.363461000000000000e+06 9.999502000000000000e+06 1.569487700000000000e+07 2.466500300000000000e+07 3.895984900000000000e+07 6.141818100000000000e+07 9.664511100000000000e+07 1.522218230000000000e+08 2.394213730000000000e+08 3.772329930000000000e+08
4.385000000000000000e+04 6.899400000000000000e+04 1.081110000000000000e+05 1.707480000000000000e+05 2.681210000000000000e+05 4.211750000000000000e+05 6.625690000000000000e+05 1.048767000000000000e+06 1.650990000000000000e+06 2.608682000000000000e+06 4.114086000000000000e+06 6.478713000000000000e+06 1.020686200000000000e+07 1.599994100000000000e+07 2.515583300000000000e+07 3.956507500000000000e+07 6.224186900000000000e+07 9.767837100000000000e+07 1.515528150000000000e+08 2.358836050000000000e+08
4.905300000000000000e+04 7.728000000000000000e+04 1.212320000000000000e+05 1.903200000000000000e+05 2.989880000000000000e+05 4.699120000000000000e+05 7.391640000000000000e+05 1.167866000000000000e+06 1.834924000000000000e+06 2.881535000000000000e+06 4.520212000000000000e+06 7.091136000000000000e+06 1.110512600000000000e+07 1.733304500000000000e+07 2.693665000000000000e+07 4.151802000000000000e+07 6.323219400000000000e+07 9.531273400000000000e+07 1.419935120000000000e+08 2.107917420000000000e+08
4.355700000000000000e+04 6.936300000000000000e+04 1.096250000000000000e+05 1.729410000000000000e+05 2.733860000000000000e+05 4.314430000000000000e+05 6.800860000000000000e+05 1.073038000000000000e+06 1.687960000000000000e+06 2.672672000000000000e+06 4.233695000000000000e+06 6.698050000000000000e+06 1.067650400000000000e+07 1.701890100000000000e+07 2.704674700000000000e+07 4.290738200000000000e+07 6.822414300000000000e+07 1.082769140000000000e+08 1.728002630000000000e+08 2.747668240000000000e+08
7.562200000000000000e+04 1.187480000000000000e+05 1.866180000000000000e+05 2.944710000000000000e+05 4.620900000000000000e+05 7.321640000000000000e+05 1.152918000000000000e+06 1.824220000000000000e+06 2.875446000000000000e+06 4.551770000000000000e+06 7.203676000000000000e+06 1.144740800000000000e+07 1.814959800000000000e+07 2.879952100000000000e+07 4.571878300000000000e+07 7.255835900000000000e+07 1.149848280000000000e+08 1.829425630000000000e+08 2.920810370000000000e+08 4.649559840000000000e+08
3.207600000000000000e+04 4.990100000000000000e+04 7.812900000000000000e+04 1.230270000000000000e+05 1.937120000000000000e+05 3.069430000000000000e+05 4.834670000000000000e+05 7.604960000000000000e+05 1.188292000000000000e+06 1.884832000000000000e+06 2.975402000000000000e+06 4.700627000000000000e+06 7.451647000000000000e+06 1.186443900000000000e+07 1.903099800000000000e+07 3.063414400000000000e+07 4.931610800000000000e+07 7.953678700000000000e+07 1.284452820000000000e+08 2.089150310000000000e+08
6.319500000000000000e+04 9.909000000000000000e+04 1.550290000000000000e+05 2.442600000000000000e+05 3.838100000000000000e+05 6.043060000000000000e+05 9.479150000000000000e+05 1.498654000000000000e+06 2.349791000000000000e+06 3.699304000000000000e+06 5.820791000000000000e+06 9.183787000000000000e+06 1.449571300000000000e+07 2.283539100000000000e+07 3.600449600000000000e+07 5.688279000000000000e+07 8.999698200000000000e+07 1.424621940000000000e+08 2.268730590000000000e+08 3.631325740000000000e+08
8.193800000000000000e+04 1.289060000000000000e+05 2.020350000000000000e+05 3.153520000000000000e+05 4.976400000000000000e+05 7.856550000000000000e+05 1.238327000000000000e+06 1.943970000000000000e+06 3.066452000000000000e+06 4.863641000000000000e+06 7.694307000000000000e+06 1.217802200000000000e+07 1.930551100000000000e+07 3.059482900000000000e+07 4.839456600000000000e+07 7.661429400000000000e+07 1.217729400000000000e+08 1.937416920000000000e+08 3.060702660000000000e+08 4.791132880000000000e+08
4.986700000000000000e+04 7.832800000000000000e+04 1.227160000000000000e+05 1.932640000000000000e+05 3.058300000000000000e+05 4.842910000000000000e+05 7.663190000000000000e+05 1.206454000000000000e+06 1.896677000000000000e+06 2.998615000000000000e+06 4.745335000000000000e+06 7.568639000000000000e+06 1.205802100000000000e+07 1.919376100000000000e+07 3.058268500000000000e+07 4.870364800000000000e+07 7.744306400000000000e+07 1.231533740000000000e+08 1.967023320000000000e+08 3.143268470000000000e+08
5.502300000000000000e+04 8.559000000000000000e+04 1.344680000000000000e+05 2.102370000000000000e+05 3.314090000000000000e+05 5.210500000000000000e+05 8.219580000000000000e+05 1.296421000000000000e+06 2.043077000000000000e+06 3.217937000000000000e+06 5.066464000000000000e+06 7.967756000000000000e+06 1.248704400000000000e+07 1.950402600000000000e+07 3.036201700000000000e+07 4.720952000000000000e+07 7.347368300000000000e+07 1.137977120000000000e+08 1.744728180000000000e+08 2.635270630000000000e+08
4.447900000000000000e+04 6.961300000000000000e+04 1.090880000000000000e+05 1.725590000000000000e+05 2.703250000000000000e+05 4.238150000000000000e+05 6.683280000000000000e+05 1.050908000000000000e+06 1.659107000000000000e+06 2.612306000000000000e+06 4.120036000000000000e+06 6.491745000000000000e+06 1.019904300000000000e+07 1.607260100000000000e+07 2.534908100000000000e+07 3.993642900000000000e+07 6.315023100000000000e+07 1.009420190000000000e+08 1.621553320000000000e+08 2.583540080000000000e+08
7.667500000000000000e+04 1.207310000000000000e+05 1.894220000000000000e+05 2.960220000000000000e+05 4.664020000000000000e+05 7.349130000000000000e+05 1.153794000000000000e+06 1.820723000000000000e+06 2.864990000000000000e+06 4.501149000000000000e+06 7.093258000000000000e+06 1.120019400000000000e+07 1.767532200000000000e+07 2.810191700000000000e+07 4.502759300000000000e+07 7.195815800000000000e+07 1.149998670000000000e+08 1.833833860000000000e+08 2.909887220000000000e+08 4.626316980000000000e+08
6.460000000000000000e+04 1.026290000000000000e+05 1.606770000000000000e+05 2.543100000000000000e+05 4.022500000000000000e+05 6.333780000000000000e+05 1.002009000000000000e+06 1.575719000000000000e+06 2.496403000000000000e+06 3.940456000000000000e+06 6.238790000000000000e+06 9.884337000000000000e+06 1.567227300000000000e+07 2.493959400000000000e+07 3.959857800000000000e+07 6.304844800000000000e+07 1.004593710000000000e+08 1.593518180000000000e+08 2.506837400000000000e+08 3.929649640000000000e+08
5.244600000000000000e+04 8.230600000000000000e+04 1.305340000000000000e+05 2.040980000000000000e+05 3.211560000000000000e+05 5.062000000000000000e+05 8.003980000000000000e+05 1.259779000000000000e+06 1.978272000000000000e+06 3.111220000000000000e+06 4.883376000000000000e+06 7.675537000000000000e+06 1.207459700000000000e+07 1.899106800000000000e+07 2.980635800000000000e+07 4.637503900000000000e+07 7.177772600000000000e+07 1.100161280000000000e+08 1.661334690000000000e+08 2.488504420000000000e+08
4.130600000000000000e+04 6.345400000000000000e+04 9.950800000000000000e+04 1.569370000000000000e+05 2.469690000000000000e+05 3.891310000000000000e+05 6.137230000000000000e+05 9.667770000000000000e+05 1.517654000000000000e+06 2.397190000000000000e+06 3.779501000000000000e+06 5.983887000000000000e+06 9.468025000000000000e+06 1.495451600000000000e+07 2.362694500000000000e+07 3.758207400000000000e+07 6.018245900000000000e+07 9.738511200000000000e+07 1.578769680000000000e+08 2.569327020000000000e+08
4.253500000000000000e+04 6.669700000000000000e+04 1.056640000000000000e+05 1.658050000000000000e+05 2.621090000000000000e+05 4.157490000000000000e+05 6.550520000000000000e+05 1.031613000000000000e+06 1.637291000000000000e+06 2.587053000000000000e+06 4.079671000000000000e+06 6.448875000000000000e+06 1.017067400000000000e+07 1.601022400000000000e+07 2.527745100000000000e+07 3.980529500000000000e+07 6.268709000000000000e+07 9.792020400000000000e+07 1.526648990000000000e+08 2.388409000000000000e+08
4.454400000000000000e+04 7.011100000000000000e+04 1.096940000000000000e+05 1.724960000000000000e+05 2.728870000000000000e+05 4.302860000000000000e+05 6.773590000000000000e+05 1.071699000000000000e+06 1.701730000000000000e+06 2.693633000000000000e+06 4.250496000000000000e+06 6.729794000000000000e+06 1.065405300000000000e+07 1.684032500000000000e+07 2.658402500000000000e+07 4.201536100000000000e+07 6.617354900000000000e+07 1.046859270000000000e+08 1.650211900000000000e+08 2.618189060000000000e+08
4.162800000000000000e+04 6.576700000000000000e+04 1.031670000000000000e+05 1.613860000000000000e+05 2.568880000000000000e+05 4.059670000000000000e+05 6.412710000000000000e+05 1.012094000000000000e+06 1.591987000000000000e+06 2.509295000000000000e+06 3.960219000000000000e+06 6.266679000000000000e+06 9.858181000000000000e+06 1.553201600000000000e+07 2.446874500000000000e+07 3.839772900000000000e+07 6.029574900000000000e+07 9.314158500000000000e+07 1.431005380000000000e+08 2.212645440000000000e+08
5.509000000000000000e+04 8.648000000000000000e+04 1.369630000000000000e+05 2.143820000000000000e+05 3.408100000000000000e+05 5.356710000000000000e+05 8.492240000000000000e+05 1.339704000000000000e+06 2.112719000000000000e+06 3.341495000000000000e+06 5.277332000000000000e+06 8.387311000000000000e+06 1.337808400000000000e+07 2.132429300000000000e+07 3.421770100000000000e+07 5.514387900000000000e+07 8.954302400000000000e+07 1.444767380000000000e+08 2.316136620000000000e+08 3.738241550000000000e+08
6.308900000000000000e+04 1.002320000000000000e+05 1.564200000000000000e+05 2.462180000000000000e+05 3.893350000000000000e+05 6.162420000000000000e+05 9.718720000000000000e+05 1.534987000000000000e+06 2.425390000000000000e+06 3.831418000000000000e+06 6.059565000000000000e+06 9.602615000000000000e+06 1.523387100000000000e+07 2.406866400000000000e+07 3.804856000000000000e+07 6.010560100000000000e+07 9.477083200000000000e+07 1.495344000000000000e+08 2.360591300000000000e+08 3.700631030000000000e+08
5.785600000000000000e+04 9.091500000000000000e+04 1.432000000000000000e+05 2.246630000000000000e+05 3.545980000000000000e+05 5.577990000000000000e+05 8.755710000000000000e+05 1.375735000000000000e+06 2.156840000000000000e+06 3.403525000000000000e+06 5.393971000000000000e+06 8.545283000000000000e+06 1.352121700000000000e+07 2.149329900000000000e+07 3.416202200000000000e+07 5.432576500000000000e+07 8.637877900000000000e+07 1.368033770000000000e+08 2.173520000000000000e+08 3.481471890000000000e+08
4.291900000000000000e+04 6.763000000000000000e+04 1.056150000000000000e+05 1.678740000000000000e+05 2.635320000000000000e+05 4.143560000000000000e+05 6.533700000000000000e+05 1.026299000000000000e+06 1.621020000000000000e+06 2.562112000000000000e+06 4.049048000000000000e+06 6.394012000000000000e+06 1.007517200000000000e+07 1.585217000000000000e+07 2.478505100000000000e+07 3.851760100000000000e+07 5.953446400000000000e+07 9.111371600000000000e+07 1.369266130000000000e+08 2.028521220000000000e+08
4.237000000000000000e+04 6.666100000000000000e+04 1.038920000000000000e+05 1.636920000000000000e+05 2.576770000000000000e+05 4.043120000000000000e+05 6.375990000000000000e+05 1.008694000000000000e+06 1.589343000000000000e+06 2.481593000000000000e+06 3.882544000000000000e+06 6.073277000000000000e+06 9.458104000000000000e+06 1.476304500000000000e+07 2.291611500000000000e+07 3.537451100000000000e+07 5.482196600000000000e+07 8.433810900000000000e+07 1.291264470000000000e+08 1.966109370000000000e+08
6.606300000000000000e+04 1.033000000000000000e+05 1.610810000000000000e+05 2.540440000000000000e+05 3.983960000000000000e+05 6.263250000000000000e+05 9.848040000000000000e+05 1.538083000000000000e+06 2.412330000000000000e+06 3.772490000000000000e+06 5.891700000000000000e+06 9.136254000000000000e+06 1.409546900000000000e+07 2.170837600000000000e+07 3.338062800000000000e+07 5.110566000000000000e+07 7.769034700000000000e+07 1.158892310000000000e+08 1.679440250000000000e+08 2.385794090000000000e+08
6.101800000000000000e+04 9.577200000000000000e+04 1.504110000000000000e+05 2.372160000000000000e+05 3.739480000000000000e+05 5.891210000000000000e+05 9.246470000000000000e+05 1.457124000000000000e+06 2.296719000000000000e+06 3.623558000000000000e+06 5.721898000000000000e+06 9.025526000000000000e+06 1.423541500000000000e+07 2.247764900000000000e+07 3.549432000000000000e+07 5.554637600000000000e+07 8.667799500000000000e+07 1.352344270000000000e+08 2.099336010000000000e+08 3.241695110000000000e+08
3.591700000000000000e+04 5.637000000000000000e+04 8.948700000000000000e+04 1.411580000000000000e+05 2.230110000000000000e+05 3.522240000000000000e+05 5.537900000000000000e+05 8.752080000000000000e+05 1.386575000000000000e+06 2.197567000000000000e+06 3.485584000000000000e+06 5.520111000000000000e+06 8.747582000000000000e+06 1.383926100000000000e+07 2.193416600000000000e+07 3.475849800000000000e+07 5.488492200000000000e+07 8.730141400000000000e+07 1.391217620000000000e+08 2.200999470000000000e+08
6.902400000000000000e+04 1.083200000000000000e+05 1.695220000000000000e+05 2.666150000000000000e+05 4.207440000000000000e+05 6.639050000000000000e+05 1.049152000000000000e+06 1.649688000000000000e+06 2.588236000000000000e+06 4.065129000000000000e+06 6.362675000000000000e+06 9.934195000000000000e+06 1.547451900000000000e+07 2.400914000000000000e+07 3.712108300000000000e+07 5.707439500000000000e+07 8.782425600000000000e+07 1.341400280000000000e+08 2.003128830000000000e+08 2.955564980000000000e+08
5.663700000000000000e+04 8.998300000000000000e+04 1.414740000000000000e+05 2.214900000000000000e+05 3.482700000000000000e+05 5.483320000000000000e+05 8.591660000000000000e+05 1.348374000000000000e+06 2.124114000000000000e+06 3.345228000000000000e+06 5.277326000000000000e+06 8.321612000000000000e+06 1.312377900000000000e+07 2.058016400000000000e+07 3.225080200000000000e+07 5.054016800000000000e+07 7.828911500000000000e+07 1.199525120000000000e+08 1.809822730000000000e+08 2.685122060000000000e+08
4.575500000000000000e+04 7.177100000000000000e+04 1.119690000000000000e+05 1.772450000000000000e+05 2.794100000000000000e+05 4.399260000000000000e+05 6.914410000000000000e+05 1.089297000000000000e+06 1.716275000000000000e+06 2.699034000000000000e+06 4.248371000000000000e+06 6.698648000000000000e+06 1.055091200000000000e+07 1.653637500000000000e+07 2.567547100000000000e+07 3.979038900000000000e+07 6.098593800000000000e+07 9.250517400000000000e+07 1.395990760000000000e+08 2.080818800000000000e+08
4.038900000000000000e+04 6.266500000000000000e+04 9.889200000000000000e+04 1.544510000000000000e+05 2.434480000000000000e+05 3.860880000000000000e+05 6.151750000000000000e+05 9.629680000000000000e+05 1.516557000000000000e+06 2.401804000000000000e+06 3.766938000000000000e+06 5.937791000000000000e+06 9.349064000000000000e+06 1.475223900000000000e+07 2.333500300000000000e+07 3.696485500000000000e+07 5.917729400000000000e+07 9.548946000000000000e+07 1.540497460000000000e+08 2.478553120000000000e+08
4.155000000000000000e+04 6.565500000000000000e+04 1.031740000000000000e+05 1.625200000000000000e+05 2.565460000000000000e+05 4.019970000000000000e+05 6.341100000000000000e+05 9.961490000000000000e+05 1.562719000000000000e+06 2.454159000000000000e+06 3.838817000000000000e+06 6.042750000000000000e+06 9.452348000000000000e+06 1.468387100000000000e+07 2.263549900000000000e+07 3.488772800000000000e+07 5.348791500000000000e+07 8.256146100000000000e+07 1.273319090000000000e+08 1.918575640000000000e+08
3.665300000000000000e+04 5.679900000000000000e+04 8.974400000000000000e+04 1.416790000000000000e+05 2.220380000000000000e+05 3.517720000000000000e+05 5.567960000000000000e+05 8.785160000000000000e+05 1.379310000000000000e+06 2.179613000000000000e+06 3.455031000000000000e+06 5.460732000000000000e+06 8.641220000000000000e+06 1.361826600000000000e+07 2.152536100000000000e+07 3.399260500000000000e+07 5.421906600000000000e+07 8.730481400000000000e+07 1.427101610000000000e+08 2.313651950000000000e+08
5.330500000000000000e+04 8.342100000000000000e+04 1.312210000000000000e+05 2.052580000000000000e+05 3.242780000000000000e+05 5.117300000000000000e+05 8.063190000000000000e+05 1.279416000000000000e+06 2.024318000000000000e+06 3.187944000000000000e+06 5.035598000000000000e+06 7.943332000000000000e+06 1.255074800000000000e+07 1.984254400000000000e+07 3.139359500000000000e+07 4.961944500000000000e+07 7.866209200000000000e+07 1.239828400000000000e+08 1.947394960000000000e+08 3.028569400000000000e+08
3.838800000000000000e+04 6.044900000000000000e+04 9.560500000000000000e+04 1.507830000000000000e+05 2.368680000000000000e+05 3.722780000000000000e+05 5.895600000000000000e+05 9.287950000000000000e+05 1.472818000000000000e+06 2.332778000000000000e+06 3.686824000000000000e+06 5.830795000000000000e+06 9.195361000000000000e+06 1.451713200000000000e+07 2.296448800000000000e+07 3.653529500000000000e+07 5.826608100000000000e+07 9.254166500000000000e+07 1.461258360000000000e+08 2.308160300000000000e+08
6.272700000000000000e+04 9.825800000000000000e+04 1.545680000000000000e+05 2.418840000000000000e+05 3.794300000000000000e+05 5.954550000000000000e+05 9.298950000000000000e+05 1.449129000000000000e+06 2.260585000000000000e+06 3.543998000000000000e+06 5.540598000000000000e+06 8.650764000000000000e+06 1.359090000000000000e+07 2.131094800000000000e+07 3.342550900000000000e+07 5.209374700000000000e+07 8.038489000000000000e+07 1.238569620000000000e+08 1.890107090000000000e+08 2.858585750000000000e+08
5.661100000000000000e+04 9.012500000000000000e+04 1.407500000000000000e+05 2.215540000000000000e+05 3.495520000000000000e+05 5.495100000000000000e+05 8.661510000000000000e+05 1.371074000000000000e+06 2.162184000000000000e+06 3.421081000000000000e+06 5.407815000000000000e+06 8.575794000000000000e+06 1.357236100000000000e+07 2.154166800000000000e+07 3.421080800000000000e+07 5.432207700000000000e+07 8.621506300000000000e+07 1.370506700000000000e+08 2.188044230000000000e+08 3.506028420000000000e+08
6.804300000000000000e+04 1.076860000000000000e+05 1.684840000000000000e+05 2.642450000000000000e+05 4.167790000000000000e+05 6.573250000000000000e+05 1.035516000000000000e+06 1.631906000000000000e+06 2.581305000000000000e+06 4.071766000000000000e+06 6.449892000000000000e+06 1.022180900000000000e+07 1.614883300000000000e+07 2.557263200000000000e+07 4.036247700000000000e+07 6.368678900000000000e+07 1.001303400000000000e+08 1.573932260000000000e+08 2.463089360000000000e+08 3.863787700000000000e+08
6.007900000000000000e+04 9.427500000000000000e+04 1.481010000000000000e+05 2.339400000000000000e+05 3.712520000000000000e+05 5.834500000000000000e+05 9.230410000000000000e+05 1.459884000000000000e+06 2.304653000000000000e+06 3.649807000000000000e+06 5.782663000000000000e+06 9.162186000000000000e+06 1.451405500000000000e+07 2.299817400000000000e+07 3.661471100000000000e+07 5.832278800000000000e+07 9.323579600000000000e+07 1.494199700000000000e+08 2.392725070000000000e+08 3.808872810000000000e+08
6.167700000000000000e+04 9.653400000000000000e+04 1.515410000000000000e+05 2.379510000000000000e+05 3.755890000000000000e+05 5.907540000000000000e+05 9.297580000000000000e+05 1.460145000000000000e+06 2.302398000000000000e+06 3.618423000000000000e+06 5.669599000000000000e+06 8.882730000000000000e+06 1.387175900000000000e+07 2.156554900000000000e+07 3.349632300000000000e+07 5.183090700000000000e+07 8.022999800000000000e+07 1.240397870000000000e+08 1.890553010000000000e+08 2.777821580000000000e+08
3.605600000000000000e+04 5.645500000000000000e+04 8.879700000000000000e+04 1.395440000000000000e+05 2.214890000000000000e+05 3.479620000000000000e+05 5.494220000000000000e+05 8.645260000000000000e+05 1.369571000000000000e+06 2.163817000000000000e+06 3.438553000000000000e+06 5.439658000000000000e+06 8.620115000000000000e+06 1.371432700000000000e+07 2.178758500000000000e+07 3.464380300000000000e+07 5.507979200000000000e+07 8.815878900000000000e+07 1.413898620000000000e+08 2.288755680000000000e+08
4.450200000000000000e+04 6.916100000000000000e+04 1.101300000000000000e+05 1.727720000000000000e+05 2.734580000000000000e+05 4.323940000000000000e+05 6.826600000000000000e+05 1.076626000000000000e+06 1.701368000000000000e+06 2.687202000000000000e+06 4.224367000000000000e+06 6.660085000000000000e+06 1.053585400000000000e+07 1.663102800000000000e+07 2.622053200000000000e+07 4.126612300000000000e+07 6.460272700000000000e+07 1.017124940000000000e+08 1.603477450000000000e+08 2.539152630000000000e+08
7.768100000000000000e+04 1.212080000000000000e+05 1.915610000000000000e+05 3.000600000000000000e+05 4.688520000000000000e+05 7.403980000000000000e+05 1.169492000000000000e+06 1.846994000000000000e+06 2.914508000000000000e+06 4.596980000000000000e+06 7.251288000000000000e+06 1.147361600000000000e+07 1.817287100000000000e+07 2.878736400000000000e+07 4.540018800000000000e+07 7.155410400000000000e+07 1.127533320000000000e+08 1.782467290000000000e+08 2.805177780000000000e+08 4.385259000000000000e+08
7.804700000000000000e+04 1.211150000000000000e+05 1.914210000000000000e+05 2.994500000000000000e+05 4.685600000000000000e+05 7.389800000000000000e+05 1.157792000000000000e+06 1.814715000000000000e+06 2.846147000000000000e+06 4.474348000000000000e+06 7.035633000000000000e+06 1.104023700000000000e+07 1.733650700000000000e+07 2.722966900000000000e+07 4.289750200000000000e+07 6.692129200000000000e+07 1.041186440000000000e+08 1.605932780000000000e+08 2.487744980000000000e+08 3.848955040000000000e+08
6.898500000000000000e+04 1.080190000000000000e+05 1.693560000000000000e+05 2.668440000000000000e+05 4.179970000000000000e+05 6.630610000000000000e+05 1.043300000000000000e+06 1.634532000000000000e+06 2.576079000000000000e+06 4.059653000000000000e+06 6.376045000000000000e+06 1.003829600000000000e+07 1.576046500000000000e+07 2.477225600000000000e+07 3.896466600000000000e+07 6.132797800000000000e+07 9.600018600000000000e+07 1.486876800000000000e+08 2.292967940000000000e+08 3.495830770000000000e+08
4.527700000000000000e+04 7.214600000000000000e+04 1.128950000000000000e+05 1.772480000000000000e+05 2.802640000000000000e+05 4.414320000000000000e+05 6.990830000000000000e+05 1.101463000000000000e+06 1.735086000000000000e+06 2.741092000000000000e+06 4.336917000000000000e+06 6.875150000000000000e+06 1.088425000000000000e+07 1.718362100000000000e+07 2.712001300000000000e+07 4.267888300000000000e+07 6.688208100000000000e+07 1.043069440000000000e+08 1.641310780000000000e+08 2.628106840000000000e+08
4.873200000000000000e+04 7.657800000000000000e+04 1.199130000000000000e+05 1.893780000000000000e+05 2.964930000000000000e+05 4.660980000000000000e+05 7.324180000000000000e+05 1.150130000000000000e+06 1.803794000000000000e+06 2.839580000000000000e+06 4.448505000000000000e+06 6.947962000000000000e+06 1.082714500000000000e+07 1.685022400000000000e+07 2.610919700000000000e+07 4.028407800000000000e+07 6.194936100000000000e+07 9.467127100000000000e+07 1.429485820000000000e+08 2.128782940000000000e+08
4.777300000000000000e+04 7.412700000000000000e+04 1.155530000000000000e+05 1.827010000000000000e+05 2.865640000000000000e+05 4.490970000000000000e+05 7.093160000000000000e+05 1.119737000000000000e+06 1.763732000000000000e+06 2.773119000000000000e+06 4.372024000000000000e+06 6.884897000000000000e+06 1.079940000000000000e+07 1.695363500000000000e+07 2.651486200000000000e+07 4.157376800000000000e+07 6.471856700000000000e+07 1.003031250000000000e+08 1.533290870000000000e+08 2.301892770000000000e+08
4.860800000000000000e+04 7.589900000000000000e+04 1.196630000000000000e+05 1.884210000000000000e+05 2.945730000000000000e+05 4.642920000000000000e+05 7.328010000000000000e+05 1.151496000000000000e+06 1.806893000000000000e+06 2.838005000000000000e+06 4.441313000000000000e+06 6.965321000000000000e+06 1.089057900000000000e+07 1.692667300000000000e+07 2.620546600000000000e+07 4.071931200000000000e+07 6.333297900000000000e+07 9.855714700000000000e+07 1.521190590000000000e+08 2.314827690000000000e+08
8.135600000000000000e+04 1.290470000000000000e+05 2.027530000000000000e+05 3.212590000000000000e+05 5.055860000000000000e+05 7.950140000000000000e+05 1.249559000000000000e+06 1.969922000000000000e+06 3.104841000000000000e+06 4.881357000000000000e+06 7.652053000000000000e+06 1.196441800000000000e+07 1.886717600000000000e+07 2.988300100000000000e+07 4.745370900000000000e+07 7.523949100000000000e+07 1.190810950000000000e+08 1.893068470000000000e+08 3.037959130000000000e+08 4.928443260000000000e+08
2.605800000000000000e+04 4.107400000000000000e+04 6.400700000000000000e+04 1.012050000000000000e+05 1.588910000000000000e+05 2.510700000000000000e+05 3.968700000000000000e+05 6.241170000000000000e+05 9.786910000000000000e+05 1.551614000000000000e+06 2.442147000000000000e+06 3.843306000000000000e+06 6.064786000000000000e+06 9.534300000000000000e+06 1.497879400000000000e+07 2.365373500000000000e+07 3.719258200000000000e+07 5.833788100000000000e+07 9.175519300000000000e+07 1.404004850000000000e+08
3.358300000000000000e+04 5.302200000000000000e+04 8.257400000000000000e+04 1.302340000000000000e+05 2.041480000000000000e+05 3.186200000000000000e+05 4.974270000000000000e+05 7.806750000000000000e+05 1.228639000000000000e+06 1.941070000000000000e+06 3.068394000000000000e+06 4.861759000000000000e+06 7.699142000000000000e+06 1.221092100000000000e+07 1.938842100000000000e+07 3.037337400000000000e+07 4.768898900000000000e+07 7.438433500000000000e+07 1.166003070000000000e+08 1.834994410000000000e+08
6.857500000000000000e+04 1.072950000000000000e+05 1.677510000000000000e+05 2.621860000000000000e+05 4.101930000000000000e+05 6.450380000000000000e+05 1.010130000000000000e+06 1.594891000000000000e+06 2.507225000000000000e+06 3.940564000000000000e+06 6.229570000000000000e+06 9.782278000000000000e+06 1.541134600000000000e+07 2.419482500000000000e+07 3.804357500000000000e+07 5.967940000000000000e+07 9.327410500000000000e+07 1.453470040000000000e+08 2.256570560000000000e+08 3.447194650000000000e+08
5.422200000000000000e+04 8.536800000000000000e+04 1.345780000000000000e+05 2.117000000000000000e+05 3.324120000000000000e+05 5.235820000000000000e+05 8.288050000000000000e+05 1.307238000000000000e+06 2.059763000000000000e+06 3.257495000000000000e+06 5.128294000000000000e+06 8.100705000000000000e+06 1.282410800000000000e+07 2.041229200000000000e+07 3.266104200000000000e+07 5.228820500000000000e+07 8.354947700000000000e+07 1.330984700000000000e+08 2.124699900000000000e+08 3.404973310000000000e+08
6.297400000000000000e+04 9.936600000000000000e+04 1.561510000000000000e+05 2.451270000000000000e+05 3.849680000000000000e+05 6.066670000000000000e+05 9.550130000000000000e+05 1.505071000000000000e+06 2.356881000000000000e+06 3.701451000000000000e+06 5.825190000000000000e+06 9.203660000000000000e+06 1.455736500000000000e+07 2.314490400000000000e+07 3.698718200000000000e+07 5.886738200000000000e+07 9.408973300000000000e+07 1.511996400000000000e+08 2.440400020000000000e+08 3.961665550000000000e+08
1.884400000000000000e+04 2.890900000000000000e+04 4.481700000000000000e+04 7.086800000000000000e+04 1.118170000000000000e+05 1.745700000000000000e+05 2.729740000000000000e+05 4.247540000000000000e+05 6.591840000000000000e+05 1.020550000000000000e+06 1.578810000000000000e+06 2.432055000000000000e+06 3.682130000000000000e+06 5.523179000000000000e+06 8.223280000000000000e+06 1.212842900000000000e+07 1.796893100000000000e+07 2.655317000000000000e+07 3.883052400000000000e+07 5.764175200000000000e+07
6.903300000000000000e+04 1.075470000000000000e+05 1.700880000000000000e+05 2.682320000000000000e+05 4.221010000000000000e+05 6.682860000000000000e+05 1.051508000000000000e+06 1.662275000000000000e+06 2.626986000000000000e+06 4.154826000000000000e+06 6.590523000000000000e+06 1.043190700000000000e+07 1.655184500000000000e+07 2.614158900000000000e+07 4.120568400000000000e+07 6.499907400000000000e+07 1.020594260000000000e+08 1.598162110000000000e+08 2.494269770000000000e+08 3.892320900000000000e+08
5.645900000000000000e+04 8.879800000000000000e+04 1.395820000000000000e+05 2.189540000000000000e+05 3.457740000000000000e+05 5.451650000000000000e+05 8.571960000000000000e+05 1.351647000000000000e+06 2.134044000000000000e+06 3.361760000000000000e+06 5.306151000000000000e+06 8.362042000000000000e+06 1.323984100000000000e+07 2.093743400000000000e+07 3.323686500000000000e+07 5.254930000000000000e+07 8.315353800000000000e+07 1.322118630000000000e+08 2.087526310000000000e+08 3.240781390000000000e+08
5.575000000000000000e+04 8.840100000000000000e+04 1.387930000000000000e+05 2.179470000000000000e+05 3.431360000000000000e+05 5.408960000000000000e+05 8.525430000000000000e+05 1.336087000000000000e+06 2.103168000000000000e+06 3.315463000000000000e+06 5.223175000000000000e+06 8.239777000000000000e+06 1.300861800000000000e+07 2.054311400000000000e+07 3.236078500000000000e+07 5.104654100000000000e+07 7.983360000000000000e+07 1.233406010000000000e+08 1.899156220000000000e+08 2.929110690000000000e+08
4.336600000000000000e+04 6.846500000000000000e+04 1.081190000000000000e+05 1.696040000000000000e+05 2.695150000000000000e+05 4.226430000000000000e+05 6.680090000000000000e+05 1.056360000000000000e+06 1.670276000000000000e+06 2.651757000000000000e+06 4.211642000000000000e+06 6.703357000000000000e+06 1.065376600000000000e+07 1.698167200000000000e+07 2.699743200000000000e+07 4.288335200000000000e+07 6.805263100000000000e+07 1.078845730000000000e+08 1.696353800000000000e+08 2.635016930000000000e+08
3.588900000000000000e+04 5.622500000000000000e+04 8.797200000000000000e+04 1.381400000000000000e+05 2.172090000000000000e+05 3.429670000000000000e+05 5.386340000000000000e+05 8.476180000000000000e+05 1.339894000000000000e+06 2.113179000000000000e+06 3.331640000000000000e+06 5.262489000000000000e+06 8.341576000000000000e+06 1.319229200000000000e+07 2.079844300000000000e+07 3.292395200000000000e+07 5.240633700000000000e+07 8.371565600000000000e+07 1.345279730000000000e+08 2.163864070000000000e+08
6.197900000000000000e+04 9.747800000000000000e+04 1.524970000000000000e+05 2.376920000000000000e+05 3.741830000000000000e+05 5.840850000000000000e+05 9.145100000000000000e+05 1.431101000000000000e+06 2.226941000000000000e+06 3.456527000000000000e+06 5.339226000000000000e+06 8.212897000000000000e+06 1.254602100000000000e+07 1.904565000000000000e+07 2.865662300000000000e+07 4.228812400000000000e+07 6.126018900000000000e+07 8.622556800000000000e+07 1.130618450000000000e+08 1.343920370000000000e+08
3.866600000000000000e+04 6.093600000000000000e+04 9.579000000000000000e+04 1.516440000000000000e+05 2.389600000000000000e+05 3.764700000000000000e+05 5.898020000000000000e+05 9.297920000000000000e+05 1.461263000000000000e+06 2.294885000000000000e+06 3.579168000000000000e+06 5.613811000000000000e+06 8.779697000000000000e+06 1.378375400000000000e+07 2.156915500000000000e+07 3.386437000000000000e+07 5.355000800000000000e+07 8.536884400000000000e+07 1.356654020000000000e+08 2.165465060000000000e+08
8.240500000000000000e+04 1.297550000000000000e+05 2.033610000000000000e+05 3.194960000000000000e+05 5.039140000000000000e+05 7.955070000000000000e+05 1.251027000000000000e+06 1.973381000000000000e+06 3.110205000000000000e+06 4.903818000000000000e+06 7.758375000000000000e+06 1.228038400000000000e+07 1.953495300000000000e+07 3.097093700000000000e+07 4.933915300000000000e+07 7.844259900000000000e+07 1.241954330000000000e+08 1.963749090000000000e+08 3.086907420000000000e+08 4.850674600000000000e+08
9.076800000000000000e+04 1.413710000000000000e+05 2.232230000000000000e+05 3.511740000000000000e+05 5.535820000000000000e+05 8.708060000000000000e+05 1.376137000000000000e+06 2.167732000000000000e+06 3.415019000000000000e+06 5.397724000000000000e+06 8.455763000000000000e+06 1.326697000000000000e+07 2.078529800000000000e+07 3.268276000000000000e+07 5.141421100000000000e+07 8.047415000000000000e+07 1.245719330000000000e+08 1.924943710000000000e+08 2.959322030000000000e+08 4.477727280000000000e+08
5.108400000000000000e+04 7.955200000000000000e+04 1.233710000000000000e+05 1.914970000000000000e+05 2.984250000000000000e+05 4.684840000000000000e+05 7.390250000000000000e+05 1.153150000000000000e+06 1.795233000000000000e+06 2.799271000000000000e+06 4.313694000000000000e+06 6.649377000000000000e+06 1.005385500000000000e+07 1.513607300000000000e+07 2.282483400000000000e+07 3.373821600000000000e+07 4.892916700000000000e+07 6.852031900000000000e+07 8.966039300000000000e+07 1.105135930000000000e+08
5.945700000000000000e+04 9.331200000000000000e+04 1.469400000000000000e+05 2.302410000000000000e+05 3.641000000000000000e+05 5.731920000000000000e+05 9.048460000000000000e+05 1.431032000000000000e+06 2.259309000000000000e+06 3.566703000000000000e+06 5.627536000000000000e+06 8.871376000000000000e+06 1.394507800000000000e+07 2.204236000000000000e+07 3.495471000000000000e+07 5.526786000000000000e+07 8.713014600000000000e+07 1.371021270000000000e+08 2.147721860000000000e+08 3.402700060000000000e+08
5.478700000000000000e+04 8.590700000000000000e+04 1.352000000000000000e+05 2.128170000000000000e+05 3.354310000000000000e+05 5.253810000000000000e+05 8.285590000000000000e+05 1.302242000000000000e+06 2.047771000000000000e+06 3.227204000000000000e+06 5.080776000000000000e+06 7.983461000000000000e+06 1.248280500000000000e+07 1.949409100000000000e+07 3.020950000000000000e+07 4.660739800000000000e+07 7.119990600000000000e+07 1.072869760000000000e+08 1.583006160000000000e+08 2.287514450000000000e+08
5.333600000000000000e+04 8.452000000000000000e+04 1.319840000000000000e+05 2.063500000000000000e+05 3.245180000000000000e+05 5.110240000000000000e+05 8.064880000000000000e+05 1.271270000000000000e+06 2.006735000000000000e+06 3.171885000000000000e+06 5.001031000000000000e+06 7.869788000000000000e+06 1.241011000000000000e+07 1.952233100000000000e+07 3.093675300000000000e+07 4.911272800000000000e+07 7.784702000000000000e+07 1.228577360000000000e+08 1.943259080000000000e+08 3.101232720000000000e+08
7.241800000000000000e+04 1.146610000000000000e+05 1.801470000000000000e+05 2.830230000000000000e+05 4.466140000000000000e+05 7.009990000000000000e+05 1.105075000000000000e+06 1.742599000000000000e+06 2.750574000000000000e+06 4.353597000000000000e+06 6.918226000000000000e+06 1.100574000000000000e+07 1.747083900000000000e+07 2.766148000000000000e+07 4.399268300000000000e+07 6.984706400000000000e+07 1.108310310000000000e+08 1.762062370000000000e+08 2.801026380000000000e+08 4.440205580000000000e+08
4.539100000000000000e+04 7.084900000000000000e+04 1.109310000000000000e+05 1.727400000000000000e+05 2.721060000000000000e+05 4.301570000000000000e+05 6.776560000000000000e+05 1.060754000000000000e+06 1.664744000000000000e+06 2.625726000000000000e+06 4.119934000000000000e+06 6.491714000000000000e+06 1.022556600000000000e+07 1.604054600000000000e+07 2.508463800000000000e+07 3.894914500000000000e+07 6.006857100000000000e+07 9.160627000000000000e+07 1.365788370000000000e+08 1.971363900000000000e+08
3.989200000000000000e+04 6.288800000000000000e+04 9.897600000000000000e+04 1.557650000000000000e+05 2.440350000000000000e+05 3.839670000000000000e+05 6.071700000000000000e+05 9.569220000000000000e+05 1.508920000000000000e+06 2.373590000000000000e+06 3.728817000000000000e+06 5.863197000000000000e+06 9.220483000000000000e+06 1.448476200000000000e+07 2.270432000000000000e+07 3.558706800000000000e+07 5.615290500000000000e+07 8.812396300000000000e+07 1.379080290000000000e+08 2.171952490000000000e+08
4.983900000000000000e+04 7.741100000000000000e+04 1.220810000000000000e+05 1.906270000000000000e+05 2.991110000000000000e+05 4.671670000000000000e+05 7.345710000000000000e+05 1.150407000000000000e+06 1.796373000000000000e+06 2.814454000000000000e+06 4.411050000000000000e+06 6.936808000000000000e+06 1.084203800000000000e+07 1.692973800000000000e+07 2.655565200000000000e+07 4.136173200000000000e+07 6.461020900000000000e+07 9.947417900000000000e+07 1.520652190000000000e+08 2.316836970000000000e+08
6.823700000000000000e+04 1.080520000000000000e+05 1.711060000000000000e+05 2.671990000000000000e+05 4.229340000000000000e+05 6.650880000000000000e+05 1.044751000000000000e+06 1.644072000000000000e+06 2.571133000000000000e+06 4.030385000000000000e+06 6.346099000000000000e+06 9.953420000000000000e+06 1.554394100000000000e+07 2.436599800000000000e+07 3.811139500000000000e+07 5.988478800000000000e+07 9.453630200000000000e+07 1.485514780000000000e+08 2.292403580000000000e+08 3.548808510000000000e+08
4.880900000000000000e+04 7.590700000000000000e+04 1.199950000000000000e+05 1.886280000000000000e+05 2.957240000000000000e+05 4.657430000000000000e+05 7.358570000000000000e+05 1.158571000000000000e+06 1.825784000000000000e+06 2.879652000000000000e+06 4.503505000000000000e+06 7.034079000000000000e+06 1.097071500000000000e+07 1.707153800000000000e+07 2.642704200000000000e+07 4.054321700000000000e+07 6.195528500000000000e+07 9.377534500000000000e+07 1.384085590000000000e+08 1.988710320000000000e+08
4.367600000000000000e+04 6.843200000000000000e+04 1.075750000000000000e+05 1.692070000000000000e+05 2.645540000000000000e+05 4.146880000000000000e+05 6.560980000000000000e+05 1.030730000000000000e+06 1.612390000000000000e+06 2.516297000000000000e+06 3.915143000000000000e+06 6.070108000000000000e+06 9.369322000000000000e+06 1.433319600000000000e+07 2.181830600000000000e+07 3.291904200000000000e+07 4.912118000000000000e+07 7.241647300000000000e+07 1.070328330000000000e+08 1.624659530000000000e+08
4.094000000000000000e+04 6.440300000000000000e+04 1.028230000000000000e+05 1.609770000000000000e+05 2.527040000000000000e+05 3.989560000000000000e+05 6.280620000000000000e+05 9.865970000000000000e+05 1.554303000000000000e+06 2.448477000000000000e+06 3.877978000000000000e+06 6.139741000000000000e+06 9.693509000000000000e+06 1.538628700000000000e+07 2.451078200000000000e+07 3.915008500000000000e+07 6.233075900000000000e+07 9.855930000000000000e+07 1.549841060000000000e+08 2.434203100000000000e+08
1.030850000000000000e+05 1.616420000000000000e+05 2.538050000000000000e+05 4.013100000000000000e+05 6.319560000000000000e+05 9.962440000000000000e+05 1.569156000000000000e+06 2.479648000000000000e+06 3.926218000000000000e+06 6.185825000000000000e+06 9.784866000000000000e+06 1.543307400000000000e+07 2.441042600000000000e+07 3.845444000000000000e+07 6.035512700000000000e+07 9.453179100000000000e+07 1.480688680000000000e+08 2.314132160000000000e+08 3.609526260000000000e+08 5.584587040000000000e+08
4.593000000000000000e+04 7.228400000000000000e+04 1.142240000000000000e+05 1.786940000000000000e+05 2.838470000000000000e+05 4.459770000000000000e+05 7.035830000000000000e+05 1.105690000000000000e+06 1.745133000000000000e+06 2.753554000000000000e+06 4.356093000000000000e+06 6.938806000000000000e+06 1.102256000000000000e+07 1.743084900000000000e+07 2.766793500000000000e+07 4.401515900000000000e+07 7.024502800000000000e+07 1.126043160000000000e+08 1.810786480000000000e+08 2.890494730000000000e+08
8.115800000000000000e+04 1.275230000000000000e+05 2.015980000000000000e+05 3.181810000000000000e+05 4.993330000000000000e+05 7.902990000000000000e+05 1.248325000000000000e+06 1.966027000000000000e+06 3.108051000000000000e+06 4.926688000000000000e+06 7.794579000000000000e+06 1.230839800000000000e+07 1.941864600000000000e+07 3.068113800000000000e+07 4.837040700000000000e+07 7.649421900000000000e+07 1.215387530000000000e+08 1.925465390000000000e+08 3.050104810000000000e+08 4.838762640000000000e+08
6.449400000000000000e+04 1.003960000000000000e+05 1.584080000000000000e+05 2.501760000000000000e+05 3.939080000000000000e+05 6.204270000000000000e+05 9.783810000000000000e+05 1.535171000000000000e+06 2.420122000000000000e+06 3.824419000000000000e+06 6.013010000000000000e+06 9.456656000000000000e+06 1.483040000000000000e+07 2.339547700000000000e+07 3.684846600000000000e+07 5.789748400000000000e+07 9.063929900000000000e+07 1.416177590000000000e+08 2.198779070000000000e+08 3.390481420000000000e+08
3.017200000000000000e+04 4.706900000000000000e+04 7.200500000000000000e+04 1.141860000000000000e+05 1.786390000000000000e+05 2.803300000000000000e+05 4.393370000000000000e+05 6.889850000000000000e+05 1.080019000000000000e+06 1.713036000000000000e+06 2.709337000000000000e+06 4.278883000000000000e+06 6.771683000000000000e+06 1.069089000000000000e+07 1.693087200000000000e+07 2.689655600000000000e+07 4.279546500000000000e+07 6.824646800000000000e+07 1.095641080000000000e+08 1.765626810000000000e+08
3.404900000000000000e+04 5.382000000000000000e+04 8.430500000000000000e+04 1.324150000000000000e+05 2.100100000000000000e+05 3.314320000000000000e+05 5.268460000000000000e+05 8.307770000000000000e+05 1.313906000000000000e+06 2.074973000000000000e+06 3.294747000000000000e+06 5.221344000000000000e+06 8.255637000000000000e+06 1.314928700000000000e+07 2.095403200000000000e+07 3.356311500000000000e+07 5.393077000000000000e+07 8.748445000000000000e+07 1.435276180000000000e+08 2.375521860000000000e+08
1.884700000000000000e+04 2.912900000000000000e+04 4.535100000000000000e+04 7.103600000000000000e+04 1.111120000000000000e+05 1.744610000000000000e+05 2.759490000000000000e+05 4.316520000000000000e+05 6.733630000000000000e+05 1.052088000000000000e+06 1.632189000000000000e+06 2.537754000000000000e+06 3.938931000000000000e+06 6.087713000000000000e+06 9.385076000000000000e+06 1.437897700000000000e+07 2.213936700000000000e+07 3.348928400000000000e+07 4.922957600000000000e+07 7.045953200000000000e+07
4.605500000000000000e+04 7.248800000000000000e+04 1.136650000000000000e+05 1.786160000000000000e+05 2.816580000000000000e+05 4.420310000000000000e+05 6.982450000000000000e+05 1.098069000000000000e+06 1.725847000000000000e+06 2.699276000000000000e+06 4.236232000000000000e+06 6.621559000000000000e+06 1.037163000000000000e+07 1.628950800000000000e+07 2.543309400000000000e+07 3.979842300000000000e+07 6.184585100000000000e+07 9.613709500000000000e+07 1.476623190000000000e+08 2.261359420000000000e+08
3.346400000000000000e+04 5.134700000000000000e+04 8.072200000000000000e+04 1.270920000000000000e+05 2.000390000000000000e+05 3.169630000000000000e+05 4.965640000000000000e+05 7.814190000000000000e+05 1.221257000000000000e+06 1.901209000000000000e+06 2.969437000000000000e+06 4.606009000000000000e+06 7.069719000000000000e+06 1.077810700000000000e+07 1.645198700000000000e+07 2.478627600000000000e+07 3.705272800000000000e+07 5.543463800000000000e+07 8.454632800000000000e+07 1.371842710000000000e+08
9.361600000000000000e+04 1.459310000000000000e+05 2.286880000000000000e+05 3.591650000000000000e+05 5.644450000000000000e+05 8.935370000000000000e+05 1.405395000000000000e+06 2.211040000000000000e+06 3.485853000000000000e+06 5.494555000000000000e+06 8.656031000000000000e+06 1.368608800000000000e+07 2.168164700000000000e+07 3.422161400000000000e+07 5.419299900000000000e+07 8.539975600000000000e+07 1.342072250000000000e+08 2.104836170000000000e+08 3.305154040000000000e+08 5.211639670000000000e+08
3.985200000000000000e+04 6.265300000000000000e+04 9.840500000000000000e+04 1.547600000000000000e+05 2.421960000000000000e+05 3.821920000000000000e+05 6.023450000000000000e+05 9.548040000000000000e+05 1.512730000000000000e+06 2.391918000000000000e+06 3.774639000000000000e+06 5.976546000000000000e+06 9.468836000000000000e+06 1.495550800000000000e+07 2.335257100000000000e+07 3.646457000000000000e+07 5.676184700000000000e+07 8.826554500000000000e+07 1.384709860000000000e+08 2.178428420000000000e+08
5.044300000000000000e+04 7.821800000000000000e+04 1.232340000000000000e+05 1.939590000000000000e+05 3.048690000000000000e+05 4.808890000000000000e+05 7.593550000000000000e+05 1.187565000000000000e+06 1.868955000000000000e+06 2.942451000000000000e+06 4.626838000000000000e+06 7.284084000000000000e+06 1.147296500000000000e+07 1.800767300000000000e+07 2.824187700000000000e+07 4.437734300000000000e+07 7.020823000000000000e+07 1.116628780000000000e+08 1.769905720000000000e+08 2.833278870000000000e+08
4.592900000000000000e+04 7.201700000000000000e+04 1.127940000000000000e+05 1.767180000000000000e+05 2.777730000000000000e+05 4.381700000000000000e+05 6.920710000000000000e+05 1.081651000000000000e+06 1.703709000000000000e+06 2.680344000000000000e+06 4.229156000000000000e+06 6.674917000000000000e+06 1.044419100000000000e+07 1.627080200000000000e+07 2.517129300000000000e+07 3.873083100000000000e+07 5.920004100000000000e+07 9.025663800000000000e+07 1.358213670000000000e+08 1.994962870000000000e+08
5.553500000000000000e+04 8.742300000000000000e+04 1.372440000000000000e+05 2.153900000000000000e+05 3.373170000000000000e+05 5.291270000000000000e+05 8.296850000000000000e+05 1.300382000000000000e+06 2.045671000000000000e+06 3.228039000000000000e+06 5.098101000000000000e+06 8.058861000000000000e+06 1.276867600000000000e+07 2.012184900000000000e+07 3.157164000000000000e+07 4.910895700000000000e+07 7.605878800000000000e+07 1.171433480000000000e+08 1.800149760000000000e+08 2.768489170000000000e+08
7.584700000000000000e+04 1.178050000000000000e+05 1.869870000000000000e+05 2.930690000000000000e+05 4.623850000000000000e+05 7.299260000000000000e+05 1.155177000000000000e+06 1.821839000000000000e+06 2.879342000000000000e+06 4.549140000000000000e+06 7.188681000000000000e+06 1.138439200000000000e+07 1.801439600000000000e+07 2.845026200000000000e+07 4.496665500000000000e+07 7.075756800000000000e+07 1.113203000000000000e+08 1.750655840000000000e+08 2.754167060000000000e+08 4.349818430000000000e+08
2.629200000000000000e+04 4.071900000000000000e+04 6.391900000000000000e+04 1.009210000000000000e+05 1.585890000000000000e+05 2.504430000000000000e+05 3.928310000000000000e+05 6.177100000000000000e+05 9.736330000000000000e+05 1.533180000000000000e+06 2.413937000000000000e+06 3.801418000000000000e+06 5.958308000000000000e+06 9.331261000000000000e+06 1.455832300000000000e+07 2.285276500000000000e+07 3.580277400000000000e+07 5.701483100000000000e+07 9.119168300000000000e+07 1.443803310000000000e+08
2.501100000000000000e+04 3.942700000000000000e+04 6.169100000000000000e+04 9.674700000000000000e+04 1.525360000000000000e+05 2.398580000000000000e+05 3.792600000000000000e+05 5.913540000000000000e+05 9.286690000000000000e+05 1.466611000000000000e+06 2.309236000000000000e+06 3.623173000000000000e+06 5.649002000000000000e+06 8.778277000000000000e+06 1.370081300000000000e+07 2.137717100000000000e+07 3.382360300000000000e+07 5.378314000000000000e+07 8.540021100000000000e+07 1.342793170000000000e+08
5.201000000000000000e+04 8.151100000000000000e+04 1.283940000000000000e+05 2.034080000000000000e+05 3.196790000000000000e+05 5.052490000000000000e+05 7.958470000000000000e+05 1.251844000000000000e+06 1.963423000000000000e+06 3.091664000000000000e+06 4.892116000000000000e+06 7.748439000000000000e+06 1.227128900000000000e+07 1.944163300000000000e+07 3.077244500000000000e+07 4.895279800000000000e+07 7.832181100000000000e+07 1.256566150000000000e+08 1.997618550000000000e+08 3.175387670000000000e+08
4.741300000000000000e+04 7.476800000000000000e+04 1.169930000000000000e+05 1.846880000000000000e+05 2.908680000000000000e+05 4.602690000000000000e+05 7.258870000000000000e+05 1.146996000000000000e+06 1.810391000000000000e+06 2.855846000000000000e+06 4.511342000000000000e+06 7.146122000000000000e+06 1.134284800000000000e+07 1.793078500000000000e+07 2.839355700000000000e+07 4.496220300000000000e+07 7.140195300000000000e+07 1.141628390000000000e+08 1.836505970000000000e+08 2.941146960000000000e+08
5.602900000000000000e+04 8.808300000000000000e+04 1.380790000000000000e+05 2.180070000000000000e+05 3.432330000000000000e+05 5.395360000000000000e+05 8.516960000000000000e+05 1.337632000000000000e+06 2.097196000000000000e+06 3.301195000000000000e+06 5.169913000000000000e+06 8.100510000000000000e+06 1.262936500000000000e+07 1.964592800000000000e+07 3.013374500000000000e+07 4.577642700000000000e+07 6.868329500000000000e+07 1.014985540000000000e+08 1.460501130000000000e+08 2.024926020000000000e+08
5.196000000000000000e+04 8.201900000000000000e+04 1.288280000000000000e+05 2.024720000000000000e+05 3.195660000000000000e+05 5.021040000000000000e+05 7.949470000000000000e+05 1.250396000000000000e+06 1.968098000000000000e+06 3.094540000000000000e+06 4.871241000000000000e+06 7.695870000000000000e+06 1.213156400000000000e+07 1.900162900000000000e+07 2.971132400000000000e+07 4.637751200000000000e+07 7.175327400000000000e+07 1.102400260000000000e+08 1.679791690000000000e+08 2.534073460000000000e+08
5.625700000000000000e+04 8.849400000000000000e+04 1.391950000000000000e+05 2.194330000000000000e+05 3.462850000000000000e+05 5.457000000000000000e+05 8.617220000000000000e+05 1.364673000000000000e+06 2.148456000000000000e+06 3.392385000000000000e+06 5.366968000000000000e+06 8.505740000000000000e+06 1.348664300000000000e+07 2.140310400000000000e+07 3.386587400000000000e+07 5.358984200000000000e+07 8.438601200000000000e+07 1.323583230000000000e+08 2.076108160000000000e+08 3.235696910000000000e+08
1.988000000000000000e+04 3.113700000000000000e+04 4.861700000000000000e+04 7.683700000000000000e+04 1.198730000000000000e+05 1.894740000000000000e+05 3.013240000000000000e+05 4.733230000000000000e+05 7.428520000000000000e+05 1.168893000000000000e+06 1.845670000000000000e+06 2.917525000000000000e+06 4.571357000000000000e+06 7.172336000000000000e+06 1.131474500000000000e+07 1.795308100000000000e+07 2.872375600000000000e+07 4.637439000000000000e+07 7.414885200000000000e+07 1.169097900000000000e+08
5.456600000000000000e+04 8.535000000000000000e+04 1.330490000000000000e+05 2.097410000000000000e+05 3.327550000000000000e+05 5.218160000000000000e+05 8.283810000000000000e+05 1.314889000000000000e+06 2.075220000000000000e+06 3.276386000000000000e+06 5.177794000000000000e+06 8.150547000000000000e+06 1.286450300000000000e+07 2.033536300000000000e+07 3.206091600000000000e+07 5.048667100000000000e+07 7.975419300000000000e+07 1.268884790000000000e+08 2.027068710000000000e+08 3.229372260000000000e+08
5.871600000000000000e+04 9.231200000000000000e+04 1.449220000000000000e+05 2.290820000000000000e+05 3.589150000000000000e+05 5.644330000000000000e+05 8.929910000000000000e+05 1.407321000000000000e+06 2.222544000000000000e+06 3.497281000000000000e+06 5.481763000000000000e+06 8.625719000000000000e+06 1.356520300000000000e+07 2.125424700000000000e+07 3.320805800000000000e+07 5.144389700000000000e+07 7.957269600000000000e+07 1.226449180000000000e+08 1.866804690000000000e+08 2.809697990000000000e+08
1.971100000000000000e+04 3.086900000000000000e+04 4.899900000000000000e+04 7.616400000000000000e+04 1.196350000000000000e+05 1.875770000000000000e+05 2.966800000000000000e+05 4.651870000000000000e+05 7.290040000000000000e+05 1.140600000000000000e+06 1.782535000000000000e+06 2.760362000000000000e+06 4.286019000000000000e+06 6.608095000000000000e+06 1.010765300000000000e+07 1.530550400000000000e+07 2.302982000000000000e+07 3.501117600000000000e+07 5.262018800000000000e+07 7.834029400000000000e+07
5.376700000000000000e+04 8.518400000000000000e+04 1.341630000000000000e+05 2.109560000000000000e+05 3.331240000000000000e+05 5.253850000000000000e+05 8.262350000000000000e+05 1.309776000000000000e+06 2.075585000000000000e+06 3.276978000000000000e+06 5.204970000000000000e+06 8.248665000000000000e+06 1.302667900000000000e+07 2.067717000000000000e+07 3.253871600000000000e+07 5.112236200000000000e+07 8.004645500000000000e+07 1.242866650000000000e+08 1.917515930000000000e+08 2.929317480000000000e+08
3.171400000000000000e+04 4.998100000000000000e+04 7.787300000000000000e+04 1.234610000000000000e+05 1.926420000000000000e+05 3.031050000000000000e+05 4.772470000000000000e+05 7.487010000000000000e+05 1.180859000000000000e+06 1.848096000000000000e+06 2.893649000000000000e+06 4.543045000000000000e+06 7.123804000000000000e+06 1.111158500000000000e+07 1.714727300000000000e+07 2.634136000000000000e+07 4.014746800000000000e+07 6.033262800000000000e+07 8.870446500000000000e+07 1.281494000000000000e+08
4.200800000000000000e+04 6.601800000000000000e+04 1.018530000000000000e+05 1.618750000000000000e+05 2.527640000000000000e+05 3.964340000000000000e+05 6.246640000000000000e+05 9.839500000000000000e+05 1.546202000000000000e+06 2.431434000000000000e+06 3.831842000000000000e+06 5.981641000000000000e+06 9.330335000000000000e+06 1.453484400000000000e+07 2.251125900000000000e+07 3.477587800000000000e+07 5.313305000000000000e+07 8.132484500000000000e+07 1.229360940000000000e+08 1.840499670000000000e+08
6.587700000000000000e+04 1.045920000000000000e+05 1.641130000000000000e+05 2.590840000000000000e+05 4.087730000000000000e+05 6.422110000000000000e+05 1.010739000000000000e+06 1.597831000000000000e+06 2.512872000000000000e+06 3.973750000000000000e+06 6.266261000000000000e+06 9.907288000000000000e+06 1.564381700000000000e+07 2.473434200000000000e+07 3.893335400000000000e+07 6.105131800000000000e+07 9.599682100000000000e+07 1.516419310000000000e+08 2.390209840000000000e+08 3.767166620000000000e+08
5.248000000000000000e+04 8.336000000000000000e+04 1.305060000000000000e+05 2.034830000000000000e+05 3.184170000000000000e+05 5.017610000000000000e+05 7.905250000000000000e+05 1.243742000000000000e+06 1.945359000000000000e+06 3.051264000000000000e+06 4.780290000000000000e+06 7.479671000000000000e+06 1.166028900000000000e+07 1.816433500000000000e+07 2.814722400000000000e+07 4.347637000000000000e+07 6.689511800000000000e+07 1.030403770000000000e+08 1.587713640000000000e+08 2.475108470000000000e+08
6.107600000000000000e+04 9.640700000000000000e+04 1.508880000000000000e+05 2.388910000000000000e+05 3.772230000000000000e+05 5.933380000000000000e+05 9.329890000000000000e+05 1.473814000000000000e+06 2.324471000000000000e+06 3.687337000000000000e+06 5.826330000000000000e+06 9.213160000000000000e+06 1.461614500000000000e+07 2.325894100000000000e+07 3.703194300000000000e+07 5.880726900000000000e+07 9.360129100000000000e+07 1.487999370000000000e+08 2.368154190000000000e+08 3.725537000000000000e+08
4.235100000000000000e+04 6.652400000000000000e+04 1.043210000000000000e+05 1.647090000000000000e+05 2.600630000000000000e+05 4.102540000000000000e+05 6.439040000000000000e+05 1.012207000000000000e+06 1.601674000000000000e+06 2.540126000000000000e+06 3.997909000000000000e+06 6.338893000000000000e+06 1.008918200000000000e+07 1.606595000000000000e+07 2.560238300000000000e+07 4.087198500000000000e+07 6.516596400000000000e+07 1.035763750000000000e+08 1.641462590000000000e+08 2.594094330000000000e+08
4.130100000000000000e+04 6.511400000000000000e+04 1.020510000000000000e+05 1.621630000000000000e+05 2.554820000000000000e+05 4.021630000000000000e+05 6.339060000000000000e+05 1.000753000000000000e+06 1.574821000000000000e+06 2.491099000000000000e+06 3.934983000000000000e+06 6.224247000000000000e+06 9.887177000000000000e+06 1.564629200000000000e+07 2.493846500000000000e+07 3.994530300000000000e+07 6.428850200000000000e+07 1.030178430000000000e+08 1.651821620000000000e+08 2.658892450000000000e+08
4.238300000000000000e+04 6.650600000000000000e+04 1.046830000000000000e+05 1.655090000000000000e+05 2.638710000000000000e+05 4.125650000000000000e+05 6.492660000000000000e+05 1.023332000000000000e+06 1.613379000000000000e+06 2.546348000000000000e+06 4.016534000000000000e+06 6.346206000000000000e+06 1.001527000000000000e+07 1.587979500000000000e+07 2.521226300000000000e+07 3.994102900000000000e+07 6.300820600000000000e+07 9.899056300000000000e+07 1.551122990000000000e+08 2.417626110000000000e+08
4.204900000000000000e+04 6.544500000000000000e+04 1.026210000000000000e+05 1.623160000000000000e+05 2.555230000000000000e+05 3.998660000000000000e+05 6.332100000000000000e+05 9.953920000000000000e+05 1.571300000000000000e+06 2.484497000000000000e+06 3.894661000000000000e+06 6.133093000000000000e+06 9.599416000000000000e+06 1.500741500000000000e+07 2.343948400000000000e+07 3.670456100000000000e+07 5.730452700000000000e+07 8.830347500000000000e+07 1.333709300000000000e+08 1.981475540000000000e+08
3.580500000000000000e+04 5.659600000000000000e+04 8.924000000000000000e+04 1.403890000000000000e+05 2.211370000000000000e+05 3.448930000000000000e+05 5.431200000000000000e+05 8.603680000000000000e+05 1.358110000000000000e+06 2.147650000000000000e+06 3.386979000000000000e+06 5.352860000000000000e+06 8.433652000000000000e+06 1.330248400000000000e+07 2.100421500000000000e+07 3.314810800000000000e+07 5.265317800000000000e+07 8.352738800000000000e+07 1.320712600000000000e+08 2.066811050000000000e+08
5.353100000000000000e+04 8.431000000000000000e+04 1.333760000000000000e+05 2.093820000000000000e+05 3.301260000000000000e+05 5.223500000000000000e+05 8.235460000000000000e+05 1.292854000000000000e+06 2.035341000000000000e+06 3.199064000000000000e+06 5.025607000000000000e+06 7.861819000000000000e+06 1.230203500000000000e+07 1.912649300000000000e+07 2.970702800000000000e+07 4.592315800000000000e+07 7.097780500000000000e+07 1.099754270000000000e+08 1.699666980000000000e+08 2.583891920000000000e+08
5.335200000000000000e+04 8.390400000000000000e+04 1.325430000000000000e+05 2.097930000000000000e+05 3.294930000000000000e+05 5.218130000000000000e+05 8.199210000000000000e+05 1.290075000000000000e+06 2.036468000000000000e+06 3.208899000000000000e+06 5.070060000000000000e+06 8.011574000000000000e+06 1.267781300000000000e+07 2.001546800000000000e+07 3.153262000000000000e+07 4.983286900000000000e+07 7.829517300000000000e+07 1.221131570000000000e+08 1.900228250000000000e+08 2.885124550000000000e+08
3.141600000000000000e+04 4.890900000000000000e+04 7.691200000000000000e+04 1.200030000000000000e+05 1.892330000000000000e+05 2.978620000000000000e+05 4.719960000000000000e+05 7.417090000000000000e+05 1.167929000000000000e+06 1.834068000000000000e+06 2.883156000000000000e+06 4.543338000000000000e+06 7.166888000000000000e+06 1.128119800000000000e+07 1.772967700000000000e+07 2.780296100000000000e+07 4.341527500000000000e+07 6.787257400000000000e+07 1.075985320000000000e+08 1.728656210000000000e+08
