# weights for all jackknife regions
6.491345794911193848e+07 1.021444309085655212e+08 1.608042179480800629e+08 2.536353138775129318e+08 4.002992982498121262e+08 6.312254792543563843e+08 9.964796048095617294e+08 1.570161858492098808e+09 2.473432005882531166e+09 3.895803795604455948e+09 6.135060322382274628e+09 9.647936737423589706e+09 1.517995361023943329e+10 2.386557643800577927e+10 3.731882444167417145e+10 5.794007154240032196e+10 8.948785972060601807e+10 1.367422267410202789e+11 2.062423090203776550e+11 3.045986747206044922e+11
4.732473604647445679e+07 7.430277232401752472e+07 1.165255748475914001e+08 1.833566114376583099e+08 2.889993584822778702e+08 4.566375960908765793e+08 7.217731776287755966e+08 1.135821077956552505e+09 1.789695596243817329e+09 2.826376358131759644e+09 4.456726856076338768e+09 7.034589473813665390e+09 1.106328294842473602e+10 1.736091570224893570e+10 2.716850242785149384e+10 4.230213716800157166e+10 6.571534741388842773e+10 1.015399434792328033e+11 1.550851223570068970e+11 2.362044593283744202e+11
3.580033310820388794e+07 5.613629146135425568e+07 8.800388741266822815e+07 1.379160425181941986e+08 2.166345457659711838e+08 3.407674555120887756e+08 5.370510932954254150e+08 8.419484081376247406e+08 1.318560237592998505e+09 2.066862470603920937e+09 3.232613925982230186e+09 5.044854563620431900e+09 7.849787938044449806e+09 1.219610937359506035e+10 1.882526184569487762e+10 2.883089068382112122e+10 4.363684253565354919e+10 6.444605253928630066e+10 9.284036901362213135e+10 1.288261962080389252e+11
4.149299813058280945e+07 6.540622376084518433e+07 1.030240521076488495e+08 1.622700509549112320e+08 2.561675262734918594e+08 4.034783031540994644e+08 6.345178363573274612e+08 9.997437088637971878e+08 1.574657001405635834e+09 2.482725826195491791e+09 3.918549685224352837e+09 6.187321893721201897e+09 9.786561982427433014e+09 1.550831029118385696e+10 2.451613407241702271e+10 3.864970112495887756e+10 6.091529790487370300e+10 9.586611722285746765e+10 1.507370528905371704e+11 2.354142999274472656e+11
6.011343805435180664e+07 9.474219430712318420e+07 1.491397301323652267e+08 2.350365398354425430e+08 3.702926033557643890e+08 5.832004535509490967e+08 9.193297172356472015e+08 1.446908138745795250e+09 2.277580000584322929e+09 3.584522812934911728e+09 5.638950199653423309e+09 8.841895107767789841e+09 1.382700432042233849e+10 2.151710836361875916e+10 3.313128502691034698e+10 5.036124759965959167e+10 7.527277987875500488e+10 1.103415738388991241e+11 1.596003251796409912e+11 2.257063428290562439e+11
2.809850090900611877e+07 4.436270824640750885e+07 6.980918529452323914e+07 1.100235042840175629e+08 1.736329274444694519e+08 2.745932780473785400e+08 4.341547692764110565e+08 6.853390524043855667e+08 1.081692823472610474e+09 1.708683288381867409e+09 2.697833410329675674e+09 4.258449344679965019e+09 6.735331553158807755e+09 1.066842743901426697e+10 1.684060510269644928e+10 2.669260376262648010e+10 4.262533391164038849e+10 6.831566099484031677e+10 1.084084663768049469e+11 1.698949492342840576e+11
5.209149217692470551e+07 8.205864012119293213e+07 1.292770080399837494e+08 2.035957228264150620e+08 3.206698577962017059e+08 5.058881379628858566e+08 7.962519713076744080e+08 1.251773654589844704e+09 1.968997959786463737e+09 3.094482114865615845e+09 4.858263364010969162e+09 7.609317240070420265e+09 1.191581422110571861e+10 1.864632098985049438e+10 2.906829523713981247e+10 4.492442872671643066e+10 6.903366971967436218e+10 1.055223224871089935e+11 1.611394950824010620e+11 2.430969393656897888e+11
4.415323148969364166e+07 6.946538333242797852e+07 1.093824702968816757e+08 1.723236783528871536e+08 2.716859140733556747e+08 4.296277339056491852e+08 6.794834104384508133e+08 1.071205861921617508e+09 1.692169481824528694e+09 2.676428540749127388e+09 4.226893713741954803e+09 6.678810852215356827e+09 1.053797651771500015e+10 1.659954445510357475e+10 2.609892521569812393e+10 4.079736118888980103e+10 6.361976421061924744e+10 9.895265644407873535e+10 1.535036142927003479e+11 2.365776017414554443e+11
3.757069314048480988e+07 5.913080149451637268e+07 9.318350986681938171e+07 1.470880005416078568e+08 2.318812875320692062e+08 3.652760494672012329e+08 5.763960216654148102e+08 9.079709802694187164e+08 1.431516182905095100e+09 2.252258413142505646e+09 3.545143319722316742e+09 5.584341484671174049e+09 8.799359159544460297e+09 1.388439761374922752e+10 2.194783583333337784e+10 3.468939110705249023e+10 5.479836859828235626e+10 8.702019359535188293e+10 1.387437685355190735e+11 2.206707718944724731e+11
3.209774064392280579e+07 5.048370463710880280e+07 7.952656259055614471e+07 1.254604671506881714e+08 1.977474034783067703e+08 3.117394661749029160e+08 4.917767398240518570e+08 7.763544838745346069e+08 1.226209908526445389e+09 1.938468631482386589e+09 3.064593122120935440e+09 4.843496046605962753e+09 7.689230923283416748e+09 1.227772050595851326e+10 1.982509676588714981e+10 3.219251641970746613e+10 5.230722906443138123e+10 8.595985143849139404e+10 1.421101680954948730e+11 2.344532705798871460e+11
4.569280854619789124e+07 7.188414765970325470e+07 1.133808109585962296e+08 1.787745524178380966e+08 2.819984524450912476e+08 4.452084233477592468e+08 7.034958290970888138e+08 1.111307956074397087e+09 1.756757822314786911e+09 2.780518181661505699e+09 4.404356359963572502e+09 6.986016546525089264e+09 1.106644816202465439e+10 1.751214818142707062e+10 2.757449594076849365e+10 4.314164681915805817e+10 6.716297913723493958e+10 1.037587436548580627e+11 1.592348302324203491e+11 2.413512418401348877e+11
5.358597878695297241e+07 8.440691785433959961e+07 1.333968346520023346e+08 2.105723340947265625e+08 3.325705552287034988e+08 5.257404583804159164e+08 8.313797607184448242e+08 1.313422673018843651e+09 2.074964296528654099e+09 3.280797875001662254e+09 5.191379696536297798e+09 8.229712763616536140e+09 1.305985304711242676e+10 2.076433826675842667e+10 3.302007213361365891e+10 5.257492149340596008e+10 8.404250012435037231e+10 1.343071937330321655e+11 2.152374344108414307e+11 3.469425212912407837e+11
6.828006089559268951e+07 1.073849425907659531e+08 1.689452169858894348e+08 2.666496940024871826e+08 4.208111670818586349e+08 6.650142445035104752e+08 1.050527509133863449e+09 1.661079440650377274e+09 2.627344411281163216e+09 4.157549568574979782e+09 6.593572874947087288e+09 1.045498608966848564e+10 1.659185470256985092e+10 2.631501961175452423e+10 4.175821561934358215e+10 6.627076408443790436e+10 1.050708163945065918e+11 1.664064790533445129e+11 2.628896744738126831e+11 4.160179363454144897e+11
4.187658048431682587e+07 6.578965250150203705e+07 1.039756894880151749e+08 1.640073532137718201e+08 2.587665773552026749e+08 4.080186831320905685e+08 6.433603016401281357e+08 1.013388845193082809e+09 1.595649797396139145e+09 2.514205030614699364e+09 3.963409430139111519e+09 6.237586138813291550e+09 9.818851547572908401e+09 1.553881333034415436e+10 2.473637938051659775e+10 3.951161062992558289e+10 6.321815751326365662e+10 1.007810627393341217e+11 1.590628786990555725e+11 2.486957305961863403e+11
4.373569264959526062e+07 6.886677992052841187e+07 1.084189078982744217e+08 1.705713880454931259e+08 2.681586569103164673e+08 4.220073774477720261e+08 6.631586018489866257e+08 1.039242999195563316e+09 1.627332159567988396e+09 2.546066706825416565e+09 3.973025468592856407e+09 6.189581077091233253e+09 9.627052963377899170e+09 1.494954341989458656e+10 2.312527754816474152e+10 3.550932410645582581e+10 5.423409659753701019e+10 8.127769498396643066e+10 1.183519097562097015e+11 1.714717482390179138e+11
4.364292297098445892e+07 6.878867645466136932e+07 1.084319694587697983e+08 1.713679815649967194e+08 2.706069413956480026e+08 4.273074887576837540e+08 6.753977827202682495e+08 1.067001655829554558e+09 1.686202342148477554e+09 2.665840345336937904e+09 4.212106181224538803e+09 6.654777457853452682e+09 1.050385501286970139e+10 1.658110346438903809e+10 2.616676402946674347e+10 4.136826818135866547e+10 6.559345906040264893e+10 1.039490881980348969e+11 1.642322683272263184e+11 2.590847661846417236e+11
3.480610091304016113e+07 5.493779342348098755e+07 8.671310212062740326e+07 1.372311448249044418e+08 2.170342735353279114e+08 3.437344813432655334e+08 5.446228984377279282e+08 8.615484755153474808e+08 1.364896726980161667e+09 2.163098756839550018e+09 3.430614446813956261e+09 5.449555285123487473e+09 8.654305191212459564e+09 1.374302137833285713e+10 2.185016238144266129e+10 3.477782395271869659e+10 5.527199902976793671e+10 8.818117236607824707e+10 1.414647679719018250e+11 2.287810361456914368e+11
4.693851639822387695e+07 7.371378218579769135e+07 1.161140497992105484e+08 1.829682619978122711e+08 2.885394516927289963e+08 4.557263912165546417e+08 7.197586569308538437e+08 1.135531339633142471e+09 1.791169037297003746e+09 2.832418741651582718e+09 4.485576691106014252e+09 7.115469920713354111e+09 1.130526450821120644e+10 1.800764800069011688e+10 2.863744836344725418e+10 4.538511624220523071e+10 7.178965461154513550e+10 1.134325942405801544e+11 1.792504234799274292e+11 2.823258819199506226e+11
5.869983981768321991e+07 9.237172968723773956e+07 1.452622930990982056e+08 2.289683838424272537e+08 3.608295151021242142e+08 5.680657552715673447e+08 8.958657701256065369e+08 1.407490168832650185e+09 2.212055520707322121e+09 3.469336918963162422e+09 5.423968788289312363e+09 8.442586064729849815e+09 1.307930872394197845e+10 2.013297794196081161e+10 3.059097501487639236e+10 4.557039351177291870e+10 6.638079180330312347e+10 9.382244852279766846e+10 1.251892818679102173e+11 1.528365251726078491e+11
4.311176037441635132e+07 6.785351013342094421e+07 1.068293999119663239e+08 1.683096748297605515e+08 2.651432667229166031e+08 4.178048170680055618e+08 6.570955235051069260e+08 1.032891745088575363e+09 1.625155168431239128e+09 2.560458737571113586e+09 4.032305013880547523e+09 6.350352453468595505e+09 9.968623486663942337e+09 1.567106025546601486e+10 2.465470157112187195e+10 3.881342804250443268e+10 6.177245364549585724e+10 9.879870147846867371e+10 1.572464920853036194e+11 2.501141201450044556e+11
7.360030480459976196e+07 1.157411914835414886e+08 1.822385767572679520e+08 2.873928302749958038e+08 4.537974299705924988e+08 7.166376556038818359e+08 1.131932613220922470e+09 1.787232232709263802e+09 2.825664010210402489e+09 4.466175041202729225e+09 7.065057305851083755e+09 1.116262559038074684e+10 1.761074390626477814e+10 2.779002135392726898e+10 4.382101484149851990e+10 6.915046063401492310e+10 1.092933772514111176e+11 1.722064256451327209e+11 2.710605882249367981e+11 4.255430929294764404e+11
4.473434758841133118e+07 6.984086648916625977e+07 1.095046741181621552e+08 1.718578811011552811e+08 2.692534076865205765e+08 4.219539033643407822e+08 6.614098181953935623e+08 1.033674314252515793e+09 1.614440120163889885e+09 2.520240782234224319e+09 3.924873246929883003e+09 6.117474860622630119e+09 9.494576201266471863e+09 1.465390483075554848e+10 2.252032612462196350e+10 3.428208753901890564e+10 5.186643289139822388e+10 7.768421109598966980e+10 1.143876966233054657e+11 1.668935565877639160e+11
5.308094894032096863e+07 8.332757730139064789e+07 1.312512399865808487e+08 2.064543033697109222e+08 3.248279269378271103e+08 5.118298173791780472e+08 8.066360976555147171e+08 1.269663354958588600e+09 1.998325785883270264e+09 3.150340565178135872e+09 4.962089741830422401e+09 7.803524387519780159e+09 1.225739722991896439e+10 1.925332155472566986e+10 3.023717868199948120e+10 4.752018008793081665e+10 7.509811222489231873e+10 1.191718335380928192e+11 1.893016422883305054e+11 3.032301308361408081e+11
4.223047434248161316e+07 6.647605687416553497e+07 1.050481192574901581e+08 1.656731171090202332e+08 2.616734107523670197e+08 4.134985106591100693e+08 6.543862681382904053e+08 1.033889273445980072e+09 1.632681697079423904e+09 2.579133327820133209e+09 4.071642588406920433e+09 6.430492695671092987e+09 1.013231166518983650e+10 1.595357310500814438e+10 2.508485556404639435e+10 3.922175562957077026e+10 6.110833851619454956e+10 9.451614285523326111e+10 1.459377949506760864e+11 2.270122328505335999e+11
5.352650572309112549e+07 8.428655073272800446e+07 1.329020916794843674e+08 2.093280005216512680e+08 3.299092210121355057e+08 5.204560862423734665e+08 8.227096155930442810e+08 1.299929147492934227e+09 2.053059334724659920e+09 3.239091013520546913e+09 5.109142164078510284e+09 8.058789799775762558e+09 1.272337912338703918e+10 2.014098981554383469e+10 3.185445386893343735e+10 5.021268323729766083e+10 7.874654356119473267e+10 1.228156929429633331e+11 1.915168513702560425e+11 2.997218805249746094e+11
1.964565241785144806e+07 3.073969223332118988e+07 4.824440899772357941e+07 7.574237791046810150e+07 1.190287399963092804e+08 1.878575708650913239e+08 2.965853996896686554e+08 4.661855853353157043e+08 7.322967742802696228e+08 1.150159073298653603e+09 1.796622307349480629e+09 2.802615103503868103e+09 4.346348396166858673e+09 6.706927655987602234e+09 1.028669010700853539e+10 1.568958355023734665e+10 2.391343655764420319e+10 3.609835518488719177e+10 5.354796424001583862e+10 7.814823278794520569e+10
4.868637779870510101e+07 7.647834429914665222e+07 1.203567666388330460e+08 1.897499311941719055e+08 2.993385313286657333e+08 4.719153811844434738e+08 7.450274254724998474e+08 1.175792586346421242e+09 1.857440267277315140e+09 2.933513758138454437e+09 4.634423121201906204e+09 7.326795099475538254e+09 1.157200185559808731e+10 1.825591763954375076e+10 2.871287295170980072e+10 4.505508861412598419e+10 7.069378138240728760e+10 1.113254906619891968e+11 1.755599198347118835e+11 2.762305248128221436e+11
2.262750064327239990e+07 3.550321171907520294e+07 5.585466987804031372e+07 8.790833115568828583e+07 1.380988625018253326e+08 2.174347004765911102e+08 3.426462980755157471e+08 5.397199565143461227e+08 8.493759108947658539e+08 1.335823566093932152e+09 2.099042251388538361e+09 3.310820022915338516e+09 5.220344761582279205e+09 8.257361213739418030e+09 1.301648229717775726e+10 2.039225570418610764e+10 3.172814420125644684e+10 4.934043919582850647e+10 7.622484742973536682e+10 1.164853541316793518e+11
2.073216197080802917e+07 3.268650412681579590e+07 5.146606473849391937e+07 8.108384911868286133e+07 1.278529801764240265e+08 2.016049231213130951e+08 3.180836259985227585e+08 4.999094952339925766e+08 7.860088922895746231e+08 1.238022052708458900e+09 1.945868670340523720e+09 3.063375645950795174e+09 4.817575824835325241e+09 7.580755540419895172e+09 1.192102861763691711e+10 1.879037922869566345e+10 2.979915521554645920e+10 4.739108029774316406e+10 7.572591041052355957e+10 1.238447745385902863e+11
3.626669305821514130e+07 5.711002563725757599e+07 9.015621851437568665e+07 1.424626179114713669e+08 2.245043589061689377e+08 3.549528198646154404e+08 5.604813384650564194e+08 8.848858731683874130e+08 1.398270974609123230e+09 2.205349882036023140e+09 3.473427238609809875e+09 5.468141137220866203e+09 8.604429151441679001e+09 1.353911787140779495e+10 2.127730430134512711e+10 3.338976407321653366e+10 5.249204568416413879e+10 8.328001905518168640e+10 1.333089171739647369e+11 2.117930808717858887e+11
1.553507266927623749e+07 2.432175836567687988e+07 3.824111421978664398e+07 5.986736197296905518e+07 9.366231801006698608e+07 1.476800587204990387e+08 2.335557473123931885e+08 3.673746702918596268e+08 5.775783593462038040e+08 9.085437490934038162e+08 1.427847278617725372e+09 2.238857743266377449e+09 3.506142478241498947e+09 5.491472274801131248e+09 8.569708627408330917e+09 1.333885157419882584e+10 2.093338659383627701e+10 3.322584194012469101e+10 5.297457426990718079e+10 8.244280564544679260e+10
4.385822836352348328e+07 6.897716847339916229e+07 1.085547766181936264e+08 1.710619492932519913e+08 2.696678960472898483e+08 4.259819110442876816e+08 6.728872222570409775e+08 1.060811435318690300e+09 1.673633275132940292e+09 2.641295100561921120e+09 4.159431850434108734e+09 6.549477010244951248e+09 1.029980501697355652e+10 1.617574240404619598e+10 2.535750704830953217e+10 3.951584380169968414e+10 6.112299409185572052e+10 9.375267180742922974e+10 1.428692466946371765e+11 2.153900013201066895e+11
3.983161587079238892e+07 6.237135146700477600e+07 9.748478337418746948e+07 1.527699379390048981e+08 2.398225135587902069e+08 3.771988590740957260e+08 5.936700454919471741e+08 9.288182366635284424e+08 1.451873207502978325e+09 2.268375254417370796e+09 3.520694110799223900e+09 5.434167461811940193e+09 8.313685643255322456e+09 1.260297059851020432e+10 1.878419570079555130e+10 2.739897633256297302e+10 3.883199470519011688e+10 5.285679820125969696e+10 6.664880113108610535e+10 7.564125691167648315e+10
5.275032358179187775e+07 8.283551706434822083e+07 1.300827449654417038e+08 2.044225382008972168e+08 3.214081906200037003e+08 5.054996858445720673e+08 7.955212260863475800e+08 1.248344782310621262e+09 1.958363555759852409e+09 3.070436110825809479e+09 4.802645068685341835e+09 7.494519564301252365e+09 1.164931867549004364e+10 1.804574937529117966e+10 2.796166356285777283e+10 4.340732470118048096e+10 6.732954285674556732e+10 1.034907031231106567e+11 1.570482430856753845e+11 2.353443134204713745e+11
6.027553665419387817e+07 9.495178826959323883e+07 1.497490099036722183e+08 2.362961850664663315e+08 3.731004562160158157e+08 5.885210897474737167e+08 9.285465394967756271e+08 1.465763962413438797e+09 2.315458309618390083e+09 3.655633442359401703e+09 5.762053312126893997e+09 9.083532448661724091e+09 1.432374485018376541e+10 2.265958079578382492e+10 3.581432559855401611e+10 5.653948457128711700e+10 8.918831719090696716e+10 1.409770280581618347e+11 2.230882060918988953e+11 3.507600557649875488e+11
3.615682210566806793e+07 5.701164432169437408e+07 8.986665056960391998e+07 1.418347655928544998e+08 2.236440874796991348e+08 3.526238892466173172e+08 5.552157018215150833e+08 8.748995131299085617e+08 1.379385035051272392e+09 2.177979150701962471e+09 3.442111110486778259e+09 5.440054651467977524e+09 8.586936273114439964e+09 1.353329587941654968e+10 2.131432506245846176e+10 3.358327530147857666e+10 5.265322512448503113e+10 8.239527735069122314e+10 1.281269402186055145e+11 1.995849649613505554e+11
3.760603544243049622e+07 5.921229208337497711e+07 9.292578047816467285e+07 1.460962237440376282e+08 2.299798735970430374e+08 3.630866286619977951e+08 5.737763029199247360e+08 9.033634868003396988e+08 1.420360104348110199e+09 2.236688912969077110e+09 3.513772139607003212e+09 5.520584500856657028e+09 8.641445414909664154e+09 1.347455487801676750e+10 2.091946936212033081e+10 3.223123949768677521e+10 4.928776107810281372e+10 7.461895167463226318e+10 1.118591664918497772e+11 1.657169999864577026e+11
3.713946145624160767e+07 5.848895812327671051e+07 9.224793543747425079e+07 1.456583565627908707e+08 2.300737326391887665e+08 3.633887037516565323e+08 5.739880973905487061e+08 9.080573958204402924e+08 1.436614515189970016e+09 2.275912555082469940e+09 3.604218862374602318e+09 5.714754557976204872e+09 9.074852681093696594e+09 1.443198957828914070e+10 2.290898741298235321e+10 3.637549276131491852e+10 5.761214470925618744e+10 9.136747374040121460e+10 1.462710060786900024e+11 2.327478536451257935e+11
6.353047743171024323e+07 1.000909709801263809e+08 1.578168394355640411e+08 2.490571829722137451e+08 3.932068960868940353e+08 6.218280811258087158e+08 9.827425412299079895e+08 1.554114284610633850e+09 2.456787188118238449e+09 3.886408419562394142e+09 6.154854647620896339e+09 9.758685235870296478e+09 1.544823220800197601e+10 2.447975027974508286e+10 3.878839241684727478e+10 6.150280301281950378e+10 9.751190515817358398e+10 1.551712642769394531e+11 2.474731847091266479e+11 3.945382968798204956e+11
2.431342396053504944e+07 3.836375883961391449e+07 6.055323182902145386e+07 9.555639953081607819e+07 1.507742012326135635e+08 2.382264888259048462e+08 3.764491212968568802e+08 5.938547738364782333e+08 9.364740058589773178e+08 1.476636071415068626e+09 2.333579076181116104e+09 3.685403534964613914e+09 5.828824644650539398e+09 9.276669118468978882e+09 1.483219971118067551e+10 2.379901887675291061e+10 3.837254126015052795e+10 6.192679875628683472e+10 1.001490810066963348e+11 1.631702139390989075e+11
5.041928401554203033e+07 7.912613144791603088e+07 1.249203775102214813e+08 1.965844100676221848e+08 3.098377972529621124e+08 4.886159274085645676e+08 7.707350837256813049e+08 1.214522884698642731e+09 1.913615661674777031e+09 3.022203267783731461e+09 4.773750988365971565e+09 7.544429903406123161e+09 1.192908384905950928e+10 1.887906178836003876e+10 2.987967104876266479e+10 4.730199061830229950e+10 7.480358295079617310e+10 1.182420819736932068e+11 1.890277989958806152e+11 3.033622112576720581e+11
6.445730573906898499e+07 1.015758787049369812e+08 1.600524487009019852e+08 2.522341229525222778e+08 3.978748513056879044e+08 6.280678614999475479e+08 9.907916416792564392e+08 1.562006298583559990e+09 2.463187336546772957e+09 3.889102896481456757e+09 6.138454257487947464e+09 9.710597112233114243e+09 1.538190340154645920e+10 2.440651631192992020e+10 3.877283624213616180e+10 6.161637525179211426e+10 9.792286179145074463e+10 1.556709724556101074e+11 2.454237422162020264e+11 3.847062185460761719e+11
4.055746233006477356e+07 6.388787981125545502e+07 1.006899345208330154e+08 1.586625326602144241e+08 2.506834756017942429e+08 3.964105829295225143e+08 6.279003507716188431e+08 9.915981057221136093e+08 1.567486204881481171e+09 2.483261795208216667e+09 3.933839980942960739e+09 6.240901264601780891e+09 9.908815341359701157e+09 1.576307927825864029e+10 2.508462983361678314e+10 3.979670607370643616e+10 6.328941617944472504e+10 1.009692378616823425e+11 1.617972857872852783e+11 2.588780488055770264e+11
3.835065947266197205e+07 6.039603566901016235e+07 9.502392418496894836e+07 1.498319628058204651e+08 2.363277241406106949e+08 3.733093875154170990e+08 5.906205295033922195e+08 9.301766005944852829e+08 1.465940489796287537e+09 2.312593906601263046e+09 3.642514548056280136e+09 5.733186767887140274e+09 9.000030601774505615e+09 1.407314365512882233e+10 2.199360078372335815e+10 3.435599968475109100e+10 5.351999389291129303e+10 8.269951460546369934e+10 1.265042494447882996e+11 1.914518541172180786e+11
3.338880972651386261e+07 5.240845612465381622e+07 8.246817318135070801e+07 1.299225284184665680e+08 2.047280410199460983e+08 3.227374865241813660e+08 5.089318020388746262e+08 7.997564546460380554e+08 1.258075054660854340e+09 1.983466437624065399e+09 3.131206357453702927e+09 4.928012310213591576e+09 7.730792170469968796e+09 1.214780768405199814e+10 1.918075615709711838e+10 3.031179019921876526e+10 4.811856141174450684e+10 7.706886207673101807e+10 1.241451098643758392e+11 1.980517666340540161e+11
7.274569972997951508e+07 1.145129407149076462e+08 1.803707158586502075e+08 2.844253678296518326e+08 4.484923346572275162e+08 7.066166977871398926e+08 1.113104278968339920e+09 1.754204194336241722e+09 2.765307639215153694e+09 4.361668397333334923e+09 6.882575895375886917e+09 1.086301064010423279e+10 1.714156024009258270e+10 2.713764280052110291e+10 4.315304240319322205e+10 6.881174605199256897e+10 1.094332343635751648e+11 1.735708751641560974e+11 2.745732074809555664e+11 4.345490545152130737e+11
5.400252504235363007e+07 8.519893942629528046e+07 1.346849913589200974e+08 2.126631705843563080e+08 3.361470338872108459e+08 5.314856217222719193e+08 8.405755832240066528e+08 1.329302401760041237e+09 2.103852323883661270e+09 3.334682808845354080e+09 5.291364347297252655e+09 8.399841562099256516e+09 1.334337815470696259e+10 2.121936307764856720e+10 3.374488022415834427e+10 5.375253549682985687e+10 8.561373615422509766e+10 1.356323519067858887e+11 2.136972656155686035e+11 3.349931533909384155e+11
4.325715627299976349e+07 6.797841763296031952e+07 1.070981512595319748e+08 1.689920063758230209e+08 2.665557952757301331e+08 4.208727141614627838e+08 6.655953483415241241e+08 1.049160555192262650e+09 1.653385344308977127e+09 2.605736902500087738e+09 4.099774741147758484e+09 6.444161464030673027e+09 1.012525637679060745e+10 1.590594310362055397e+10 2.490483351361585236e+10 3.881857927003721619e+10 6.016012587998961639e+10 9.225430065259364319e+10 1.392273590131858215e+11 2.075151933049769287e+11
2.838442331412506104e+07 4.466218001322269440e+07 7.024083195599460602e+07 1.106640899093370438e+08 1.742137329184150696e+08 2.744177805830545425e+08 4.331960585019245148e+08 6.826086514038810730e+08 1.076701202189473152e+09 1.702400481422645569e+09 2.689346438513126373e+09 4.249454269264136314e+09 6.724631295325039864e+09 1.065916197093565750e+10 1.693502205038279343e+10 2.697164733732774353e+10 4.321144032234811401e+10 6.974806514830955505e+10 1.130571843066857300e+11 1.840626042497477112e+11
3.847947024103546143e+07 6.082496424976158142e+07 9.606417157497406006e+07 1.519403466911525726e+08 2.399070648898344040e+08 3.795570845458812714e+08 6.004235291616048813e+08 9.500357376822280884e+08 1.503499020086174965e+09 2.380246569633403778e+09 3.765674344449047089e+09 5.954574680592199326e+09 9.406411431272138596e+09 1.485609959333287048e+10 2.340464580696019745e+10 3.676907892351268005e+10 5.769043035253373718e+10 9.017864941266079712e+10 1.407019849629356689e+11 2.199257519036847534e+11
3.707429020648765564e+07 5.832941776332378387e+07 9.190563060215759277e+07 1.452391700532388687e+08 2.296482679210929871e+08 3.633403251493606567e+08 5.744454269776411057e+08 9.076659037424869537e+08 1.436067091236404419e+09 2.274789442900330544e+09 3.599862055377520561e+09 5.702566088095355034e+09 9.025093967761747360e+09 1.428509259126245117e+10 2.264129995214435577e+10 3.600517962910707855e+10 5.718704161565347290e+10 9.029028389951910400e+10 1.418744129850753479e+11 2.265095875761097412e+11
3.154450557784175873e+07 4.983025409041786194e+07 7.879127953044319153e+07 1.244541211309614182e+08 1.968359570377979279e+08 3.113196344113588333e+08 4.922087811843948364e+08 7.776219759492263794e+08 1.228472015737107277e+09 1.941477747541608810e+09 3.069809640694469452e+09 4.855873382348331451e+09 7.674863821836329460e+09 1.212657206613189316e+10 1.917543690244175339e+10 3.021347099043412018e+10 4.732991203039791870e+10 7.312342589006311035e+10 1.120407581981399536e+11 1.734078753260018616e+11
3.865484411206054688e+07 6.094837576394653320e+07 9.632538711131954193e+07 1.521197323439140320e+08 2.407396043178110123e+08 3.810614822489862442e+08 6.041829712089214325e+08 9.562577503805246353e+08 1.515721745035550117e+09 2.402677559065332413e+09 3.811834756452160835e+09 6.062716576658864975e+09 9.670575800596906662e+09 1.546645108944307327e+10 2.485291932835683441e+10 4.015834687964841461e+10 6.508913250321118927e+10 1.052225672054598694e+11 1.692762658894161987e+11 2.746560852440808105e+11
5.418870926878261566e+07 8.525217301900959015e+07 1.344109215428438187e+08 2.121762512739534378e+08 3.348962922257881165e+08 5.297761692686967850e+08 8.379904513586912155e+08 1.323442009623565674e+09 2.089658612026640892e+09 3.305635595234072685e+09 5.228555929186207771e+09 8.279283645714235306e+09 1.310032291632223320e+10 2.072907374300296021e+10 3.277550224617587280e+10 5.176436641527878571e+10 8.179858368658522034e+10 1.292003152800609741e+11 2.037168821116730347e+11 3.198445340279978638e+11
5.133858756912422180e+07 8.088885066118335724e+07 1.271949615863313675e+08 2.003715976330108643e+08 3.158828209616661072e+08 4.979242819778642654e+08 7.851637288454961777e+08 1.236739036160284042e+09 1.949640557281463623e+09 3.079654771487309456e+09 4.863245995382077217e+09 7.685372837752402306e+09 1.214121529171485901e+10 1.921862807368262482e+10 3.043919398856477356e+10 4.831018590635325623e+10 7.672470614564950562e+10 1.214379067260311127e+11 1.926996714265273743e+11 3.083385186022481079e+11
3.698120364179801941e+07 5.817604352017974854e+07 9.157860164814281464e+07 1.443387314759597778e+08 2.275086945977201462e+08 3.594361653636980057e+08 5.693578362264509201e+08 8.994155014281444550e+08 1.420725491856117249e+09 2.245392639303707123e+09 3.546097247117410660e+09 5.595276458639519691e+09 8.806623377141653061e+09 1.383450406504964828e+10 2.162975694852739716e+10 3.362662458803315735e+10 5.183111897315097809e+10 7.878292546369515991e+10 1.179013325678551941e+11 1.749849770722422791e+11
3.970902572553348541e+07 6.239338055735778809e+07 9.799746651019096375e+07 1.541349249870147705e+08 2.424336957976665497e+08 3.825185460087318420e+08 6.037650639741783142e+08 9.505008008509531021e+08 1.494694315519075394e+09 2.348910990022099495e+09 3.682431494412909508e+09 5.768707165956386566e+09 9.012103382615512848e+09 1.406101248141466904e+10 2.186801805270575333e+10 3.387055389753514099e+10 5.242601766790622711e+10 8.044420983444107056e+10 1.231893513778833618e+11 1.882055959560062256e+11
5.278381096062850952e+07 8.297353321568584442e+07 1.304946367392740250e+08 2.051276658932151794e+08 3.227110014382228851e+08 5.077833595201654434e+08 7.989837743768339157e+08 1.253325852892636299e+09 1.961682245396590233e+09 3.066137242589859009e+09 4.779880729298723221e+09 7.428406906407266617e+09 1.150563028915499878e+10 1.778299207792302322e+10 2.740922791006148529e+10 4.194207498165693665e+10 6.365044979582000732e+10 9.485151624724464417e+10 1.372544658244567871e+11 1.946332395619516602e+11
5.375948916641616821e+07 8.479756175563049316e+07 1.337721250121612549e+08 2.107206803888168335e+08 3.325640983098316193e+08 5.244828784650259018e+08 8.275983183040180206e+08 1.305842821044310570e+09 2.058213048492430687e+09 3.242788749283592224e+09 5.116901990525206566e+09 8.076358099176534653e+09 1.271767548253553772e+10 1.998821731441928101e+10 3.138465596253375244e+10 4.911753059077840424e+10 7.666451608723242188e+10 1.191537226328960876e+11 1.833925360149567261e+11 2.808908669861098022e+11
2.983758820343780518e+07 4.712488481915283203e+07 7.425245679469108582e+07 1.172205964433689117e+08 1.852148973244190216e+08 2.930897329156274796e+08 4.640584301645746231e+08 7.355935374282426834e+08 1.165740401859576225e+09 1.848380972204294205e+09 2.933340152146733284e+09 4.657176131854585648e+09 7.387805838385913849e+09 1.171847811268901634e+10 1.857236764370722198e+10 2.936597135571903610e+10 4.646884915311960602e+10 7.374746276338563538e+10 1.172331094292124481e+11 1.858466009412196045e+11
5.973957428802585602e+07 9.389101705259895325e+07 1.479665025526504517e+08 2.331785263170795441e+08 3.676841430416135788e+08 5.796875389567565918e+08 9.139717738870296478e+08 1.439475511471761703e+09 2.267121476809308052e+09 3.567100561426223755e+09 5.605219894313424110e+09 8.775503721761537552e+09 1.366859357460791969e+10 2.122258972517779541e+10 3.285747320528857422e+10 5.070827447544276428e+10 7.800268074507319641e+10 1.185805998847594757e+11 1.766924454598543396e+11 2.602602880940867310e+11
4.649147097770595551e+07 7.307748858272171021e+07 1.151005993875751495e+08 1.811532814528989792e+08 2.849517390476284027e+08 4.488800854388475418e+08 7.071147021974697113e+08 1.112890278350567818e+09 1.752829859205026627e+09 2.763733745062320709e+09 4.351593797348525047e+09 6.844689877021521568e+09 1.075921930990674782e+10 1.686000509666822624e+10 2.633242423360443115e+10 4.091728452716897583e+10 6.312708605090654755e+10 9.642313461506867981e+10 1.449970506873855591e+11 2.150747635867851562e+11
4.036020245471572876e+07 6.326809632725524902e+07 9.958931295739746094e+07 1.568238267827453613e+08 2.472787400140876770e+08 3.899511627110805511e+08 6.156557877035884857e+08 9.706231239285945892e+08 1.528808268636662483e+09 2.411476212137340546e+09 3.803453738402034760e+09 5.991399051787154198e+09 9.412680017348684311e+09 1.472600347912375832e+10 2.283882727210383987e+10 3.526022532272834015e+10 5.405564475393039703e+10 8.212379075253617859e+10 1.238966494117869873e+11 1.845934392740458374e+11
3.102942068234252930e+07 4.884495186968326569e+07 7.675512471233654022e+07 1.210103857519626617e+08 1.908597132893228531e+08 3.019752170213241577e+08 4.781703516661014557e+08 7.540658605774106979e+08 1.188886462299311638e+09 1.877572645119253159e+09 2.952776049042149544e+09 4.652347527315801620e+09 7.315746701818898201e+09 1.153504891387603951e+10 1.827438447651189423e+10 2.915747333408029175e+10 4.687304980873621368e+10 7.569570527659277344e+10 1.221666735849795074e+11 1.962660154705716858e+11
3.567208623088550568e+07 5.620345632017803192e+07 8.837233790281772614e+07 1.391903300825386047e+08 2.194667030536317825e+08 3.461756024450397491e+08 5.459275532697753906e+08 8.594750252562112808e+08 1.352926581844167709e+09 2.129449388286057472e+09 3.344583779555601120e+09 5.244065217882762909e+09 8.205559409121139526e+09 1.280291942457999039e+10 1.990881737489575577e+10 3.088405086277513123e+10 4.777640108365252686e+10 7.377247609330459595e+10 1.132690110630736084e+11 1.703929626957721558e+11
2.601154200146293640e+07 4.092864597808647156e+07 6.456871419394779205e+07 1.016180411063022614e+08 1.605053662502393723e+08 2.538644362361755371e+08 4.021526154791641235e+08 6.348389072979440689e+08 1.003397408538544655e+09 1.589840909658626556e+09 2.516386232939836502e+09 3.994914609438230515e+09 6.350961568149990082e+09 1.010052546678302956e+10 1.612895718285400009e+10 2.585259201895878601e+10 4.163183243437591553e+10 6.739255653918811035e+10 1.101448086382087250e+11 1.808964841708044128e+11
4.390239247477340698e+07 6.922758271229457855e+07 1.090241235910797119e+08 1.720245814028835297e+08 2.714147667140684128e+08 4.287132266932229996e+08 6.776291244400100708e+08 1.070699613072671890e+09 1.691345577854410172e+09 2.672798158046115875e+09 4.227060539457856178e+09 6.682978764104223251e+09 1.057128495104432869e+10 1.671585075659057426e+10 2.646718931902366638e+10 4.203648962090386963e+10 6.686573655644834900e+10 1.062206191642821655e+11 1.668604792061315002e+11 2.596662887284934998e+11
3.219192302843093872e+07 5.084736302241706848e+07 8.036523976505565643e+07 1.267293349876136780e+08 2.004220459018745422e+08 3.172618691798143387e+08 5.018357965142621994e+08 7.937989304166603088e+08 1.256767312839889526e+09 1.989384026357069969e+09 3.143619881862586975e+09 4.963571587591941833e+09 7.834200055423932076e+09 1.238645419712641525e+10 1.962920669536199188e+10 3.124932441381178284e+10 4.980317337926658630e+10 7.918355959487031555e+10 1.254557691012924042e+11 1.984927983216147156e+11
5.935157586951637268e+07 9.281710734876823425e+07 1.455278610058898926e+08 2.282080981138887405e+08 3.578114993645887375e+08 5.615177052965021133e+08 8.807689102871417999e+08 1.378677926745508194e+09 2.157024999461761475e+09 3.377518825808682442e+09 5.283233861575860023e+09 8.267068009553404808e+09 1.295675042338268661e+10 2.035897905512919998e+10 3.196467878899262238e+10 4.991982344869470215e+10 7.703581665272264099e+10 1.182239105573588104e+11 1.801389086304931641e+11 2.714373628742378540e+11
3.805667316147041321e+07 5.981400915069675446e+07 9.453475977516460419e+07 1.490989639481830597e+08 2.353093562074985504e+08 3.719345554029865265e+08 5.883153255064849854e+08 9.295462904249925613e+08 1.469714959362674713e+09 2.326163750957687378e+09 3.679857551321965218e+09 5.825752092488055229e+09 9.229664468813280106e+09 1.462175680739140892e+10 2.316746614097354126e+10 3.673548207920137787e+10 5.841249392022328186e+10 9.337845812220913696e+10 1.498377777635629272e+11 2.403430889309558716e+11
5.204651540054035187e+07 8.206151148455238342e+07 1.291860824017047882e+08 2.039967509716138840e+08 3.217927305287780762e+08 5.080264338986597061e+08 8.017677644264469147e+08 1.265108742094342232e+09 1.997017359159296989e+09 3.160029022966891289e+09 5.003392382471526146e+09 7.926485495761199951e+09 1.255729344343484116e+10 1.987372641914502716e+10 3.132171564819084167e+10 4.922968875180798340e+10 7.743934838565565491e+10 1.216009533993177948e+11 1.904743524370410461e+11 2.989617644424237061e+11
5.066013392598628998e+07 7.974084349125099182e+07 1.258032766494808197e+08 1.985173565145816803e+08 3.135488645052127838e+08 4.956083904293031693e+08 7.839703730546846390e+08 1.239821683219060898e+09 1.959456831193793297e+09 3.103929818818882942e+09 4.921235963130520821e+09 7.818070849876875877e+09 1.242506400200387573e+10 1.978049904748934174e+10 3.161582343232334137e+10 5.060877804416937256e+10 8.119023974786056519e+10 1.304829138173983917e+11 2.091986948131587830e+11 3.332998150468485107e+11
4.433751802017498016e+07 6.968869820279407501e+07 1.098029844553737640e+08 1.732340981747570038e+08 2.729068666204710007e+08 4.309388264780664444e+08 6.819910956384897232e+08 1.074077494775613785e+09 1.692624612323257446e+09 2.669353157533329010e+09 4.197694560493708611e+09 6.601693627807063103e+09 1.034580785901134872e+10 1.614772375311720657e+10 2.518311609253495789e+10 3.918903066471018219e+10 6.091149617134176636e+10 9.418987040550210571e+10 1.434156139018238220e+11 2.121351360367734375e+11
3.272620332568454742e+07 5.161750364076519012e+07 8.148093418127822876e+07 1.283266346684656143e+08 2.028565350557298660e+08 3.203013881725158691e+08 5.057800837177553177e+08 7.981360874442272186e+08 1.260320371288524628e+09 1.996089019347834587e+09 3.165973050583074570e+09 5.029350586341069221e+09 8.000057568245683670e+09 1.272906732073315620e+10 2.028927628981800079e+10 3.232278053523445892e+10 5.152175477909010315e+10 8.251233655326170349e+10 1.324693559989373016e+11 2.138946464613499756e+11
3.172554542078113556e+07 5.008065602629089355e+07 7.896704242357349396e+07 1.246772933694210052e+08 1.969231720750398636e+08 3.116698673255558014e+08 4.932428682687435150e+08 7.790354537339324951e+08 1.231672736252844810e+09 1.949173410666500092e+09 3.079794826924017906e+09 4.875170940529150009e+09 7.725640886781454086e+09 1.224505537198858070e+10 1.938707764730444336e+10 3.061284094309336853e+10 4.819393443884765625e+10 7.591286840907824707e+10 1.194629559388222198e+11 1.886066205920362854e+11
6.003704879571723938e+07 9.468389514108943939e+07 1.490611159672603607e+08 2.349315814592370987e+08 3.706058597029180527e+08 5.847838815847711563e+08 9.224256592264852524e+08 1.454914231005863190e+09 2.296948132168441772e+09 3.630284534447863579e+09 5.737634681254625320e+09 9.076364239058565140e+09 1.434950875683258247e+10 2.266376844491950226e+10 3.579655596657299805e+10 5.639652083578684998e+10 8.886621932435102844e+10 1.402322790707430420e+11 2.211286084306403503e+11 3.458683453043325806e+11
7.020008677852249146e+07 1.103724076848735809e+08 1.733252666229963303e+08 2.729108381926498413e+08 4.295429535410175323e+08 6.763288725480041504e+08 1.064812730179472923e+09 1.675691213402287483e+09 2.634733440085702896e+09 4.140940983046113014e+09 6.505020089206418991e+09 1.020227673083188057e+10 1.599326967021774101e+10 2.512235857549127197e+10 3.948472491206535339e+10 6.175397477536934662e+10 9.615788751651136780e+10 1.490507528744378357e+11 2.310950852710048828e+11 3.568070699834966431e+11
5.689359952999877930e+07 8.937044264517116547e+07 1.407165581478033066e+08 2.216778960455198288e+08 3.494180253932380676e+08 5.506129861914157867e+08 8.671842750269651413e+08 1.366963768591312408e+09 2.152636159017838478e+09 3.392294047398274422e+09 5.343453531231911659e+09 8.418023159937151909e+09 1.327582250063557434e+10 2.092893680454030609e+10 3.295013026658205795e+10 5.171404578329153442e+10 8.071221894192124939e+10 1.251295525484902954e+11 1.928947222218763428e+11 2.947522970190700684e+11
3.440229023034191132e+07 5.426792121445560455e+07 8.561076014983272552e+07 1.352161389598340988e+08 2.136561274469537735e+08 3.377741773296136856e+08 5.349061357487249374e+08 8.460885073460636139e+08 1.338693160571039200e+09 2.116213917726532936e+09 3.346656781258372307e+09 5.298894652482516289e+09 8.379603806007217407e+09 1.322549183927219391e+10 2.085994481804824066e+10 3.281106479609622192e+10 5.129904793445643616e+10 7.993018858567169189e+10 1.256629779402207794e+11 2.016137726808742065e+11
4.021155151597690582e+07 6.321139450597476959e+07 9.940809132862186432e+07 1.562440093194761276e+08 2.459420112072696686e+08 3.874821013974971771e+08 6.113939641730785370e+08 9.610969231090898514e+08 1.508982595100580215e+09 2.369610206148613930e+09 3.707131004671507835e+09 5.786467827574182510e+09 8.987776651672515869e+09 1.390374047042022896e+10 2.144598406003991699e+10 3.297760820189544678e+10 5.049301875082636261e+10 7.708749717665992737e+10 1.160242162870771790e+11 1.728551072331879883e+11
3.752010858969783783e+07 5.874387645670986176e+07 9.231929553901386261e+07 1.451629697986068726e+08 2.285076229347600937e+08 3.602857023840551376e+08 5.689184423738784790e+08 8.961823994219837189e+08 1.412495104343804359e+09 2.229008540984539986e+09 3.513110543311336517e+09 5.542846852515123367e+09 8.747406845103839874e+09 1.375492420440483665e+10 2.157172070748664856e+10 3.381378755508380127e+10 5.279769808193953705e+10 8.175784780329946899e+10 1.250567288732970581e+11 1.882361857972388306e+11
3.686418098524284363e+07 5.790304228265953064e+07 9.125846283088016510e+07 1.437313917560758591e+08 2.263996156378002167e+08 3.565219910878829956e+08 5.635673331341075897e+08 8.866572618781929016e+08 1.396070407526493073e+09 2.202164654989591599e+09 3.467016717246449471e+09 5.457674243777398109e+09 8.552292673613748550e+09 1.336325317228564262e+10 2.077823994996797180e+10 3.225944419339303589e+10 5.012759837239981079e+10 7.779528797624128723e+10 1.198048945064219971e+11 1.823386216553359375e+11
6.277711732893466949e+07 9.873940863608074188e+07 1.557306366936616898e+08 2.451887010228281021e+08 3.864994639766120911e+08 6.089252139183273315e+08 9.587860410752601624e+08 1.509934220304729462e+09 2.377797653478262901e+09 3.740645567088724136e+09 5.872152808139565468e+09 9.211153456289108276e+09 1.449809856541086578e+10 2.297624407251757431e+10 3.665461742020503235e+10 5.859662760063471985e+10 9.356604638003488159e+10 1.496824429611021118e+11 2.414153294894779663e+11 3.930296549246612549e+11
2.314012520928096771e+07 3.649236127872657776e+07 5.735323394460105896e+07 9.041418990661716461e+07 1.423811112644996643e+08 2.248120314816951752e+08 3.559265226166248322e+08 5.630907433712491989e+08 8.903245127670040131e+08 1.409264634469867706e+09 2.227672820316676140e+09 3.515655805986222267e+09 5.549440449979777336e+09 8.749513321178613663e+09 1.384342928245508003e+10 2.201621232389910889e+10 3.503720093714952087e+10 5.565256898289125061e+10 8.778044321723277283e+10 1.346573779220072479e+11
3.122012609041404724e+07 4.900289946225261688e+07 7.699867457395648956e+07 1.210072628585309982e+08 1.900699213832635880e+08 2.981709810653934479e+08 4.694704944483976364e+08 7.380993668913841248e+08 1.162013901300033569e+09 1.835285471141098022e+09 2.895827043029080391e+09 4.583562299481439590e+09 7.257383506042570114e+09 1.150989347329686546e+10 1.822802431523642731e+10 2.865711131694618607e+10 4.499987892858585358e+10 7.032425092520144653e+10 1.096954356268221130e+11 1.722575211177588196e+11
6.420778263473510742e+07 1.006331354326152802e+08 1.577578280867338181e+08 2.481961321115932465e+08 3.904331180471420288e+08 6.140965108540687561e+08 9.662829274034786224e+08 1.520349605255347252e+09 2.391616916599082947e+09 3.768989930053289413e+09 5.943834948788726807e+09 9.362548269786516190e+09 1.474405073268275833e+10 2.325223957895323944e+10 3.663735133061547089e+10 5.752921965127169037e+10 9.006152821846234131e+10 1.403612331206453552e+11 2.171093090564915466e+11 3.310626607268211670e+11
4.662434555101966858e+07 7.349825687946033478e+07 1.158799159911966324e+08 1.827022941682863235e+08 2.884645446088638306e+08 4.554224401076965332e+08 7.185728749583692551e+08 1.134512926175867081e+09 1.789589581210995674e+09 2.825312302890849113e+09 4.465515617708900452e+09 7.059488215022271156e+09 1.116691314820149803e+10 1.775669725574665833e+10 2.836704687361570740e+10 4.542266252078158569e+10 7.288366702310301208e+10 1.164068763124059601e+11 1.862640146114433899e+11 2.999828801383591309e+11
5.403913530184555054e+07 8.503150860302448273e+07 1.340010135805091858e+08 2.109953332986240387e+08 3.322995582303504944e+08 5.233734534330062866e+08 8.251202691661567688e+08 1.300700010468048096e+09 2.048923805860574722e+09 3.224550619792218208e+09 5.075240271489536285e+09 7.987736843567222595e+09 1.259484812833200073e+10 2.000683916730303192e+10 3.193048615188399506e+10 5.105372369011000061e+10 8.177699755036941528e+10 1.312043397302149048e+11 2.125879603940762329e+11 3.470252726713615723e+11
1.544084991488838196e+07 2.397723683612251282e+07 3.753630848502826691e+07 5.887122508108139038e+07 9.236072862659549713e+07 1.448262747778511047e+08 2.272029484435815811e+08 3.545414360464811325e+08 5.524356108703985214e+08 8.590924628696365356e+08 1.332946924546746254e+09 2.061757825536513329e+09 3.148080152106793404e+09 4.755289635205311775e+09 7.107411574626247406e+09 1.049048947315918350e+10 1.535660370948933411e+10 2.238277793654908752e+10 3.260069588364328003e+10 4.891449382286910248e+10
6.490962698517513275e+07 1.023388140170640945e+08 1.614339320387525558e+08 2.548300917653923035e+08 4.026583719134664536e+08 6.361769619060773849e+08 1.004991509889410019e+09 1.589200564294727325e+09 2.512173986273831367e+09 3.971902026350849152e+09 6.288893811198089600e+09 9.966849715063911438e+09 1.582130051077995872e+10 2.506780031997164154e+10 3.960765189888728333e+10 6.244122335026002502e+10 9.799549590463790894e+10 1.529037526803982544e+11 2.377010411379447327e+11 3.688349099035706177e+11
4.252411930563926697e+07 6.697450642629241943e+07 1.056107440252256393e+08 1.667077557384548187e+08 2.631044269260492325e+08 4.156575513045120239e+08 6.570280777569799423e+08 1.037876043741846085e+09 1.640099693317214012e+09 2.591189408185611725e+09 4.091360103174485207e+09 6.456516086106546402e+09 1.020375636878530693e+10 1.617014951210532379e+10 2.562232073076301575e+10 4.052209664437330627e+10 6.420167085947815704e+10 1.019422423924763336e+11 1.610480524136391907e+11 2.516048980003396301e+11
4.166896485431480408e+07 6.570074935558509827e+07 1.035127102600307465e+08 1.631325440848503113e+08 2.576999637208061218e+08 4.067901059368295670e+08 6.426033812261829376e+08 1.013260951057308197e+09 1.597123572617787361e+09 2.519022068471130371e+09 3.970114099084905624e+09 6.267057624577052116e+09 9.892660840283895493e+09 1.562205527712527275e+10 2.465283446636351013e+10 3.883555240672490692e+10 6.071355282384368134e+10 9.381857867302264404e+10 1.439924463532132263e+11 2.216557098403601685e+11
3.965199858134460449e+07 6.254643386530017853e+07 9.866328255814552307e+07 1.559194672736425400e+08 2.457657046005764008e+08 3.885877641681756973e+08 6.140522508763370514e+08 9.722210815571851730e+08 1.538991055221477509e+09 2.438418438777221680e+09 3.867443068487680435e+09 6.132675811312268257e+09 9.733477185000381470e+09 1.545832600995218468e+10 2.452992264966275406e+10 3.890983603065772247e+10 6.163767548387831879e+10 9.746069325790493774e+10 1.531144305069449158e+11 2.376705553047861328e+11
2.874046231883239746e+07 4.521432622572231293e+07 7.138630108695602417e+07 1.125505230869512558e+08 1.777440136004734039e+08 2.806157920470314026e+08 4.440640105659065247e+08 7.022466266422004700e+08 1.111356641603837967e+09 1.756839695053440094e+09 2.780174043305632591e+09 4.400881677888909340e+09 6.969850171559864998e+09 1.103076643524423027e+10 1.742688622518687439e+10 2.753462415334083176e+10 4.370106817386057281e+10 6.964127571174983215e+10 1.129758980376106720e+11 1.846401590624453125e+11
5.190698218378162384e+07 8.139983446336269379e+07 1.277274718093624115e+08 2.004861869407367706e+08 3.150144516796903610e+08 4.953861648183965683e+08 7.805784387412176132e+08 1.221187309747613907e+09 1.906252378488918304e+09 2.969524415289348602e+09 4.597456685554753304e+09 7.081914964325380325e+09 1.084670967469933128e+10 1.648215910726668930e+10 2.480936354121538925e+10 3.686320389053521729e+10 5.367456677036952209e+10 7.556095019408554077e+10 9.927031154487335205e+10 1.191604072745234985e+11
3.121550651465988159e+07 4.916602414067268372e+07 7.755157463043403625e+07 1.223312275025424957e+08 1.927494405780687332e+08 3.035244741214065552e+08 4.780313071553926468e+08 7.521126160225734711e+08 1.182004784226659775e+09 1.856941082928204536e+09 2.913651787010444641e+09 4.574388517719728470e+09 7.180734348379416466e+09 1.128499232298055840e+10 1.777364209949971008e+10 2.800456038531178665e+10 4.430798903472920227e+10 7.033285642563333130e+10 1.127146062066732788e+11 1.810084911499928589e+11
6.694133904928874969e+07 1.053455764096240997e+08 1.656640683822727203e+08 2.611442042806472778e+08 4.117533625255546570e+08 6.499723297534217834e+08 1.026676398499895096e+09 1.623055708791727066e+09 2.566066349770523071e+09 4.063962723435944557e+09 6.443115794679902077e+09 1.021321945607589340e+10 1.621066483531815910e+10 2.574843462154377747e+10 4.092452582001058960e+10 6.508971463547541809e+10 1.033202264223243713e+11 1.637092082467295227e+11 2.586445840814550781e+11 4.072991032381022949e+11
8.066655007979106903e+07 1.266892459477090836e+08 1.993710794580869675e+08 3.141519086573333740e+08 4.949686159877204895e+08 7.806771903444032669e+08 1.231090777836688042e+09 1.939215952968832016e+09 3.055038649358853340e+09 4.807328224841833115e+09 7.557969843020017624e+09 1.186389456829882622e+10 1.860384314758553314e+10 2.921282281235675049e+10 4.586804749653295898e+10 7.163262768529539490e+10 1.109986508021178284e+11 1.711621560892258911e+11 2.610642035795457153e+11 3.915267475078598633e+11
3.777999912464237213e+07 5.885449655413818359e+07 9.188741387029552460e+07 1.436291765796232224e+08 2.244264908784294128e+08 3.523330684232950211e+08 5.560179380697660446e+08 8.657761043500270844e+08 1.345601492127589226e+09 2.095990249327394485e+09 3.239487692976161003e+09 4.978250629877408981e+09 7.586958979145409584e+09 1.148461562897262573e+10 1.726448587327161407e+10 2.552779859320701218e+10 3.687043824107643127e+10 5.104748550872725677e+10 6.597180692442057800e+10 8.195234717947483826e+10
5.427540774739265442e+07 8.543127348628902435e+07 1.349130884086980820e+08 2.130867640630779266e+08 3.365915723769884109e+08 5.315527123554763794e+08 8.402677660207872391e+08 1.328438779878574371e+09 2.097153614647224426e+09 3.308921577350743294e+09 5.220261096956947327e+09 8.234769072731554985e+09 1.297298505573186493e+10 2.048919512482622910e+10 3.240651952168201447e+10 5.125429350172864532e+10 8.079157813968064880e+10 1.269533466214174652e+11 1.986848498215279541e+11 3.125713308765838623e+11
4.486959866111278534e+07 7.060960357689285278e+07 1.112844015129919052e+08 1.753624258150701523e+08 2.764221768682022095e+08 4.364090050143013000e+08 6.897842076768188477e+08 1.086994484457892418e+09 1.711971810400032997e+09 2.701654318965126991e+09 4.253324975971327782e+09 6.694653137922867775e+09 1.051057708264284325e+10 1.640059204384218788e+10 2.545981664502139664e+10 3.929217936163139343e+10 5.992968281674739075e+10 9.015557661887245178e+10 1.339213654838139954e+11 1.940562512618153076e+11
4.263177098932266235e+07 6.713417007319831848e+07 1.058893599969835281e+08 1.669292394090108871e+08 2.636647526551370621e+08 4.157428207012977600e+08 6.564312340384178162e+08 1.035746218257287025e+09 1.635261825208207130e+09 2.581722801098775864e+09 4.076016421143120766e+09 6.426700634578333855e+09 1.013178097755155563e+10 1.601192553924512672e+10 2.540932217625654602e+10 4.042121609294978333e+10 6.439429768311743164e+10 1.020736464442747498e+11 1.609865066305032959e+11 2.562870812775272522e+11
5.758707284924602509e+07 9.067457460442733765e+07 1.432391952448987961e+08 2.257636005446605682e+08 3.567160493829231262e+08 5.630894501204147339e+08 8.899190562451477051e+08 1.406573491021607399e+09 2.222303106827626228e+09 3.519190066812842369e+09 5.580783202062887192e+09 8.857362697723222733e+09 1.406168757612618637e+10 2.230174791715190887e+10 3.537697575671900940e+10 5.602055444522338867e+10 8.870671014601945496e+10 1.409319156806578674e+11 2.244645474545764771e+11 3.563480423256934204e+11
3.335735944854354858e+07 5.237266924129295349e+07 8.230985764202785492e+07 1.291691383164558411e+08 2.027224506959724426e+08 3.194572990981454849e+08 5.045637314711275101e+08 7.920984068162078857e+08 1.244843206844406128e+09 1.962027167174925804e+09 3.086213431843688011e+09 4.858517656777433395e+09 7.633059287962254524e+09 1.194718792120450211e+10 1.866150806958773422e+10 2.890381578724352646e+10 4.447455330950986481e+10 6.773449231357013702e+10 1.010355765140709686e+11 1.461773703824871826e+11
3.773951281551265717e+07 5.939370582718467712e+07 9.328366472109889984e+07 1.468387221528453827e+08 2.316896240919094086e+08 3.653648612574186325e+08 5.771942580333995819e+08 9.104695860742025375e+08 1.434933449098680496e+09 2.259595375940942764e+09 3.558490113590080261e+09 5.607045576956259727e+09 8.812896675202312469e+09 1.383225742969614983e+10 2.167657052124593735e+10 3.388527013001148987e+10 5.296301752537184143e+10 8.275262535279382324e+10 1.291370158871604919e+11 2.019773293665393066e+11
4.849213875490951538e+07 7.608636546168804169e+07 1.194125653363265991e+08 1.874078253975143433e+08 2.946814616848430634e+08 4.635214274179697037e+08 7.283386907947559357e+08 1.142721781690810204e+09 1.792112621029437065e+09 2.815071436775460243e+09 4.424125775193688393e+09 6.946253998619401932e+09 1.089916282285389519e+10 1.708587539293714714e+10 2.678266649326252747e+10 4.177146320032623291e+10 6.503997164731469727e+10 1.007466336218692322e+11 1.550065509516085205e+11 2.366354573010216980e+11
5.700151819697856903e+07 8.985900496188926697e+07 1.414889367561244965e+08 2.229346931846609116e+08 3.513481005668287277e+08 5.541305406302900314e+08 8.735405685475406647e+08 1.375803523527685165e+09 2.165010520036891937e+09 3.404805178119458199e+09 5.350769603433592796e+09 8.391213644575977325e+09 1.314306017343808174e+10 2.061850530873195648e+10 3.234062163652685547e+10 5.078560373473005676e+10 8.010271571514318848e+10 1.254645363836081085e+11 1.932728436547998352e+11 2.973630060155516357e+11
3.582856564713859558e+07 5.639065065826034546e+07 8.876163723566341400e+07 1.397460919041557312e+08 2.203782119484653473e+08 3.482282812517375946e+08 5.509248795237932205e+08 8.681934455008926392e+08 1.367583939947466850e+09 2.153380735739598274e+09 3.382471429552409172e+09 5.305868175577496529e+09 8.288721308673521042e+09 1.291944599333115959e+10 2.000588445953390503e+10 3.071469732409933853e+10 4.688120866359535980e+10 7.065052517849487305e+10 1.041063468115112305e+11 1.502223847340346985e+11
3.338768245089244843e+07 5.252957952435207367e+07 8.254411811580848694e+07 1.297923331709604263e+08 2.037487734566087723e+08 3.214362302111864090e+08 5.074127610802965164e+08 7.951367886717700958e+08 1.246822990269232750e+09 1.958244108409023285e+09 3.060811282754487991e+09 4.770692357477101326e+09 7.397680708894975662e+09 1.138381759555466270e+10 1.736232916227949142e+10 2.623353333722976685e+10 3.924287978014248657e+10 5.826221813521687317e+10 8.619491611035060120e+10 1.294667944417866974e+11
3.216138038957500458e+07 5.068149051706600189e+07 7.977924168305683136e+07 1.255856164353666306e+08 1.979796565809612274e+08 3.119351627660465240e+08 4.913670687309255600e+08 7.734489971333513260e+08 1.217262327538386345e+09 1.920489639642786026e+09 3.035432661438676834e+09 4.810483339016441345e+09 7.625968566120399475e+09 1.212697893820067024e+10 1.934884255375738525e+10 3.103245626410319138e+10 4.942676922142918396e+10 7.785035786170613098e+10 1.221711383449970093e+11 1.908557589700075684e+11
8.071062576167106628e+07 1.271050180057687759e+08 2.003887591847219467e+08 3.163204116420326233e+08 4.993933113902759552e+08 7.894441971574411392e+08 1.246762450502179146e+09 1.971518777443850517e+09 3.119141271576786995e+09 4.938288940777549744e+09 7.821546028670466423e+09 1.237278513232858467e+10 1.956020208325859833e+10 3.085103127957300949e+10 4.839083461834619904e+10 7.558643722355187988e+10 1.178883374257368774e+11 1.840082206226328735e+11 2.868120800737224121e+11 4.434508923716203613e+11
3.151659178745174408e+07 4.966180084025382996e+07 7.837288094181728363e+07 1.237173058736667633e+08 1.952333753593893051e+08 3.078155470242757797e+08 4.857618299088230133e+08 7.656094678038330078e+08 1.208641436299459457e+09 1.912024507279641151e+09 3.025163132079579353e+09 4.790195749187157631e+09 7.587505748408783913e+09 1.198528409581028366e+10 1.901597247165930557e+10 3.034591231350495148e+10 4.855277015551815796e+10 7.781532127231796265e+10 1.254080689799413452e+11 2.008563187987190857e+11
6.730860202065277100e+07 1.060609771417818069e+08 1.672021134732112885e+08 2.641396471401262283e+08 4.170419272152986526e+08 6.592329760051431656e+08 1.041749644478628159e+09 1.648500045782307625e+09 2.608063786838720322e+09 4.132405842929909706e+09 6.544550210853730202e+09 1.036044527826268768e+10 1.637574021958471489e+10 2.584631433435514069e+10 4.082728728761990356e+10 6.457560728148742676e+10 1.024417410530087433e+11 1.623514572033623047e+11 2.574082179057369385e+11 4.083939738297274170e+11
5.234399020063304901e+07 8.256140506387329102e+07 1.303420912485122681e+08 2.054979666495056152e+08 3.242345319681720734e+08 5.109891482695131302e+08 8.065431468322858810e+08 1.271219365238509178e+09 2.003011218733226776e+09 3.152677788064990044e+09 4.955048236294343948e+09 7.773629141525298119e+09 1.218505133030171394e+10 1.916268271955388260e+10 3.007253643360044861e+10 4.699389994014982605e+10 7.316086023566180420e+10 1.137164892991646118e+11 1.767061754992573547e+11 2.717772855410404968e+11
2.586870316325950623e+07 4.062299229029941559e+07 6.378017661016750336e+07 1.002077131630907059e+08 1.575544691217393875e+08 2.477987481202020645e+08 3.907509530376520157e+08 6.135303097561807632e+08 9.649999126117773056e+08 1.523949250699879646e+09 2.407451834114951134e+09 3.803752354718748093e+09 6.006361268220536232e+09 9.517644651225700378e+09 1.514351350742770195e+10 2.418080101422265244e+10 3.875217499118884277e+10 6.206980408428319550e+10 9.963050960097402954e+10 1.606639614919855652e+11
2.643456909107017517e+07 4.183244892547416687e+07 6.614479452250289917e+07 1.042811367926073074e+08 1.649777304047403336e+08 2.607514380987730026e+08 4.126306766076097488e+08 6.531135335304327011e+08 1.033523534296615601e+09 1.636075990058229446e+09 2.593213921614818573e+09 4.112496763356195450e+09 6.526604901516184807e+09 1.038603707066777420e+10 1.657572087165043259e+10 2.651181832959455109e+10 4.258255031895896912e+10 6.934556113560377502e+10 1.147152215991777191e+11 1.904431624193937073e+11
1.661987929833698273e+07 2.599695482739925385e+07 4.067148854082679749e+07 6.390477207519531250e+07 1.003927762037448883e+08 1.580069169767980576e+08 2.492553147419357300e+08 3.914023573495187759e+08 6.143674436146564484e+08 9.628320458608264923e+08 1.502854351605504036e+09 2.341754028919865608e+09 3.639445220733399391e+09 5.621454723378787994e+09 8.642956173946241379e+09 1.323827221002939606e+10 2.017598887716743469e+10 3.023709691426540375e+10 4.414353850183676910e+10 6.333353232401959991e+10
3.943430765350914001e+07 6.217363924499225616e+07 9.788875154975032806e+07 1.544241235988636017e+08 2.433008856972923279e+08 3.830812361048297882e+08 6.028826720935888290e+08 9.480101888320617676e+08 1.489594996230488777e+09 2.341007834008744240e+09 3.669332308391320229e+09 5.743335294287865639e+09 8.978767423710929871e+09 1.405448608486619377e+10 2.202945750448025513e+10 3.445662933065747070e+10 5.368917271368743896e+10 8.342757352677163696e+10 1.279892373035522766e+11 1.953892758829491577e+11
2.490212673113918304e+07 3.913179095845031738e+07 6.152148134534549713e+07 9.684619687539768219e+07 1.520913823020524979e+08 2.388497567354440689e+08 3.759074906485128403e+08 5.899588511855983734e+08 9.250931075396194458e+08 1.446757691134700775e+09 2.252489362426225662e+09 3.490126770119466782e+09 5.361010834525965691e+09 8.187566632253158569e+09 1.246519590609904861e+10 1.884446121626836395e+10 2.833022329939736557e+10 4.280590347986328125e+10 6.568549449526480103e+10 1.078364337517112732e+11
7.525457793172073364e+07 1.185437082294855118e+08 1.866989309924154282e+08 2.944384887834987640e+08 4.648906671398010254e+08 7.340466429189300537e+08 1.159171113993040085e+09 1.828692094304877281e+09 2.886209534839945793e+09 4.558260397863679886e+09 7.201723521762198448e+09 1.138673650616293716e+10 1.801858696398604202e+10 2.851905765064781570e+10 4.508709930678929138e+10 7.114139209258349609e+10 1.121281090445865173e+11 1.758708350328638000e+11 2.766342087005144653e+11 4.363399841652881470e+11
3.617816916682052612e+07 5.709815717846775055e+07 9.000744650352573395e+07 1.421882147858018875e+08 2.244192209232435226e+08 3.545716290893220901e+08 5.603430727991456985e+08 8.851387335744361877e+08 1.397289409111652374e+09 2.208136316992569923e+09 3.492222817007676125e+09 5.524577645255685806e+09 8.744084999284196854e+09 1.379498389082003212e+10 2.166339993178316116e+10 3.387695296624673080e+10 5.271609382033345795e+10 8.174135928270376587e+10 1.274436591514316711e+11 1.996673746046082153e+11
3.948339081282234192e+07 6.207856346180248260e+07 9.790909990334129333e+07 1.542119079008541107e+08 2.433616919488878250e+08 3.838908273534526825e+08 6.061295181631622314e+08 9.562242873698682785e+08 1.507572143608445168e+09 2.378098545465582848e+09 3.757323647507053375e+09 5.943583903107693672e+09 9.390913419057256699e+09 1.484795002417927551e+10 2.345338086948828888e+10 3.701522132016802979e+10 5.866378429794174194e+10 9.329775040787084961e+10 1.483437762533642883e+11 2.386720119231016846e+11
3.191499490603160858e+07 5.017545871955299377e+07 7.895735728237915039e+07 1.242712551502199173e+08 1.957490142092580795e+08 3.085082348558797836e+08 4.871365953131303787e+08 7.670944499530391693e+08 1.208120909961796761e+09 1.905219761139602661e+09 3.002994503745499611e+09 4.732066212769661903e+09 7.439952969858722687e+09 1.162199602247418594e+10 1.806399963569490433e+10 2.792983857440814209e+10 4.297636890828720856e+10 6.557901840537145233e+10 9.857691107210879517e+10 1.444125062315190125e+11
4.366135932168102264e+07 6.861208981987667084e+07 1.078703935977783203e+08 1.696508815805864334e+08 2.672710138227691650e+08 4.211677610752658844e+08 6.637184784000139236e+08 1.043263553616106033e+09 1.640753102603532791e+09 2.582783627780731201e+09 4.066904375665249825e+09 6.412217559148107529e+09 1.009880135288475800e+10 1.587729828610483360e+10 2.485157069323936844e+10 3.876405347227897644e+10 6.016225930474868011e+10 9.287442627983122253e+10 1.429430507676951904e+11 2.205477370740782776e+11
6.235666647219848633e+07 9.838860912082576752e+07 1.553878051099147797e+08 2.454557763368902206e+08 3.885863599559192657e+08 6.142010551286325455e+08 9.720051466911201477e+08 1.536643544924284935e+09 2.432086424503866196e+09 3.847372823888980865e+09 6.087949112466157913e+09 9.631860284851846695e+09 1.524831739100817680e+10 2.413920291718751526e+10 3.817525990749472046e+10 6.021835262119116211e+10 9.477167686367768860e+10 1.489187766246676331e+11 2.344066226708151550e+11 3.692267971087379150e+11
2.380247315092754364e+07 3.733531286091995239e+07 5.867631863620758057e+07 9.235077366099452972e+07 1.453406395088462830e+08 2.294156731190652847e+08 3.618782054764566422e+08 5.714756345413169861e+08 9.019471094902467728e+08 1.420928781085591316e+09 2.235917613680275917e+09 3.517626101311930656e+09 5.528141757413873672e+09 8.661339939693298340e+09 1.354231873409769630e+10 2.122356454729978180e+10 3.333581212456490326e+10 5.286949306291115570e+10 8.449460852717683411e+10 1.339742862860331116e+11
2.169656702467155457e+07 3.402631398168659210e+07 5.346230809684562683e+07 8.393042155603504181e+07 1.319184355039291382e+08 2.076906965903434753e+08 3.270713310690765381e+08 5.152389545643033981e+08 8.120484416232547760e+08 1.279152003364600182e+09 2.011489821059880257e+09 3.155550619035336494e+09 4.947826344214668274e+09 7.752276943676428795e+09 1.215538969265219116e+10 1.908124194693161392e+10 3.025420939536557770e+10 4.823069374118479919e+10 7.693080162186953735e+10 1.216211705772440796e+11
3.719299088446426392e+07 5.863662483358192444e+07 9.252496747293853760e+07 1.460214850414447784e+08 2.306714380740165710e+08 3.643936470820808411e+08 5.755150872983026505e+08 9.093936862751169205e+08 1.437143949539772034e+09 2.271774865728924751e+09 3.598199749818452835e+09 5.703858821331147194e+09 9.044743615447450638e+09 1.435835788556011200e+10 2.282628410810054016e+10 3.635746962944475555e+10 5.807807195593780518e+10 9.311904218643267822e+10 1.487624667611507263e+11 2.367540813364599609e+11
4.039795376857662201e+07 6.375368749459743500e+07 1.007204663071146011e+08 1.592541179577884674e+08 2.516934389540863037e+08 3.974615021731996536e+08 6.295651023007240295e+08 9.955346171007604599e+08 1.575775232614182472e+09 2.494510397116109848e+09 3.945849792659786224e+09 6.239702610461280823e+09 9.866860295371912003e+09 1.558816948736171913e+10 2.462727758794692612e+10 3.900990532309880829e+10 6.200613913410146332e+10 9.934728805374937439e+10 1.596310893694023438e+11 2.551452562224594116e+11
4.464096576850986481e+07 7.026282579444408417e+07 1.104355081835308075e+08 1.737756876047983170e+08 2.740799827639150620e+08 4.327373456324815750e+08 6.836712233495473862e+08 1.075009533432206154e+09 1.691976190158204079e+09 2.661110736473049164e+09 4.175214615582037926e+09 6.541315287244079590e+09 1.020080603730978203e+10 1.584101227831711388e+10 2.434150330817404938e+10 3.707157321314849091e+10 5.569478756095505524e+10 8.232092048960282898e+10 1.187703523164329987e+11 1.646117824585674744e+11
3.751777848860168457e+07 5.874111376885128021e+07 9.252634601099491119e+07 1.455997733311109543e+08 2.296525480587062836e+08 3.628867348090248108e+08 5.744468564059400558e+08 9.053398748601036072e+08 1.428471550612227440e+09 2.257864837310718536e+09 3.565112793896376610e+09 5.628884702309327126e+09 8.854230456348453522e+09 1.386698065770208168e+10 2.166204890079352570e+10 3.365031742269152832e+10 5.195972722444652557e+10 7.962282038102684021e+10 1.212342031047195740e+11 1.828324640959651489e+11
4.506804070934295654e+07 7.110760814403724670e+07 1.123033777003850937e+08 1.771038722239303589e+08 2.794025890473518372e+08 4.408855764939107895e+08 6.965008880566082001e+08 1.100145513911631584e+09 1.738785597896113396e+09 2.752209465381590843e+09 4.365407180284199715e+09 6.924313589031208992e+09 1.098588019968111229e+10 1.744067002972916031e+10 2.761608069193310928e+10 4.369003519545629120e+10 6.888631100136450195e+10 1.082240818999743195e+11 1.693165865683323364e+11 2.641257262801326599e+11
1.959851045284748077e+07 3.065269894292259216e+07 4.826015520601844788e+07 7.583012388805961609e+07 1.189931691439485550e+08 1.877295445802078247e+08 2.967439132335977554e+08 4.684635258927831650e+08 7.389806085400028229e+08 1.168458217694902420e+09 1.841516785844334602e+09 2.907152922991846085e+09 4.579265828031695366e+09 7.202208023563769341e+09 1.135567540357892227e+10 1.799115806981005096e+10 2.872586757234169388e+10 4.630492817033947754e+10 7.449540523016241455e+10 1.183664485189808502e+11
3.921541766589832306e+07 6.173104647587490082e+07 9.717479715252685547e+07 1.531920172360820770e+08 2.421603023510446548e+08 3.831949259244213104e+08 6.078503761915893555e+08 9.597084099042005539e+08 1.517163638942603111e+09 2.397892813680158615e+09 3.786253092649874687e+09 5.985341087332869530e+09 9.462145990475879669e+09 1.496412171205756760e+10 2.369559494069201660e+10 3.752660348339753723e+10 5.955701412316458130e+10 9.484194077534753418e+10 1.513999124038834839e+11 2.415532830336246338e+11
3.943305451099395752e+07 6.202226742056941986e+07 9.778221284094238281e+07 1.539714265999412537e+08 2.427022904130992889e+08 3.832013497503767014e+08 6.060535164044799805e+08 9.549304122884693146e+08 1.507156964018229485e+09 2.375614367016186714e+09 3.738256195043846130e+09 5.882552285784634590e+09 9.245841758210338593e+09 1.449440598268380737e+10 2.262008763541692352e+10 3.507907222400720978e+10 5.426594568698648834e+10 8.348403330536764526e+10 1.271397008296380005e+11 1.917232336657236633e+11
1.818838292257118225e+07 2.846948639049911499e+07 4.471436170040702820e+07 7.024997525168609619e+07 1.103188485964717865e+08 1.738580655458374023e+08 2.737222567424983978e+08 4.296528878985404968e+08 6.735224011152944565e+08 1.056056775913142204e+09 1.650086124318412781e+09 2.569059322779626846e+09 3.989006216385871887e+09 6.163397277982861519e+09 9.448543641787891388e+09 1.432162446525615311e+10 2.163296976763098145e+10 3.283291929049818802e+10 4.939696973479880524e+10 7.413626251440814209e+10
4.191438878396701813e+07 6.613459943836593628e+07 1.043624682799520493e+08 1.645165166749877930e+08 2.599304114713525772e+08 4.109197320464515686e+08 6.489334116691341400e+08 1.025400574358165741e+09 1.621465612814357758e+09 2.566658521278111458e+09 4.061549170427581787e+09 6.431645186570182800e+09 1.017729711577076340e+10 1.609845551830340576e+10 2.542443725971745300e+10 4.003425324225798035e+10 6.266791963952951050e+10 9.733607416254327393e+10 1.498542502427786865e+11 2.291121508059526978e+11
2.626726260287952423e+07 4.120361805829143524e+07 6.477061074682998657e+07 1.019944540021009445e+08 1.605187075328388214e+08 2.532191066330547333e+08 3.994922881117639542e+08 6.296928270727443695e+08 9.929546141372127533e+08 1.562932888993508339e+09 2.455115594814280510e+09 3.854364046991258621e+09 6.035064637858690262e+09 9.421784157296197891e+09 1.455540430045808792e+10 2.228760824881939697e+10 3.385119305006300354e+10 5.050025561982621765e+10 7.375238957771144104e+10 1.059248357698340302e+11
4.357018487399101257e+07 6.809233165451335907e+07 1.068482135164489746e+08 1.677870425017070770e+08 2.641810703901863098e+08 4.160385731302108765e+08 6.551526128169164658e+08 1.030687595198821068e+09 1.620045627255713463e+09 2.550012714604618073e+09 4.006126123056147575e+09 6.278177858345615387e+09 9.789751756513082504e+09 1.521751213956128120e+10 2.351465444277880859e+10 3.622079494710063934e+10 5.540272824187184906e+10 8.444331529496087646e+10 1.276037198202386627e+11 1.908953273103837891e+11
5.262397460967540741e+07 8.285462239137077332e+07 1.308152540499057770e+08 2.064432867196702957e+08 3.263025382342519760e+08 5.159355301728248596e+08 8.148552841526098251e+08 1.287051922481728554e+09 2.031871492531526566e+09 3.211294255436739922e+09 5.075653233047348976e+09 8.026750184735237122e+09 1.272291220138432693e+10 2.021642863904898453e+10 3.201780004377344894e+10 5.044519675658807373e+10 7.950743567364927673e+10 1.253566869388163147e+11 1.979011661767590027e+11 3.120588061791310425e+11
4.183759825400638580e+07 6.583924577585601807e+07 1.036863092791900635e+08 1.631970096269569397e+08 2.571228074415311813e+08 4.054087547644624710e+08 6.390404700211257935e+08 1.004878354806484222e+09 1.579641932557963371e+09 2.481480525718946457e+09 3.895916606679347038e+09 6.110036706556586266e+09 9.544204373763128281e+09 1.486214019009498787e+10 2.299912910892623138e+10 3.540207625435939789e+10 5.442436330161013794e+10 8.384858954309677124e+10 1.290981877670117188e+11 1.996705915788764038e+11
5.149945756920909882e+07 8.107609785105800629e+07 1.280084267680397034e+08 2.017795342136421204e+08 3.182593422083435059e+08 5.022733156286506653e+08 7.933967621561164856e+08 1.252473547019770622e+09 1.979408584110496521e+09 3.129945716468554497e+09 4.948248163361132622e+09 7.833142873777046204e+09 1.241878196131451225e+10 1.973070409452823257e+10 3.137301094751238251e+10 4.990866989947446442e+10 7.946865184321382141e+10 1.265524419885872040e+11 2.013414823982150879e+11 3.189327373739938965e+11
3.330817138803005219e+07 5.257274442228698730e+07 8.298704663542461395e+07 1.310491617956161499e+08 2.068869762694864273e+08 3.270394349906539917e+08 5.173209298312625885e+08 8.180950341804571152e+08 1.295412690842913628e+09 2.049827904396286964e+09 3.246888360641743660e+09 5.147083888389921188e+09 8.164385480853101730e+09 1.296238141952321625e+10 2.063209990837823868e+10 3.282523362400961304e+10 5.236674974793720245e+10 8.350188954718710327e+10 1.330253814963358307e+11 2.103320414348850403e+11
3.452922506775951385e+07 5.440072596533775330e+07 8.579345169758224487e+07 1.353736983406648636e+08 2.133539617971754074e+08 3.368379130564613342e+08 5.325313277210931778e+08 8.414688890687160492e+08 1.330744937498870850e+09 2.106175978650799751e+09 3.336563065427635193e+09 5.295421216374484062e+09 8.408420568491027832e+09 1.338318232318914032e+10 2.139725476987910461e+10 3.437977461857987213e+10 5.549923859229477692e+10 8.942753449300360107e+10 1.436108432894950562e+11 2.315980050231311646e+11
3.197770910259914398e+07 5.036695630720233917e+07 7.956698774149417877e+07 1.256162175652675629e+08 1.984335077672624588e+08 3.140501557179155350e+08 4.972697071644821167e+08 7.864322513157787323e+08 1.242598838339874268e+09 1.964277684566381454e+09 3.106750193459087372e+09 4.911212007883913040e+09 7.761734798115789413e+09 1.225761895746712875e+10 1.941233371974702454e+10 3.070466713872615051e+10 4.842107552338199615e+10 7.621421402059379578e+10 1.195062261520117188e+11 1.862808487972452393e+11
3.168925621180057526e+07 4.978210760757160187e+07 7.841929432941913605e+07 1.233897941128044128e+08 1.943580573243007660e+08 3.066502897562866211e+08 4.848423870410547256e+08 7.626438024949245453e+08 1.200088564728392601e+09 1.890929412982299805e+09 2.973081171564627647e+09 4.680082437566404343e+09 7.354654187662150383e+09 1.152898602035649490e+10 1.800621429722512436e+10 2.811329930828342819e+10 4.368873274347198486e+10 6.700067053517012024e+10 1.010695361261048279e+11 1.500032879097189331e+11
3.147316937972164154e+07 4.938756548074054718e+07 7.750979159300804138e+07 1.220304511144580841e+08 1.918827162596473694e+08 3.019488263334331512e+08 4.765406697614173889e+08 7.511202246041469574e+08 1.185111536676126480e+09 1.870912728805536270e+09 2.954948574788210869e+09 4.671616980496949196e+09 7.386082005140352249e+09 1.168894010270236588e+10 1.851392154449736786e+10 2.935842696600016785e+10 4.667265297903482056e+10 7.401530724849359131e+10 1.170539197027077332e+11 1.837743537468314209e+11
4.264707346000671387e+07 6.706053469055557251e+07 1.055427923026809692e+08 1.663371869986305237e+08 2.623063653624572754e+08 4.138645915760660172e+08 6.534847408322849274e+08 1.029382840971157074e+09 1.622799262314528465e+09 2.557695521389044762e+09 4.024253823170893669e+09 6.327068142587747574e+09 9.918775316881757736e+09 1.550536874992846298e+10 2.414307127370870972e+10 3.745130845413734436e+10 5.804556748230474854e+10 9.011141630743489075e+10 1.395360186370826416e+11 2.135456533673556824e+11
4.266785620020771027e+07 6.724785054145240784e+07 1.060205346363582611e+08 1.672453147573547363e+08 2.640354253724460602e+08 4.172049833721914291e+08 6.589314820975494385e+08 1.040512291992906570e+09 1.644967825626306534e+09 2.602291610089272499e+09 4.120230003165427208e+09 6.521128487817571640e+09 1.032024508096140671e+10 1.632882460728211594e+10 2.582159692076008606e+10 4.067684300889659119e+10 6.373347268012737274e+10 9.921272704278169250e+10 1.528659899554713745e+11 2.308494948232149658e+11
2.488829278681755066e+07 3.908177444602489471e+07 6.151033540606975555e+07 9.675296191757011414e+07 1.522674368564376831e+08 2.399694927649126053e+08 3.790733356890964508e+08 5.958604310419921875e+08 9.375031868474407196e+08 1.477043050166503906e+09 2.325377882137158394e+09 3.666946868209183693e+09 5.780887747213656425e+09 9.103409680950382233e+09 1.428496736567570114e+10 2.236178743602005005e+10 3.488666075148719025e+10 5.453292511735763550e+10 8.646468009879037476e+10 1.390374015783733521e+11
