# weights (sum of all JK regions)
3.098614413764031529e+08
4.862687895812308192e+08
7.637914376317653656e+08
1.201638834082000732e+09
1.891927190343385458e+09
2.982956449846563339e+09
4.705912332198473930e+09
7.413916660909409523e+09
1.168077470815346909e+10
1.841975047454473495e+10
2.902689133667944336e+10
4.573085254803359222e+10
7.198483253050656128e+10
1.132967967259577484e+11
1.780487967870113220e+11
2.791894545104406128e+11
4.369837644454715576e+11
6.820737118951577148e+11
1.061004849065553467e+12
1.642743092391070557e+12
