# weights (sum of all JK regions)
5.907660041676619053e+08
9.237074643163321018e+08
1.447281363303737640e+09
2.271335510169344425e+09
3.568109933303142548e+09
5.608360245861024857e+09
8.823874035464679718e+09
1.387290999950040054e+10
2.181856594238041687e+10
3.433462090245018387e+10
5.400383517145553589e+10
8.494310664217495728e+10
1.335194513077261505e+11
2.098817647781966248e+11
3.296485995457858887e+11
5.166976225388323364e+11
8.087061988519078369e+11
1.262434059727011963e+12
1.963240356265189453e+12
3.039151626664088379e+12
