# weights (sum of all JK regions)
2.530938563727494478e+08
3.946484518219035864e+08
6.158305560678544044e+08
9.634217810169714689e+08
1.508848829051188469e+09
2.366853238462443352e+09
3.716227252167932510e+09
5.828657330068438530e+09
9.150089370161840439e+09
1.438161114021127701e+10
2.259273664072140884e+10
3.551284064387566376e+10
5.579796565934447479e+10
8.768230612318235779e+10
1.377120055565243530e+11
2.158981825798342896e+11
3.379314596660885010e+11
5.276569266043389893e+11
8.205684361579582520e+11
1.269439726155560791e+12
