# weights (sum of all JK regions)
2.897833118305591345e+08
4.557703017696897388e+08
7.161594175763059855e+08
1.127086231407469273e+09
1.774739278938470125e+09
2.796270933910127640e+09
4.411132056969761848e+09
6.944139968912966728e+09
1.093738950828654861e+10
1.724096347477349472e+10
2.715166150897942352e+10
4.276187043322180939e+10
6.730585089535340118e+10
1.059097681245954437e+11
1.664955597937503662e+11
2.611694955769413147e+11
4.090370553096026001e+11
6.387726923496130371e+11
9.934679958901597900e+11
1.537520508041140137e+12
