# weights (sum of all JK regions)
3.158233929333351254e+08
4.969568284326282740e+08
7.831669502356088161e+08
1.234281551716520071e+09
1.945885932459975719e+09
3.072020405628543854e+09
4.849590973245803833e+09
7.644865079418426514e+09
1.205376990177699089e+10
1.901864017074147797e+10
2.997798577217051315e+10
4.724825681081861877e+10
7.440992462154087830e+10
1.171544072437387085e+11
1.842339086438789673e+11
2.890945388490784302e+11
4.529218973391326294e+11
7.075753003969476318e+11
1.100796636974046875e+12
1.703768380264459473e+12
