# weights (sum of all JK regions)
1.413728492065304518e+08
2.215047911118596792e+08
3.473476763242807984e+08
5.456065045403838158e+08
8.574759262410157919e+08
1.348894317257989883e+09
2.123821525704091549e+09
3.340306481891018391e+09
5.256500620241744041e+09
8.275310177759963036e+09
1.302603848404751587e+10
2.050746192328038788e+10
3.227104081737553406e+10
5.076663177810015106e+10
7.977561819976473999e+10
1.251292799459529724e+11
1.959295006160080566e+11
3.059441398959045410e+11
4.757826853743709106e+11
7.363024672065620117e+11
