# weights (sum of all JK regions)
2.113983649067079723e+08
3.303980402668127418e+08
5.178100841353034973e+08
8.113936081953279972e+08
1.273416551876456022e+09
2.000490207197543383e+09
3.146437622418612957e+09
4.944873726853499413e+09
7.774326068961313248e+09
1.222675031411270523e+10
1.923198850188285446e+10
3.024957003144733810e+10
4.757142742657649231e+10
7.479325184760882568e+10
1.175105092450863342e+11
1.842888559919104614e+11
2.884734777502742920e+11
4.503698309777161865e+11
7.001493904291419678e+11
1.082967274868984009e+12
