# gt_boosted (sum of gt_boosted from all patches except for one, different each time)
5.708719624165905712e-04 4.618750429878033586e-04 3.581235250767858839e-04 2.879027229512290289e-04 2.380790123108944729e-04 1.924150115063343579e-04 1.628631304277666661e-04 1.426401298399284441e-04 1.213697714854960346e-04 1.075685318295993320e-04 9.481313507693619677e-05 8.295114625074381440e-05 7.934724123510362732e-05 6.895469152583564914e-05 5.417922712627023564e-05 4.755942828905536748e-05 4.099645976479626745e-05 3.617929002079143370e-05 2.451641005237791058e-05 1.817623336005413009e-05
5.712125790577463925e-04 4.621346733014156560e-04 3.573558892276707281e-04 2.874799497580130567e-04 2.375943653466437689e-04 1.927210106717842572e-04 1.627252181230111740e-04 1.420911548906360214e-04 1.206925660109403901e-04 1.069558631956670934e-04 9.399484310446320557e-05 8.249284948103095068e-05 7.904059859420658021e-05 6.891776269313682748e-05 5.431983573574484278e-05 4.710588467269529313e-05 4.000055898862166990e-05 3.491273643270607007e-05 2.386885580496492178e-05 1.827766586908453908e-05
5.704326536423102566e-04 4.612714991374586011e-04 3.568675535171395366e-04 2.868106257314807089e-04 2.370618384135735925e-04 1.919659623578249359e-04 1.622730245120235649e-04 1.419958968938378290e-04 1.205877875144507482e-04 1.064382506422634000e-04 9.395198295536598290e-05 8.285202141735988209e-05 7.940992547063461442e-05 6.903840087249464878e-05 5.443774634922573602e-05 4.780301841164731142e-05 4.052444202150766683e-05 3.522431333274019975e-05 2.357529533227174410e-05 1.768479173820349708e-05
5.701439716013619258e-04 4.613457324316997581e-04 3.572121434385444974e-04 2.874798112824694706e-04 2.376818198328809481e-04 1.922639645405768022e-04 1.625573855528453422e-04 1.418267163787742340e-04 1.202571606155117598e-04 1.065600915477660953e-04 9.356561226262122050e-05 8.231829905031891196e-05 7.898547123581683743e-05 6.899383911982032191e-05 5.452033598110918550e-05 4.761996044760862364e-05 4.056035914855286189e-05 3.551038989300889405e-05 2.399624580286139759e-05 1.845096143741715845e-05
5.715303984540377746e-04 4.620394477684559658e-04 3.576605344430708951e-04 2.879823516203958806e-04 2.382896092320440804e-04 1.926555252733504957e-04 1.628805178264285320e-04 1.424026199501734146e-04 1.209307455822936675e-04 1.071474055040713165e-04 9.391833537417499593e-05 8.211595795651671962e-05 7.880034214839759055e-05 6.883402310476022332e-05 5.469804480626974159e-05 4.802417183064687202e-05 4.088977011186507382e-05 3.580032200386982615e-05 2.368983364945695749e-05 1.772716718632292671e-05
5.713725131956419109e-04 4.621391734442912929e-04 3.577370558713871139e-04 2.879813114274768849e-04 2.380545564144195250e-04 1.928017608962932512e-04 1.627321523003004227e-04 1.425348254847696116e-04 1.211787220000716379e-04 1.069071039715909107e-04 9.411855578719615528e-05 8.275478252508119243e-05 7.934212931823965648e-05 6.932180244852918349e-05 5.472614411959695734e-05 4.787340880803555372e-05 4.072664153553576385e-05 3.564176661031301049e-05 2.411360917683990694e-05 1.811825960964918568e-05
5.706541994531171913e-04 4.618035353748447137e-04 3.579394465837064734e-04 2.879285722183500809e-04 2.378310978415461513e-04 1.926264085679257161e-04 1.625479520774636617e-04 1.423325988518084524e-04 1.208722601509385424e-04 1.069164689009048300e-04 9.393453006314177493e-05 8.235161826683083707e-05 7.887658541322768160e-05 6.867801092842047673e-05 5.409353355309138277e-05 4.753264036591736821e-05 4.091311733494936646e-05 3.590398709002667139e-05 2.405936074073113161e-05 1.798269468674881799e-05
5.712458843673051461e-04 4.619360180497311739e-04 3.579264264680768375e-04 2.882018253103371349e-04 2.380100415549647980e-04 1.926747589553767543e-04 1.628256335626259061e-04 1.425878120257187832e-04 1.208294007232045965e-04 1.068421315806463399e-04 9.414856261551269776e-05 8.254686122764275482e-05 7.897662235981466852e-05 6.863949943874839230e-05 5.419896408188742059e-05 4.750372328858793353e-05 4.025983135750858024e-05 3.497354628646579634e-05 2.333624537123254677e-05 1.757721148190919211e-05
5.708647638018049270e-04 4.623802872815386471e-04 3.581391903811195548e-04 2.880270834712908047e-04 2.379843407966994852e-04 1.924229967517874259e-04 1.624823421043566235e-04 1.419755008225078092e-04 1.206352481085050946e-04 1.066127052877469214e-04 9.367313017999750124e-05 8.256154798266554886e-05 7.885472270978667001e-05 6.835793696682614378e-05 5.401120684749237649e-05 4.758443251459473365e-05 4.061186410794132999e-05 3.537535403319199670e-05 2.396037409416973228e-05 1.822334190568709316e-05
5.711232473541355331e-04 4.623143061692165721e-04 3.576754419524274067e-04 2.881107505758065358e-04 2.378779859299325571e-04 1.925936709603382239e-04 1.625139169917423393e-04 1.424382860894386185e-04 1.212864051687097847e-04 1.071075963749806658e-04 9.401452283429194477e-05 8.224560858094787997e-05 7.858935247091237714e-05 6.847317627422920159e-05 5.418841906530129669e-05 4.768923230483197712e-05 4.067127162031896687e-05 3.512665515315961716e-05 2.357764539873925133e-05 1.788615196231035454e-05
5.711185437598643002e-04 4.619644241386818419e-04 3.579589885831907493e-04 2.878615431012810570e-04 2.377186377580408120e-04 1.922808821384834848e-04 1.624630233821002174e-04 1.420252440867930373e-04 1.207175008909392431e-04 1.070821195949860842e-04 9.391644331105534528e-05 8.209277862242681401e-05 7.879152563625451864e-05 6.883255978052130132e-05 5.417297477452526688e-05 4.704300926510779520e-05 3.976509322118260050e-05 3.479153917181950905e-05 2.297658457274848564e-05 1.713640565139056712e-05
5.703133964425968760e-04 4.610318462657411157e-04 3.569162764352473423e-04 2.872724802062268166e-04 2.374132421418453237e-04 1.924800265004614121e-04 1.624806410292261769e-04 1.419512286367502897e-04 1.205582023291533299e-04 1.066428267758951556e-04 9.388156447598210164e-05 8.213041416051205287e-05 7.861613819813686110e-05 6.859790741045147333e-05 5.402327891011830243e-05 4.730418209899653283e-05 4.011796425114226626e-05 3.492942997537390627e-05 2.340121454881833243e-05 1.742113927065949339e-05
5.708380653042782055e-04 4.613739612934460513e-04 3.573121354764677553e-04 2.873952207894772725e-04 2.374522138423248183e-04 1.923057265941873330e-04 1.623292227439574039e-04 1.420646574288427161e-04 1.203240553839321904e-04 1.067026402224135453e-04 9.381314134954828155e-05 8.213583170151864869e-05 7.896650297669366328e-05 6.918347596254671055e-05 5.463597284251628985e-05 4.757595570353831209e-05 4.038284213236348450e-05 3.499978012206529649e-05 2.383537706110160521e-05 1.800723027204419549e-05
5.712362642729980474e-04 4.617874613451423342e-04 3.577972100103128271e-04 2.878957096246761668e-04 2.378021790326670935e-04 1.924179064522050012e-04 1.629147296329452681e-04 1.428396999230162659e-04 1.213862987499243008e-04 1.070959539086533107e-04 9.392299634415769000e-05 8.234214467221671679e-05 7.880120693954386312e-05 6.885329245659409789e-05 5.436734213829638924e-05 4.761807692041355788e-05 4.062186148140585430e-05 3.596791857641363290e-05 2.459844932677478975e-05 1.850263739079979815e-05
5.698480332722044052e-04 4.613147509532499911e-04 3.573161223692118693e-04 2.870313140938119778e-04 2.372119778202000026e-04 1.923334890129046765e-04 1.623900736267946791e-04 1.422768430587386420e-04 1.204550783005737592e-04 1.064840127860747492e-04 9.360508989783843667e-05 8.229480826500193381e-05 7.884729348189168784e-05 6.904484298205854553e-05 5.443718128435860558e-05 4.738247336725917640e-05 4.035671803066927607e-05 3.515642487848040748e-05 2.351091975252001570e-05 1.757255553140936070e-05
5.706652034848130233e-04 4.617103507210342417e-04 3.577276955400428911e-04 2.878528565179830660e-04 2.382164502407742399e-04 1.930858256651379434e-04 1.629619073070604700e-04 1.425620642309845124e-04 1.211679428439667056e-04 1.069873207190834361e-04 9.373696833428014962e-05 8.212986768964987958e-05 7.880032143739668310e-05 6.862012605030841904e-05 5.438297439919034446e-05 4.767282947589414642e-05 4.071188918846434512e-05 3.545064923527600130e-05 2.380982314391202247e-05 1.786706821162245358e-05
5.713373598869330751e-04 4.621433879111643819e-04 3.574809486367569564e-04 2.876807807781742209e-04 2.379529273647750746e-04 1.931262380156640701e-04 1.630430133017861090e-04 1.422068697290659748e-04 1.211347676176725602e-04 1.071812302516032410e-04 9.422265239133097365e-05 8.266193241121702975e-05 7.900428160266949155e-05 6.868639786392111591e-05 5.403998030454425493e-05 4.729442428673732025e-05 4.026188483311363901e-05 3.501892040506354150e-05 2.335964578179662674e-05 1.747586270887993814e-05
5.704863772078816149e-04 4.621241063499444308e-04 3.579955650353500553e-04 2.876538177192092044e-04 2.377419994552032771e-04 1.926808277685483997e-04 1.625305707890810976e-04 1.424808513759859101e-04 1.210312719874453432e-04 1.070852411159253168e-04 9.411836438794562130e-05 8.240613794052317699e-05 7.902727817126456087e-05 6.881525635883701533e-05 5.421715714538032603e-05 4.773243373863412354e-05 4.059216910252485026e-05 3.542886205667361750e-05 2.363893818997044765e-05 1.787529332014229147e-05
5.714826157004761729e-04 4.624707266702778605e-04 3.578064707628555736e-04 2.879834424424876057e-04 2.376464314221622849e-04 1.926239097592042520e-04 1.626720531032038719e-04 1.421796151827399359e-04 1.208753119605184906e-04 1.070286823522334789e-04 9.417978399043319519e-05 8.268167239046813634e-05 7.937367424005963121e-05 6.909594221656190820e-05 5.428889695696819843e-05 4.772940962224695279e-05 4.111840057534185331e-05 3.603738463058844084e-05 2.389132149308841266e-05 1.775314452830365630e-05
5.707644097627045335e-04 4.619607112109067114e-04 3.573521800820792568e-04 2.872254332081554395e-04 2.372901388818191308e-04 1.920507097591202706e-04 1.622884818650174128e-04 1.418897585014917550e-04 1.201235899270714549e-04 1.061947218032186017e-04 9.329430532057954707e-05 8.207732477193396261e-05 7.884238725530836158e-05 6.856054278385014086e-05 5.390520658629183517e-05 4.756440722198706155e-05 3.973704549943912561e-05 3.425316214105885853e-05 2.236271838571746347e-05 1.650075228678440882e-05
5.701960517781761752e-04 4.612158455052984868e-04 3.573282389879198586e-04 2.876146166347031525e-04 2.375180565127051177e-04 1.918694120362404699e-04 1.619782222297453343e-04 1.417570212185011906e-04 1.206681720450803347e-04 1.069754639946472134e-04 9.379909680599722002e-05 8.234058592561614568e-05 7.879819156592473076e-05 6.858858187595303453e-05 5.413962189657853686e-05 4.746199224975239980e-05 4.064791429151239175e-05 3.545715237676924566e-05 2.391595471443534366e-05 1.801307335777432806e-05
5.708447188322420332e-04 4.619718859658175137e-04 3.578375620680008216e-04 2.875192366985200197e-04 2.379577265163228088e-04 1.924412247449233378e-04 1.625651526243099049e-04 1.419890676488637772e-04 1.208343729638029372e-04 1.067635542647856194e-04 9.373357887116327575e-05 8.232807918121430796e-05 7.885686298568450549e-05 6.877565443472068022e-05 5.413613355375077274e-05 4.735989539953295934e-05 4.016214570429877073e-05 3.476435335747195965e-05 2.373345800869523786e-05 1.795818216689136005e-05
5.704355619854455887e-04 4.614694884678066720e-04 3.575251278943446676e-04 2.880605548016160829e-04 2.382525135865108527e-04 1.928280727674294562e-04 1.627889268788160226e-04 1.425103450902080802e-04 1.210884633588038171e-04 1.069946584708335085e-04 9.401564775228231385e-05 8.210675727093048166e-05 7.860399055264758925e-05 6.857794740840939169e-05 5.415573742718317942e-05 4.767483000952231904e-05 4.053564692034359240e-05 3.525075511745329670e-05 2.350771018420564344e-05 1.787431213879101601e-05
5.709788521152674330e-04 4.618419319370536220e-04 3.573154105420604473e-04 2.877297754903834119e-04 2.381261419470547132e-04 1.928512506160562693e-04 1.629556209127038760e-04 1.427325629749081617e-04 1.212759443198009509e-04 1.073701795077463379e-04 9.443548177026749176e-05 8.289529048490053623e-05 7.972461240959468601e-05 6.933898126121710323e-05 5.506594802689123818e-05 4.853150880474904524e-05 4.110319373103016284e-05 3.574758741540631020e-05 2.401217309570878675e-05 1.760235153975933697e-05
5.717222068979647834e-04 4.625667446425505043e-04 3.578443117586551986e-04 2.876410582152624643e-04 2.378043698242560328e-04 1.926887773503777209e-04 1.626579249171310280e-04 1.422378582297516433e-04 1.209836021307416059e-04 1.068978789675317374e-04 9.383835871905628193e-05 8.224826240982699747e-05 7.878260295280605679e-05 6.856495048208025185e-05 5.403468571742085183e-05 4.724117114461108731e-05 4.024493985952105711e-05 3.510975589411104262e-05 2.360482982760908659e-05 1.789418623998782960e-05
5.707766281261554163e-04 4.615129670838908011e-04 3.573767371919823869e-04 2.875919069040257453e-04 2.379843305024310636e-04 1.925008747368246308e-04 1.627055215751582479e-04 1.422931701419860454e-04 1.208435941686002071e-04 1.067971158694268878e-04 9.425613810299991551e-05 8.291199147034589330e-05 7.914603931411086314e-05 6.915594458605683111e-05 5.439756502746446055e-05 4.757394117572673678e-05 4.047284685491105399e-05 3.513249610271397164e-05 2.360316473690882443e-05 1.773076016951229608e-05
5.704797981302228661e-04 4.613443007908224047e-04 3.571803953282560984e-04 2.876615522273919976e-04 2.376710974951994223e-04 1.923403329165077752e-04 1.626409996091615596e-04 1.420544572114031969e-04 1.209261669366937713e-04 1.070872484814804407e-04 9.433999278191416505e-05 8.297130141859304956e-05 7.939992027699672788e-05 6.916175706826156679e-05 5.468136319761487377e-05 4.786107427088780820e-05 4.075243832431482455e-05 3.561494338204219766e-05 2.409295356247261079e-05 1.829889543616238236e-05
5.708711568474288470e-04 4.621838642587092118e-04 3.579950517972202710e-04 2.880984587663855899e-04 2.382174984509935467e-04 1.927978326353023441e-04 1.625596773613617162e-04 1.424127393735664048e-04 1.210509767454340604e-04 1.071505761467177393e-04 9.418960576474452034e-05 8.266613735479108572e-05 7.915387317263382632e-05 6.916386958737389833e-05 5.450236354660592655e-05 4.783413786155843526e-05 4.076511702231526619e-05 3.535468242644680741e-05 2.372793283915313983e-05 1.789984438169778413e-05
5.703498464383259482e-04 4.621055192885248136e-04 3.575957882118967332e-04 2.877986919165101691e-04 2.378938636725916767e-04 1.926978930914153578e-04 1.625966529548710394e-04 1.424505380636524371e-04 1.211790012971622607e-04 1.073296105416749987e-04 9.431896201306843642e-05 8.263842597448004511e-05 7.951331085282825574e-05 6.938300516068616499e-05 5.489749180930803392e-05 4.802795637224059003e-05 4.071133615278422802e-05 3.540826215471215398e-05 2.385264451950696652e-05 1.775504253019489652e-05
5.712506460523959686e-04 4.624478599914017126e-04 3.579083560417237078e-04 2.878783419998623330e-04 2.378383422586766226e-04 1.926281326108525015e-04 1.628696909351229198e-04 1.425881238843493639e-04 1.211429231661428544e-04 1.069361554939215385e-04 9.398341125423496944e-05 8.251859328104259154e-05 7.934944590153425838e-05 6.925305501226997659e-05 5.473369223631308387e-05 4.805014249595596879e-05 4.100946773939443031e-05 3.585640664953804819e-05 2.399464475085386311e-05 1.809316512859248215e-05
5.708276494471544631e-04 4.622265270673114965e-04 3.575588447361336981e-04 2.875348830755335844e-04 2.378112919974176092e-04 1.927756461843082203e-04 1.624726509446800611e-04 1.420823072232176769e-04 1.209659292038339583e-04 1.068405592724168033e-04 9.373697661187075801e-05 8.211874370177846684e-05 7.889053753786565810e-05 6.865055421499747764e-05 5.425840952857859833e-05 4.763264022050341632e-05 4.059487575085906274e-05 3.545676090753581238e-05 2.355115795760430103e-05 1.745698581918580538e-05
5.712200190653160536e-04 4.622554256175500048e-04 3.573602659512865268e-04 2.869681332217481617e-04 2.371835318929189733e-04 1.925086908855696004e-04 1.623943200169166974e-04 1.420844667611237064e-04 1.210766060995417079e-04 1.072557744015848792e-04 9.417165491431665617e-05 8.242109602259261680e-05 7.864947893536991801e-05 6.880871446628559541e-05 5.386869811955898100e-05 4.697713976003897854e-05 4.061265460522667654e-05 3.536031756648866310e-05 2.352537096982069799e-05 1.756612260978626045e-05
5.707200385693467562e-04 4.620051972543484133e-04 3.578655445654344296e-04 2.875698309792427162e-04 2.375923771559893124e-04 1.925138306053294482e-04 1.625723475118243989e-04 1.419284274778071539e-04 1.206623558486452462e-04 1.068405808013920204e-04 9.383250905308475201e-05 8.216766486347817076e-05 7.876961909178772665e-05 6.867957757605169409e-05 5.471593989347327931e-05 4.806222131294431783e-05 4.106200594389179621e-05 3.585992068588098530e-05 2.399107443399164566e-05 1.794060594780829166e-05
5.706823145598604544e-04 4.614883501264313440e-04 3.575193362094610319e-04 2.874788124904388347e-04 2.375736900882216844e-04 1.921872892941628116e-04 1.624596909704157559e-04 1.418484759241226225e-04 1.204733746432500811e-04 1.065832887809646285e-04 9.381883504458121367e-05 8.238729932668639830e-05 7.887940870533250489e-05 6.866758492584666186e-05 5.422678730246291418e-05 4.749060620001478098e-05 4.047243199783162598e-05 3.554923556911364200e-05 2.398357109365293564e-05 1.797497835088119917e-05
5.701437833916278867e-04 4.611862595030726073e-04 3.571156377200667212e-04 2.868744345334398884e-04 2.368924803303683563e-04 1.921909434726876587e-04 1.622328753224594000e-04 1.420079453931990122e-04 1.207512677536178443e-04 1.073917153057120984e-04 9.400677275955895962e-05 8.224545062182907250e-05 7.880387298463610200e-05 6.908410861793824319e-05 5.460270655030929080e-05 4.742400254357919000e-05 4.024385098435712631e-05 3.462048516273990206e-05 2.318186437118978743e-05 1.766762475831073093e-05
5.710652042646551527e-04 4.616724781140224337e-04 3.580253014763883296e-04 2.877937033929075052e-04 2.381939656447552530e-04 1.925761236336214280e-04 1.629175798293864619e-04 1.425238492335790521e-04 1.209621226507001684e-04 1.072748899686855827e-04 9.417546559078893045e-05 8.261655216888500667e-05 7.910942391072209464e-05 6.919606480965652200e-05 5.497868411388519814e-05 4.815033519816022857e-05 4.139520046501925812e-05 3.641454762918344950e-05 2.453224513071306236e-05 1.794399216136131916e-05
5.705202292110222659e-04 4.617427172449741998e-04 3.579136054994787493e-04 2.884579024864546474e-04 2.384002168504345217e-04 1.928568332706034351e-04 1.630735287722000324e-04 1.427064889330834584e-04 1.213714353224651962e-04 1.072407372219254978e-04 9.403781368962580431e-05 8.228141864814941190e-05 7.889600154139531898e-05 6.863678109968104077e-05 5.415864129106189197e-05 4.772571373943878197e-05 4.071394593571960724e-05 3.570611999347609287e-05 2.368252362784166963e-05 1.806147914751897926e-05
5.708938366900005376e-04 4.620840095606187112e-04 3.581515445587065251e-04 2.879287514425144532e-04 2.376770708909385675e-04 1.924040851553465291e-04 1.624200105509146410e-04 1.421383261087387137e-04 1.207949011484990792e-04 1.070059325620849506e-04 9.416750828035440498e-05 8.271657904351844138e-05 7.939811904237597411e-05 6.906601351791883227e-05 5.439857981506723887e-05 4.778907483655703530e-05 4.081540806403360114e-05 3.533089389243620869e-05 2.363278914870550236e-05 1.777506740617864603e-05
5.710164877661378464e-04 4.616854309553292926e-04 3.577196420505733467e-04 2.876439921987548757e-04 2.376281099754233355e-04 1.922911234419127035e-04 1.624688616520563497e-04 1.421232477410387240e-04 1.205377923816683649e-04 1.069401429174471395e-04 9.387528985379678533e-05 8.218365901182337892e-05 7.875348273785217051e-05 6.855461771642436556e-05 5.401692059271961509e-05 4.729389857003250504e-05 4.002114319571288461e-05 3.468545820922833606e-05 2.341368106913567330e-05 1.759137602750010033e-05
5.710412865451267072e-04 4.621921564891571859e-04 3.575025270195837288e-04 2.881103859503248723e-04 2.383689035760791985e-04 1.929712258300162332e-04 1.631736329744057367e-04 1.427066620608188050e-04 1.212313828871164540e-04 1.070167170866844180e-04 9.414658652041817360e-05 8.260512089562353538e-05 7.895559572785362237e-05 6.896692242728504399e-05 5.453927431267474872e-05 4.774785254772606201e-05 4.074783768222482272e-05 3.559360230361139390e-05 2.392630199031440567e-05 1.795399582603278215e-05
5.694521320722702434e-04 4.601762369129907648e-04 3.568069343615563730e-04 2.872511589260866240e-04 2.373876873762538258e-04 1.920494457251414920e-04 1.620974628000972258e-04 1.416750081272757499e-04 1.203202366935520736e-04 1.064626921364260652e-04 9.337246786087470291e-05 8.199553053692319412e-05 7.850688961779381594e-05 6.837565855346311341e-05 5.388334867691923190e-05 4.716709614372367650e-05 4.051055624837383569e-05 3.525207419674009502e-05 2.301085039033323634e-05 1.687525847790822268e-05
5.704409003078141603e-04 4.616384447362896254e-04 3.578494836608244801e-04 2.876204730988991820e-04 2.380358472967762727e-04 1.930380553936991532e-04 1.622062846622306619e-04 1.419748557436342176e-04 1.205814498383247959e-04 1.069328709462808195e-04 9.402191771540243650e-05 8.276473846082919774e-05 7.917924945106890005e-05 6.892755296666227259e-05 5.457906615107302982e-05 4.789823071190350129e-05 4.076083205304780865e-05 3.576480618688742834e-05 2.417965394841984305e-05 1.806508414276377842e-05
5.706831838354469713e-04 4.619277237959049901e-04 3.576544211676199866e-04 2.874676117536990936e-04 2.373092257446303736e-04 1.923161484316238644e-04 1.625331778529121908e-04 1.424632285300124403e-04 1.208701066816221406e-04 1.068130346969171961e-04 9.394503018060124588e-05 8.257730208027835915e-05 7.934396470009280166e-05 6.915025801840374851e-05 5.472362951688777328e-05 4.799227077407262172e-05 4.082600267834655662e-05 3.561104799568354012e-05 2.365629412518882965e-05 1.766480187196684613e-05
5.707932075658569667e-04 4.617139790731155931e-04 3.573109499808237752e-04 2.873158383727883567e-04 2.375726583105130033e-04 1.926387417727041000e-04 1.626154915083521263e-04 1.423364576307602864e-04 1.209916616775579402e-04 1.070779337291877779e-04 9.390233919934346852e-05 8.241643598379299121e-05 7.888595370870037950e-05 6.876668867553964871e-05 5.424578507591382414e-05 4.768784413830957870e-05 4.088453356532934690e-05 3.569999266393330297e-05 2.369752567775534034e-05 1.777092350352005938e-05
5.706556931424634467e-04 4.619343824138686912e-04 3.575553929496157863e-04 2.877880871113850303e-04 2.377433996914122139e-04 1.922692413845277209e-04 1.623255176077078633e-04 1.423465122476637562e-04 1.209632562176479016e-04 1.069344454041880766e-04 9.396749370963808964e-05 8.246322469658851084e-05 7.907998223381861958e-05 6.884704962221775248e-05 5.420728458578996293e-05 4.748052991827059313e-05 4.063853114540094940e-05 3.536665415055472827e-05 2.392814328272920617e-05 1.778941211493736561e-05
5.701620678165770411e-04 4.610850134209750189e-04 3.570121625546865385e-04 2.867233913301031004e-04 2.370361199220788711e-04 1.923418792735124053e-04 1.625671854216202412e-04 1.426448134996263707e-04 1.212091376372809377e-04 1.071242447889758322e-04 9.389104215783235956e-05 8.228542943579329728e-05 7.881852332736130758e-05 6.878398181881133287e-05 5.455991858223264849e-05 4.786097454842105339e-05 4.078128381464293811e-05 3.562532467946522387e-05 2.419146102121929378e-05 1.816240816533230270e-05
5.697392226045211753e-04 4.613147626148641567e-04 3.572143777992203059e-04 2.872104936965354585e-04 2.376125862411082308e-04 1.929182758360984133e-04 1.627988802809862288e-04 1.421669981737598413e-04 1.206252514825258213e-04 1.068392167862623743e-04 9.399521966040523221e-05 8.270585706008514891e-05 7.939314853343133998e-05 6.923360911210082471e-05 5.484887125443707942e-05 4.826777455408601405e-05 4.127711613745350006e-05 3.571297140172227771e-05 2.390704142200890622e-05 1.802206479749856517e-05
5.707543198714795955e-04 4.618961702197429205e-04 3.576868996549103738e-04 2.878409322626813678e-04 2.380032599315056862e-04 1.927748031558047966e-04 1.627738740196387087e-04 1.423042272442476416e-04 1.209816815868730274e-04 1.073254647647241494e-04 9.429637951351850479e-05 8.271262157289347382e-05 7.915197549979964629e-05 6.860580950851012205e-05 5.410326870152198394e-05 4.756874449337368413e-05 4.045033885602994004e-05 3.518222845584316076e-05 2.345104315562132193e-05 1.749220815271243764e-05
5.707704910425234410e-04 4.619940745769258203e-04 3.573469106283060819e-04 2.873212627389430652e-04 2.376359119823125414e-04 1.924899881152095072e-04 1.626355428879941662e-04 1.421954654304787881e-04 1.207571564619274894e-04 1.068923234431138101e-04 9.391554238863422080e-05 8.241921979696976682e-05 7.903995705349672852e-05 6.913894492105584436e-05 5.460396093278843129e-05 4.755696524714830652e-05 4.050946320632528732e-05 3.559439677309743518e-05 2.424400691664023449e-05 1.834514298522180181e-05
5.706392289470813006e-04 4.616828776279494149e-04 3.572829029058002554e-04 2.877620116768738238e-04 2.379626848708179989e-04 1.927412015243841383e-04 1.626862028006802955e-04 1.421369554929333731e-04 1.208111375667380498e-04 1.071350318446313393e-04 9.404521619820042672e-05 8.260605649857482246e-05 7.927511078487170309e-05 6.942025094864822375e-05 5.494075164824277149e-05 4.805198593328364142e-05 4.094877707190380740e-05 3.575284555524857314e-05 2.376179077951216925e-05 1.792772500628863979e-05
5.712005191024894070e-04 4.622936528288019357e-04 3.578254008011886624e-04 2.876385915895900863e-04 2.377144267748564023e-04 1.927095605178638410e-04 1.629550146791917552e-04 1.424474275717520113e-04 1.211721624748468340e-04 1.071503765256631219e-04 9.402718778621976044e-05 8.270415835880646853e-05 7.935256728664841046e-05 6.927362413507418850e-05 5.479478876449721638e-05 4.800592297078299796e-05 4.085713148128706525e-05 3.583168999041299360e-05 2.419128121254368163e-05 1.844497341605802316e-05
5.704372984977737265e-04 4.617962817890246719e-04 3.579126788902098886e-04 2.876973579393043968e-04 2.375486970399083738e-04 1.926581853036201698e-04 1.627980694823361128e-04 1.420532975431877914e-04 1.208444714585916731e-04 1.070233642705404573e-04 9.394039583441656665e-05 8.234050485271705985e-05 7.897317684500970985e-05 6.863201067755748746e-05 5.390310684054413148e-05 4.730765543703039435e-05 4.052509268885981118e-05 3.534950411532399169e-05 2.333983693460859324e-05 1.746288881161635060e-05
5.709608500068867306e-04 4.618008423738674409e-04 3.577712777443717187e-04 2.877888559541880924e-04 2.379378541333014086e-04 1.925956487524055512e-04 1.626163807683808041e-04 1.421279672665305737e-04 1.207737892575869837e-04 1.064090778647449969e-04 9.331902723861840306e-05 8.197587274663823743e-05 7.852761880478252305e-05 6.816493338137614283e-05 5.344799143868653819e-05 4.682477857673075349e-05 3.973566761029941150e-05 3.435806323680417202e-05 2.312539916359461983e-05 1.756073457539806569e-05
5.711799356315231052e-04 4.620128237103441628e-04 3.575395064502784499e-04 2.873939635609411508e-04 2.373792838439695604e-04 1.925677486267466005e-04 1.626896749536842386e-04 1.425447492842775638e-04 1.210518534956920667e-04 1.069345123478612970e-04 9.399740607918414192e-05 8.258774128154801309e-05 7.919227651263277448e-05 6.910757770392232549e-05 5.459809875280197128e-05 4.784988747599029532e-05 4.071249450816355638e-05 3.531263538977476752e-05 2.384498442639267136e-05 1.809468131160367807e-05
5.707486784502533795e-04 4.619544693956981890e-04 3.578946750324168849e-04 2.878932043225300354e-04 2.377657127048115335e-04 1.927940071253570376e-04 1.628166217220685839e-04 1.423519204663719663e-04 1.208212102738112355e-04 1.067588928419840449e-04 9.378755780756440903e-05 8.243536929824276261e-05 7.897008954470204111e-05 6.888992806983849243e-05 5.421819754832752432e-05 4.756810373019776026e-05 4.024838971900862236e-05 3.502691571458845248e-05 2.336584766655039680e-05 1.730883217005287582e-05
5.716601511845997635e-04 4.624363635561881268e-04 3.576770400673003731e-04 2.882996235636046132e-04 2.385647179055965981e-04 1.930717037127073639e-04 1.627881473606613530e-04 1.427802104466714943e-04 1.209002840587753601e-04 1.070430452148461747e-04 9.404475688569197567e-05 8.268013808448324779e-05 7.928712691566565493e-05 6.924540678817506299e-05 5.484973271331627253e-05 4.792530267312050050e-05 4.059007631323114800e-05 3.542162188432411885e-05 2.360252806694593646e-05 1.785235955433347855e-05
5.709198974030896918e-04 4.619229191238649352e-04 3.577979379431040202e-04 2.879321020101567445e-04 2.379871532067603717e-04 1.927560032357285345e-04 1.627287929794664649e-04 1.423299172208033906e-04 1.210135066883287334e-04 1.063323443521330418e-04 9.332287139970479308e-05 8.189978845890819893e-05 7.860281349232745962e-05 6.887537488865163682e-05 5.428981534022944260e-05 4.757980420462394155e-05 4.049177307475719360e-05 3.531411756710056682e-05 2.366278368381035901e-05 1.730013618807275521e-05
5.710966557961522951e-04 4.621470700839286697e-04 3.579890960241582606e-04 2.878989788953916396e-04 2.379249043050452961e-04 1.927442989806339886e-04 1.627320801134713986e-04 1.428706043779773716e-04 1.213338235947145343e-04 1.072197558581212555e-04 9.423647995734515893e-05 8.259911313650720186e-05 7.923598589319357703e-05 6.898312656517209334e-05 5.431848121177344253e-05 4.752799312030674968e-05 4.032471578817613587e-05 3.512638468489370319e-05 2.350058219524600107e-05 1.801168728747580975e-05
5.706452487236135865e-04 4.616099887733982055e-04 3.572294350992102734e-04 2.874461699029673585e-04 2.372756286493359914e-04 1.921580121239403326e-04 1.622454184139813756e-04 1.422078109419335477e-04 1.211353053648546978e-04 1.071161698635269129e-04 9.399826636604885033e-05 8.260341069802343630e-05 7.914728817915553968e-05 6.882964282310742154e-05 5.427650753652855166e-05 4.748367059928735559e-05 4.033080175560270616e-05 3.524168555048248812e-05 2.369533381147848880e-05 1.794441089625332830e-05
5.708403974185339300e-04 4.614801618478483352e-04 3.571243680567776058e-04 2.874242114417977097e-04 2.376957181103659376e-04 1.926459089330885132e-04 1.626947435629389881e-04 1.421291164707105792e-04 1.206606525439155091e-04 1.065104852755206902e-04 9.350986545731860568e-05 8.213110427072436905e-05 7.885974556555739668e-05 6.863914020008551387e-05 5.419795271662157326e-05 4.766620503693775983e-05 4.051196110107470794e-05 3.511842923759258422e-05 2.350453291710315410e-05 1.768122734104647943e-05
5.715000102473242159e-04 4.621283442740770379e-04 3.578109347465806126e-04 2.875777944195421544e-04 2.376300941794768664e-04 1.927331326310743626e-04 1.627414793255759135e-04 1.425703761473228826e-04 1.211995719251816146e-04 1.072428632472772640e-04 9.430923318737887882e-05 8.283870031686558306e-05 7.921125014131709472e-05 6.891107693887620045e-05 5.424700176445612561e-05 4.754759867811474323e-05 4.060183557032117187e-05 3.554579939395664161e-05 2.354318254049272578e-05 1.745556080075789406e-05
5.710832411294722993e-04 4.619220857442324336e-04 3.575449855097232572e-04 2.875440180779273219e-04 2.375700473112668737e-04 1.923621667784390535e-04 1.625727082164773671e-04 1.422927559177541990e-04 1.209082594780033353e-04 1.069685724801619861e-04 9.391724260423635784e-05 8.265182669324523689e-05 7.918106654216649771e-05 6.912983457551402514e-05 5.436731495018323247e-05 4.757060933323767549e-05 4.051499966096999510e-05 3.543821800297124067e-05 2.374309112534641746e-05 1.764028631758961596e-05
5.713942485314588930e-04 4.628024977463587289e-04 3.585127311335462963e-04 2.884577518513465277e-04 2.380766639021445928e-04 1.928248391171404866e-04 1.627268972030437117e-04 1.423548290443221785e-04 1.210852154588352184e-04 1.072071091715024236e-04 9.422567481306917952e-05 8.275240647320293889e-05 7.918048746516499184e-05 6.881007782540654691e-05 5.415898780471125652e-05 4.735241460692859951e-05 4.025269265256959159e-05 3.513584323697130504e-05 2.387689302113127913e-05 1.819579792918095496e-05
5.703930275600170791e-04 4.616110532863792245e-04 3.576279643654908477e-04 2.878041379605015952e-04 2.378430763573991967e-04 1.924975557344144029e-04 1.624475179593852330e-04 1.421356187201129248e-04 1.206916284275752368e-04 1.070053991957513887e-04 9.420197312896487582e-05 8.284776961306475275e-05 7.904173212060845895e-05 6.883191312796945610e-05 5.447815170019841254e-05 4.787196204601516764e-05 4.090992729462599077e-05 3.539386197793188075e-05 2.330993204423332030e-05 1.766174551582174379e-05
5.710255014973265918e-04 4.624094703662261089e-04 3.578357514727006135e-04 2.873770969540858288e-04 2.379513612403368235e-04 1.929378858521376696e-04 1.626068500619510138e-04 1.423547391934974814e-04 1.209127271714990513e-04 1.074366296687281886e-04 9.412628596404226764e-05 8.252214034682755052e-05 7.905447131949434360e-05 6.885846512798930318e-05 5.416499658650923780e-05 4.741650325237713664e-05 4.054683545026577940e-05 3.569220043203693074e-05 2.378859939067069602e-05 1.797194062827944743e-05
5.710850612008094331e-04 4.621384271362901633e-04 3.579648798985240001e-04 2.880882498607419974e-04 2.383169255922783323e-04 1.929319688340506642e-04 1.629693459905863105e-04 1.428694918738561837e-04 1.213769550219271118e-04 1.072669238756710609e-04 9.393493394170512629e-05 8.246767450846140865e-05 7.900083450026882314e-05 6.845595015608942199e-05 5.384400922943252058e-05 4.720086047015343135e-05 4.006792230994186765e-05 3.485054522985532366e-05 2.332823420015486566e-05 1.773889400941163798e-05
5.707757493243410026e-04 4.615114076196947320e-04 3.570648689626771321e-04 2.874846958984434309e-04 2.379904116570504241e-04 1.924772939229604405e-04 1.624327359623584717e-04 1.423932313777039873e-04 1.211948025874695254e-04 1.072800731555718673e-04 9.410830000921590298e-05 8.268852312387298738e-05 7.904312913390826008e-05 6.873349351908659391e-05 5.460962222474882190e-05 4.828654387688223606e-05 4.113139629228209444e-05 3.555894662098578148e-05 2.387802798515970901e-05 1.785792640921683803e-05
5.711555826113681690e-04 4.620496590651636845e-04 3.574416130214278994e-04 2.878113336701072365e-04 2.378890599523090122e-04 1.927479504706709756e-04 1.628451437746112793e-04 1.422906874947983897e-04 1.206297312846892165e-04 1.067373729648838894e-04 9.377229236594419458e-05 8.229206653243920306e-05 7.883016373484222892e-05 6.886547308149056589e-05 5.444375230235445911e-05 4.781251893189689969e-05 4.033823018490442081e-05 3.510817913605690293e-05 2.346356894919165564e-05 1.752274728788902214e-05
5.704810754299350457e-04 4.617856951721383170e-04 3.574267195495115434e-04 2.875760337815539422e-04 2.378493505188141073e-04 1.926123018552702360e-04 1.626287181233911853e-04 1.420859835167298014e-04 1.208121328386970003e-04 1.068615979792956702e-04 9.375860505202962981e-05 8.246663936389152141e-05 7.919531246027173026e-05 6.928534010562962479e-05 5.505529060058271480e-05 4.817767393091730750e-05 4.081498545121139526e-05 3.563738654430210513e-05 2.401989736331907737e-05 1.791112778065432522e-05
5.709334632742440845e-04 4.620282689551497251e-04 3.576215361349603986e-04 2.875831892933169705e-04 2.374445705928813870e-04 1.922789138864723483e-04 1.623480924805275065e-04 1.421631866582172851e-04 1.209217760932920657e-04 1.072334670972657138e-04 9.417214596363106662e-05 8.243550081220887534e-05 7.912850470581397173e-05 6.898003982817479572e-05 5.452357818756671905e-05 4.785492319343220239e-05 4.074910950901182259e-05 3.563457183023360049e-05 2.379474974701416021e-05 1.806549548932349811e-05
5.705652229684138972e-04 4.615511198592832918e-04 3.574432841662374561e-04 2.874097425048395397e-04 2.376148981441843287e-04 1.927137238721891421e-04 1.625573136001984037e-04 1.420678087072337005e-04 1.206688557433311808e-04 1.065705402067283671e-04 9.366931379069615919e-05 8.221769465595919486e-05 7.851412721476278618e-05 6.860320565962308695e-05 5.420806933032129631e-05 4.743598978096408032e-05 4.059576857004681835e-05 3.560920568529465365e-05 2.395584926059770182e-05 1.805461433118997033e-05
5.701932908742815640e-04 4.618317886878993894e-04 3.575295833233592727e-04 2.876264052916749228e-04 2.375785477973215093e-04 1.926255295387747067e-04 1.626259315813044298e-04 1.423431001197082756e-04 1.207466706761408027e-04 1.068225728385665814e-04 9.374219785055620813e-05 8.233701713375026431e-05 7.889231310173293863e-05 6.871909119308454114e-05 5.397210404071247134e-05 4.714463870617439695e-05 3.999945475992964529e-05 3.536637674923761492e-05 2.396963642359448214e-05 1.813761149334639568e-05
5.701393349906681233e-04 4.616234818371576652e-04 3.572610253839120882e-04 2.870292436853020862e-04 2.373547942464162804e-04 1.921734304409688295e-04 1.622698707657822749e-04 1.420088077940108808e-04 1.207397927925431724e-04 1.066419796146989815e-04 9.389764881371287844e-05 8.209012852079277159e-05 7.875129097603266208e-05 6.857167013620663575e-05 5.423149803281413628e-05 4.786780976215863383e-05 4.066978480892079911e-05 3.532400240606764377e-05 2.343963873640791235e-05 1.750152586486136122e-05
5.714709310063130878e-04 4.617915419072405681e-04 3.577130845535136136e-04 2.874795618935013894e-04 2.375560448543134469e-04 1.925893202934987364e-04 1.625015955867753817e-04 1.423762102855900412e-04 1.210509228769836700e-04 1.071471101997701898e-04 9.424017924557936314e-05 8.289923335708806822e-05 7.954207235726384894e-05 6.948217724960814871e-05 5.441322656290814618e-05 4.739739414070951790e-05 4.037071346696937069e-05 3.518478300817625570e-05 2.335115679806833134e-05 1.785271595826079451e-05
5.703781216822994020e-04 4.612831622224594728e-04 3.570317188429026874e-04 2.869268722519973118e-04 2.374516768405222824e-04 1.924146100631366364e-04 1.628352218664205894e-04 1.422471326317768130e-04 1.208093402413759686e-04 1.068731548804478543e-04 9.412376569375967836e-05 8.256191125194649750e-05 7.931225237930091833e-05 6.910202998693305192e-05 5.469713245973655387e-05 4.762918326046692213e-05 4.013730264890745319e-05 3.506650857635716098e-05 2.354255032795043919e-05 1.774155432718186191e-05
5.709100182585178469e-04 4.617021408511935883e-04 3.572033224273679012e-04 2.872533286748591482e-04 2.373969827091050784e-04 1.921734019974904084e-04 1.621476642528481922e-04 1.418841619300276809e-04 1.207021821214056951e-04 1.066251181686090428e-04 9.382812808036277298e-05 8.273355413545236336e-05 7.914965104750035891e-05 6.856377600717960380e-05 5.447821454832041675e-05 4.755172000286657851e-05 4.060196710629534865e-05 3.535478688083645745e-05 2.358688044399643406e-05 1.727261516942921773e-05
5.710947146427640918e-04 4.622869328089671795e-04 3.576762011534986656e-04 2.879065921087555174e-04 2.378910878258925306e-04 1.926028010631558552e-04 1.625783546088012811e-04 1.419956551048511559e-04 1.206761751655885173e-04 1.067745546290891067e-04 9.373578954622383398e-05 8.213525708157438400e-05 7.877973023322722471e-05 6.868094546500865167e-05 5.424306159607610164e-05 4.739614090454428329e-05 4.025546673111724200e-05 3.516409270058663166e-05 2.341624883795059159e-05 1.697533560336216376e-05
5.709011293036407803e-04 4.621805569451449200e-04 3.577069054076204122e-04 2.878233908873585449e-04 2.379798966737810490e-04 1.924264299472682892e-04 1.625412402348253200e-04 1.422921497497592227e-04 1.207165247380817904e-04 1.067975602895591204e-04 9.409106854804276171e-05 8.261086944111298747e-05 7.904757826829204653e-05 6.899890896966161659e-05 5.419575293448757009e-05 4.748767160241372509e-05 4.067185092884281392e-05 3.574948874756586929e-05 2.401299119321890553e-05 1.803273172157579979e-05
5.708364654938737201e-04 4.616669201542502200e-04 3.576034229619807722e-04 2.873073042718709831e-04 2.375021297272579654e-04 1.926439954684809944e-04 1.627330414822662460e-04 1.424952838101971558e-04 1.210027089865378045e-04 1.069940565460910102e-04 9.402226574796207666e-05 8.244063456092336900e-05 7.914711864722494511e-05 6.892790436541413896e-05 5.447907370775972874e-05 4.783766169823877351e-05 4.071700887788358653e-05 3.548816654100019123e-05 2.363080152602251054e-05 1.793708138283005182e-05
5.714846377391245629e-04 4.624379273543526556e-04 3.580180869284304234e-04 2.877513636649907435e-04 2.381281300164045107e-04 1.928728411173567738e-04 1.626744996391671111e-04 1.423086611329992381e-04 1.208619431720112293e-04 1.069172481937977686e-04 9.368384148054055235e-05 8.183175950428443898e-05 7.816532975022246973e-05 6.801333606939685369e-05 5.391251097566368566e-05 4.702476589180873011e-05 3.991504364655237559e-05 3.502594255850169163e-05 2.297060005982222699e-05 1.709203678182603703e-05
5.710325901516667560e-04 4.624049864356529144e-04 3.578184126457398251e-04 2.880226097031809290e-04 2.380891651993646623e-04 1.927050380770413494e-04 1.626349246192026153e-04 1.422126225915605949e-04 1.208925604390670964e-04 1.066694233218929387e-04 9.354330651539864271e-05 8.188434956226576134e-05 7.846903713607662723e-05 6.845097341271017487e-05 5.413754246538456973e-05 4.757030372843322604e-05 4.057426892643997663e-05 3.534097206998291514e-05 2.371823146503473627e-05 1.747829170681156280e-05
5.713310338944821735e-04 4.622082090405425022e-04 3.576921339202452851e-04 2.876505920832396674e-04 2.375856134255481869e-04 1.926760582428694538e-04 1.626235532437511090e-04 1.425474804753302876e-04 1.210333983781356604e-04 1.070886986444249072e-04 9.388994404176374288e-05 8.242065118997576249e-05 7.872057230688527809e-05 6.852522441788236091e-05 5.411904579150760431e-05 4.737755999441248527e-05 4.045390216526727618e-05 3.548863266901817733e-05 2.375750752445873499e-05 1.772463325884024465e-05
5.710282854525406283e-04 4.613768195667792920e-04 3.573010520883923287e-04 2.878362480840520265e-04 2.378110188614483364e-04 1.924081899829528772e-04 1.629554930559292021e-04 1.428724300178877771e-04 1.210181628613916487e-04 1.064188382035909645e-04 9.333948914080519345e-05 8.216468527720372438e-05 7.870456122618707572e-05 6.819060457200481356e-05 5.429636400127173419e-05 4.780454278650479380e-05 4.072619076656744895e-05 3.541784697786124234e-05 2.392721641947610341e-05 1.801177557423911971e-05
5.704474724634407343e-04 4.610802839427197023e-04 3.565667658361131682e-04 2.866333170160927438e-04 2.368621436712438572e-04 1.919130934949543090e-04 1.620359786783225357e-04 1.418963216122360541e-04 1.202815917087828376e-04 1.064921546668632702e-04 9.355669961921675014e-05 8.208225894381158798e-05 7.835698568997670910e-05 6.824842194566125978e-05 5.423410611916112977e-05 4.750174329386473574e-05 4.041607326503925227e-05 3.532697650695488736e-05 2.378907727593549331e-05 1.793686907579376125e-05
5.703976539904465895e-04 4.614230812587797920e-04 3.574976797176177717e-04 2.874256186672537183e-04 2.375314180661170437e-04 1.924060008278099621e-04 1.623447006460459585e-04 1.419503657682744547e-04 1.204081875040023317e-04 1.060583026131236938e-04 9.320026107837100116e-05 8.187433376806035900e-05 7.876909070462433061e-05 6.819253003174157390e-05 5.353171027149709394e-05 4.684801566521862320e-05 4.025393491141241549e-05 3.551419796149767771e-05 2.385507012724628949e-05 1.773801941416210321e-05
5.706228443039689825e-04 4.612339043045511297e-04 3.571125199694899694e-04 2.875466576495065360e-04 2.373092814126697521e-04 1.918576386106154823e-04 1.622278415954239695e-04 1.419490086354061032e-04 1.206323486794663827e-04 1.067894838326317793e-04 9.388027905510756940e-05 8.235855680710037262e-05 7.895800051543435988e-05 6.901044349703067669e-05 5.463805373575823506e-05 4.803045493157876279e-05 4.096831487459843212e-05 3.594412218506468516e-05 2.429208386167181540e-05 1.850355974923524960e-05
5.706428479352719128e-04 4.619011037133579647e-04 3.574659245187128409e-04 2.872595021342500281e-04 2.371639332717036849e-04 1.925030714585144358e-04 1.627077933720032384e-04 1.425603135978790461e-04 1.211692789081616399e-04 1.073815281575058155e-04 9.442945694271109955e-05 8.257854683708643051e-05 7.909219030278639507e-05 6.895157427769276664e-05 5.449798274041162783e-05 4.766740999130907372e-05 4.080844443252078707e-05 3.548959373782153417e-05 2.381455602884729973e-05 1.789316056265633696e-05
5.709529145805183111e-04 4.622932293768734118e-04 3.576211987470652161e-04 2.875188773969561493e-04 2.377936291258049778e-04 1.927188298640432947e-04 1.628723352195582971e-04 1.426227571437671071e-04 1.210582913370558715e-04 1.072829378567885614e-04 9.429622209102769034e-05 8.275661524480714575e-05 7.931015027355924627e-05 6.890249328992732345e-05 5.444497985787225225e-05 4.781911407786010462e-05 4.080157941463759816e-05 3.556139399802433798e-05 2.391357819839304017e-05 1.784601342333104164e-05
5.711997678947268540e-04 4.614237870692423850e-04 3.571866668713048190e-04 2.876101184427972291e-04 2.377999639318775327e-04 1.928377113831212305e-04 1.630688696944675024e-04 1.424613395837875257e-04 1.207276298907162984e-04 1.068699229816036313e-04 9.384972003467957364e-05 8.246223231141547696e-05 7.904006991373378071e-05 6.883513673545547853e-05 5.436232900444736910e-05 4.786963413233781160e-05 4.081795458358139625e-05 3.547462073458078086e-05 2.399978722799863120e-05 1.806442846953928305e-05
5.714390356940400378e-04 4.621352626823821592e-04 3.574661230356054897e-04 2.876474980301085057e-04 2.380106969023497996e-04 1.927768289640032883e-04 1.628329207219486228e-04 1.423698149936067185e-04 1.211094043386871748e-04 1.069035350245318424e-04 9.391922845879989890e-05 8.267383148123663185e-05 7.926891454637692981e-05 6.902446021900080235e-05 5.452145247266412895e-05 4.775659637617167395e-05 4.060804399054872694e-05 3.569113800077792706e-05 2.378528504983028734e-05 1.783936706705147409e-05
5.714270108641394518e-04 4.625239482522082576e-04 3.576905987478126410e-04 2.877829478576103702e-04 2.378412811359834457e-04 1.927345780412414880e-04 1.629622422437945251e-04 1.424140569169982096e-04 1.208601794581571747e-04 1.070207658244614653e-04 9.392689128417754693e-05 8.225000516838330649e-05 7.893238976136533595e-05 6.872055225453652723e-05 5.441675330264521959e-05 4.786020141087129055e-05 4.059393466095924044e-05 3.546398009907758943e-05 2.347095663704028528e-05 1.792839101128574302e-05
5.710353278016300346e-04 4.616887873490259581e-04 3.572493983936100609e-04 2.871603786278775403e-04 2.374511350819358312e-04 1.924176802489001347e-04 1.623116258707152512e-04 1.417559975800772201e-04 1.206839709233916899e-04 1.067837256250334321e-04 9.385000321944394867e-05 8.248218730801759417e-05 7.876871709129662296e-05 6.892541315581687214e-05 5.452285376265526297e-05 4.730727136827367688e-05 3.998429532561952504e-05 3.457942079722826819e-05 2.300449384266949149e-05 1.744692586260505405e-05
5.712890351215598470e-04 4.628069249214876121e-04 3.582885237022402202e-04 2.881719359850260192e-04 2.383658480218105277e-04 1.930316542028506126e-04 1.628556016301978618e-04 1.424554772376250328e-04 1.210071858224001260e-04 1.070062187107852258e-04 9.391886894542017994e-05 8.242766555708707895e-05 7.945725346656321703e-05 6.920360117949661397e-05 5.459776560065391775e-05 4.789031123080157167e-05 4.077659204503106667e-05 3.564549892705675495e-05 2.406726216836665169e-05 1.789771716456589401e-05
5.716291060048453486e-04 4.619888365525736686e-04 3.579096265003422236e-04 2.878185891471455259e-04 2.379064668099397381e-04 1.931262207480620083e-04 1.628701774954200722e-04 1.426363247798590340e-04 1.208373083704687359e-04 1.066646071234209753e-04 9.373703767457321917e-05 8.198561855979094831e-05 7.844531933045887045e-05 6.864053668458780955e-05 5.452796991464589426e-05 4.795256562609085722e-05 4.068149087891267143e-05 3.531923233170273688e-05 2.382054140198242161e-05 1.779758667889453098e-05
5.707204975452645750e-04 4.620259963331815618e-04 3.576795003157769420e-04 2.875624383475240730e-04 2.380347053942529964e-04 1.927220659841557095e-04 1.626729745725972824e-04 1.426066120146791797e-04 1.209447050266077321e-04 1.066920709567474910e-04 9.386197942489609997e-05 8.257810434669875645e-05 7.896734992195931948e-05 6.918831962025248107e-05 5.459550516863953979e-05 4.776229291290873908e-05 4.048857498956183226e-05 3.507277652258830846e-05 2.325201198398108550e-05 1.757836803418056455e-05
5.707525475642341887e-04 4.616351603166946060e-04 3.570646590327444282e-04 2.872931244107622254e-04 2.376456754853933202e-04 1.923145146751207885e-04 1.619395958669801023e-04 1.421334515381813732e-04 1.206454087611566987e-04 1.069668663461936016e-04 9.403024567342095727e-05 8.226279047915330473e-05 7.865765519080575980e-05 6.843648781528722191e-05 5.373269378173060564e-05 4.661756181223515225e-05 3.967692310614089475e-05 3.495066744786192207e-05 2.382334203843171539e-05 1.823760092124625698e-05
5.713501652618086695e-04 4.619857229188099814e-04 3.577016453470803362e-04 2.876974713635623384e-04 2.377448874449575192e-04 1.925682020795131471e-04 1.624407494867600044e-04 1.420861932918040117e-04 1.208951841397567741e-04 1.072839925277411973e-04 9.402149539665670712e-05 8.265363802119723145e-05 7.907775693840720581e-05 6.878027642263299501e-05 5.412534339043792539e-05 4.731980593667996080e-05 4.045032303472521093e-05 3.548962442782136492e-05 2.399765850054811039e-05 1.785904902463390716e-05
5.708904819618929255e-04 4.618841341833058761e-04 3.575837418999747988e-04 2.876449318539737445e-04 2.378594354488023830e-04 1.927475541923980571e-04 1.631242371034494828e-04 1.423643278755558556e-04 1.211873350669891728e-04 1.074233297931849126e-04 9.454469676704027245e-05 8.286598046697362882e-05 7.939817796758342030e-05 6.934429340165066400e-05 5.493552652061606901e-05 4.812935650323823205e-05 4.080731440493808298e-05 3.557006511054319124e-05 2.358489646177484869e-05 1.744156227122822206e-05
5.700995866993948140e-04 4.611419087035252768e-04 3.569953116473654456e-04 2.874250963219653304e-04 2.377270614251738082e-04 1.927706426777017323e-04 1.625867575668494668e-04 1.424938816403769888e-04 1.212006437877604655e-04 1.069979385389555293e-04 9.416734808710966801e-05 8.269088476596671809e-05 7.914883016348253479e-05 6.909980616718686347e-05 5.452222731455056223e-05 4.773310133769021802e-05 4.061983678965795636e-05 3.532825897080465105e-05 2.382344915488370847e-05 1.787111011089934011e-05
5.707014741477187646e-04 4.616365940104412815e-04 3.572128949200326455e-04 2.871186526733254850e-04 2.372290692973931157e-04 1.923044649961792776e-04 1.625895173367278030e-04 1.422241994600219708e-04 1.211075593698560218e-04 1.070129351365449932e-04 9.421094705798199861e-05 8.270863066995650661e-05 7.884795470845835247e-05 6.878939870376493085e-05 5.406279876888747107e-05 4.713141215977991795e-05 4.007986401185797720e-05 3.493229910629519610e-05 2.354987135244054002e-05 1.778334748985066106e-05
5.711328778344070727e-04 4.623637635985928087e-04 3.576709764764291030e-04 2.874600160333611780e-04 2.377051125714325377e-04 1.927189142755791071e-04 1.628307400818904767e-04 1.423396604039153443e-04 1.208154305487998742e-04 1.070302199371562390e-04 9.403953709769312874e-05 8.241379241428494450e-05 7.905562215025687127e-05 6.894684151590330665e-05 5.452939077372589066e-05 4.767098006725699447e-05 4.088005774637159672e-05 3.566013030625981526e-05 2.395282657643588175e-05 1.781463206846310292e-05
5.705482339844428642e-04 4.619983698706055285e-04 3.575407152447179944e-04 2.879917931290151291e-04 2.382129344139839754e-04 1.928371550425842505e-04 1.625740820833474084e-04 1.421142961892705536e-04 1.207270744641196286e-04 1.066783692134521945e-04 9.372597485103470938e-05 8.245206338368534730e-05 7.906468058796650483e-05 6.894678274214163804e-05 5.407184794637377918e-05 4.735650453455807213e-05 4.081636117292940393e-05 3.551792518428398721e-05 2.367618513083776519e-05 1.787960343500911043e-05
5.711430820675074968e-04 4.623306856485380001e-04 3.579858535832010922e-04 2.879232762570316695e-04 2.379407356655915571e-04 1.927155838001496486e-04 1.627096343979972457e-04 1.426379378421473491e-04 1.215412467520039688e-04 1.074549984535519382e-04 9.440650275382131190e-05 8.289589587331566126e-05 7.965510775124645161e-05 6.957495467994042942e-05 5.474052059035758679e-05 4.783289826623588105e-05 4.073665904192599668e-05 3.591063706483922278e-05 2.433246993179528331e-05 1.837038549527614451e-05
5.714775681863381793e-04 4.621368295331149774e-04 3.578330586318241146e-04 2.873953746762448048e-04 2.372255675018940626e-04 1.925466208995744131e-04 1.628431535991000994e-04 1.426801240558728159e-04 1.214007988308365993e-04 1.073438339342880989e-04 9.394840101947221612e-05 8.245884770423764535e-05 7.895499204084696133e-05 6.845627545254343428e-05 5.401349385836208203e-05 4.732450528260596071e-05 4.032266852493876741e-05 3.525438368134919563e-05 2.375623295004054150e-05 1.824757065740539015e-05
5.710770655590790201e-04 4.617681897203953600e-04 3.580251117240559390e-04 2.878618160642312058e-04 2.380097576171099076e-04 1.927876323939293059e-04 1.624806517265315502e-04 1.419044341845274312e-04 1.209325266992649587e-04 1.071636993539677257e-04 9.414531869953891440e-05 8.251252516385256214e-05 7.928947322855143056e-05 6.905897202725179505e-05 5.450378828325005916e-05 4.771352694600548193e-05 4.051264309944296226e-05 3.531723179308018695e-05 2.369938896908625056e-05 1.756080862926399341e-05
5.712732971881769170e-04 4.616694295808330376e-04 3.577560743090254939e-04 2.880422762238230212e-04 2.380837184848163645e-04 1.929519804902464920e-04 1.631733008935122456e-04 1.425213540739310631e-04 1.207834351999883773e-04 1.069325006515179358e-04 9.402695714453272345e-05 8.233597344583459094e-05 7.890929333038287788e-05 6.903231125560001485e-05 5.456470958478956896e-05 4.784427581682830488e-05 4.055695585548953620e-05 3.523541738341924644e-05 2.338994987464484084e-05 1.747640285828397719e-05
5.709489697362373243e-04 4.621876391794779802e-04 3.581558592592237527e-04 2.876769860844080313e-04 2.374468941257509131e-04 1.924989930916700548e-04 1.627894625598115422e-04 1.424539702502886540e-04 1.209060984391368849e-04 1.070679594043935732e-04 9.391628390321266583e-05 8.193341679079312512e-05 7.863297451759104241e-05 6.890065775757737575e-05 5.511542736583054640e-05 4.846070961306060698e-05 4.121929448488184612e-05 3.555580205957853038e-05 2.338009382015200177e-05 1.783925586500638739e-05
5.709124054131718088e-04 4.618770106337823978e-04 3.572880756748710311e-04 2.873531341712614608e-04 2.376940451120559820e-04 1.928242240239784000e-04 1.629832133447695389e-04 1.424659101878636490e-04 1.208896495805000131e-04 1.071501678982502640e-04 9.442251241457890604e-05 8.271619165571924789e-05 7.910826336696118990e-05 6.929373577700570388e-05 5.478526828459734897e-05 4.774711965243620877e-05 4.029260665113235053e-05 3.497005332651016485e-05 2.323975902662890169e-05 1.728486515967264816e-05
5.703192906428475838e-04 4.618231122623074007e-04 3.577162789799748655e-04 2.879000432716654441e-04 2.380227515399240218e-04 1.928040823895045672e-04 1.627593725079681884e-04 1.425671636678216649e-04 1.210461050234379641e-04 1.071482654216957963e-04 9.420532915705513819e-05 8.283578168622729161e-05 7.963651700029336015e-05 6.949049490581153665e-05 5.478104781997332581e-05 4.781889354160614596e-05 4.052385453309919369e-05 3.543645621453420596e-05 2.393039291789805998e-05 1.799982887703069018e-05
5.707358802750240462e-04 4.621583258477986156e-04 3.580187898307833909e-04 2.878170656226851820e-04 2.378136931852661265e-04 1.925223436072543955e-04 1.627713636263800414e-04 1.429136000551258867e-04 1.213958094433088066e-04 1.072214876473796661e-04 9.420699355280307170e-05 8.268274980837475086e-05 7.922658606060594571e-05 6.886752015025208345e-05 5.445019532767425742e-05 4.741447199867741043e-05 3.981741814957469387e-05 3.471586277377472122e-05 2.348743121415754870e-05 1.766921560399081352e-05
5.705347795228460491e-04 4.618859804692375783e-04 3.576454931799528448e-04 2.874973668476323518e-04 2.377233114425159153e-04 1.928740035248955144e-04 1.624201704379283988e-04 1.420762499416991325e-04 1.206292640115681140e-04 1.069939149843305003e-04 9.411548833835663922e-05 8.251583493478415788e-05 7.880566980993062589e-05 6.859288311643663735e-05 5.392894877038730342e-05 4.713238608828963013e-05 3.999312373432525040e-05 3.486605946481927327e-05 2.340919187950641996e-05 1.764355971689474031e-05
5.708157497253061588e-04 4.615704221817991913e-04 3.574592993572614941e-04 2.874039624997534411e-04 2.378335628888046433e-04 1.927829767026186425e-04 1.629890285671011527e-04 1.424151615865804175e-04 1.208794317356939272e-04 1.070179318098667701e-04 9.394631681826133443e-05 8.252364549766356288e-05 7.917740840736079105e-05 6.896355567687128055e-05 5.431924808391587722e-05 4.753857968189565634e-05 4.046998541647908276e-05 3.520373973101458334e-05 2.345577659556385530e-05 1.765461824534813936e-05
5.708248965418525256e-04 4.617977634121039963e-04 3.575622897992498809e-04 2.878899088387843895e-04 2.379852901542983126e-04 1.927582423053831012e-04 1.627346641766988728e-04 1.425309232667027880e-04 1.210534390132834439e-04 1.068066966208347409e-04 9.411569223181389223e-05 8.261702180031866964e-05 7.901596396927885893e-05 6.883854125082206868e-05 5.462991518017850859e-05 4.796202926194009244e-05 4.094433509193986587e-05 3.558650862076661908e-05 2.390198120099204881e-05 1.789841120531321871e-05
5.717579667304771313e-04 4.629012770814870323e-04 3.578305016305051542e-04 2.877143640969254102e-04 2.378104301876477671e-04 1.927749486072184595e-04 1.632534116444468047e-04 1.429566465037518646e-04 1.214166854029513859e-04 1.073883864114893495e-04 9.416934910765600430e-05 8.275291691339182131e-05 7.920660902126126508e-05 6.919826451926391181e-05 5.507281355308203615e-05 4.849117327471160279e-05 4.132838676369604265e-05 3.571451436777902565e-05 2.383203874300181296e-05 1.794977167614699730e-05
5.712805677082567800e-04 4.626712249417419391e-04 3.580955952815282326e-04 2.877774923184025905e-04 2.379718357376950204e-04 1.926748294861192691e-04 1.625652883094852398e-04 1.426578013233950897e-04 1.215373417626511640e-04 1.073833989573556348e-04 9.423015834394210869e-05 8.261302831314763328e-05 7.910668367727561115e-05 6.873362124447918002e-05 5.436059647497095196e-05 4.769008815339423102e-05 4.059835599978530129e-05 3.555869592891900555e-05 2.391490040589056538e-05 1.794206261851213332e-05
5.711059747673029275e-04 4.617781386805002255e-04 3.575748034998508444e-04 2.874761462837512765e-04 2.378366761068860036e-04 1.930068340920760217e-04 1.628681921176281346e-04 1.425760610207049803e-04 1.210866883387678197e-04 1.070909439197538352e-04 9.406196476968260646e-05 8.241224953121540253e-05 7.901225312031544702e-05 6.891445011876333199e-05 5.437818085795174998e-05 4.756083879522448639e-05 4.069346520218924143e-05 3.542880447224217228e-05 2.389596300873918623e-05 1.797395726466611367e-05
5.704403932284671155e-04 4.618412460776656755e-04 3.577276902599973931e-04 2.880125197126886627e-04 2.380238572157683335e-04 1.926523812237946091e-04 1.627426770071364491e-04 1.425697042823097411e-04 1.212158309943521577e-04 1.070471477260530633e-04 9.405481380030874812e-05 8.210503056308990149e-05 7.855239987128387411e-05 6.854053618156422676e-05 5.366550136216020466e-05 4.686894037702349640e-05 3.990390184482918976e-05 3.491526069070601511e-05 2.337313968967028361e-05 1.801347155633619345e-05
5.705522949086244255e-04 4.621980540408238808e-04 3.580423101142355996e-04 2.881413314029467022e-04 2.378515740512502708e-04 1.926612858808272345e-04 1.629000964036079991e-04 1.422601162799299495e-04 1.208429784005326765e-04 1.070296638963121467e-04 9.400425963178596302e-05 8.229994215786297655e-05 7.929821377759570841e-05 6.934585598435482972e-05 5.496352452603258206e-05 4.796394363939000404e-05 4.072028630838907558e-05 3.546578568006213399e-05 2.383932718183599610e-05 1.795357613559796871e-05
5.712070792930105338e-04 4.621890708780488212e-04 3.582057262428674964e-04 2.881760485281790476e-04 2.380913104088199124e-04 1.929169892762957637e-04 1.627723298804708868e-04 1.424536849096467246e-04 1.209614727780225648e-04 1.071060225222246189e-04 9.411072035977098452e-05 8.279352549109142835e-05 7.910401801908564735e-05 6.891039559727950574e-05 5.445238230864449930e-05 4.762194594653798888e-05 4.056632167583594257e-05 3.546719186007875243e-05 2.386989865474147351e-05 1.803278442551678337e-05
5.709462286508696326e-04 4.616613866398215963e-04 3.576826256980788067e-04 2.874202537697935727e-04 2.378128539697481119e-04 1.921899869984280550e-04 1.624463034472878418e-04 1.419223745220290589e-04 1.205956071520243963e-04 1.071862703430674174e-04 9.409233970798819996e-05 8.270882721287652073e-05 7.891205552088386278e-05 6.854230942620492296e-05 5.443909124635632141e-05 4.787833113809639277e-05 4.049343909261108010e-05 3.495618497045656971e-05 2.325556764560141881e-05 1.732017299923006748e-05
5.701700236932262522e-04 4.608696165741062601e-04 3.568150776166196928e-04 2.871122820059502333e-04 2.373694953765302662e-04 1.922638105323683808e-04 1.621170951633025376e-04 1.419243025471033693e-04 1.204842152208190112e-04 1.064719644811012983e-04 9.376317640149137210e-05 8.281044660485424212e-05 7.925007617377490411e-05 6.887769096127206963e-05 5.396329247459736840e-05 4.712691503504493659e-05 4.001535540242406576e-05 3.488745564364605008e-05 2.324421777111708402e-05 1.754929196457540803e-05
5.708610551357720143e-04 4.619366126049304641e-04 3.573535567277664592e-04 2.872344394378824393e-04 2.375894391185411894e-04 1.925155240289432674e-04 1.622403226035986658e-04 1.418312704384889632e-04 1.202834170233845341e-04 1.067981621942292689e-04 9.398900873668455036e-05 8.263521447936070144e-05 7.917042045075316854e-05 6.925224792439277398e-05 5.493937229790562914e-05 4.818766435740864983e-05 4.100761170555024932e-05 3.571131098638021998e-05 2.369924436236324480e-05 1.783927772700766461e-05
5.708905314372007822e-04 4.619475759121062400e-04 3.576089392001789821e-04 2.876628572171110944e-04 2.378276771145539591e-04 1.926565519440742464e-04 1.625394667843853248e-04 1.421253893612375049e-04 1.207732311224810209e-04 1.066847569358483482e-04 9.376194646017203458e-05 8.211832184441021502e-05 7.895364108694178046e-05 6.888303881498187946e-05 5.454216887987679900e-05 4.795367527125859433e-05 4.064865277120482105e-05 3.518021858487006500e-05 2.381398776048303308e-05 1.771712993562692468e-05
5.716164163612767789e-04 4.620877186924768104e-04 3.579016355350274781e-04 2.875090278029485027e-04 2.379261452292852342e-04 1.931097685413108703e-04 1.629990410469782510e-04 1.425249901462490010e-04 1.213667476814334658e-04 1.073636027054063435e-04 9.429411083311814380e-05 8.298077252924707006e-05 7.940690338701062942e-05 6.887520951522714194e-05 5.416417558767174732e-05 4.740939463248687840e-05 4.060488328734312866e-05 3.573600668946246532e-05 2.419776156797588681e-05 1.824794598586860483e-05
5.711713427748979673e-04 4.623059539956389822e-04 3.577043337812508780e-04 2.874171320863851131e-04 2.375974746422039130e-04 1.921747148201033439e-04 1.626361870525930525e-04 1.423046392255582530e-04 1.209036927172692656e-04 1.071581681808458025e-04 9.400779718828838687e-05 8.239824546898235930e-05 7.891734560360641915e-05 6.935482334426399688e-05 5.488602947698061930e-05 4.803263023572952020e-05 4.065252077866780562e-05 3.548087059793913019e-05 2.343949818756125260e-05 1.806235942070028515e-05
5.705973469881549503e-04 4.618302684688504914e-04 3.576791292199247066e-04 2.878061347140983719e-04 2.376454749612322151e-04 1.924135066449239335e-04 1.628671888537153243e-04 1.425199167334559064e-04 1.209895909081915488e-04 1.069722840441631004e-04 9.395248912003337303e-05 8.224096842972119321e-05 7.878613867020314236e-05 6.844290883648663842e-05 5.403655794844818781e-05 4.735565167525090870e-05 4.011059342860286175e-05 3.517634870312285109e-05 2.381332982303337374e-05 1.814052785186125942e-05
5.708995254647734018e-04 4.617559904479642580e-04 3.575146191280490870e-04 2.875644724203019068e-04 2.375494561370954734e-04 1.929548321105209322e-04 1.627588301661839405e-04 1.422223894788559131e-04 1.209625271490677900e-04 1.072641886518891356e-04 9.416978551019183029e-05 8.281333448601221967e-05 7.938575336211020302e-05 6.903245436812435526e-05 5.463819976382179122e-05 4.792280928818386406e-05 4.094166463493129234e-05 3.574066940016494423e-05 2.393308766072213217e-05 1.792044201855970173e-05
5.711794677984394176e-04 4.619393679087077003e-04 3.580962548371808933e-04 2.880278631229600387e-04 2.382226405631189157e-04 1.931198371153079317e-04 1.631083644168471463e-04 1.426015407293696315e-04 1.208905905975826288e-04 1.071479763031781902e-04 9.410489141154869386e-05 8.268984689952703642e-05 7.913095171435640784e-05 6.884810130265947331e-05 5.412255966544423882e-05 4.752421988217524657e-05 4.070481086684141344e-05 3.544886112492845438e-05 2.398603938612215138e-05 1.818654189444807450e-05
5.711586316362141395e-04 4.619401708103912613e-04 3.574562745548860157e-04 2.873566274819642336e-04 2.373860143517192152e-04 1.919043613992605724e-04 1.621171784010637309e-04 1.419972063366015482e-04 1.207741239075429371e-04 1.066654730272782319e-04 9.346780136677028319e-05 8.211203171655423092e-05 7.905730082025341733e-05 6.891065012774669760e-05 5.446366676555769372e-05 4.709595973762669444e-05 3.947525184232792041e-05 3.435841746873023793e-05 2.312729200341961033e-05 1.763992464406148391e-05
5.704939147531585706e-04 4.616452158103451827e-04 3.571507488020861810e-04 2.875138565948858805e-04 2.374301132675255758e-04 1.925331776345761781e-04 1.627919219250434889e-04 1.422843381593014861e-04 1.211764471873733875e-04 1.074487716246415477e-04 9.438985470877662108e-05 8.305215235472726727e-05 7.985704913774749163e-05 6.945061949252274427e-05 5.507160256255514487e-05 4.831818015250451413e-05 4.089037153375027451e-05 3.559295502613521494e-05 2.395306864529482075e-05 1.798706535848307647e-05
5.702922453708490942e-04 4.616415379858517702e-04 3.576950566302011759e-04 2.876279942766116074e-04 2.374812252445858668e-04 1.920158820338081578e-04 1.625288959265778262e-04 1.426530884922319793e-04 1.213564211467967524e-04 1.073082630655862652e-04 9.431971069667878331e-05 8.243882461165204559e-05 7.929993594203246809e-05 6.899712759506414315e-05 5.432180093579851599e-05 4.748907539328182638e-05 4.041965862597545460e-05 3.585313278717325579e-05 2.429242172033221621e-05 1.860918159731501294e-05
5.709711463673378248e-04 4.625044033505721014e-04 3.580771427608267542e-04 2.883113150329697882e-04 2.377647269743705764e-04 1.925522577108736328e-04 1.629101650616973261e-04 1.425217199989713048e-04 1.212292445345379782e-04 1.072772822433751657e-04 9.446003325387454844e-05 8.268042200558160381e-05 7.874690604964216796e-05 6.812738199075404422e-05 5.360672908750001005e-05 4.714186620702388885e-05 4.049820226051669580e-05 3.560551900939093418e-05 2.395338491668375802e-05 1.825867946195090642e-05
5.709422209859727490e-04 4.620031358854547994e-04 3.577429891134651014e-04 2.878151191886740346e-04 2.380575519957342382e-04 1.927083849381806542e-04 1.630943737629188565e-04 1.425332850773635156e-04 1.209141204100121491e-04 1.071615587502919921e-04 9.416140781036044089e-05 8.273198234020891044e-05 7.943827242689227748e-05 6.910964054091577806e-05 5.481855504561321295e-05 4.794218772990727192e-05 4.058983721189146843e-05 3.532900189920461633e-05 2.380546539226354160e-05 1.799628157421455539e-05
5.707072287428631343e-04 4.616026237260262071e-04 3.574777204967157082e-04 2.875682441913737005e-04 2.377367567430334187e-04 1.924419227953004150e-04 1.625410901130742167e-04 1.421433068772398579e-04 1.206025176493876372e-04 1.068284344563116665e-04 9.399761541135360609e-05 8.284274480135694549e-05 7.940081293886407164e-05 6.912409339938548611e-05 5.463825831222051863e-05 4.799463262224828942e-05 4.075674476537381708e-05 3.572571172293779502e-05 2.389196676149662741e-05 1.784943260843081987e-05
5.706525647288197486e-04 4.621611973930844579e-04 3.576189125548623815e-04 2.872404953801065315e-04 2.370953108888422501e-04 1.921250793913250785e-04 1.624996855866265091e-04 1.422541764558434235e-04 1.209194247458800274e-04 1.069746497200208495e-04 9.411444484905995983e-05 8.260047605578290384e-05 7.912719587893364114e-05 6.906099335227494054e-05 5.418538506508770939e-05 4.758044182013923258e-05 4.059091778772708616e-05 3.535805677159233301e-05 2.361360436412973803e-05 1.761849582194442812e-05
5.711266003044854081e-04 4.618437482317502970e-04 3.576820827452897411e-04 2.875760730926818628e-04 2.374173971447545762e-04 1.922020550388628044e-04 1.623797945983170335e-04 1.423294968996732216e-04 1.211749262268983768e-04 1.072035542222913478e-04 9.419294303883438200e-05 8.266804291179835715e-05 7.912732400126794340e-05 6.860824711406611205e-05 5.443305801507688569e-05 4.790519458808887015e-05 4.039000079500075469e-05 3.517641956934530078e-05 2.383455895417037264e-05 1.797732190890512170e-05
5.711744914128062027e-04 4.622517138888817146e-04 3.571228009008917494e-04 2.873773341434775999e-04 2.378130732094220804e-04 1.924805169632416648e-04 1.624277478580144298e-04 1.420942431008651204e-04 1.209593664430773168e-04 1.068862136150383163e-04 9.404413956614916109e-05 8.269085592798192932e-05 7.943537379688928924e-05 6.931402391240167515e-05 5.469843240491334532e-05 4.799698607998339312e-05 4.119884912266930029e-05 3.576347084826067948e-05 2.397088960141931284e-05 1.795822474263036238e-05
5.709419465045840678e-04 4.623682942861697624e-04 3.578832777523647569e-04 2.881447143798572422e-04 2.376139867848839652e-04 1.928227023080337414e-04 1.630282177814948896e-04 1.423072107407163727e-04 1.210723640684422319e-04 1.068773711653342126e-04 9.395025546669251199e-05 8.242897791071115304e-05 7.874410861814550098e-05 6.842346400841013720e-05 5.351668140203536922e-05 4.629961938706678750e-05 3.939040186198829402e-05 3.451017540334253269e-05 2.307254721223289882e-05 1.741613145053897506e-05
5.711338756042607908e-04 4.620803547994197912e-04 3.576311203605884851e-04 2.875433366884724254e-04 2.376534896519954328e-04 1.925543520154547085e-04 1.628251497380486617e-04 1.425562556620112642e-04 1.208252892636411529e-04 1.068104654132740979e-04 9.389537658941267048e-05 8.262742185812626519e-05 7.917401611967822192e-05 6.883942369006623588e-05 5.463726790709813645e-05 4.770692855414703198e-05 4.051641033529481875e-05 3.539195013016727912e-05 2.390346765061724741e-05 1.792401055948435770e-05
5.705444730616861552e-04 4.613646148795857473e-04 3.570981698663626500e-04 2.870488432562952287e-04 2.372665435596368639e-04 1.921480761559608548e-04 1.620360311195529575e-04 1.419751873333463673e-04 1.206186991832636435e-04 1.067162421166343038e-04 9.392944580862627659e-05 8.248247077541989594e-05 7.898971109091463855e-05 6.880661511105606236e-05 5.451136900170147550e-05 4.780476827191400773e-05 4.056014449865046295e-05 3.565225896647122264e-05 2.412876769216235951e-05 1.780898962233007341e-05
5.709309239909799577e-04 4.622575840868452311e-04 3.575770901475129712e-04 2.874503613295721865e-04 2.378257551303558897e-04 1.928379823922896248e-04 1.629506256983944941e-04 1.427068454937384292e-04 1.210125384967525596e-04 1.068215326100474956e-04 9.366104368868444837e-05 8.236913869345352870e-05 7.917422015404062543e-05 6.883826846377031890e-05 5.444719492267103075e-05 4.764248551149331584e-05 4.062011814156254650e-05 3.536438025561097060e-05 2.366949420894004085e-05 1.813602049148566877e-05
5.705688808143454275e-04 4.606124555618699122e-04 3.568372422278948998e-04 2.872619683197291142e-04 2.375941957013962935e-04 1.921261271843765659e-04 1.630488252345741178e-04 1.427337542251233321e-04 1.211880094776153673e-04 1.070465728588658173e-04 9.393472519121970929e-05 8.236926302559182290e-05 7.907460742698305687e-05 6.906238864914964392e-05 5.486421160825331493e-05 4.814642328895135111e-05 4.113747330872123220e-05 3.578763200344781397e-05 2.401345489738169412e-05 1.805855801872320452e-05
5.715069937261106755e-04 4.622868066860110251e-04 3.582548209139082098e-04 2.883187943096749729e-04 2.379228111544755687e-04 1.924265214051809028e-04 1.625096633068649993e-04 1.423047855712618478e-04 1.205149256646486023e-04 1.064492886323446655e-04 9.353008466460958621e-05 8.209220441856668153e-05 7.873835639636828619e-05 6.861158355380731096e-05 5.435568580852389973e-05 4.741476113516297059e-05 4.026139693967785638e-05 3.531981009308862366e-05 2.393294804791557350e-05 1.792476331653706316e-05
5.711221103341331852e-04 4.620860241321425262e-04 3.580395756062804591e-04 2.879249039211994503e-04 2.375479870886407858e-04 1.928031773196803322e-04 1.627684079630050231e-04 1.424281548368663635e-04 1.209712598280018240e-04 1.070735364569235572e-04 9.420320894653423432e-05 8.255367159109897024e-05 7.917398753676528926e-05 6.922688500266512327e-05 5.495126231459618126e-05 4.808197358784347178e-05 4.084917513462023390e-05 3.560474352856032176e-05 2.390198367052251543e-05 1.809115723193243681e-05
5.712129078171852272e-04 4.621609028392794456e-04 3.577158190256628147e-04 2.877241471967597166e-04 2.381035298764978836e-04 1.929416988890884693e-04 1.628720569772039830e-04 1.422491199764588888e-04 1.210746606780401761e-04 1.070797938499951351e-04 9.417811170702625699e-05 8.280079720669465378e-05 7.966497624703621524e-05 6.942706008619294988e-05 5.486115029189087981e-05 4.789070210506176978e-05 4.061780681155997895e-05 3.538665557753942155e-05 2.357739958149849906e-05 1.741340737771803997e-05
5.707613787701249983e-04 4.616189390494270959e-04 3.572923241263704854e-04 2.871395547209759170e-04 2.372580442005874557e-04 1.925857021372324161e-04 1.624744987049936862e-04 1.420134649854320997e-04 1.207847280415030075e-04 1.068725303406776127e-04 9.392331903794227954e-05 8.236412710390957732e-05 7.918913800303342937e-05 6.885022929779331083e-05 5.439173815537215505e-05 4.753146108404166425e-05 4.056886807539351116e-05 3.561274798275641161e-05 2.403005432847275623e-05 1.784095561779631874e-05
5.706686196805593400e-04 4.614288011474674319e-04 3.573969465703898921e-04 2.875666842638729980e-04 2.377546199101732843e-04 1.927505369061075413e-04 1.627553404281738194e-04 1.425339302895789310e-04 1.212713372783364292e-04 1.073047165409872581e-04 9.398433963963853004e-05 8.244908179957763275e-05 7.896161674665348176e-05 6.893258684137476685e-05 5.446479442021846373e-05 4.792163635404044322e-05 4.076923096674500609e-05 3.531133992562028655e-05 2.362144416424591677e-05 1.795421148015907968e-05
5.708078491319757775e-04 4.615222769356636546e-04 3.570171631503825274e-04 2.867853337230368482e-04 2.371705210506694697e-04 1.925298271733622349e-04 1.627961903155541058e-04 1.426435403285663639e-04 1.211159496382539872e-04 1.071407778270238941e-04 9.416744991972989865e-05 8.227726127470851838e-05 7.885065706841971260e-05 6.863886769685872957e-05 5.417383215601218011e-05 4.759632895499607867e-05 4.079090563522824194e-05 3.564582165947730225e-05 2.386268087472027204e-05 1.795466644702698071e-05
5.707025950031408045e-04 4.613854290789192337e-04 3.570908328493959056e-04 2.873857758841052014e-04 2.376178528052444981e-04 1.925314867059180440e-04 1.629610004937994056e-04 1.425847688305883479e-04 1.212458117920908740e-04 1.073960471143067049e-04 9.462260432400753285e-05 8.324898964969999857e-05 7.947154197763782999e-05 6.900013075161500321e-05 5.458039138228534798e-05 4.784792703895576380e-05 4.044947426750910695e-05 3.525100840154498819e-05 2.357950773161208329e-05 1.774386817837314515e-05
5.705852902530855362e-04 4.616657819036890857e-04 3.574505994546096368e-04 2.876493267117422514e-04 2.379430024582194277e-04 1.929718600233587143e-04 1.628834265094715992e-04 1.423477741698873466e-04 1.207160492482752857e-04 1.069656984429687201e-04 9.375280063735653578e-05 8.243393454003724978e-05 7.891293170923693564e-05 6.870821135337311012e-05 5.406982402431038183e-05 4.754553148739977189e-05 4.042264659457527271e-05 3.475634478152319376e-05 2.288021060900696405e-05 1.711852567882823375e-05
