# boost_factor (sum of boost_factor from all patches except for one, different each time)
1.034878565591629496e+00 1.030047734284472494e+00 1.026017878089600099e+00 1.022686354485102811e+00 1.019557918099845750e+00 1.017060165979481345e+00 1.014780183377424150e+00 1.012475521728060768e+00 1.010500305203279048e+00 1.008662543164807079e+00 1.006973056369054875e+00 1.005617820016284192e+00 1.004315578195781544e+00 1.003465125115031942e+00 1.002723595672685430e+00 1.002178475115547585e+00 1.001984104153332389e+00 1.001801561575874411e+00 1.001836088510983380e+00 1.001703031803211630e+00
1.034911960897748839e+00 1.030096103650819828e+00 1.025998353521145434e+00 1.022718653466302419e+00 1.019581836088468529e+00 1.017076628045058273e+00 1.014812458168737885e+00 1.012482632115615733e+00 1.010510848067260437e+00 1.008664118326019210e+00 1.006975473846137170e+00 1.005605850335695939e+00 1.004304845509448096e+00 1.003466281944388916e+00 1.002745001091815968e+00 1.002224358798701198e+00 1.002055705927741069e+00 1.001892991750967354e+00 1.001937815236421114e+00 1.001813372478196351e+00
1.034744546820710376e+00 1.029861552325661123e+00 1.025831594249857481e+00 1.022535511610194847e+00 1.019405652999407996e+00 1.016928015481366909e+00 1.014678473398712422e+00 1.012355656561922945e+00 1.010386315794051804e+00 1.008558943731400204e+00 1.006873215650584408e+00 1.005512139686334239e+00 1.004213433918854870e+00 1.003371793884033636e+00 1.002629539170577733e+00 1.002083979537452985e+00 1.001894212808135842e+00 1.001701137631206162e+00 1.001738904953591858e+00 1.001622086994559124e+00
1.034939357337509636e+00 1.030082201396864461e+00 1.026002803836648880e+00 1.022718498909600982e+00 1.019585137327987168e+00 1.017092600540842939e+00 1.014830501951090813e+00 1.012544675200130140e+00 1.010590065122311865e+00 1.008738094827378529e+00 1.007055364692912569e+00 1.005690684723524519e+00 1.004398369279601244e+00 1.003547213466422949e+00 1.002805716944701109e+00 1.002256520418850272e+00 1.002065847985969205e+00 1.001872441585400120e+00 1.001896334079722006e+00 1.001765445269546584e+00
1.035021507438708799e+00 1.030194464442934388e+00 1.026108039613232714e+00 1.022824604559045447e+00 1.019667009719307904e+00 1.017161535471308831e+00 1.014879529013006820e+00 1.012575031361102829e+00 1.010607194589439040e+00 1.008749390111850497e+00 1.007062367460568097e+00 1.005700177299960751e+00 1.004398156673097509e+00 1.003547295342319901e+00 1.002784765851170157e+00 1.002229170254860913e+00 1.002049801749553382e+00 1.001878487752981384e+00 1.001936816813030484e+00 1.001821442044393606e+00
1.034980725241526178e+00 1.030163761657729493e+00 1.026082490208126918e+00 1.022785883146427599e+00 1.019652891654051041e+00 1.017138479027496434e+00 1.014889765103660801e+00 1.012588706390328053e+00 1.010607758413695212e+00 1.008776445803583499e+00 1.007077300946057408e+00 1.005709782056033674e+00 1.004414719607839457e+00 1.003570357069062169e+00 1.002838710101969122e+00 1.002292147050965587e+00 1.002114865406421806e+00 1.001932052666961948e+00 1.001963792624268157e+00 1.001854015052019875e+00
1.034959168155086484e+00 1.030137156412446187e+00 1.026089084732858314e+00 1.022773421968374841e+00 1.019637220190307669e+00 1.017145236922816443e+00 1.014866872636965844e+00 1.012539863975997934e+00 1.010569910243381386e+00 1.008739722093430213e+00 1.007045137444129823e+00 1.005676886085491217e+00 1.004392778420730048e+00 1.003550528342765258e+00 1.002817556496526707e+00 1.002274540608519393e+00 1.002080602456199898e+00 1.001891762980944511e+00 1.001938966098505857e+00 1.001820241441630843e+00
1.034972498989963130e+00 1.030206190519083576e+00 1.026118572830931663e+00 1.022789570766362122e+00 1.019647537969375017e+00 1.017158048767436096e+00 1.014879626425524650e+00 1.012565749032035223e+00 1.010592106020554271e+00 1.008739981741652247e+00 1.007038935980026695e+00 1.005668721045818392e+00 1.004376133335732169e+00 1.003523335797679605e+00 1.002784809319120951e+00 1.002239077793187105e+00 1.002059863035201559e+00 1.001890417760632257e+00 1.001917442593511565e+00 1.001794716392038431e+00
1.034861861702305985e+00 1.030061637407643893e+00 1.025979870234342117e+00 1.022660226023591745e+00 1.019539694677544350e+00 1.017047840617033128e+00 1.014789841953814609e+00 1.012477617627863591e+00 1.010501519144868077e+00 1.008646538652321123e+00 1.006962023644700555e+00 1.005584014475984223e+00 1.004273599805806327e+00 1.003412023203276604e+00 1.002657306772043899e+00 1.002106542157820579e+00 1.001941685059474452e+00 1.001786233734490050e+00 1.001824334553025109e+00 1.001705852997436308e+00
1.034939137545330068e+00 1.030128602600324017e+00 1.026120733055534417e+00 1.022757816764586547e+00 1.019595277918335263e+00 1.017121566381720577e+00 1.014847303628215736e+00 1.012536502854907150e+00 1.010533827685924368e+00 1.008681549814973488e+00 1.006988819040633754e+00 1.005610495559794870e+00 1.004306434845350982e+00 1.003440326194072529e+00 1.002676790765218984e+00 1.002088094286236686e+00 1.001864641613990026e+00 1.001657316092080308e+00 1.001678347655837076e+00 1.001554427645492407e+00
1.034856153504549070e+00 1.030020791983350614e+00 1.025965773608863429e+00 1.022639935449015436e+00 1.019509719008254045e+00 1.017014788596370511e+00 1.014748676806454197e+00 1.012451447326111920e+00 1.010489892495231912e+00 1.008653123441859867e+00 1.006975818282270341e+00 1.005628545831607878e+00 1.004345705084624729e+00 1.003500940981643330e+00 1.002760658426698370e+00 1.002214894206446605e+00 1.002039668184732557e+00 1.001866390323938649e+00 1.001923650903568497e+00 1.001815399967777021e+00
1.034802995705139672e+00 1.030029807663112917e+00 1.025978030201213587e+00 1.022689083162805712e+00 1.019530771358796217e+00 1.017029547835653025e+00 1.014762932667951700e+00 1.012452098886465812e+00 1.010491051274676533e+00 1.008661651459813680e+00 1.006988356202857426e+00 1.005621281266035449e+00 1.004324804357395573e+00 1.003473841638054198e+00 1.002731172588535058e+00 1.002193099279945931e+00 1.002028745109395658e+00 1.001862917878178605e+00 1.001919045464374936e+00 1.001811583658806182e+00
1.034776220600115648e+00 1.030012350384907016e+00 1.025942343434450565e+00 1.022635105828971547e+00 1.019527795070223508e+00 1.017026588844871737e+00 1.014767493456694147e+00 1.012467448732998543e+00 1.010486958401028534e+00 1.008649450446279738e+00 1.006966364951451975e+00 1.005606248569462347e+00 1.004307991807477762e+00 1.003457736866489647e+00 1.002727282622954741e+00 1.002178611151134380e+00 1.001995637675244799e+00 1.001813710068918395e+00 1.001847468001770824e+00 1.001729737148105981e+00
1.034960939701965232e+00 1.030168272607153268e+00 1.026115199842589254e+00 1.022812447205478259e+00 1.019677891533628644e+00 1.017162204264686398e+00 1.014886761019082151e+00 1.012589619577114464e+00 1.010613518562937907e+00 1.008766911043037284e+00 1.007086935553224372e+00 1.005712005266476305e+00 1.004407248173509348e+00 1.003555636446521016e+00 1.002824292228992054e+00 1.002286818190265105e+00 1.002097392883865679e+00 1.001903892912150651e+00 1.001943542330840486e+00 1.001822595652140269e+00
1.034865724295063849e+00 1.030039510469598296e+00 1.026051999509905999e+00 1.022725587696478700e+00 1.019606287869157413e+00 1.017074624096178770e+00 1.014793498683321804e+00 1.012510921385069818e+00 1.010532196727489618e+00 1.008698178179489924e+00 1.007004901821709542e+00 1.005654139420631976e+00 1.004360181188194590e+00 1.003509610969098187e+00 1.002758394108578477e+00 1.002209965097146771e+00 1.002021449792847463e+00 1.001843790582210403e+00 1.001886258859133960e+00 1.001755678096051705e+00
1.034967010165230628e+00 1.030087598904599444e+00 1.026060278460655173e+00 1.022759753564325358e+00 1.019610914846779570e+00 1.017113304766431359e+00 1.014858254647777569e+00 1.012543033092217382e+00 1.010568628709408667e+00 1.008736963924186547e+00 1.007044857696446361e+00 1.005689767496911191e+00 1.004389876596136100e+00 1.003543959293257348e+00 1.002798795096248474e+00 1.002258216644401623e+00 1.002073318232904242e+00 1.001898365727663665e+00 1.001952843831785733e+00 1.001834292607039822e+00
1.034923382621808496e+00 1.030106039681148777e+00 1.026073447334715061e+00 1.022772550177462048e+00 1.019605381465108040e+00 1.017106406777323224e+00 1.014832762767659435e+00 1.012539873994510842e+00 1.010567841229982333e+00 1.008723151000060714e+00 1.007045000151070679e+00 1.005682254564561839e+00 1.004379444659729392e+00 1.003539236113213828e+00 1.002796976180505339e+00 1.002265389423909525e+00 1.002085302210455220e+00 1.001901315872927301e+00 1.001937924580987183e+00 1.001820930385273645e+00
1.034939307994400703e+00 1.030121276999566460e+00 1.026016233360126373e+00 1.022708131543955901e+00 1.019560469667635250e+00 1.017062887410121075e+00 1.014793062788551969e+00 1.012487943123878686e+00 1.010511443725348846e+00 1.008664493120917216e+00 1.006974463397360076e+00 1.005600449794182616e+00 1.004289141020009657e+00 1.003429244540357423e+00 1.002699264394763423e+00 1.002155666539571888e+00 1.001961349642664256e+00 1.001765604744146110e+00 1.001815158546449203e+00 1.001700750055456890e+00
1.034856585036876053e+00 1.030102313384351209e+00 1.026011200028787984e+00 1.022707604406766446e+00 1.019558511855825689e+00 1.017068228043636946e+00 1.014796781962129968e+00 1.012508048172031216e+00 1.010533331194994888e+00 1.008701232250528657e+00 1.007021402052657555e+00 1.005664136997208136e+00 1.004393560688985554e+00 1.003571388828406130e+00 1.002851540538720165e+00 1.002319460123786365e+00 1.002111681382837016e+00 1.001910395369104201e+00 1.001957027936692501e+00 1.001845081221882650e+00
1.034888114512952484e+00 1.030076234847210781e+00 1.026011586053259483e+00 1.022686358435786147e+00 1.019518817270195887e+00 1.017065633976633965e+00 1.014787418787387763e+00 1.012467712876617965e+00 1.010491201921888127e+00 1.008660843254145956e+00 1.006982935104600907e+00 1.005617170517686620e+00 1.004314779178520300e+00 1.003459239922764867e+00 1.002723615791066614e+00 1.002183367370388156e+00 1.002009412462931959e+00 1.001834799746583071e+00 1.001894440597455915e+00 1.001795087525201300e+00
1.034837772048142090e+00 1.030029880627420402e+00 1.025971921237473161e+00 1.022663173565349748e+00 1.019534439433708695e+00 1.017035703208262198e+00 1.014771951358087954e+00 1.012486225387778216e+00 1.010523177484572876e+00 1.008682374633099954e+00 1.007001586221488276e+00 1.005631197426029910e+00 1.004338149158293447e+00 1.003500916944084942e+00 1.002773558408947441e+00 1.002234255645626515e+00 1.002055081541862291e+00 1.001874080267421530e+00 1.001926453331575706e+00 1.001819823429614509e+00
1.034916094027755751e+00 1.030136817574500263e+00 1.026078594878849559e+00 1.022755934223992691e+00 1.019606862202884878e+00 1.017094722685555119e+00 1.014827604002222827e+00 1.012538406140830682e+00 1.010556574312689193e+00 1.008720309381439861e+00 1.007039524598805080e+00 1.005668926727969925e+00 1.004382828285534712e+00 1.003539849838394282e+00 1.002804811967487719e+00 1.002260681472151527e+00 1.002084682681803951e+00 1.001916019478202413e+00 1.001947626289176441e+00 1.001832763632124701e+00
1.034975227672863873e+00 1.030184094400179440e+00 1.026081342692610088e+00 1.022775098648303738e+00 1.019591994323835626e+00 1.017120214193301786e+00 1.014818109717121830e+00 1.012522201653073939e+00 1.010555663674772564e+00 1.008713598903217434e+00 1.007039120088658812e+00 1.005674545191587166e+00 1.004400015240345834e+00 1.003559503566906042e+00 1.002822286044305455e+00 1.002269171306441109e+00 1.002062846495908488e+00 1.001856328152752607e+00 1.001857358018653388e+00 1.001693890772294093e+00
1.034955968828827677e+00 1.030144773100704958e+00 1.026080839504240227e+00 1.022762753518097201e+00 1.019621683223387087e+00 1.017109072142872606e+00 1.014828868517982485e+00 1.012535751645758486e+00 1.010569192030484675e+00 1.008742281883374670e+00 1.007060065855221787e+00 1.005692083069834597e+00 1.004384662538062134e+00 1.003522097770955579e+00 1.002775489645568507e+00 1.002235872313882448e+00 1.002047740166927436e+00 1.001871083875178758e+00 1.001912357542107168e+00 1.001787369767918268e+00
1.034935877849896491e+00 1.030137745586477971e+00 1.026068615741818624e+00 1.022746195993410323e+00 1.019632101222202269e+00 1.017146934713468287e+00 1.014849898849736531e+00 1.012549112869962187e+00 1.010575151482796308e+00 1.008724455069400561e+00 1.007048052174145836e+00 1.005673272968037546e+00 1.004374696024583180e+00 1.003530686549761519e+00 1.002791937718595427e+00 1.002252649136193163e+00 1.002066774996669185e+00 1.001885080632745284e+00 1.001939027960620399e+00 1.001808002595091285e+00
1.034901910908976541e+00 1.030108327237671428e+00 1.026045792925622813e+00 1.022755514068365512e+00 1.019624813229804472e+00 1.017121142442375392e+00 1.014842107039404029e+00 1.012541925107675711e+00 1.010578798149029733e+00 1.008735756207183032e+00 1.007044765598339886e+00 1.005678929173499103e+00 1.004382015297187403e+00 1.003544185403497435e+00 1.002799133855640568e+00 1.002257160167981720e+00 1.002074208401846800e+00 1.001902203728676888e+00 1.001936722399560775e+00 1.001825389525358601e+00
1.035046344550444530e+00 1.030170754895274765e+00 1.026152213568225502e+00 1.022830033572529773e+00 1.019692364157569253e+00 1.017220011067946128e+00 1.014953302244713251e+00 1.012635371903081616e+00 1.010651854115377946e+00 1.008817848245165072e+00 1.007133204596847520e+00 1.005768726719574957e+00 1.004477954447012600e+00 1.003639311435953196e+00 1.002912811926020442e+00 1.002375924139709218e+00 1.002195124162089002e+00 1.002022917581418815e+00 1.002067402116200379e+00 1.001976028087304238e+00
1.034912126559150991e+00 1.030109758959848021e+00 1.026061808145521725e+00 1.022738685276513015e+00 1.019595943057326037e+00 1.017125487915729209e+00 1.014851890975530191e+00 1.012539745724027940e+00 1.010565437778820019e+00 1.008725516550719403e+00 1.007035784508842013e+00 1.005661601105940051e+00 1.004367936336207912e+00 1.003512490277156610e+00 1.002757183818799858e+00 1.002196330000403313e+00 1.001992166065353906e+00 1.001791087170101902e+00 1.001816050711064054e+00 1.001708398482487272e+00
1.035021509371921944e+00 1.030189611542728922e+00 1.026133853298570431e+00 1.022823959295181551e+00 1.019684247156848800e+00 1.017166789671081428e+00 1.014898609134706531e+00 1.012591563742749390e+00 1.010618285611663669e+00 1.008759142724759306e+00 1.007077633360569768e+00 1.005704898020392424e+00 1.004395390213674411e+00 1.003536275276993184e+00 1.002791144188059480e+00 1.002249995972003704e+00 1.002063211562606027e+00 1.001884020119113039e+00 1.001928563930288396e+00 1.001812288108341553e+00
1.034973524137291934e+00 1.030126888513439143e+00 1.026053282670312150e+00 1.022764987822691873e+00 1.019632306838856861e+00 1.017154526627543909e+00 1.014876940534874983e+00 1.012575784631707831e+00 1.010601598352883990e+00 1.008758427753155829e+00 1.007081123536048173e+00 1.005720039671021748e+00 1.004407485330950811e+00 1.003554582636029480e+00 1.002817801073024651e+00 1.002276927312777621e+00 1.002090637219491764e+00 1.001925309512192053e+00 1.001976183838768408e+00 1.001862588478279470e+00
1.034863386586049039e+00 1.030064408843465840e+00 1.025980702197976102e+00 1.022683020856683944e+00 1.019554170271315785e+00 1.017046943378822288e+00 1.014776626583306696e+00 1.012461814905263546e+00 1.010477530182747552e+00 1.008638582374489223e+00 1.006944086960028795e+00 1.005586387032736839e+00 1.004287940454115402e+00 1.003441292107739358e+00 1.002706027633388564e+00 1.002170225418948624e+00 1.001980320372018785e+00 1.001798867518508107e+00 1.001846574222436281e+00 1.001735879343569113e+00
1.034890981590250059e+00 1.030064019897363181e+00 1.025994624889615014e+00 1.022659109170801273e+00 1.019535550639709465e+00 1.017034118671892085e+00 1.014757652602311211e+00 1.012446036856571085e+00 1.010466154506471259e+00 1.008625628840753130e+00 1.006945765591787723e+00 1.005588088810555725e+00 1.004303520372351155e+00 1.003450516666075654e+00 1.002707950691927863e+00 1.002159083457132116e+00 1.001962559792238583e+00 1.001784091655794739e+00 1.001832533024516136e+00 1.001708664452913844e+00
1.034853497591514460e+00 1.030056020265218919e+00 1.026009957789385973e+00 1.022699560356977955e+00 1.019574787683644068e+00 1.017067834527108250e+00 1.014776600253161520e+00 1.012465615344512404e+00 1.010491193320665948e+00 1.008652346051993165e+00 1.006965724114179617e+00 1.005611863455230459e+00 1.004319627470728671e+00 1.003480824621636236e+00 1.002753654185169152e+00 1.002210226666587767e+00 1.002032270146942627e+00 1.001861861979405521e+00 1.001924376405659345e+00 1.001822397876574344e+00
1.034953936249294104e+00 1.030105577661771799e+00 1.026039196977440726e+00 1.022734536379815706e+00 1.019600518680126688e+00 1.017086356698111205e+00 1.014842434282363648e+00 1.012534502154092353e+00 1.010561882545413237e+00 1.008726759552075913e+00 1.007043792620108791e+00 1.005672017460454315e+00 1.004371270399657234e+00 1.003516407177964975e+00 1.002774910734527181e+00 1.002229837895436404e+00 1.002047248665958845e+00 1.001869279406588209e+00 1.001908243402183318e+00 1.001783872422072896e+00
1.034872133867686728e+00 1.030057724650445650e+00 1.025992461386400434e+00 1.022645947398499233e+00 1.019529389091722305e+00 1.017057462511863797e+00 1.014780371873930553e+00 1.012495752626673351e+00 1.010516584556418795e+00 1.008672879417896295e+00 1.007001041644275174e+00 1.005631208268310317e+00 1.004334133122938955e+00 1.003496076445917984e+00 1.002763467192318236e+00 1.002222076011016982e+00 1.002049505600884682e+00 1.001882143398837188e+00 1.001926125526120259e+00 1.001811305065241076e+00
1.034920985196907006e+00 1.030150577694945557e+00 1.026082071346527735e+00 1.022767145057817517e+00 1.019595738444190491e+00 1.017105469885724922e+00 1.014866934458253489e+00 1.012588648926363355e+00 1.010633401074797266e+00 1.008780302335022583e+00 1.007089397269637310e+00 1.005713110395578980e+00 1.004432318077977726e+00 1.003569866026204460e+00 1.002812033072007170e+00 1.002278216396533139e+00 1.002112961182918927e+00 1.001935921412269170e+00 1.002004643244168269e+00 1.001922354605278676e+00
1.034966230024237488e+00 1.030160658677325314e+00 1.026087288996469393e+00 1.022780991106251758e+00 1.019648771739580573e+00 1.017139136734902305e+00 1.014869969894036439e+00 1.012554866212852955e+00 1.010576761932596268e+00 1.008744709655868155e+00 1.007063809512220631e+00 1.005704547423244000e+00 1.004406935963269243e+00 1.003567158739472109e+00 1.002845685682581811e+00 1.002303728497378144e+00 1.002118690609057117e+00 1.001928749928557849e+00 1.001971592887670459e+00 1.001855693327548202e+00
1.034869336357156833e+00 1.030022651308706294e+00 1.025975012544914522e+00 1.022671574576086151e+00 1.019572976527195474e+00 1.017070757635321510e+00 1.014809613964193113e+00 1.012510160079006738e+00 1.010530677707303315e+00 1.008697731198886727e+00 1.007013766806438504e+00 1.005653104591526459e+00 1.004362478499428724e+00 1.003515073914774014e+00 1.002772837846944709e+00 1.002233621376217521e+00 1.002040476375961164e+00 1.001875986828457910e+00 1.001933486462534661e+00 1.001820686458526399e+00
1.034859028337729248e+00 1.030043667691810105e+00 1.025983446964185308e+00 1.022663746106635463e+00 1.019532394559362620e+00 1.017041148316951027e+00 1.014791497976348156e+00 1.012503473603900694e+00 1.010564366000617609e+00 1.008730684733329053e+00 1.007058489940833690e+00 1.005702164292952228e+00 1.004413556691035270e+00 1.003567150890669613e+00 1.002837723074144316e+00 1.002298528869424832e+00 1.002126393698556273e+00 1.001952303627213325e+00 1.001991882517074606e+00 1.001877422770141912e+00
1.034940160930959641e+00 1.030130740773739451e+00 1.026130918685809412e+00 1.022776678056493305e+00 1.019640752339100231e+00 1.017149928285249416e+00 1.014884519075940128e+00 1.012567040704022370e+00 1.010582409211322030e+00 1.008746708874997289e+00 1.007058018720719428e+00 1.005683221849390740e+00 1.004378614345588172e+00 1.003531692226370842e+00 1.002792932232559497e+00 1.002253556546295110e+00 1.002071287277483735e+00 1.001882295604659134e+00 1.001922732841056485e+00 1.001802127715901491e+00
1.034776399583283268e+00 1.029965630590784942e+00 1.025923256158987051e+00 1.022606297822217014e+00 1.019464932539100976e+00 1.016977877466699987e+00 1.014718441719888453e+00 1.012417091018288362e+00 1.010456153567248272e+00 1.008630832674723310e+00 1.006955470700321209e+00 1.005589556489923764e+00 1.004297093577719346e+00 1.003445989153175066e+00 1.002722831118051827e+00 1.002198985048520008e+00 1.002017200675528352e+00 1.001843892269514091e+00 1.001924288171781807e+00 1.001894258725392728e+00
1.034982144698208151e+00 1.030183956075443774e+00 1.026105045556974904e+00 1.022803123968646144e+00 1.019672964980428143e+00 1.017179102145250091e+00 1.014910694025057847e+00 1.012603012347297327e+00 1.010630361553978895e+00 1.008787724314889056e+00 1.007098309707355144e+00 1.005716426041987521e+00 1.004419854754305730e+00 1.003564160524725191e+00 1.002813029369495013e+00 1.002268917172621787e+00 1.002083286759358094e+00 1.001901633162835648e+00 1.001942987619996783e+00 1.001816180673646528e+00
1.034926444320727557e+00 1.030108824213104457e+00 1.026045965086418876e+00 1.022737166568760570e+00 1.019613040403184678e+00 1.017096973552047423e+00 1.014832844567145953e+00 1.012528607190185115e+00 1.010555376876087985e+00 1.008715304256358802e+00 1.007034869753237194e+00 1.005661599312492660e+00 1.004356293661337718e+00 1.003502046464620934e+00 1.002759523996526125e+00 1.002213384102549343e+00 1.002033202911189136e+00 1.001868444937747960e+00 1.001923852867226516e+00 1.001802020517071679e+00
1.034958549645743409e+00 1.030152653568945809e+00 1.026044565929417285e+00 1.022778416104451304e+00 1.019630832709981672e+00 1.017115495188495755e+00 1.014859155882959385e+00 1.012554336499360108e+00 1.010581175804615928e+00 1.008748166279255676e+00 1.007058291140838335e+00 1.005695724275586400e+00 1.004408568952891878e+00 1.003556089879140245e+00 1.002815303442608164e+00 1.002272051634772954e+00 1.002079664416881233e+00 1.001906764517014325e+00 1.001962785314288729e+00 1.001858820436335007e+00
1.034955390553500276e+00 1.030148013407320651e+00 1.026104708417058475e+00 1.022798948151281362e+00 1.019651825166436376e+00 1.017144076529045371e+00 1.014875973104951923e+00 1.012559608009327761e+00 1.010577748297271761e+00 1.008737425918411423e+00 1.007051877690227526e+00 1.005671746268372413e+00 1.004349257867161116e+00 1.003484926876348826e+00 1.002739920646977589e+00 1.002186603409152665e+00 1.001980870735227347e+00 1.001794405841600177e+00 1.001821040081068759e+00 1.001687587272946711e+00
1.034958401268808892e+00 1.030147701569017915e+00 1.026120134371319104e+00 1.022781364238731117e+00 1.019643457816181487e+00 1.017154564953038243e+00 1.014891335246732362e+00 1.012566943753649085e+00 1.010598649519152792e+00 1.008757588736161948e+00 1.007074332464820365e+00 1.005720690488667746e+00 1.004428864485583439e+00 1.003589404400216933e+00 1.002840206232431086e+00 1.002274065239113332e+00 1.002086363480189313e+00 1.001905676809915713e+00 1.001933771997719269e+00 1.001805635513431270e+00
1.034915367103773187e+00 1.030102094769550503e+00 1.026045017157845018e+00 1.022738942655776029e+00 1.019584041648394335e+00 1.017097550478809120e+00 1.014812364444358295e+00 1.012522050891011327e+00 1.010568181675276067e+00 1.008723915763265033e+00 1.007038135719645844e+00 1.005670061247861069e+00 1.004376351569996828e+00 1.003540541842780964e+00 1.002802466191153652e+00 1.002263154159460656e+00 1.002070901944784875e+00 1.001882198464669527e+00 1.001929763909258142e+00 1.001820383779345347e+00
1.034944510495071412e+00 1.030062424164200241e+00 1.026066418604840935e+00 1.022710819378768399e+00 1.019585205136553485e+00 1.017069935566851324e+00 1.014795884355624400e+00 1.012504724243495691e+00 1.010536844021937775e+00 1.008691557641867131e+00 1.007021174187781920e+00 1.005662335715786115e+00 1.004356370824494693e+00 1.003518917527450371e+00 1.002777211801853419e+00 1.002232993312018428e+00 1.002043415157864104e+00 1.001879535987520109e+00 1.001919016601057422e+00 1.001801954555737284e+00
1.034915922640204267e+00 1.030143786556341201e+00 1.026075241069678734e+00 1.022760952784826038e+00 1.019634051009713493e+00 1.017098670484245293e+00 1.014841954371026977e+00 1.012534602608655243e+00 1.010549275172913930e+00 1.008716615286274099e+00 1.007041392826737436e+00 1.005667166841929250e+00 1.004366072933264409e+00 1.003500860308207177e+00 1.002765871979332868e+00 1.002225967414300367e+00 1.002033588686676691e+00 1.001851669928940591e+00 1.001897792170828749e+00 1.001764527472671196e+00
1.034937843739225150e+00 1.030109875934922092e+00 1.026049459739391434e+00 1.022743243968579518e+00 1.019601574605546679e+00 1.017099013055442702e+00 1.014831099339808418e+00 1.012529973770749603e+00 1.010572341193734180e+00 1.008734635091229181e+00 1.007055857072980842e+00 1.005694334297282388e+00 1.004395952461482722e+00 1.003536221774799397e+00 1.002790217382375948e+00 1.002246949702029655e+00 1.002058854143479838e+00 1.001884987251970394e+00 1.001924001594199254e+00 1.001807672744808198e+00
1.034930797129246294e+00 1.030126731285820885e+00 1.026073050892156946e+00 1.022747299106806729e+00 1.019601371074889462e+00 1.017072667846507628e+00 1.014826479307486373e+00 1.012520729048326684e+00 1.010551464547680967e+00 1.008710740679701789e+00 1.007027418463087187e+00 1.005660636381268791e+00 1.004358876222218200e+00 1.003503404181863790e+00 1.002765685590434996e+00 1.002227945762877992e+00 1.002050019957772875e+00 1.001880908839978712e+00 1.001938658307252927e+00 1.001828811001660213e+00
1.034909112952512089e+00 1.030035612216737340e+00 1.025994920079154937e+00 1.022678957971268066e+00 1.019554225431914540e+00 1.017051057610342202e+00 1.014787222078814111e+00 1.012484463494496056e+00 1.010509583743843809e+00 1.008685815611850112e+00 1.006994512373125872e+00 1.005620677961214460e+00 1.004310118160898213e+00 1.003456978475111949e+00 1.002713606284925119e+00 1.002168837000060320e+00 1.001990982977907230e+00 1.001838139136379979e+00 1.001896987144422768e+00 1.001806056028607061e+00
1.034845319829291510e+00 1.030046165237137989e+00 1.025961680941589016e+00 1.022653271511605677e+00 1.019514606040303972e+00 1.017022768004777200e+00 1.014758927879192862e+00 1.012449442573628788e+00 1.010470316773831811e+00 1.008626115249183997e+00 1.006947211965233624e+00 1.005574701482107480e+00 1.004278751695895977e+00 1.003433884836863133e+00 1.002713652071799855e+00 1.002176005832650985e+00 1.001987083249140431e+00 1.001834753632886210e+00 1.001897382609219456e+00 1.001788419640033734e+00
1.034950810191510806e+00 1.030145077724979874e+00 1.026098035125460273e+00 1.022784770716406610e+00 1.019675276323413149e+00 1.017151101893658316e+00 1.014893635219574985e+00 1.012570173960653630e+00 1.010601975896206817e+00 1.008758974553627397e+00 1.007066417099777400e+00 1.005703676012129621e+00 1.004412471300727416e+00 1.003559597831195305e+00 1.002804172425581619e+00 1.002237713463688173e+00 1.002031119203546705e+00 1.001861169289724574e+00 1.001897235617777993e+00 1.001779268782942545e+00
1.034853980650114025e+00 1.030050831797686195e+00 1.026014929436896761e+00 1.022665902494037882e+00 1.019542097512687207e+00 1.017031261592006297e+00 1.014781299191899633e+00 1.012482422830329520e+00 1.010505636010508246e+00 1.008675499631936701e+00 1.006994534359358928e+00 1.005632050902247610e+00 1.004351744490532772e+00 1.003522057079356822e+00 1.002807401474123283e+00 1.002269565586739741e+00 1.002094589649084044e+00 1.001931824012788130e+00 1.001981206461148188e+00 1.001886359649489355e+00
1.034950993661205576e+00 1.030096299170265572e+00 1.025983784181878189e+00 1.022692497148215640e+00 1.019568372113129451e+00 1.017073665440709762e+00 1.014802562163553246e+00 1.012495419580148326e+00 1.010519850870051473e+00 1.008682846591445914e+00 1.007001241019932047e+00 1.005634929787471155e+00 1.004336088380574754e+00 1.003484655577831175e+00 1.002748149673155176e+00 1.002213240772158453e+00 1.002045439722654141e+00 1.001876238957478238e+00 1.001937420229703557e+00 1.001822751994498661e+00
1.034894625699008364e+00 1.030055148066227666e+00 1.025990765192388521e+00 1.022666318783189476e+00 1.019542334245285176e+00 1.017033481885153856e+00 1.014779524032721092e+00 1.012469870995711174e+00 1.010484952083810395e+00 1.008644852363492106e+00 1.006948526828032930e+00 1.005576388867970961e+00 1.004282607741577404e+00 1.003428355538234840e+00 1.002673812435066036e+00 1.002117996288405699e+00 1.001923484532505126e+00 1.001717753740042793e+00 1.001750437760261514e+00 1.001642961207781068e+00
1.034958579621461539e+00 1.030149951302772315e+00 1.026090565704043112e+00 1.022736436014355599e+00 1.019630834209528381e+00 1.017086502616563637e+00 1.014820118804176552e+00 1.012518627552816852e+00 1.010546557210526331e+00 1.008721855111270882e+00 1.007030091096966729e+00 1.005673476042609371e+00 1.004376504908084833e+00 1.003537301205345234e+00 1.002804442964759568e+00 1.002274946027701175e+00 1.002101800353176309e+00 1.001929111683801166e+00 1.001969574474658398e+00 1.001822427005470750e+00
1.034906551547581044e+00 1.030098106672855840e+00 1.026051042005445835e+00 1.022751849753253728e+00 1.019623826804795463e+00 1.017124905803991730e+00 1.014850864483739734e+00 1.012538854756615425e+00 1.010572229048074977e+00 1.008738615818179696e+00 1.007063732425628411e+00 1.005701109849295394e+00 1.004430048083232663e+00 1.003606820137488365e+00 1.002886991104449121e+00 1.002363601028593454e+00 1.002212320796670442e+00 1.002071454585462540e+00 1.002128518146918390e+00 1.002006358092040639e+00
1.034879061811727174e+00 1.030094114758835611e+00 1.026037352874731079e+00 1.022712915920457988e+00 1.019567468418245193e+00 1.017076932236572695e+00 1.014803443257953131e+00 1.012508520425055458e+00 1.010545138240738217e+00 1.008706728063455182e+00 1.007025399640239627e+00 1.005655102870021578e+00 1.004353530493762525e+00 1.003515510538520505e+00 1.002791642512063541e+00 1.002249440531166158e+00 1.002064908870838433e+00 1.001891180415085847e+00 1.001941440959360330e+00 1.001825115258396126e+00
1.034845064241936674e+00 1.030039308462693759e+00 1.025955852815081393e+00 1.022659157464129054e+00 1.019535511726414212e+00 1.017025161148082057e+00 1.014755511538958821e+00 1.012442380427703847e+00 1.010465506893947873e+00 1.008624171511481205e+00 1.006938381879308508e+00 1.005577430452369470e+00 1.004286654299026749e+00 1.003439385447755461e+00 1.002700520576015775e+00 1.002134666920855066e+00 1.001924679884936831e+00 1.001723124352441374e+00 1.001731662747044505e+00 1.001590711542556633e+00
1.035061861815300244e+00 1.030213499652688380e+00 1.026122037155151823e+00 1.022830230593900769e+00 1.019672622295299425e+00 1.017168044362949608e+00 1.014897871979418165e+00 1.012603410511993207e+00 1.010633208136586303e+00 1.008788777410015269e+00 1.007107037520820203e+00 1.005736974456817423e+00 1.004435927439738307e+00 1.003581230422791126e+00 1.002841846656702174e+00 1.002301702559489804e+00 1.002129331522282119e+00 1.001966760866012107e+00 1.002021977708287714e+00 1.001920916993917610e+00
1.034945077990327089e+00 1.030133007755845931e+00 1.026070628073089130e+00 1.022765477238518850e+00 1.019608297958792820e+00 1.017108814531519023e+00 1.014843854170697224e+00 1.012544402835183766e+00 1.010563867481438782e+00 1.008724333746733759e+00 1.007045994398115374e+00 1.005674631779445827e+00 1.004371163283255264e+00 1.003531328951907220e+00 1.002803327636916597e+00 1.002265859106278523e+00 1.002093455161335411e+00 1.001923783791474509e+00 1.001964020724957383e+00 1.001839250845304008e+00
1.034831536743355374e+00 1.030015735776098174e+00 1.025959609883561496e+00 1.022625039466556807e+00 1.019493020454951049e+00 1.016998147829627497e+00 1.014721136008891689e+00 1.012414914625674456e+00 1.010450575885706304e+00 1.008600185268613503e+00 1.006907805168903547e+00 1.005536913187960346e+00 1.004253849871122872e+00 1.003420480509144008e+00 1.002694062599357450e+00 1.002147225664161256e+00 1.001954163524666486e+00 1.001767969736425012e+00 1.001799609090081367e+00 1.001641034752630777e+00
1.034910428247052483e+00 1.030078991365991570e+00 1.026028792919298827e+00 1.022698794159834446e+00 1.019538347907902542e+00 1.017055182392785140e+00 1.014794246073580375e+00 1.012491453336841429e+00 1.010525659777472995e+00 1.008686121951344106e+00 1.007004417675996244e+00 1.005639453578315745e+00 1.004353726463091068e+00 1.003523669547054631e+00 1.002783975863257071e+00 1.002221461151985515e+00 1.002009414459772207e+00 1.001808856562555361e+00 1.001839924718806563e+00 1.001697678793047386e+00
1.034894680846434545e+00 1.030094190101613183e+00 1.026076831145335433e+00 1.022751813416882705e+00 1.019612276053710964e+00 1.017101821275032902e+00 1.014828048118410653e+00 1.012506496074753626e+00 1.010551888796967113e+00 1.008710800846007727e+00 1.007030378561529993e+00 1.005664311776903075e+00 1.004371279398756700e+00 1.003523777946245366e+00 1.002785751412440973e+00 1.002246833738779763e+00 1.002070096917009323e+00 1.001888595999089304e+00 1.001928221337778702e+00 1.001820050392505435e+00
1.034969624815299305e+00 1.030133750595584763e+00 1.026058173061604295e+00 1.022737700030311281e+00 1.019595815946199302e+00 1.017096191801173166e+00 1.014846236859922701e+00 1.012525873369743978e+00 1.010556118417802907e+00 1.008714701517779977e+00 1.007040035859022575e+00 1.005681300316358717e+00 1.004384825686730487e+00 1.003536313268209135e+00 1.002791218836115217e+00 1.002240902362114827e+00 1.002052116359781531e+00 1.001871887470157541e+00 1.001920365433600191e+00 1.001803886281087630e+00
1.034913226597361957e+00 1.030100414799841602e+00 1.026068860920017034e+00 1.022751149733670317e+00 1.019589711615582095e+00 1.017098747426356642e+00 1.014824655844295931e+00 1.012527125435521702e+00 1.010550727641089219e+00 1.008701237785452065e+00 1.007011810053676459e+00 1.005649146052156828e+00 1.004360749289433752e+00 1.003531007389204310e+00 1.002822969984307422e+00 1.002315096187611054e+00 1.002158632462216481e+00 1.001983847033891761e+00 1.002035971721175978e+00 1.001920883200911438e+00
1.034915579636311644e+00 1.030096061193005452e+00 1.026057794318984584e+00 1.022725321922893116e+00 1.019611480059215758e+00 1.017107623228967972e+00 1.014838304889580378e+00 1.012537402261949548e+00 1.010563170434550351e+00 1.008731249957399934e+00 1.007056409553302556e+00 1.005705506580139463e+00 1.004429244440829150e+00 1.003575522535603781e+00 1.002828583649055361e+00 1.002260942755466067e+00 1.002080332007581287e+00 1.001902123492658836e+00 1.001953285480647660e+00 1.001842739160502482e+00
1.034942705938806329e+00 1.030096778562864746e+00 1.026052910222362557e+00 1.022736542229971013e+00 1.019619006568464048e+00 1.017115618333096494e+00 1.014865338282589624e+00 1.012551942453728593e+00 1.010572172086499743e+00 1.008734236491793945e+00 1.007050407805177850e+00 1.005684732864462250e+00 1.004386452722932255e+00 1.003545838696134007e+00 1.002804951105469744e+00 1.002279927336477305e+00 1.002114000606527888e+00 1.001947419943693074e+00 1.001998270828150073e+00 1.001853124358639935e+00
1.034886743433427903e+00 1.030082760896902094e+00 1.025998276511497442e+00 1.022695353432329313e+00 1.019572879791203368e+00 1.017053455969136433e+00 1.014783238603292226e+00 1.012497700073718754e+00 1.010514312643502777e+00 1.008669716454396292e+00 1.006977685471729167e+00 1.005620664450018742e+00 1.004328352414038061e+00 1.003486697988865917e+00 1.002771315476322256e+00 1.002244977886401767e+00 1.002069419885934787e+00 1.001892435114027702e+00 1.001938340877799538e+00 1.001816876507932497e+00
1.034982044993412620e+00 1.030150702680151964e+00 1.026113802730717728e+00 1.022797343619815447e+00 1.019658630625579043e+00 1.017141497392550775e+00 1.014879828378286275e+00 1.012558342110039256e+00 1.010588864553304989e+00 1.008742565545275083e+00 1.007056317004021206e+00 1.005684068252957308e+00 1.004386120405271532e+00 1.003538239631868612e+00 1.002788876768587523e+00 1.002256427956022211e+00 1.002075815458724595e+00 1.001885402187173923e+00 1.001924164023663133e+00 1.001811148481502212e+00
1.034868382320757840e+00 1.030106530634331774e+00 1.026061677595629495e+00 1.022741838503970824e+00 1.019621030613416579e+00 1.017120357116688689e+00 1.014847196597615353e+00 1.012560776096573356e+00 1.010575957148880155e+00 1.008734626641977217e+00 1.007047669951892876e+00 1.005672552761238459e+00 1.004367663252296872e+00 1.003519670730951940e+00 1.002773701811389362e+00 1.002212674205061882e+00 1.002023979940758647e+00 1.001839686495724635e+00 1.001872830828630434e+00 1.001754025495774858e+00
1.034852610667059025e+00 1.030071438241987769e+00 1.025976283037500769e+00 1.022709772041578313e+00 1.019580259355293395e+00 1.017083505279704481e+00 1.014829619866146837e+00 1.012513599071921400e+00 1.010548010294161303e+00 1.008715582284779755e+00 1.007032663169909137e+00 1.005661127034041424e+00 1.004361535476624656e+00 1.003518962467559561e+00 1.002788340340010631e+00 1.002248501544024784e+00 1.002063821679019862e+00 1.001884747663507547e+00 1.001921746910035660e+00 1.001797874740459227e+00
1.034929549821124839e+00 1.030099777564515984e+00 1.026073976778104857e+00 1.022739514585553566e+00 1.019590919363866810e+00 1.017091400980520755e+00 1.014833700460090471e+00 1.012543200358171580e+00 1.010569771631341984e+00 1.008724810532584337e+00 1.007030036110291960e+00 1.005654995833632492e+00 1.004363539167286268e+00 1.003527759062434299e+00 1.002779170719987123e+00 1.002222185991613834e+00 1.002039650089602052e+00 1.001845195764866414e+00 1.001858520361382565e+00 1.001741040124163540e+00
1.034853047186598873e+00 1.030030043709125875e+00 1.025972023223196583e+00 1.022682159682252401e+00 1.019534393996451183e+00 1.017035420127415213e+00 1.014771213185977849e+00 1.012453816487933533e+00 1.010485105111845305e+00 1.008669239811784024e+00 1.006979645117666911e+00 1.005600505877305872e+00 1.004301513471925089e+00 1.003457853341477080e+00 1.002701415007742680e+00 1.002153196770811716e+00 1.001975225456097851e+00 1.001804894388663048e+00 1.001836779667102162e+00 1.001697143420406277e+00
1.034876000781882244e+00 1.030082092095756297e+00 1.026011670682855481e+00 1.022710346725481667e+00 1.019562392351754054e+00 1.017043638680688700e+00 1.014795919644912781e+00 1.012500237456930297e+00 1.010536494626194326e+00 1.008699807118691227e+00 1.007011635424430729e+00 1.005654444272344961e+00 1.004361636844380845e+00 1.003515028266471987e+00 1.002783235993322863e+00 1.002253513036024168e+00 1.002066545763299343e+00 1.001884128890874415e+00 1.001932835241931219e+00 1.001826798072858571e+00
1.035027979610902316e+00 1.030144200607465477e+00 1.026121621502763093e+00 1.022811617793198513e+00 1.019657632434419092e+00 1.017159984255637584e+00 1.014901146266732779e+00 1.012591191420106451e+00 1.010619608170054917e+00 1.008784872398114985e+00 1.007078984710149561e+00 1.005697863249118695e+00 1.004397935219236038e+00 1.003531746093640376e+00 1.002784302944187633e+00 1.002250188518013507e+00 1.002074960099616163e+00 1.001894250187038704e+00 1.001935139386328499e+00 1.001809546519859984e+00
1.034941114490889769e+00 1.030138940383755530e+00 1.026095143703624313e+00 1.022753183837181945e+00 1.019628950111189702e+00 1.017129450626186093e+00 1.014854945809274156e+00 1.012552864839491251e+00 1.010577429205473665e+00 1.008737823888002261e+00 1.007050505176496413e+00 1.005682560343254650e+00 1.004375365245166130e+00 1.003532667959881497e+00 1.002798605767223128e+00 1.002250998604065968e+00 1.002065515347787983e+00 1.001882210216832769e+00 1.001926804357343270e+00 1.001810702699727385e+00
1.034935435728790765e+00 1.030081677337556512e+00 1.025988757098923676e+00 1.022715835856072397e+00 1.019573498835177894e+00 1.017066182711003908e+00 1.014812257444712928e+00 1.012507795010396450e+00 1.010547771918123949e+00 1.008707873235576979e+00 1.007025324828059398e+00 1.005667964028839290e+00 1.004376360421144199e+00 1.003535319778385171e+00 1.002807245530658031e+00 1.002268468145855573e+00 1.002084377745845467e+00 1.001891040284284662e+00 1.001931517593018350e+00 1.001821522444221735e+00
1.034861632739721982e+00 1.030088388167543556e+00 1.026018260961595097e+00 1.022699065067510737e+00 1.019578889324317617e+00 1.017065153095631391e+00 1.014795937907668755e+00 1.012502399974371636e+00 1.010529331102031581e+00 1.008697090493649640e+00 1.007014338663179132e+00 1.005641485260502455e+00 1.004336133663020769e+00 1.003481160249124926e+00 1.002739527335518188e+00 1.002177595692471002e+00 1.001982878790579345e+00 1.001787215726849700e+00 1.001829746885264827e+00 1.001738608427206634e+00
1.034962374163812315e+00 1.030130221411874603e+00 1.026075453296877660e+00 1.022776407832937107e+00 1.019628902515126612e+00 1.017133221034908219e+00 1.014862436329964979e+00 1.012554589290130425e+00 1.010580336382706612e+00 1.008745632837124040e+00 1.007058571674656067e+00 1.005698187544765698e+00 1.004402493659278139e+00 1.003552605333272396e+00 1.002817956467649596e+00 1.002271907673129903e+00 1.002082812983197346e+00 1.001902627344392949e+00 1.001949103499267135e+00 1.001834170513967059e+00
1.034871005146154266e+00 1.030001987891847159e+00 1.026004456489087335e+00 1.022705298845593358e+00 1.019546969330410224e+00 1.017060994357147363e+00 1.014796894770638946e+00 1.012479584486629891e+00 1.010492691602388193e+00 1.008660692470594311e+00 1.006962866665442657e+00 1.005601572781067876e+00 1.004316522771162790e+00 1.003480302115222766e+00 1.002739997053675891e+00 1.002194095861710155e+00 1.001984823905345046e+00 1.001793854882147450e+00 1.001814980871362115e+00 1.001662999349519856e+00
1.034876288994579729e+00 1.030091455419770208e+00 1.026033499165964979e+00 1.022749853511949247e+00 1.019597553052940642e+00 1.017090606624528215e+00 1.014823336010645116e+00 1.012519926573056006e+00 1.010571693742094546e+00 1.008729384774857962e+00 1.007058653926683478e+00 1.005702319725005678e+00 1.004424885957566627e+00 1.003587629505917400e+00 1.002832570854643723e+00 1.002297502753324965e+00 1.002098267022365485e+00 1.001904155138927610e+00 1.001928995680839263e+00 1.001792378864402089e+00
1.034811362879846985e+00 1.029992949794543922e+00 1.025880764608360529e+00 1.022612150569705669e+00 1.019468808612714827e+00 1.016963821620723296e+00 1.014710471647935375e+00 1.012421491341626512e+00 1.010456660942222973e+00 1.008638698950277135e+00 1.006953788635642999e+00 1.005584860288817994e+00 1.004312885790075160e+00 1.003478786782662446e+00 1.002764141847910073e+00 1.002228958846385298e+00 1.002031460941288810e+00 1.001846125626378647e+00 1.001894416485462402e+00 1.001778509918110682e+00
1.034883415635229342e+00 1.030021566940354960e+00 1.025963363981960086e+00 1.022656877501628925e+00 1.019538112551898967e+00 1.017020104723933338e+00 1.014742094491630553e+00 1.012437818421386027e+00 1.010479881328331553e+00 1.008645817745097872e+00 1.006964517793882186e+00 1.005610010680510147e+00 1.004317427283015762e+00 1.003471437571048952e+00 1.002739212665100910e+00 1.002196316432451439e+00 1.002015210667086320e+00 1.001849256922898057e+00 1.001907783848499101e+00 1.001806070361020984e+00
1.034912667784139151e+00 1.030105520433849842e+00 1.026071440386239653e+00 1.022761384388521044e+00 1.019621774848504581e+00 1.017110854547794485e+00 1.014840717952014026e+00 1.012540794206614914e+00 1.010564974336946698e+00 1.008731779873983214e+00 1.007045539647018373e+00 1.005682799045954035e+00 1.004385295248106269e+00 1.003539385185593602e+00 1.002797202833133339e+00 1.002252332234131016e+00 1.002062596796739369e+00 1.001877275391910294e+00 1.001919697470892601e+00 1.001795485328951907e+00
1.034956779086059875e+00 1.030130924781396784e+00 1.026099138440060399e+00 1.022782196150057610e+00 1.019652698152995640e+00 1.017141792012213886e+00 1.014871848740356741e+00 1.012573932232003537e+00 1.010599055483158315e+00 1.008760796879810906e+00 1.007071400588296139e+00 1.005704707498651151e+00 1.004403991358330694e+00 1.003555985081259427e+00 1.002812348214044302e+00 1.002257062701307655e+00 1.002046633047665836e+00 1.001839551336379142e+00 1.001869069244968991e+00 1.001730131211652219e+00
1.034929549090347844e+00 1.030113764364910311e+00 1.026055523691982829e+00 1.022762758546690298e+00 1.019609137342746497e+00 1.017100405513657879e+00 1.014833326615870002e+00 1.012538417029572813e+00 1.010572008888636075e+00 1.008732288879191419e+00 1.007057384526610866e+00 1.005686028151917544e+00 1.004394705085282169e+00 1.003555336712866453e+00 1.002814911159825018e+00 1.002270474246059973e+00 1.002091877952955956e+00 1.001909352606360715e+00 1.001958494504512354e+00 1.001832518903933211e+00
1.035014078903285561e+00 1.030105948541462757e+00 1.026074318805375363e+00 1.022763428314703571e+00 1.019592020316705483e+00 1.017116175607628348e+00 1.014852634234258533e+00 1.012545322496264832e+00 1.010560935930012061e+00 1.008714328674971794e+00 1.007018119679141455e+00 1.005646417619223243e+00 1.004354595989488619e+00 1.003503577785869405e+00 1.002762287497760196e+00 1.002235460307403070e+00 1.002056690945593687e+00 1.001880617808617258e+00 1.001932367269759983e+00 1.001823465750757869e+00
1.034952965958965354e+00 1.030073731256129443e+00 1.026055157037394361e+00 1.022739176886860557e+00 1.019618699083129743e+00 1.017103215484047807e+00 1.014826578686858882e+00 1.012530446111712834e+00 1.010544575938907563e+00 1.008690661076779183e+00 1.007006394397365945e+00 1.005627290756074377e+00 1.004332260508542518e+00 1.003479203227434002e+00 1.002728582734311313e+00 1.002167785660692312e+00 1.001982725579686262e+00 1.001799509862128401e+00 1.001852202333742836e+00 1.001724466830836935e+00
1.034850919028377003e+00 1.030025818225410283e+00 1.026015620142104678e+00 1.022698710070108818e+00 1.019578567854857454e+00 1.017086711383532016e+00 1.014822246547796514e+00 1.012529034324351596e+00 1.010563724971721422e+00 1.008711894575871293e+00 1.007031613112119528e+00 1.005673328849414405e+00 1.004376391785023914e+00 1.003521986989921011e+00 1.002771926405113145e+00 1.002225291068141733e+00 1.002053321544671638e+00 1.001893594992567582e+00 1.001954473257019584e+00 1.001840167356986999e+00
1.035029648892067611e+00 1.030201439152883536e+00 1.026139425639705394e+00 1.022776979207856929e+00 1.019653382152833299e+00 1.017158835085923085e+00 1.014884591918165935e+00 1.012577456115101082e+00 1.010601337965206126e+00 1.008764709028085571e+00 1.007076349587391118e+00 1.005715447422010689e+00 1.004419988539194231e+00 1.003569157594395023e+00 1.002826323749503645e+00 1.002279495631524631e+00 1.002092653941655920e+00 1.001903448391498141e+00 1.001942343733318808e+00 1.001845813142352659e+00
1.034999998220163198e+00 1.030133191100510270e+00 1.026079778369021422e+00 1.022766649735122657e+00 1.019631033695526101e+00 1.017121486237374972e+00 1.014848101677855219e+00 1.012539377597978518e+00 1.010570716174020944e+00 1.008727083060122709e+00 1.007050053655169863e+00 1.005691816690127860e+00 1.004395505854766668e+00 1.003550374207351048e+00 1.002792532795476754e+00 1.002235768911867941e+00 1.002041243053710895e+00 1.001865594813568627e+00 1.001907529935727403e+00 1.001787662883003804e+00
1.034837066582719345e+00 1.030055011560216727e+00 1.026004552387834723e+00 1.022710246787752020e+00 1.019555734412452619e+00 1.017044543862941186e+00 1.014794439548645899e+00 1.012489804434444141e+00 1.010518670660236706e+00 1.008688672377580531e+00 1.007011769611188656e+00 1.005640841575012434e+00 1.004347337409839280e+00 1.003484533536517676e+00 1.002740171022969529e+00 1.002193165102303940e+00 1.002013015288171660e+00 1.001843732446691115e+00 1.001890196997548221e+00 1.001753374279051867e+00
1.034897642003161256e+00 1.030105503895537344e+00 1.026030611562459560e+00 1.022732550555008224e+00 1.019592794200189223e+00 1.017098335720678648e+00 1.014821283659550044e+00 1.012513757087547983e+00 1.010545299372490602e+00 1.008699515953439541e+00 1.007010188425025765e+00 1.005628819481113601e+00 1.004324776218452175e+00 1.003481215658769798e+00 1.002745254392793051e+00 1.002203453314523651e+00 1.001999215003751331e+00 1.001808268813909386e+00 1.001832773083078942e+00 1.001708617374865717e+00
1.034969567194604645e+00 1.030119389282896813e+00 1.026068090552212819e+00 1.022751675725363851e+00 1.019597772920905809e+00 1.017114012539523271e+00 1.014838056891194107e+00 1.012543757165859981e+00 1.010572013656323875e+00 1.008728845410909347e+00 1.007050476803335703e+00 1.005684419752775005e+00 1.004382732258765953e+00 1.003529512493794185e+00 1.002801301474208762e+00 1.002271567604257063e+00 1.002079081654254633e+00 1.001887719372885455e+00 1.001911515204055636e+00 1.001768920561507237e+00
1.034783653166627237e+00 1.030029536967638215e+00 1.025991502833202729e+00 1.022674119303543128e+00 1.019540497548335534e+00 1.017032119264833945e+00 1.014765153675329490e+00 1.012483509408131921e+00 1.010525338939066931e+00 1.008690255519598233e+00 1.006995191737959594e+00 1.005634581568129793e+00 1.004335791857225990e+00 1.003495602625135374e+00 1.002770041418368008e+00 1.002224164947347340e+00 1.002039524855838026e+00 1.001868657012486397e+00 1.001926614460142639e+00 1.001821261713663480e+00
1.034888522231636854e+00 1.030099212125120012e+00 1.026026011149253847e+00 1.022736298104633734e+00 1.019607619389820474e+00 1.017112575706442090e+00 1.014826154236392108e+00 1.012541790642373263e+00 1.010566283977089030e+00 1.008708939432403362e+00 1.007030583521039802e+00 1.005658973661231581e+00 1.004360243930049634e+00 1.003511917881260151e+00 1.002780371780382485e+00 1.002248948767214598e+00 1.002062655940459734e+00 1.001879453201708348e+00 1.001906540439621462e+00 1.001782368640653065e+00
1.034939663707566293e+00 1.030107281554328846e+00 1.026012042053935147e+00 1.022721405786512827e+00 1.019575807319116123e+00 1.017061478023415289e+00 1.014818346306566088e+00 1.012512789898670329e+00 1.010544297466765995e+00 1.008708117614326438e+00 1.007025324831686053e+00 1.005650418067877583e+00 1.004359587686834310e+00 1.003512232836307749e+00 1.002773321725319189e+00 1.002225734521238198e+00 1.002043923608606724e+00 1.001871378831551418e+00 1.001909642401905387e+00 1.001780986200767831e+00
1.034833521545315049e+00 1.030078246141979958e+00 1.026036739942565834e+00 1.022716405738739232e+00 1.019602559802784469e+00 1.017090668743377835e+00 1.014823702126705696e+00 1.012529625113113285e+00 1.010557020571988485e+00 1.008729012192001173e+00 1.007037279036850919e+00 1.005653433233917093e+00 1.004355716895393602e+00 1.003517238338587525e+00 1.002764251847116928e+00 1.002203472414202379e+00 1.002012125171725998e+00 1.001829153007977702e+00 1.001871885521989913e+00 1.001747612702931889e+00
1.034943264554455178e+00 1.030095492353944486e+00 1.026009697040071833e+00 1.022738568521237346e+00 1.019589227387415420e+00 1.017095747697640773e+00 1.014813032174693097e+00 1.012500269233450823e+00 1.010544267055905276e+00 1.008708328960688405e+00 1.007040726946405451e+00 1.005681192763453469e+00 1.004381195399988380e+00 1.003535919165218893e+00 1.002806601936236275e+00 1.002265441618797936e+00 1.002079385678197321e+00 1.001899446193749599e+00 1.001956373396828415e+00 1.001844045685454931e+00
1.034828386111460663e+00 1.030004294209259763e+00 1.025963125989695524e+00 1.022661677096620592e+00 1.019543614432580236e+00 1.017022856861291791e+00 1.014761037566598523e+00 1.012452894457591901e+00 1.010476782737559143e+00 1.008638418110504142e+00 1.006952224242812388e+00 1.005611392894408596e+00 1.004323722701564670e+00 1.003482393694022257e+00 1.002741454583750302e+00 1.002201623923346441e+00 1.002019287410214288e+00 1.001829617176783316e+00 1.001861162592625254e+00 1.001746434068317537e+00
1.034866838608849315e+00 1.030056134793610800e+00 1.025989198677018877e+00 1.022709107036229526e+00 1.019574689016837787e+00 1.017094746747339906e+00 1.014821398691976073e+00 1.012514087938158447e+00 1.010536067282842732e+00 1.008701644205263870e+00 1.007011906386305666e+00 1.005638187028985664e+00 1.004335341862031994e+00 1.003492775820565619e+00 1.002747633073680644e+00 1.002210193748739098e+00 1.002011599416472665e+00 1.001822333772818485e+00 1.001842380844941482e+00 1.001692190854759579e+00
1.034973496724688857e+00 1.030172553174684591e+00 1.026091255066173602e+00 1.022775872873902481e+00 1.019636723524143918e+00 1.017114714019129895e+00 1.014857914753716228e+00 1.012540942618251893e+00 1.010583999624817375e+00 1.008733714642406687e+00 1.007037567280349766e+00 1.005668311528439940e+00 1.004376408914836150e+00 1.003532519943260315e+00 1.002802222755468264e+00 1.002254466717591663e+00 1.002077717909523269e+00 1.001918199904842544e+00 1.001973982488642223e+00 1.001860038935515895e+00
1.034919107070243260e+00 1.030107732277007804e+00 1.026061075042593584e+00 1.022746990745502904e+00 1.019610362577111573e+00 1.017119210080035918e+00 1.014870257381791818e+00 1.012534158880964874e+00 1.010573498537879811e+00 1.008741059537335394e+00 1.007042968935262017e+00 1.005683859193439833e+00 1.004392547841188810e+00 1.003548467981468573e+00 1.002814910691027128e+00 1.002277871950118859e+00 1.002089002913608251e+00 1.001922094829803100e+00 1.001966065530462524e+00 1.001834129488617275e+00
1.034975046568892276e+00 1.030143120324015005e+00 1.026046081069368565e+00 1.022746279805622382e+00 1.019630752954032271e+00 1.017101401730216681e+00 1.014836460876857194e+00 1.012538686098493068e+00 1.010574469141486409e+00 1.008718143498822828e+00 1.007050982188006927e+00 1.005693785707495902e+00 1.004415561453957384e+00 1.003571118818355590e+00 1.002817183285500846e+00 1.002254226498128453e+00 1.002058109609670344e+00 1.001887279457333912e+00 1.001972089136087485e+00 1.001881440770119980e+00
1.034968351710601864e+00 1.030100825856339330e+00 1.026055855636405667e+00 1.022763385010932113e+00 1.019607556873301180e+00 1.017105541587517648e+00 1.014832303065935415e+00 1.012527154674665253e+00 1.010554236970937270e+00 1.008705912267757965e+00 1.007007901292152452e+00 1.005639810664004541e+00 1.004345328820144045e+00 1.003469071192346407e+00 1.002701846658676565e+00 1.002143390960537506e+00 1.001927216338096116e+00 1.001725169541041183e+00 1.001761651595828306e+00 1.001635475298664923e+00
1.034971080405454602e+00 1.030151584313992341e+00 1.026091625830699572e+00 1.022768090828682253e+00 1.019607485977787276e+00 1.017099508096184213e+00 1.014821498952835466e+00 1.012523449478968773e+00 1.010551098917752855e+00 1.008719326696159824e+00 1.007037227594289153e+00 1.005677810354635104e+00 1.004384350644699220e+00 1.003543735842545415e+00 1.002810724073757376e+00 1.002268032141198750e+00 1.002100532105382191e+00 1.001933695260895485e+00 1.001981235175795737e+00 1.001844679385560433e+00
1.034869227223962129e+00 1.030027281563485664e+00 1.025981586176932359e+00 1.022659165486666355e+00 1.019517838933986065e+00 1.017030727216184927e+00 1.014774069703277881e+00 1.012499010840121505e+00 1.010548795922881826e+00 1.008712791850677304e+00 1.007041370251091861e+00 1.005693310191016820e+00 1.004395360921337410e+00 1.003543434769443410e+00 1.002783958687457844e+00 1.002231889674202625e+00 1.002048857924628500e+00 1.001858005401632834e+00 1.001888077216594564e+00 1.001767661583500724e+00
1.034915552686476614e+00 1.030135997266049097e+00 1.026057371511456262e+00 1.022753149886406865e+00 1.019597832621444766e+00 1.017108660157084232e+00 1.014857142017588254e+00 1.012550757478392072e+00 1.010608241415039910e+00 1.008770363364037026e+00 1.007089760708792969e+00 1.005721865571156393e+00 1.004417607807831514e+00 1.003575135534845897e+00 1.002838959654634099e+00 1.002285990340511468e+00 1.002098767344879127e+00 1.001909840045017930e+00 1.001934398626238787e+00 1.001808082317000137e+00
1.034883758212546079e+00 1.030054195001609774e+00 1.026017587888590654e+00 1.022699908032772997e+00 1.019564667728917629e+00 1.017065814005918112e+00 1.014793129650930048e+00 1.012482317822319899e+00 1.010516076284405429e+00 1.008671737351561015e+00 1.006991944314060916e+00 1.005631730222233289e+00 1.004344384393811351e+00 1.003514746855936002e+00 1.002776436050137887e+00 1.002221937484433445e+00 1.002029766050193338e+00 1.001852470633188164e+00 1.001919464259892534e+00 1.001811741898434693e+00
1.034949843625529775e+00 1.030170431369858974e+00 1.026111514927013246e+00 1.022768024679253207e+00 1.019627953567060041e+00 1.017133584553613579e+00 1.014863553438003052e+00 1.012559410733453680e+00 1.010581418032082013e+00 1.008736759151050544e+00 1.007048588434468428e+00 1.005675171740501250e+00 1.004364909763905134e+00 1.003507676892014588e+00 1.002762908782698803e+00 1.002222480293232243e+00 1.002025860307864225e+00 1.001830406549959029e+00 1.001864873780677900e+00 1.001749423250168469e+00
1.035010293606830611e+00 1.030154350416128795e+00 1.026091293902832380e+00 1.022793801938913782e+00 1.019656970460043777e+00 1.017140588303552473e+00 1.014876112946299536e+00 1.012562425795104915e+00 1.010590442606402295e+00 1.008738712175525132e+00 1.007055996905602102e+00 1.005694495291959312e+00 1.004415132814470812e+00 1.003586377017799292e+00 1.002862397230605662e+00 1.002310929204244250e+00 1.002126711879127718e+00 1.001946731258512413e+00 1.001972989246060930e+00 1.001825651436277553e+00
1.034981115581941502e+00 1.030164890913274567e+00 1.026113383149081848e+00 1.022804494359963901e+00 1.019671716472673628e+00 1.017167204734638286e+00 1.014890138156107069e+00 1.012580463088925020e+00 1.010595128535849874e+00 1.008752971474505822e+00 1.007066388897643217e+00 1.005702011871843604e+00 1.004399771886069992e+00 1.003553259443028978e+00 1.002810168513571742e+00 1.002264236054543511e+00 1.002071693297847732e+00 1.001891762421173615e+00 1.001938020052159706e+00 1.001823970954731635e+00
1.034984197178113963e+00 1.030145854113617254e+00 1.026061675904899495e+00 1.022771966640457109e+00 1.019625621632366919e+00 1.017122637366579152e+00 1.014856114253353203e+00 1.012553933575639054e+00 1.010579147871534245e+00 1.008753098644954660e+00 1.007057117189848361e+00 1.005694004479453563e+00 1.004391366934079821e+00 1.003533826288074859e+00 1.002794667856391042e+00 1.002237840549488945e+00 1.002043844234663972e+00 1.001873641312520880e+00 1.001924512617137442e+00 1.001805940837020792e+00
1.034875590817573299e+00 1.030084487622982881e+00 1.025986926145568523e+00 1.022706016594958855e+00 1.019548609867283462e+00 1.017067859461030954e+00 1.014784014894099640e+00 1.012468582089264268e+00 1.010504643123164792e+00 1.008669157260497107e+00 1.006986224306869904e+00 1.005624954220667444e+00 1.004335316819914503e+00 1.003492727116861438e+00 1.002757163680773500e+00 1.002205260057437153e+00 1.002020376043995853e+00 1.001820133715804806e+00 1.001845388420428362e+00 1.001707844547554904e+00
1.034924174731284952e+00 1.030096726570562504e+00 1.026050895044342326e+00 1.022724578587592692e+00 1.019619024892871151e+00 1.017101128553005385e+00 1.014848565404707914e+00 1.012538692975685661e+00 1.010566148034237388e+00 1.008721686688733854e+00 1.007038881001107722e+00 1.005672630676373025e+00 1.004369692504902600e+00 1.003509615307146996e+00 1.002765860249266172e+00 1.002220910192492598e+00 1.002043287404333904e+00 1.001875365085075797e+00 1.001955740812705109e+00 1.001848769110063042e+00
1.034895493935004795e+00 1.030120653181065382e+00 1.026036975161659814e+00 1.022736303049671891e+00 1.019609971858300046e+00 1.017096090452462631e+00 1.014817081379346675e+00 1.012514240175419244e+00 1.010530665413857720e+00 1.008682491822544991e+00 1.006990727257633056e+00 1.005609807870203154e+00 1.004300478708823441e+00 1.003442028376816397e+00 1.002679330155278326e+00 1.002111872701949569e+00 1.001897616592607010e+00 1.001689858294721791e+00 1.001725883989426080e+00 1.001579607284105444e+00
1.034876898258584088e+00 1.030116628295880243e+00 1.026028017334910558e+00 1.022726342259797638e+00 1.019597408083225965e+00 1.017079958113532356e+00 1.014818305046512048e+00 1.012516526042528842e+00 1.010535114412926649e+00 1.008702410508954594e+00 1.007000600322551120e+00 1.005629785591467984e+00 1.004347199061220275e+00 1.003508418690599369e+00 1.002764284302506859e+00 1.002224662790095477e+00 1.002059615451139418e+00 1.001897949864939408e+00 1.001937798115655420e+00 1.001820238154618625e+00
1.034885121207250513e+00 1.030044947901213481e+00 1.026003376886331253e+00 1.022659290799701859e+00 1.019514106902452921e+00 1.017038503772767832e+00 1.014765704355755860e+00 1.012471222190411746e+00 1.010516091394067173e+00 1.008677650946792070e+00 1.006980897266088970e+00 1.005614637948522239e+00 1.004326500635395858e+00 1.003488493745971155e+00 1.002765173857683934e+00 1.002234384531769829e+00 1.002073163893252961e+00 1.001911335312331008e+00 1.001941392909827977e+00 1.001803684820293583e+00
1.034926008983294565e+00 1.030088090129506417e+00 1.026050224993225068e+00 1.022714313428087163e+00 1.019569231065636350e+00 1.017100617944773244e+00 1.014816996643921998e+00 1.012522664572488074e+00 1.010542872771629019e+00 1.008697786332276358e+00 1.007034018007049170e+00 1.005677457064904079e+00 1.004374390810587325e+00 1.003519536321764383e+00 1.002762290505438747e+00 1.002220518816139938e+00 1.002041112330599004e+00 1.001858855961311745e+00 1.001898379930572514e+00 1.001769386198894995e+00
1.034944231309164575e+00 1.030134236928440528e+00 1.026080605992804040e+00 1.022761077029653354e+00 1.019627972487485046e+00 1.017127164480511992e+00 1.014847754883384079e+00 1.012544219234548182e+00 1.010577961500169986e+00 1.008739513021690959e+00 1.007049629323075957e+00 1.005682980876009269e+00 1.004375546490799298e+00 1.003522914677396072e+00 1.002773200610490356e+00 1.002227305280232406e+00 1.002057802586383328e+00 1.001881085061853138e+00 1.001917694832975991e+00 1.001800824561384751e+00
1.034927785136484646e+00 1.030116923369501336e+00 1.026050566879478154e+00 1.022737533711074676e+00 1.019592930502787986e+00 1.017097556892853305e+00 1.014828651137386295e+00 1.012535723016812828e+00 1.010565248040345976e+00 1.008731474755048652e+00 1.007038592043316028e+00 1.005672074621627221e+00 1.004369314172917971e+00 1.003539386887913665e+00 1.002819796963221988e+00 1.002279013442545663e+00 1.002102633244817742e+00 1.001926689683053651e+00 1.001976915777961219e+00 1.001868187509157515e+00
1.034982945185718428e+00 1.030154546993487852e+00 1.026092857496813560e+00 1.022784604265491559e+00 1.019655571628059976e+00 1.017139050164920677e+00 1.014866527098070570e+00 1.012580457411378809e+00 1.010614122313707952e+00 1.008776409428103094e+00 1.007079872213459515e+00 1.005703511109022452e+00 1.004404422770497796e+00 1.003533024988154443e+00 1.002785997953375974e+00 1.002234602669952013e+00 1.002053118470136672e+00 1.001888976927976849e+00 1.001937896875565004e+00 1.001813826386650952e+00
1.034969265170710750e+00 1.030134434630980866e+00 1.026061219599951224e+00 1.022750350388108131e+00 1.019609000334081861e+00 1.017114781326598161e+00 1.014849646254861293e+00 1.012553696845766904e+00 1.010586034866735705e+00 1.008747302243663269e+00 1.007064604371837202e+00 1.005703161781369648e+00 1.004411727855456293e+00 1.003565269445610975e+00 1.002813397184434407e+00 1.002256123501742646e+00 1.002080634257504155e+00 1.001903436511577317e+00 1.001941798243537463e+00 1.001824314862537202e+00
1.034954649354839828e+00 1.030073570407515904e+00 1.026046919194606222e+00 1.022751935846202720e+00 1.019577510147827937e+00 1.017096709145378197e+00 1.014836192944979176e+00 1.012526671633459996e+00 1.010563878677351424e+00 1.008714703035865190e+00 1.007032563698744276e+00 1.005664509787030481e+00 1.004371189316356050e+00 1.003519700136016768e+00 1.002777764156614460e+00 1.002238152659425507e+00 1.002051449105995307e+00 1.001866785558883421e+00 1.001918435373705174e+00 1.001808213290850791e+00
1.034954273447301620e+00 1.030146034543097278e+00 1.026067259558466782e+00 1.022755820662115678e+00 1.019601477805056389e+00 1.017101996562051802e+00 1.014825046168738254e+00 1.012511839577976192e+00 1.010544196661639971e+00 1.008698435150627404e+00 1.006999446256241937e+00 1.005627243572997820e+00 1.004330964446203067e+00 1.003483243126461311e+00 1.002748533355982685e+00 1.002219528504682877e+00 1.002053975288057508e+00 1.001888988444785911e+00 1.001930303682915468e+00 1.001831371590246933e+00
1.034948392936936079e+00 1.030145394310092444e+00 1.026065879596535613e+00 1.022731076926485683e+00 1.019608585420089586e+00 1.017105173843199983e+00 1.014846875621904676e+00 1.012536927468578263e+00 1.010562337288512635e+00 1.008713411992632203e+00 1.007030421259239805e+00 1.005668037985395502e+00 1.004366071513969283e+00 1.003525165065529690e+00 1.002789317229399346e+00 1.002272030737769049e+00 1.002116024235614633e+00 1.001921826404753579e+00 1.001949050481989900e+00 1.001816815184468412e+00
1.035030066229426504e+00 1.030168682887449227e+00 1.026079638367823677e+00 1.022770315981425870e+00 1.019629857092373193e+00 1.017126327822842846e+00 1.014871048668833931e+00 1.012564351070847746e+00 1.010585456161979812e+00 1.008744162693348212e+00 1.007055918665474614e+00 1.005687359405320613e+00 1.004386209074472625e+00 1.003543982282625979e+00 1.002799823575255989e+00 1.002247467533403436e+00 1.002040664013565952e+00 1.001854473916710786e+00 1.001895220502057926e+00 1.001778192315188942e+00
1.034979197593490996e+00 1.030138106117236774e+00 1.026050101624702782e+00 1.022764977947793863e+00 1.019621415670152631e+00 1.017085441064740525e+00 1.014811128730336520e+00 1.012520420519661402e+00 1.010539584808546110e+00 1.008694880270136318e+00 1.007009171916600998e+00 1.005632351606297714e+00 1.004320692945474880e+00 1.003462928531953624e+00 1.002719148045910336e+00 1.002188113417765924e+00 1.002004179900684022e+00 1.001807262705086243e+00 1.001830914304523423e+00 1.001698871509068223e+00
1.034954086084820979e+00 1.030115708062111057e+00 1.026079219169397039e+00 1.022752215837600120e+00 1.019622575479609994e+00 1.017127229582395431e+00 1.014855487450731397e+00 1.012561018940007829e+00 1.010587368931822772e+00 1.008747652346397183e+00 1.007069543127691480e+00 1.005707301296275169e+00 1.004426835320061162e+00 1.003597170928127502e+00 1.002860979031507282e+00 1.002327605955930068e+00 1.002144353517388842e+00 1.001975547665568955e+00 1.002027199902232102e+00 1.001926595105474771e+00
1.034914815827207457e+00 1.030097019988612805e+00 1.026032811046900362e+00 1.022702893476333807e+00 1.019561860891466276e+00 1.017086192320971083e+00 1.014819078150176690e+00 1.012523712424614697e+00 1.010561494777641123e+00 1.008728061010884192e+00 1.007043592439128554e+00 1.005671751065801089e+00 1.004364591019718977e+00 1.003521387672556386e+00 1.002785747082409973e+00 1.002232564819363070e+00 1.002041256992757701e+00 1.001858227389302636e+00 1.001911052645749756e+00 1.001790783322272338e+00
1.034965417047543745e+00 1.030166476405963705e+00 1.026075128720598695e+00 1.022794484109914359e+00 1.019650383218222434e+00 1.017126096329729279e+00 1.014854330230184454e+00 1.012543436080902470e+00 1.010586810902416532e+00 1.008746524398026256e+00 1.007058833694651989e+00 1.005688011635241352e+00 1.004394180594534669e+00 1.003541731445618312e+00 1.002790442837873552e+00 1.002246078248413497e+00 1.002060531166827140e+00 1.001880817144271907e+00 1.001924109677190922e+00 1.001805636434629498e+00
1.034905863121349023e+00 1.030052944487427791e+00 1.026012486187238837e+00 1.022673038532834644e+00 1.019544933926628039e+00 1.017070141677847372e+00 1.014785859945390278e+00 1.012476654940187570e+00 1.010504164138979588e+00 1.008666701375109831e+00 1.006985294810066378e+00 1.005626000050643620e+00 1.004330339334498889e+00 1.003490043264392062e+00 1.002761453873126873e+00 1.002209274104118863e+00 1.002026545294507853e+00 1.001862103150236383e+00 1.001926638523580770e+00 1.001813124340727557e+00
1.034990898996022812e+00 1.030143706071488419e+00 1.026089746160318672e+00 1.022790911408200776e+00 1.019650866429021585e+00 1.017138960962388428e+00 1.014886433380754127e+00 1.012579977635628792e+00 1.010612449443954119e+00 1.008766689658269211e+00 1.007074571341019631e+00 1.005694747384172194e+00 1.004390156238781140e+00 1.003546111938521168e+00 1.002806054310293904e+00 1.002255113540687637e+00 1.002069914135630180e+00 1.001900970320951823e+00 1.001948944173248979e+00 1.001831563027717920e+00
1.034992497870428574e+00 1.030160305679269417e+00 1.026083999210055886e+00 1.022811473858514786e+00 1.019653704182006404e+00 1.017185363699192102e+00 1.014907928609923848e+00 1.012579424161341946e+00 1.010614895782908418e+00 1.008783113371222617e+00 1.007097855434874623e+00 1.005724264722787309e+00 1.004431751065273826e+00 1.003577897269844144e+00 1.002837880646926916e+00 1.002280630796305916e+00 1.002083957117238411e+00 1.001908352124679658e+00 1.001971933100995082e+00 1.001869512294691678e+00
1.034814417619225546e+00 1.029994213549997983e+00 1.025947639382258636e+00 1.022635844157991247e+00 1.019518809314819974e+00 1.016994662074567568e+00 1.014730147219451872e+00 1.012436365899888280e+00 1.010462774867477709e+00 1.008642943054097518e+00 1.006966943342226140e+00 1.005606003485376876e+00 1.004316871284709256e+00 1.003488443370171623e+00 1.002777861527876624e+00 1.002277624671608969e+00 1.002135028572276987e+00 1.001990465591100499e+00 1.002039696570264704e+00 1.001894260435947981e+00
1.034944193014954994e+00 1.030127024300650840e+00 1.026061914941378994e+00 1.022758919750965667e+00 1.019603231759634188e+00 1.017101338832639312e+00 1.014823719590617790e+00 1.012507235094323832e+00 1.010537725625222816e+00 1.008686724135322121e+00 1.006998920871250647e+00 1.005626945624358060e+00 1.004337433716095074e+00 1.003506120618082864e+00 1.002779472854345100e+00 1.002258193857340274e+00 1.002077529367494391e+00 1.001880042582645070e+00 1.001917472135915643e+00 1.001803435812325116e+00
1.034917601613067006e+00 1.030125363791394300e+00 1.026078541926588983e+00 1.022758258094534023e+00 1.019630810938589649e+00 1.017123202933669646e+00 1.014865736951462205e+00 1.012560957874534706e+00 1.010585240436426391e+00 1.008740092450210790e+00 1.007060165439469746e+00 1.005672404886218896e+00 1.004361715039240988e+00 1.003508528568389790e+00 1.002746112126003064e+00 1.002186990708783698e+00 1.001976984764330059e+00 1.001767872485586519e+00 1.001816049962090283e+00 1.001720899027327638e+00
1.034894561115683898e+00 1.030099929746415066e+00 1.026008156384053072e+00 1.022742562486621765e+00 1.019589102435342065e+00 1.017100986187628564e+00 1.014810589321640144e+00 1.012502270258595960e+00 1.010542972988142107e+00 1.008717149579484218e+00 1.007045731311362102e+00 1.005671446842387073e+00 1.004371059312874515e+00 1.003523032497874778e+00 1.002784697132840019e+00 1.002246390606576609e+00 1.002056404873999496e+00 1.001875627310256922e+00 1.001913723564079817e+00 1.001793463794121042e+00
1.034995175919996901e+00 1.030184792370658631e+00 1.026129152924678989e+00 1.022786085371480747e+00 1.019657874181974178e+00 1.017153518284207747e+00 1.014883243560315673e+00 1.012585975590969856e+00 1.010606576988652305e+00 1.008769955003042895e+00 1.007084515261375879e+00 1.005719789510838957e+00 1.004424995512556373e+00 1.003571857744681717e+00 1.002821735812014614e+00 1.002288372591168431e+00 1.002108005177921424e+00 1.001952574058659229e+00 1.002015370743194689e+00 1.001900929203929813e+00
1.034929384910288963e+00 1.030134343667658214e+00 1.026041303942162530e+00 1.022717663198430271e+00 1.019615181521981384e+00 1.017124134166456084e+00 1.014854123866149260e+00 1.012540573040463521e+00 1.010586219084525395e+00 1.008751280845411546e+00 1.007051385638392915e+00 1.005690163127711534e+00 1.004396734965032900e+00 1.003547299462105968e+00 1.002800178978117351e+00 1.002250855820953301e+00 1.002067132914687297e+00 1.001878532709834957e+00 1.001906294500375827e+00 1.001793526577964277e+00
1.034957704717079041e+00 1.030150918876869826e+00 1.026096677987140326e+00 1.022791055346251587e+00 1.019650647669247956e+00 1.017141797783569057e+00 1.014880795556826865e+00 1.012582374620047965e+00 1.010621400307122109e+00 1.008787571695042962e+00 1.007098497826346861e+00 1.005726369888243044e+00 1.004436848607749067e+00 1.003582447249280474e+00 1.002828121672046713e+00 1.002278659889512369e+00 1.002086018732987860e+00 1.001893051771788334e+00 1.001925835552342159e+00 1.001791061999457666e+00
1.034964868192766119e+00 1.030123034612759669e+00 1.026071873976873938e+00 1.022770896934402929e+00 1.019623376145275317e+00 1.017121732987375626e+00 1.014868437727219241e+00 1.012556935121255330e+00 1.010593487754906539e+00 1.008755607965541312e+00 1.007080820232077567e+00 1.005704337802567627e+00 1.004404987119543291e+00 1.003549811081192900e+00 1.002800449903588076e+00 1.002258141155873306e+00 1.002082819338137920e+00 1.001904961390266857e+00 1.001951919737936958e+00 1.001849485057178635e+00
1.034906262923487086e+00 1.030122365538333806e+00 1.026045971363693798e+00 1.022733763573772103e+00 1.019613767989871134e+00 1.017100070039619775e+00 1.014833248051233205e+00 1.012534813374267539e+00 1.010563333857804835e+00 1.008710754980139290e+00 1.007037557916975912e+00 1.005675333148828843e+00 1.004380898451597837e+00 1.003538402535670615e+00 1.002799280615764621e+00 1.002267639873384075e+00 1.002080426196845453e+00 1.001889302593037545e+00 1.001920351520038999e+00 1.001799840916710593e+00
1.034913654755976298e+00 1.030077270934634637e+00 1.026008077934461582e+00 1.022700997860735983e+00 1.019565612057522275e+00 1.017068268214113003e+00 1.014797809375520110e+00 1.012501745585115076e+00 1.010535150759919398e+00 1.008698370125705734e+00 1.007008319250461303e+00 1.005640502296394123e+00 1.004344260636465869e+00 1.003496685047565284e+00 1.002746835882809551e+00 1.002196246247695210e+00 1.001997106459489473e+00 1.001798896953375539e+00 1.001816167369446342e+00 1.001692159089620393e+00
1.034929560294618467e+00 1.030086818643399349e+00 1.026043655243852548e+00 1.022744180320078078e+00 1.019627549147519963e+00 1.017088849399558237e+00 1.014817557029416450e+00 1.012512984491239498e+00 1.010539220676457406e+00 1.008705417254408543e+00 1.007029846839426090e+00 1.005665119048269274e+00 1.004363974494592027e+00 1.003511238015820650e+00 1.002771841278466081e+00 1.002210696684850966e+00 1.002012212720468254e+00 1.001831249574641536e+00 1.001881955464184681e+00 1.001758924383616911e+00
1.034996346774095910e+00 1.030155608971852654e+00 1.026093882104870181e+00 1.022779704087159347e+00 1.019640438314755704e+00 1.017136700107032610e+00 1.014874925105247350e+00 1.012558422066741626e+00 1.010605051423274059e+00 1.008761488264561912e+00 1.007074965605783134e+00 1.005700176014014069e+00 1.004405778570219843e+00 1.003562178078367007e+00 1.002815898180293930e+00 1.002265481580078887e+00 1.002082794097492124e+00 1.001910665955177748e+00 1.001954381874641919e+00 1.001843634206178502e+00
1.034827327157962662e+00 1.030027826364884991e+00 1.025983730471112132e+00 1.022678947898326030e+00 1.019551200349861242e+00 1.017041191956260748e+00 1.014760135898516547e+00 1.012473410508211824e+00 1.010505970309474533e+00 1.008662070676877631e+00 1.006972207602216951e+00 1.005602612284460351e+00 1.004308739365953995e+00 1.003467989598700871e+00 1.002732061450174239e+00 1.002188510428622559e+00 1.002002406009051105e+00 1.001824571523988183e+00 1.001883915325836760e+00 1.001764677881143095e+00
