# th, gt, err_gt
2.805046135754908576e+00 5.516174125263195423e-04 4.719282246710519233e-06
3.531343861556885511e+00 4.483880869134614306e-04 4.902687321990381990e-06
4.445698525097307119e+00 3.485021746807139497e-04 4.109378845945569363e-06
5.596802846420849242e+00 2.812292382005119142e-04 4.114867143739311650e-06
7.045957328161136068e+00 2.331956380854696134e-04 3.767854020497497209e-06
8.870334730839386950e+00 1.893549809625084653e-04 3.352309923535104347e-06
1.116708980377407912e+01 1.602705812686429821e-04 3.165571380048108261e-06
1.405853312975872704e+01 1.405645465334147209e-04 3.281629985804149664e-06
1.769864460960344488e+01 1.196548431201789549e-04 3.281687545943729264e-06
2.228127345334364406e+01 1.060551393378867015e-04 3.322822140464642920e-06
2.805046135754909287e+01 9.333595684217207771e-05 3.170881859737284525e-06
3.531343861556886310e+01 8.201997496996760899e-05 3.302796091417332143e-06
4.445698525097307652e+01 7.869763652518764279e-05 3.483354006719225198e-06
5.596802846420851552e+01 6.863967672553792992e-05 3.690213170421484831e-06
7.045957328161136957e+01 5.424506135931164735e-05 4.103963784511184310e-06
8.870334730839388726e+01 4.754123594813989612e-05 4.330414569073843366e-06
1.116708980377408125e+02 4.047371499603991715e-05 4.310401334801857530e-06
1.405853312975872882e+02 3.531008641555724483e-05 4.364393736679655240e-06
1.769864460960346548e+02 2.367675721883319716e-05 4.101753375765922991e-06
2.228127345334363838e+02 1.779906786312198584e-05 3.930529449300980761e-06
