# th, boost_factor, err_boost_factor
2.805046135754908576e+00 1.034920906097819948e+00 7.057808384118617823e-04
3.531343861556885511e+00 1.030102374439582080e+00 6.507735175629615620e-04
4.445698525097307119e+00 1.026043557552124064e+00 6.376236417928122851e-04
5.596802846420849242e+00 1.022732839913154557e+00 6.129648983503274175e-04
7.045957328161136068e+00 1.019595630039774603e+00 5.832618230854334264e-04
8.870334730839386950e+00 1.017094431963112999e+00 5.588365089752385297e-04
1.116708980377407912e+01 1.014826809599613577e+00 5.487762081083669705e-04
1.405853312975872704e+01 1.012522924088278042e+00 5.324409459633423986e-04
1.769864460960344488e+01 1.010552198842783023e+00 5.333012599994638213e-04
2.228127345334364406e+01 1.008712765059343708e+00 5.147162546212966181e-04
2.805046135754909287e+01 1.007027957599762269e+00 5.139526070139558388e-04
3.531343861556886310e+01 1.005661403508909535e+00 5.065932297561976348e-04
4.445698525097307652e+01 1.004365545051197905e+00 5.129975180323238055e-04
5.596802846420851552e+01 1.003518705004821543e+00 5.231462651505732050e-04
7.045957328161136957e+01 1.002779154791078042e+00 5.369272577592217131e-04
8.870334730839388726e+01 1.002235204672337066e+00 5.798731536699350221e-04
1.116708980377408125e+02 1.002049948525144618e+00 6.470241706451929130e-04
1.405853312975872882e+02 1.001870422770517077e+00 7.195964327168874681e-04
1.769864460960346548e+02 1.001913531788036327e+00 7.817648034566374894e-04
2.228127345334363838e+02 1.001794915985663836e+00 8.506072191179085739e-04
