# weights for all jackknife regions
1.440407914665513545e-01 2.275620762295318400e-01 3.578292724057661189e-01 5.668857643342022357e-01 8.948197080651425495e-01 1.413570156144714929e+00 2.237049696099759899e+00 3.535613782475195421e+00 5.588984798241028784e+00 8.830223942897944767e+00 1.395772963839617375e+01 2.202469430275776574e+01 3.483253666110253732e+01 5.511928112951774494e+01 8.723489850263219125e+01 1.381793721035998885e+02 2.194738505927714129e+02 3.485777990091767720e+02 5.552984176417672870e+02 8.844100541854076027e+02
1.140070084429254393e-01 1.794360880217311660e-01 2.850030864320558521e-01 4.483569926419050944e-01 7.082011543392212616e-01 1.120863222675168913e+00 1.773237541011781104e+00 2.816881576909963769e+00 4.456191756622786215e+00 7.066742191850067911e+00 1.120624613259312241e+01 1.777590052372204354e+01 2.821925898398096422e+01 4.477841023964894873e+01 7.101665321689660004e+01 1.126441514403785078e+02 1.786576006009428852e+02 2.828720197918793247e+02 4.467077859222147254e+02 7.030409464003582798e+02
1.278960569921423485e-01 2.031952975675324069e-01 3.198392481685488065e-01 5.042150056362544319e-01 7.951468646204347124e-01 1.252525615612853471e+00 1.975834375674409671e+00 3.128924325646295301e+00 4.943634535470252445e+00 7.801612499044779270e+00 1.232695947991112462e+01 1.946318655329227454e+01 3.075119700366977327e+01 4.849696671856582952e+01 7.648984743356999161e+01 1.206435839775503638e+02 1.902352094306143329e+02 3.002865123251519321e+02 4.735529237495766210e+02 7.439068989827885616e+02
1.307383833749469204e-01 2.071537838955634925e-01 3.281384201520438637e-01 5.167264441071637293e-01 8.157926133404629354e-01 1.287952206412811051e+00 2.035125956511791401e+00 3.209897393577051616e+00 5.065875925905260146e+00 8.023261993141900916e+00 1.268611957939518220e+01 2.005400712781069217e+01 3.170164869574891497e+01 5.021100837021647578e+01 7.954251970296081709e+01 1.262719115133786687e+02 2.007534235120924677e+02 3.193740312762569147e+02 5.087666644810907428e+02 8.100216230802161590e+02
1.314380375983716931e-01 2.073624883945086594e-01 3.285570725877988707e-01 5.169676543392398571e-01 8.190015226929290293e-01 1.295041701029717274e+00 2.052811182732938278e+00 3.247321152610126660e+00 5.135944288871982621e+00 8.146424870662869466e+00 1.289976771183282267e+01 2.042305023810015996e+01 3.235764409677281606e+01 5.129478786912957844e+01 8.154282794202097762e+01 1.294846844495753828e+02 2.051819408605306592e+02 3.250623439108462094e+02 5.150749168765991044e+02 8.160655628302492914e+02
7.808949349387717120e-02 1.232212955655711539e-01 1.949819237118077808e-01 3.072718569996766291e-01 4.852423579240081608e-01 7.689974779800792248e-01 1.212202827884368617e+00 1.915944817776548348e+00 3.038993142466523523e+00 4.803587624314587856e+00 7.624179931137405219e+00 1.207482940875452471e+01 1.908685750180150364e+01 3.021784457033808735e+01 4.775596870968668384e+01 7.563753930038991768e+01 1.196215107101990895e+02 1.895432294737350389e+02 2.989762048203660925e+02 4.677408855978461020e+02
1.071706678836932269e-01 1.695002665178009238e-01 2.669428751828490931e-01 4.217023607192373902e-01 6.669540852003308373e-01 1.052408027573321192e+00 1.667004986986185600e+00 2.647502160432495089e+00 4.189373242491896576e+00 6.619888507956048329e+00 1.049496292534503539e+01 1.662311529569610968e+01 2.628705728869580582e+01 4.163947535213414142e+01 6.592664739182541211e+01 1.045523336241286216e+02 1.661780059716413120e+02 2.636552218516030166e+02 4.167778872848123797e+02 6.599687908765732800e+02
1.061519591250572603e-01 1.667379891542708492e-01 2.646275652200813511e-01 4.183615073441302457e-01 6.621060698327170257e-01 1.044546280232680147e+00 1.654480796467424852e+00 2.621434818306354941e+00 4.146280792867131026e+00 6.566985077392402559e+00 1.041354249349106453e+01 1.647688230871693804e+01 2.604870553127160804e+01 4.125469372779171806e+01 6.520210562686058609e+01 1.031728624306088591e+02 1.633266889374800428e+02 2.584745307339348983e+02 4.122580463220023148e+02 6.551661545039664816e+02
1.393653869508000298e-01 2.192231980025525218e-01 3.465475593938265320e-01 5.480025668626353763e-01 8.632981518819349276e-01 1.360794297507425199e+00 2.144671860066480917e+00 3.385891744586515983e+00 5.338923843217799003e+00 8.421805393080191493e+00 1.325991662502913471e+01 2.089287497142765915e+01 3.287540538204304141e+01 5.166049788357686623e+01 8.093153236855988553e+01 1.261136447098157589e+02 1.945898715169681736e+02 2.965244928755109868e+02 4.472419578940402403e+02 6.693909652084951176e+02
1.209290761569263850e-01 1.904625834048943034e-01 2.984106244953039777e-01 4.742383636157114779e-01 7.512929932894820695e-01 1.180966931563716571e+00 1.863493296459935777e+00 2.941761367429677421e+00 4.656028872926867734e+00 7.344875242472468813e+00 1.156984927937052987e+01 1.819940963417379010e+01 2.856950373346693084e+01 4.481570591530284275e+01 7.008914324449935407e+01 1.094320718134521115e+02 1.699187626480362212e+02 2.615951806798321968e+02 3.988622374076975348e+02 5.996864984160469021e+02
1.222057806295708815e-01 1.933857753601131435e-01 3.049455888254897218e-01 4.829011500843591875e-01 7.611277352415726227e-01 1.202354124774927868e+00 1.900715575566749749e+00 3.001646029421223716e+00 4.740036312084285441e+00 7.501301867267827106e+00 1.185754525039968144e+01 1.872288550828727693e+01 2.959407264720243802e+01 4.687462474489267095e+01 7.433572292272097570e+01 1.178521271110058990e+02 1.865531687170415012e+02 2.962063912379614408e+02 4.718096589162517489e+02 7.508216074924639543e+02
1.167672299746982389e-01 1.828195490273003543e-01 2.884125397942511881e-01 4.543313105084791914e-01 7.195859077774429124e-01 1.137393161690141596e+00 1.798641597663092284e+00 2.845969172489802190e+00 4.498649851185319903e+00 7.108896315988587844e+00 1.123468317185690069e+01 1.778148899834992847e+01 2.814823652167190460e+01 4.459024128847374868e+01 7.067840751492414597e+01 1.118296063909093050e+02 1.766924572339670476e+02 2.801428672221859983e+02 4.454301910774998419e+02 7.065755116875519661e+02
1.241463483980709270e-01 1.944583811444431376e-01 3.072993228778528874e-01 4.851233911023911105e-01 7.638888976700002331e-01 1.207026729003132459e+00 1.908356342964509622e+00 3.015450765922466303e+00 4.774422612199174409e+00 7.550137128241829032e+00 1.194161624671305333e+01 1.888183847176894403e+01 2.990400500284701479e+01 4.742081579287973625e+01 7.512738802619705325e+01 1.191029473917389225e+02 1.884755400570622612e+02 2.984886000959612602e+02 4.722901833340047233e+02 7.422651816363868420e+02
1.180684038145045633e-01 1.858609156973471954e-01 2.930661880579634726e-01 4.622666983195955481e-01 7.301182964981194345e-01 1.157256233637554033e+00 1.832169860433452868e+00 2.894267385103191259e+00 4.582588825578511660e+00 7.257549814636263363e+00 1.147764523435151318e+01 1.818677701033610106e+01 2.881700693781185407e+01 4.561541053810874757e+01 7.205451992798366234e+01 1.137977021464002263e+02 1.799809455070971467e+02 2.856554598883902258e+02 4.534522505879622258e+02 7.201695497726849453e+02
1.557803872364615927e-01 2.455152893096936850e-01 3.851987738289750496e-01 6.091114043129834954e-01 9.608640913316008891e-01 1.524345530758381528e+00 2.414376382980734093e+00 3.808375772297281969e+00 6.032614605929865093e+00 9.540760264385596656e+00 1.510478415802327845e+01 2.387669941115565564e+01 3.780275676989174372e+01 5.985031142133628634e+01 9.471722812514832412e+01 1.498548257691969638e+02 2.366001230881360016e+02 3.727336167073514162e+02 5.866304352958078425e+02 9.239187222601626672e+02
1.317402412079928808e-01 2.094464322527045397e-01 3.294406801000064888e-01 5.200612169397658135e-01 8.220363929696361538e-01 1.298734000494576435e+00 2.049734958118776262e+00 3.244583307996663279e+00 5.132461194752451661e+00 8.099212309386999209e+00 1.280913445605551715e+01 2.021515312757179572e+01 3.195837159868142408e+01 5.057013721152596020e+01 8.010250122264794470e+01 1.269161059315791817e+02 2.018044898150302515e+02 3.211677739109960044e+02 5.102243948164367566e+02 8.104278918089148647e+02
1.315021901181268049e-01 2.075494890913631707e-01 3.264011470009506866e-01 5.147747867322038928e-01 8.162989968550107278e-01 1.291604256081583912e+00 2.043947408719347436e+00 3.228148460310407586e+00 5.104341133366787631e+00 8.080857778898618449e+00 1.277434283139369597e+01 2.020139886179330801e+01 3.198824789941885172e+01 5.057651562174439164e+01 8.003018858738545305e+01 1.263542869531576684e+02 1.995376956866252556e+02 3.152673487325986343e+02 4.989349115759972051e+02 7.876779665048895822e+02
8.136246075625308549e-02 1.282880116580145113e-01 2.039170145309725513e-01 3.216847879681239419e-01 5.083546767207849371e-01 8.004691031003972057e-01 1.262082697941124820e+00 1.987294917825934704e+00 3.133112102342394678e+00 4.936353562636725201e+00 7.761102379065576429e+00 1.218957088146608214e+01 1.914067825146587154e+01 2.993994061568156440e+01 4.641697458062421333e+01 7.187849884183306415e+01 1.110800071583122843e+02 1.706159198061197060e+02 2.559241883889837368e+02 3.725311068425776853e+02
1.262968798518073754e-01 1.978725218662731322e-01 3.129305136109508112e-01 4.933739221382893447e-01 7.802318518603073016e-01 1.229203075137917267e+00 1.940408756307377303e+00 3.056040130756656481e+00 4.822009003843433561e+00 7.590481924986733020e+00 1.193849206026627030e+01 1.873864693933496994e+01 2.929537666190019252e+01 4.570136928117308628e+01 7.115419136275730239e+01 1.104282686397550179e+02 1.713709016782359242e+02 2.648673960727374492e+02 4.053986424504835213e+02 6.127770508790874828e+02
1.709498988483488802e-01 2.695794880694251106e-01 4.261954759395081282e-01 6.742710913848526388e-01 1.068608652884847743e+00 1.681395552714022301e+00 2.659711563267265433e+00 4.210273640080913538e+00 6.663431509924706120e+00 1.053748203243642934e+01 1.665657313926224958e+01 2.636748491730403998e+01 4.177824041446800152e+01 6.616939904182818566e+01 1.045679369078461463e+02 1.650914839547435804e+02 2.603524184348229369e+02 4.110642958903906674e+02 6.482487153793082371e+02 1.020224295810582248e+03
1.188149981114321463e-01 1.872009025921101966e-01 2.955096664499308190e-01 4.668704505494218893e-01 7.364498986736549568e-01 1.164108051739376037e+00 1.840744092453817871e+00 2.902879238184283395e+00 4.589104688858938630e+00 7.256688529965771295e+00 1.147838532087303065e+01 1.817067174394816220e+01 2.874561294691626756e+01 4.542499325135901245e+01 7.177586739621581557e+01 1.136159844562345000e+02 1.801742328006690173e+02 2.850594493633941511e+02 4.496102537581910497e+02 7.097402572511680319e+02
1.264537204166060747e-01 1.985809820076553933e-01 3.129936781556210690e-01 4.959387232623981845e-01 7.841434190195002429e-01 1.241841900264660126e+00 1.962818973181299498e+00 3.097767153665586193e+00 4.909918215179644108e+00 7.764796574053690392e+00 1.228874717778582237e+01 1.947969875617283719e+01 3.084093493450359347e+01 4.889304624608406868e+01 7.741097914337363761e+01 1.225219920452115616e+02 1.936940039200272281e+02 3.057953013084882627e+02 4.861718571352705567e+02 7.728366747899037819e+02
1.279861428113946431e-01 2.011227239283783774e-01 3.190372581168503530e-01 5.033063582654193624e-01 7.978837026847145353e-01 1.254898614979367721e+00 1.989431845330770443e+00 3.131857844213371322e+00 4.931118585122291620e+00 7.763960210707224974e+00 1.218612358728852030e+01 1.912067759230092179e+01 2.987415689486728354e+01 4.662354038545574042e+01 7.257967702693309775e+01 1.128813932462440874e+02 1.745577146633476389e+02 2.673319889105308107e+02 4.058424043372937149e+02 6.083882451181677880e+02
1.285784840054589040e-01 2.025113611240811906e-01 3.201865049470455915e-01 5.061134478018516347e-01 8.002886393035026913e-01 1.265784449584245408e+00 2.004890054812776157e+00 3.166374132401813313e+00 5.004733281472070416e+00 7.899789115799507044e+00 1.249199670508846793e+01 1.978112637415605946e+01 3.134854555381635066e+01 4.969695310877251870e+01 7.880495677125627196e+01 1.249987183105727695e+02 1.984789591374690758e+02 3.149531695609898634e+02 4.993326782689136962e+02 7.883351031624116558e+02
1.192244334007455109e-01 1.874244217273997037e-01 2.963423675483483066e-01 4.686447743065826899e-01 7.383104772639939029e-01 1.164266661822338733e+00 1.847643699172706988e+00 2.921911181984313544e+00 4.624168326041470323e+00 7.324071873992991755e+00 1.157891675054406733e+01 1.835857639619194970e+01 2.908775673116694804e+01 4.608531293620363556e+01 7.305675152568920794e+01 1.157527788542566896e+02 1.834590050201067868e+02 2.910098190636197728e+02 4.610428660912626242e+02 7.345943668430765001e+02
1.268813657917036153e-01 1.995528305463523111e-01 3.152872055674578178e-01 4.962059719608475916e-01 7.836615180513319956e-01 1.239810445082966339e+00 1.963070113040089382e+00 3.101898945792186169e+00 4.901206404912414882e+00 7.751826512074373454e+00 1.227417786611636075e+01 1.941200944851321708e+01 3.068222716705427899e+01 4.848725263791324380e+01 7.677224784969105542e+01 1.215379016296415671e+02 1.927830473855951254e+02 3.061938084552222108e+02 4.886376717775412430e+02 7.793258071845307313e+02
1.129445242951874206e-01 1.795094533255934266e-01 2.814398883117661399e-01 4.442725377682705812e-01 7.011805244219004862e-01 1.101908288989520202e+00 1.736168057079979121e+00 2.743330992056542073e+00 4.332731429965122061e+00 6.818485338425773534e+00 1.073058833948087454e+01 1.685690694073663565e+01 2.641682841298558060e+01 4.125704719366061113e+01 6.418024131638560448e+01 9.939084696241654626e+01 1.536526061313497848e+02 2.365108746180063974e+02 3.621287991434660398e+02 5.468313021489947232e+02
1.250117644846255871e-01 1.969027909678260357e-01 3.096689128022802606e-01 4.895304203396904086e-01 7.737068261543953440e-01 1.216264714264255531e+00 1.920319630038633818e+00 3.034573551324584173e+00 4.790649688590590927e+00 7.554389054777146839e+00 1.190478003801929674e+01 1.876454382678623745e+01 2.945553047460413154e+01 4.618203680194660876e+01 7.226263008684237832e+01 1.126646745445367657e+02 1.746914127076783529e+02 2.689647935830010397e+02 4.104927615821377458e+02 6.162726685386976442e+02
1.093586360130558433e-01 1.728602790082334195e-01 2.726814541425142124e-01 4.301991349598921488e-01 6.805051714796945816e-01 1.078536126109852944e+00 1.704433429038445524e+00 2.696369440424163599e+00 4.271212072238256496e+00 6.778731543745166732e+00 1.073717258008908004e+01 1.702695925440733049e+01 2.705779717433580345e+01 4.302242690240025524e+01 6.839226498235805707e+01 1.086004762233016834e+02 1.724040545994890579e+02 2.737335186053226153e+02 4.356519591326254499e+02 6.952780706992286923e+02
1.148418198224874232e-01 1.820822374095030227e-01 2.877126560840821412e-01 4.532062521877548988e-01 7.155049641928172832e-01 1.127816942410149181e+00 1.786666318491327843e+00 2.824976271225864366e+00 4.470729314156216105e+00 7.081909730446895423e+00 1.120769935007290030e+01 1.774917001595642319e+01 2.818559876555397636e+01 4.469088911606860393e+01 7.082510298774124635e+01 1.121685159530221512e+02 1.777268828311117375e+02 2.811377430840659031e+02 4.454585258059832427e+02 7.061578700846314405e+02
1.032045732805784155e-01 1.622582742173079851e-01 2.570901688592073242e-01 4.044547113449397102e-01 6.366214881312828311e-01 1.004875640924453251e+00 1.586422021843418406e+00 2.504846743300589651e+00 3.952187375429659255e+00 6.223626175866399990e+00 9.794848489279459613e+00 1.536831074553974474e+01 2.413804190450881038e+01 3.782152568077506771e+01 5.907714649425966513e+01 9.193310210867471710e+01 1.427230756109518097e+02 2.198282778933766792e+02 3.357696701050881529e+02 5.062476341711620194e+02
1.406015779995186676e-01 2.221765109533890836e-01 3.511896895007566854e-01 5.561659312006810296e-01 8.774671218209562085e-01 1.387839517606934692e+00 2.194962469146673811e+00 3.474787445696435384e+00 5.502181795169732936e+00 8.701009118485870886e+00 1.375487105968296930e+01 2.173584683093811520e+01 3.434769498144046906e+01 5.441884648928656532e+01 8.617571668112050531e+01 1.364430179422553238e+02 2.159838203216548891e+02 3.409330462952503922e+02 5.373228694551197577e+02 8.450320443406973254e+02
1.169842747650164938e-01 1.840751327111433966e-01 2.903835776380674361e-01 4.576255044301973385e-01 7.229888301354350233e-01 1.143530533505995095e+00 1.812758710072145618e+00 2.871461381460719053e+00 4.543698394990386191e+00 7.189222601112632560e+00 1.138224910410527002e+01 1.798627046268755691e+01 2.845693440383223560e+01 4.504815280167692038e+01 7.124679168044450250e+01 1.126414812230632663e+02 1.777548727535799458e+02 2.805633000593739439e+02 4.422038537577296893e+02 6.947291719911777363e+02
9.747950643503600077e-02 1.546024239075620699e-01 2.447362233592826897e-01 3.861531496015544462e-01 6.090435732707248917e-01 9.655709319538203772e-01 1.521137378908349547e+00 2.405795110703763839e+00 3.805157301047373153e+00 6.013614163676905378e+00 9.498186533812656762e+00 1.502370934442870976e+01 2.377044512099202223e+01 3.761613021401338131e+01 5.954982626509185195e+01 9.421219654776611208e+01 1.490266713731364234e+02 2.356070064716950583e+02 3.727962322664160979e+02 5.882536469779183790e+02
1.144555598056768986e-01 1.803017336124241865e-01 2.851474808603882138e-01 4.528617437621846875e-01 7.137973711201084370e-01 1.123674445154350110e+00 1.778729082370773540e+00 2.805064582961406927e+00 4.439900128556331538e+00 7.028053075982541031e+00 1.110503615451686699e+01 1.758777586704253793e+01 2.784677401705296518e+01 4.400346568071614684e+01 6.951564797376926208e+01 1.100255616087083155e+02 1.739334717775163597e+02 2.751083941463821247e+02 4.345514407688245342e+02 6.865621017108805972e+02
1.731809741609851017e-01 2.720845819976318580e-01 4.294180909157319093e-01 6.781621775201926994e-01 1.073999369398151771e+00 1.693480905681695958e+00 2.667074500819580862e+00 4.198489562662970798e+00 6.615681400044252314e+00 1.044750157964899984e+01 1.647120981258578354e+01 2.595050897623647757e+01 4.073036025422175044e+01 6.404138652458411229e+01 1.006000446144197156e+02 1.570138904559866546e+02 2.436067009892472583e+02 3.757123404131680218e+02 5.735958678787958434e+02 8.651495755439426603e+02
1.076956000899969013e-01 1.692949520087125848e-01 2.677110240196185487e-01 4.229270691895834489e-01 6.677274745479309104e-01 1.056656235939556154e+00 1.672101225849559114e+00 2.651360824965365737e+00 4.198847540374345044e+00 6.636035445220898055e+00 1.049943188665139360e+01 1.660915440291363154e+01 2.632015326998713078e+01 4.170058110607736523e+01 6.598328582787476648e+01 1.045100647819532185e+02 1.654343087292098744e+02 2.615068469504031441e+02 4.121442522398460255e+02 6.525920853739683025e+02
9.503184502013084511e-02 1.501002924518957116e-01 2.365399473554106180e-01 3.735233297167184219e-01 5.871110846434390851e-01 9.284037514218681508e-01 1.467175481246385971e+00 2.317726221994092839e+00 3.669933272379267919e+00 5.802385905800448995e+00 9.182672333071607795e+00 1.451246069307836706e+01 2.294404180039747132e+01 3.632503805938948460e+01 5.759769541249241342e+01 9.141499800145106747e+01 1.459540738603145087e+02 2.330598523498898373e+02 3.739493518999649382e+02 6.019666331354517297e+02
1.026786895576918823e-01 1.618076614439445393e-01 2.550648459655349143e-01 4.034747720233724522e-01 6.352670683941568086e-01 1.000019892824184353e+00 1.574066425357273147e+00 2.473298009486271098e+00 3.876154812307959219e+00 6.098087754272526695e+00 9.575432087533869208e+00 1.503205888560574977e+01 2.356275666700707916e+01 3.688046278478789475e+01 5.740507675059879489e+01 8.901589946942996789e+01 1.374407852675382458e+02 2.110982833101653000e+02 3.215251052885944318e+02 4.839135293052054863e+02
1.073513833517552030e-01 1.691582724083247058e-01 2.648506946679560770e-01 4.212424647027006586e-01 6.655569732955228801e-01 1.050851706794787788e+00 1.662459625876778091e+00 2.634769967935469026e+00 4.178671595856087606e+00 6.610737602496286058e+00 1.047182935896978506e+01 1.659969597978329148e+01 2.633118797067822925e+01 4.178798413500886966e+01 6.643336608884305861e+01 1.054802079581841951e+02 1.673203391879353887e+02 2.657817235324455396e+02 4.222531242634555610e+02 6.688692222627751107e+02
1.346383448522772142e-01 2.122805874341082699e-01 3.340565715895422727e-01 5.278344984990326338e-01 8.327304116151026392e-01 1.311335923500593026e+00 2.066522545931348986e+00 3.259175921105665452e+00 5.132640697917437933e+00 8.075631590005215799e+00 1.270169622689630273e+01 1.997919508940539401e+01 3.136218298492218537e+01 4.919522124272248220e+01 7.673890241656542344e+01 1.191153575222547119e+02 1.844407236223221673e+02 2.832403096492289478e+02 4.296349926984185572e+02 6.358176264043393076e+02
1.323619815181871218e-01 2.082823086870178031e-01 3.299883789800617251e-01 5.204859622107278483e-01 8.217232809769683399e-01 1.296709596802543274e+00 2.050922209716034672e+00 3.242709070656658810e+00 5.128368866453129726e+00 8.116896405432385109e+00 1.284082815481137629e+01 2.034074281490731551e+01 3.214294388029736638e+01 5.090508763297900430e+01 8.066253413973851139e+01 1.276265023569745551e+02 2.017869082558934792e+02 3.189998188878112160e+02 5.035224388715920441e+02 7.947274538261966654e+02
9.311018323758446513e-02 1.472208252230018388e-01 2.321138042909467458e-01 3.667647608217805555e-01 5.785980044690575141e-01 9.172339033437850730e-01 1.450966167271886320e+00 2.296512864275541688e+00 3.638646158293369126e+00 5.764612593291033704e+00 9.125280038740271493e+00 1.447223654437715368e+01 2.293893106405269577e+01 3.629991418343061582e+01 5.739499974834357943e+01 9.061247967835436157e+01 1.425847338472666479e+02 2.236038301150101120e+02 3.521148012494607542e+02 5.571182411683903410e+02
6.858829958653700487e-02 1.078587682343652432e-01 1.716993431751490107e-01 2.689764912104948280e-01 4.257668246667520862e-01 6.754308754844942086e-01 1.064377821269459901e+00 1.683078292945893395e+00 2.663521959518575954e+00 4.206291243070708674e+00 6.661338741623382020e+00 1.055493542560247988e+01 1.671201593811503017e+01 2.652950727794609520e+01 4.213024936426974421e+01 6.696903660798294311e+01 1.065900784626073516e+02 1.693351012192778455e+02 2.692847934841854567e+02 4.272341571620377749e+02
9.352869599351265606e-02 1.465970364282185301e-01 2.311300407335465934e-01 3.644247102692901308e-01 5.757401316270573943e-01 9.100200590619778040e-01 1.435322266013741910e+00 2.268353148722880519e+00 3.582524090733485878e+00 5.639278111643903912e+00 8.869498398832945441e+00 1.395214088013501907e+01 2.194531511763548792e+01 3.434027013505802017e+01 5.343372939994442561e+01 8.268963635970294490e+01 1.274235479567149554e+02 1.941818768629354395e+02 2.931202125188659693e+02 4.340097984274381702e+02
1.186460764340893093e-01 1.870956609219831535e-01 2.940691517337370442e-01 4.659113578348978990e-01 7.370546980194774278e-01 1.163635579158125211e+00 1.840444226565665531e+00 2.918153081763961154e+00 4.612252097506726045e+00 7.297753528093537057e+00 1.153822294653303970e+01 1.821906376083235557e+01 2.879088290884071455e+01 4.548433376785513360e+01 7.206329720874109057e+01 1.143187006884306101e+02 1.808357846741769208e+02 2.862336593754702108e+02 4.551409123581673271e+02 7.221667268483902262e+02
1.157641391099559769e-01 1.825277902599395929e-01 2.881346710387333587e-01 4.548127483612915967e-01 7.201178263724301587e-01 1.136620678610384516e+00 1.799788866022851153e+00 2.840608624493000889e+00 4.477465928296453512e+00 7.083343192721301307e+00 1.119883947443105399e+01 1.772137786660509562e+01 2.801025456731635188e+01 4.423083299260328261e+01 6.985649800574086044e+01 1.100897714487056192e+02 1.737321471005018907e+02 2.751187688295905218e+02 4.357671080654276352e+02 6.872656478307617363e+02
1.392095798556027830e-01 2.210894440515289716e-01 3.461507175525326829e-01 5.499089431548611628e-01 8.680755198376601811e-01 1.375722631846272748e+00 2.176635113811428823e+00 3.438509903482483310e+00 5.442684141197133840e+00 8.624861824412775491e+00 1.365002844252444447e+01 2.162472472870311435e+01 3.434107762085604065e+01 5.445680345534431410e+01 8.655274754348123167e+01 1.376279662832513395e+02 2.189427955425737196e+02 3.477168195413239573e+02 5.539751510055805284e+02 8.811913369546737158e+02
1.334200314642117746e-01 2.095649949267368584e-01 3.308398507533780730e-01 5.232098874775630293e-01 8.254830515995763562e-01 1.308443824150216983e+00 2.065864215301004947e+00 3.267190931306942048e+00 5.171891470048379347e+00 8.167161982309238510e+00 1.289993243162133751e+01 2.042358655918631882e+01 3.233066947042236450e+01 5.126726651245886046e+01 8.104177378437483981e+01 1.280849075277432121e+02 2.027292619950229380e+02 3.196872121288838002e+02 5.020972776405059790e+02 7.907740769165227448e+02
7.944563255800574098e-02 1.255797976667736293e-01 1.986789122758807480e-01 3.132228386880484550e-01 4.951688164220797717e-01 7.835212235572441841e-01 1.239386492224596736e+00 1.958583610054773771e+00 3.089413274219808159e+00 4.885169100916982643e+00 7.722581955588367464e+00 1.221865455597355776e+01 1.936772291071429208e+01 3.075462858993992654e+01 4.877030963488660120e+01 7.720497866878707782e+01 1.224633838888770612e+02 1.942265213986438539e+02 3.103636030681646503e+02 4.961478068351245838e+02
8.284911549515072693e-02 1.302829561635974187e-01 2.056893520773712680e-01 3.259544988688389822e-01 5.163468138309070810e-01 8.208133432794824103e-01 1.292603579626415922e+00 2.044743914930350570e+00 3.234125083078495777e+00 5.114331611104717012e+00 8.093902691490740153e+00 1.283051808545718586e+01 2.036069320631075641e+01 3.237651398233130351e+01 5.149803947105706925e+01 8.183030077525883428e+01 1.302404679589938041e+02 2.076446432043226480e+02 3.300354370037964031e+02 5.233437114789516045e+02
1.339063990702271667e-01 2.125851681371244695e-01 3.343377810182204257e-01 5.284707181151730992e-01 8.324599461225687946e-01 1.314917316838929651e+00 2.074123710165267198e+00 3.270964472697315273e+00 5.158671370647070376e+00 8.115297276057745535e+00 1.278628322738576628e+01 2.012559903932131533e+01 3.166640990076130890e+01 4.970307371171227828e+01 7.775295777583826862e+01 1.211088663513772872e+02 1.877511296716113804e+02 2.883023020883419463e+02 4.400109194376639152e+02 6.638534861885971168e+02
1.486924131818625483e-01 2.339858194531672098e-01 3.704085476522749332e-01 5.848741314265595292e-01 9.246430295946908018e-01 1.460271536686590821e+00 2.307935228488503299e+00 3.651745413250054639e+00 5.782713716058651698e+00 9.153517978044092729e+00 1.447154692740569715e+01 2.291486307404316847e+01 3.626369394953168523e+01 5.739357399948828231e+01 9.060192653821941633e+01 1.430520387687998891e+02 2.260908627479417419e+02 3.561073474371552265e+02 5.617218787935721593e+02 8.918369873417589133e+02
7.911712325521591538e-02 1.246327889363954000e-01 1.960855803450414214e-01 3.090851356104025172e-01 4.843332615430711030e-01 7.672062191886368510e-01 1.206993603629868517e+00 1.907633531613939226e+00 3.000722376941013181e+00 4.722244910382130456e+00 7.420234142938582522e+00 1.160964887838913739e+01 1.811948784298310500e+01 2.826590868595143036e+01 4.391774561657793186e+01 6.797269197315779365e+01 1.047132105600752539e+02 1.585810336648268617e+02 2.377716168292809016e+02 3.475060202573794186e+02
1.083630228849870036e-01 1.703943024436256337e-01 2.682955603791441490e-01 4.261889192817847061e-01 6.724028798603995938e-01 1.065280921533215519e+00 1.680780098544843781e+00 2.656250310317503249e+00 4.205252166261900015e+00 6.649438905304194236e+00 1.052490634253179280e+01 1.666619339785269460e+01 2.634680251553716346e+01 4.165803387338576158e+01 6.587164673800120340e+01 1.045780275988305306e+02 1.664121018761564699e+02 2.649058520815264046e+02 4.215580556417295952e+02 6.672128560140682794e+02
1.113465605342440767e-01 1.772259639756583738e-01 2.818270559147180165e-01 4.444719310567251114e-01 7.005838000586805947e-01 1.105798176629704699e+00 1.750367480318388402e+00 2.770327463961109515e+00 4.384603259715220247e+00 6.938617493023983229e+00 1.097355735885281547e+01 1.736902059004899002e+01 2.749525177010914945e+01 4.355977153434268700e+01 6.900568168562834614e+01 1.092628051707115162e+02 1.729661494856159720e+02 2.740435683359274321e+02 4.325396170209000388e+02 6.824526917275641154e+02
9.561334328411419392e-02 1.512362273401635093e-01 2.387840093614244097e-01 3.776666749665196221e-01 5.943637838942237295e-01 9.392094806033242094e-01 1.478862340565513023e+00 2.335206616535700164e+00 3.693691503155491773e+00 5.820384733430131519e+00 9.177844260007773869e+00 1.444341601172924072e+01 2.266043448778326308e+01 3.555874512320876590e+01 5.570875578507401826e+01 8.680895029638664084e+01 1.346235791264393242e+02 2.084740132768128831e+02 3.194971535600842003e+02 4.819783533265016899e+02
1.213840992063097701e-01 1.914189997210797856e-01 3.017097993962920555e-01 4.797392936911819561e-01 7.553258447094890471e-01 1.200453328143979093e+00 1.897553266876528255e+00 3.000503096103400935e+00 4.751020920748644016e+00 7.505883560203443494e+00 1.189180921156172133e+01 1.880602318200138257e+01 2.980130801309144317e+01 4.722504261792312263e+01 7.484848217284243788e+01 1.183906108094799379e+02 1.870844022507066597e+02 2.955938686062111174e+02 4.665728279140699897e+02 7.380507160287431816e+02
8.872581507917232102e-02 1.393313604106651837e-01 2.192043032273573999e-01 3.450514006898117714e-01 5.425584815313726494e-01 8.559072443169100097e-01 1.350157201493374259e+00 2.130815485963012179e+00 3.350752186725060255e+00 5.265083953479802403e+00 8.253178157195748099e+00 1.293621884562105606e+01 2.013108164568232894e+01 3.123415110485375124e+01 4.821792110628921080e+01 7.373848108367945997e+01 1.112315164282392601e+02 1.660482858198128895e+02 2.460295498651558432e+02 3.607611430808996715e+02
9.507613287583183137e-02 1.493308981233667510e-01 2.352410500504049651e-01 3.729480712529067432e-01 5.903817046702499738e-01 9.307332571184048220e-01 1.474698797872648015e+00 2.329629713001409641e+00 3.681626621882614359e+00 5.826442460718979532e+00 9.221746211679999305e+00 1.460985110751235538e+01 2.314166168785136790e+01 3.656664524498438595e+01 5.772679468752411935e+01 9.146087585442332113e+01 1.452059007149625813e+02 2.307824939489063922e+02 3.679777497523993475e+02 5.846358688066434297e+02
1.194313976138801081e-01 1.877767099932441397e-01 2.975396590583585521e-01 4.683725399088700669e-01 7.374190860454206131e-01 1.164747951375375123e+00 1.838861563925561882e+00 2.901074524618067585e+00 4.575061514499708437e+00 7.204812103245529897e+00 1.132518804062239326e+01 1.776047743548662083e+01 2.782789197766561529e+01 4.358077139589441629e+01 6.805411329681274424e+01 1.063137283956950654e+02 1.654835993249179467e+02 2.557054088243016565e+02 3.943832952501977047e+02 6.019156450071923246e+02
9.683947954651728196e-02 1.536061519243219209e-01 2.439344627807713550e-01 3.837370128191679441e-01 6.085113154068295671e-01 9.627767770711130879e-01 1.522924708360719137e+00 2.405523713611543712e+00 3.807986294226594737e+00 6.036373172166051404e+00 9.561851539766792030e+00 1.517575997392079046e+01 2.408774448648554767e+01 3.824861190211369433e+01 6.074098487190534001e+01 9.632772398619528076e+01 1.526480222944159664e+02 2.422441795830079059e+02 3.855660566890544487e+02 6.135577208784295635e+02
9.233768113249141152e-02 1.455431351511151661e-01 2.298880541849825931e-01 3.626066002891690232e-01 5.752981748803875917e-01 9.096877430688721233e-01 1.438497911955167297e+00 2.272175275544540796e+00 3.600338063223503582e+00 5.695314878982230766e+00 9.003636479773447832e+00 1.428114052361638642e+01 2.265193723436016171e+01 3.579814070212957233e+01 5.661714344454634329e+01 8.997923149331661818e+01 1.432084296666175192e+02 2.289285280837147525e+02 3.669076457910910563e+02 5.866830918076514081e+02
1.189738122461250214e-01 1.875631856229205141e-01 2.954769755724413471e-01 4.679331675387885525e-01 7.372804700112567389e-01 1.164217475524779388e+00 1.838322827977847851e+00 2.898754245367683779e+00 4.565859149149702034e+00 7.200129615238878955e+00 1.134466079844588648e+01 1.784068605089665027e+01 2.793313825014986662e+01 4.368556049883244441e+01 6.813542862286436730e+01 1.060481565081840216e+02 1.646036598688824597e+02 2.538963166208652069e+02 3.888467503625827817e+02 5.915781462248866092e+02
1.044316869604386966e-01 1.647555218187335413e-01 2.596676164777704798e-01 4.117525965168482571e-01 6.515329929046060897e-01 1.024210823126594505e+00 1.614598051218294472e+00 2.543196867365665526e+00 4.005856376318078560e+00 6.307076419377665388e+00 9.919991377902888985e+00 1.558528236608685802e+01 2.437213971014415392e+01 3.798794557689342355e+01 5.926679196448424136e+01 9.259599569467422953e+01 1.439644648956019921e+02 2.220799233794389238e+02 3.387836297280580311e+02 5.093675562110348665e+02
1.123862110579096907e-01 1.767187617528094279e-01 2.772980950965688862e-01 4.389366089666566495e-01 6.940375039803399204e-01 1.099597323828135131e+00 1.739864709530380082e+00 2.758896720711931039e+00 4.357432305016843088e+00 6.891486288463468668e+00 1.089787930627785784e+01 1.725192609794575560e+01 2.729174558836331244e+01 4.317725303788036229e+01 6.829242650328120590e+01 1.080409046620207647e+02 1.705334203561671984e+02 2.699699406107087611e+02 4.288622010554852864e+02 6.823069387399825700e+02
1.129841873195829294e-01 1.783950387746102706e-01 2.820998163310264317e-01 4.462284276473980071e-01 7.060717178522821769e-01 1.116154165279283461e+00 1.760153488989871562e+00 2.789347006027483644e+00 4.413395724037812329e+00 6.985962060201842405e+00 1.104450587732922884e+01 1.747918639762551152e+01 2.770447969672571276e+01 4.401272637786235009e+01 6.999655517733116028e+01 1.115003768897557279e+02 1.781230210820752973e+02 2.845311491001590412e+02 4.539966964570638197e+02 7.252992645010158412e+02
1.223006693986690152e-01 1.921164628583937883e-01 3.024098660429075380e-01 4.771687014295338258e-01 7.539985831118372062e-01 1.186688248289144099e+00 1.873403526578755418e+00 2.946124384429694487e+00 4.637799375112010125e+00 7.292308829530014691e+00 1.143617913163554078e+01 1.787353891189580679e+01 2.780172077156198895e+01 4.302816620839632833e+01 6.603875530924364057e+01 1.004723755498813205e+02 1.514950296017431697e+02 2.257516754620122583e+02 3.305811039640332183e+02 4.735602930123922079e+02
1.034081665205377476e-01 1.632310445727966908e-01 2.565479435531159424e-01 4.065185048556116953e-01 6.385901212285460815e-01 1.007852235757923154e+00 1.591018732889310172e+00 2.505592707542660946e+00 3.948587121707134884e+00 6.207675555246979116e+00 9.742446755353611820e+00 1.524359602950472947e+01 2.379538275234303057e+01 3.720417128904472293e+01 5.798730447248409803e+01 9.022220495706994825e+01 1.388015317229739480e+02 2.114415882908064646e+02 3.182823579768700597e+02 4.754361232554481376e+02
7.994719076292255977e-02 1.267280895424107712e-01 1.994692681279843782e-01 3.149984987284000226e-01 4.948109998584868663e-01 7.806784863297053789e-01 1.224715629756360613e+00 1.931287990875446781e+00 3.042601048548362996e+00 4.778237081871168357e+00 7.483727643550352582e+00 1.170028133309494933e+01 1.825872076851402426e+01 2.836576489283602598e+01 4.399638164410299623e+01 6.766155357039230012e+01 1.035109179172285110e+02 1.573984170428962557e+02 2.365986099959094702e+02 3.540601731566939634e+02
1.221710075417519192e-01 1.924680986049480680e-01 3.048809998064569982e-01 4.812443912736199536e-01 7.589529123176390613e-01 1.202978588525340342e+00 1.902353333779899458e+00 3.001765991620217733e+00 4.760857881028570660e+00 7.540822351738427187e+00 1.194953347319024317e+01 1.891686584295608498e+01 2.997848691370130325e+01 4.749163019064670266e+01 7.498603074948024982e+01 1.184312124585632233e+02 1.871706568519892073e+02 2.954695842553587681e+02 4.636152390832380092e+02 7.229098415317707804e+02
1.060902317308602960e-01 1.676225881151083286e-01 2.637414845365384508e-01 4.167245235479697385e-01 6.581495438255018371e-01 1.043603931281083419e+00 1.649029613814477102e+00 2.613593816342614673e+00 4.131457577950143900e+00 6.544978348615856589e+00 1.036448431588937069e+01 1.644072795572564871e+01 2.606986354502909364e+01 4.134803753955695527e+01 6.583832355835744465e+01 1.047441956146438571e+02 1.668120652280389891e+02 2.668774565895021738e+02 4.240999076693454981e+02 6.672155327459557839e+02
1.459430380908059988e-01 2.289534444840910510e-01 3.614490563113719190e-01 5.714613884420316481e-01 9.004737592349272290e-01 1.423925128620567193e+00 2.252177282826650639e+00 3.554367772015595506e+00 5.626836267913432721e+00 8.898140456349764804e+00 1.407011925860521728e+01 2.226538979231443705e+01 3.524254995582870720e+01 5.579709575399873245e+01 8.839750124540540810e+01 1.402506812887473870e+02 2.222093062423678020e+02 3.521713665848810706e+02 5.588703250943628973e+02 8.856420345832048042e+02
1.208911803826993037e-01 1.899415927628211875e-01 3.013190134061431991e-01 4.729267296925883102e-01 7.461343881723649929e-01 1.179105871230902380e+00 1.860122207729048682e+00 2.946364810238918608e+00 4.654986529353891456e+00 7.356983393565670326e+00 1.163056130224504159e+01 1.841606480737652873e+01 2.912568473830440041e+01 4.605164990627562815e+01 7.273470775651753684e+01 1.148977466979217752e+02 1.816130715342957274e+02 2.869490504898880090e+02 4.536462010405363117e+02 7.177579766340131755e+02
1.375057418155449795e-01 2.172492288153904383e-01 3.413326874522368826e-01 5.416492237001335752e-01 8.557962693760856610e-01 1.352298864780351551e+00 2.135294225644798871e+00 3.369668601299281363e+00 5.330449066482472631e+00 8.434855763243518822e+00 1.335223377940225475e+01 2.113752143768535063e+01 3.338889263097368598e+01 5.272135342551040083e+01 8.343912304391220403e+01 1.321326537210961760e+02 2.085109228363857028e+02 3.293229333420185867e+02 5.216766309109224267e+02 8.209383425552935023e+02
1.567558134249367185e-01 2.470921012992022270e-01 3.902474925878891554e-01 6.145913442923358616e-01 9.717163009485005887e-01 1.536415927385959890e+00 2.429089580617571187e+00 3.847035573990140733e+00 6.083130809712770315e+00 9.595986435248178736e+00 1.518713063990028900e+01 2.405963861425726691e+01 3.807734707742170599e+01 6.016065699803935729e+01 9.513238859901461808e+01 1.501668733189673901e+02 2.364683595354758836e+02 3.718424628703499479e+02 5.854692924465017541e+02 9.239521019092915139e+02
9.582799803192187937e-02 1.507401486938420021e-01 2.384833466580857930e-01 3.757446759556302140e-01 5.944385283473963000e-01 9.426961594668199496e-01 1.485905527796404613e+00 2.346442082472208313e+00 3.707246338345242975e+00 5.860030862795397866e+00 9.277225983609099558e+00 1.464203955311587890e+01 2.313413432859731245e+01 3.658134945419216422e+01 5.770678511610071837e+01 9.091234887733766357e+01 1.440779888430770370e+02 2.287537051850009675e+02 3.633719097235095887e+02 5.776491947491974770e+02
1.102205206739057530e-01 1.751477963962173590e-01 2.752870790139496648e-01 4.344311888831953183e-01 6.885690151953127724e-01 1.088350986021339395e+00 1.718242752558879261e+00 2.720090527389345425e+00 4.302282905500803167e+00 6.801708954841018340e+00 1.079328315617431144e+01 1.710444897592168445e+01 2.707140492253216735e+01 4.291514295769840714e+01 6.786096838638884776e+01 1.069987682267648239e+02 1.689457861523785596e+02 2.676378889609729868e+02 4.240018100036649003e+02 6.732570405991871212e+02
7.069777434770685431e-02 1.111232908265407104e-01 1.748841609776832229e-01 2.777896892958295894e-01 4.374445127212425177e-01 6.912807442066792873e-01 1.095159924622450376e+00 1.730218546670855062e+00 2.737658704882150573e+00 4.326743333235924638e+00 6.841930729421463298e+00 1.081122887793272014e+01 1.711890997165289718e+01 2.706832721581027101e+01 4.284102642434888253e+01 6.803645490231438941e+01 1.080477028326038891e+02 1.719741617552113837e+02 2.748101096817355824e+02 4.390893793459569565e+02
1.325207316022414261e-01 2.102227793420183843e-01 3.330297351280364637e-01 5.238624276082504139e-01 8.274549904866006500e-01 1.309548448281034894e+00 2.067023829189551520e+00 3.268249870829137649e+00 5.162833913539202513e+00 8.166689224592047935e+00 1.291607794201358672e+01 2.041397501566834194e+01 3.229396731955664279e+01 5.108134756180575664e+01 8.073859650957656697e+01 1.276743205531597454e+02 2.023118959397028789e+02 3.212940974261162523e+02 5.085883811000205696e+02 8.019809593755973083e+02
1.021944922182029813e-01 1.603387609291644367e-01 2.530172512254296180e-01 3.997360467640191928e-01 6.291458038455743917e-01 9.944948069864665285e-01 1.569811828104917595e+00 2.469677626914801749e+00 3.891112237710714794e+00 6.119266900123932373e+00 9.621289795518663368e+00 1.513543245170519924e+01 2.378149589171647449e+01 3.731500041410555468e+01 5.829765350406624691e+01 9.094717931808908418e+01 1.404230495412385267e+02 2.147856587823933694e+02 3.236068234410395803e+02 4.782252866950549333e+02
7.688770949421552814e-02 1.221272786016811551e-01 1.921221924567930728e-01 3.032304877506959429e-01 4.798518262936255496e-01 7.580525908242208288e-01 1.199010678612864922e+00 1.899017139053114533e+00 3.005497853898503990e+00 4.750840592487293179e+00 7.529563711619601918e+00 1.192541088822788709e+01 1.893101907321630506e+01 3.009705408243171121e+01 4.777068573319770906e+01 7.603175738832646857e+01 1.209778025070187653e+02 1.917578801460339832e+02 3.028979886757593363e+02 4.783252908319487915e+02
1.665586077261451692e-01 2.639350338681083485e-01 4.142728473166101821e-01 6.537000444917566711e-01 1.035038766953320533e+00 1.634048775925151631e+00 2.582889615709348163e+00 4.088593094171628195e+00 6.480494170199946780e+00 1.024264008711116958e+01 1.622554978208056298e+01 2.564423634299201638e+01 4.051458052508350249e+01 6.405011622195129917e+01 1.013663096596461770e+02 1.604057664088397246e+02 2.544766468554140602e+02 4.031422075800862217e+02 6.401934469085664432e+02 1.018248020596535298e+03
1.294039710316923220e-01 2.032177920783482250e-01 3.204423895401475875e-01 5.047751968776168496e-01 7.990516132108211877e-01 1.264249895030474136e+00 1.999489038221540227e+00 3.161626072347942795e+00 4.987227824338589244e+00 7.896778929564717942e+00 1.248541308842176534e+01 1.976124271070877114e+01 3.126859474994117249e+01 4.956352480700894603e+01 7.894604477571881773e+01 1.255814385201460226e+02 2.003025304356499703e+02 3.199701594661142963e+02 5.114891925611821648e+02 8.158833872121098238e+02
1.355159440489899225e-01 2.137323660536623038e-01 3.390244129658697148e-01 5.323797617723045050e-01 8.411993384841309762e-01 1.329061591166706080e+00 2.095910035824928741e+00 3.301025800193315263e+00 5.204123098069075581e+00 8.184548941294167435e+00 1.288971130586402580e+01 2.028401434792844782e+01 3.178727802586448092e+01 4.985230988816950060e+01 7.789770411808655126e+01 1.216865331090548068e+02 1.903165767501195376e+02 2.958404467881443338e+02 4.541436636854867288e+02 6.855832794338248277e+02
8.827733721648201026e-02 1.401146705974838369e-01 2.214346527052555302e-01 3.496598269256168123e-01 5.503994401823604221e-01 8.727884855849623591e-01 1.383838556591314273e+00 2.190034846473821517e+00 3.454793060673338800e+00 5.458455003120619153e+00 8.624786484377409579e+00 1.359301073268922266e+01 2.146272097420452951e+01 3.396115458224178951e+01 5.367835728790061012e+01 8.508051328087717025e+01 1.352841017984737846e+02 2.151134098903309564e+02 3.415624913740941224e+02 5.426144422491458954e+02
7.117036820818611886e-02 1.120285362495536674e-01 1.762612915268135794e-01 2.782208600049784764e-01 4.401225905575643083e-01 6.966000328106645156e-01 1.102694621754139348e+00 1.742912976009165504e+00 2.755562816082317568e+00 4.348903800893197058e+00 6.880163869270973009e+00 1.085863767322089757e+01 1.714685557879148803e+01 2.703738133075853511e+01 4.258445013692887926e+01 6.711150811992463616e+01 1.060947505278999898e+02 1.671173840036297236e+02 2.613162314251492830e+02 4.021669654424223950e+02
6.399615283410753364e-02 1.010659137220955017e-01 1.580954904455182941e-01 2.502142050449691624e-01 3.936228989604160233e-01 6.219562914319993752e-01 9.810169321322774749e-01 1.542250467632811706e+00 2.427741875428878870e+00 3.815716229780065305e+00 5.989866476406120910e+00 9.369835874580431323e+00 1.463824973138719088e+01 2.277768383394476359e+01 3.525347768312308006e+01 5.433514839487953907e+01 8.318424396889794536e+01 1.260385086914332931e+02 1.876879739783778405e+02 2.747270900803997051e+02
1.142807577049751444e-01 1.802804585801425219e-01 2.843591701336691813e-01 4.484003404107141932e-01 7.105861229022849557e-01 1.124415737640774182e+00 1.777318177249469500e+00 2.806256839905955758e+00 4.434176681555413779e+00 7.007341135157020062e+00 1.105412511071031645e+01 1.750170535102590463e+01 2.767521329270290664e+01 4.377551904791243942e+01 6.940593111245432567e+01 1.102183701620404150e+02 1.747124274263458403e+02 2.774129787607452045e+02 4.405762330616190638e+02 7.004093991174141820e+02
1.259829012529394276e-01 2.010341305082761210e-01 3.164397237986662503e-01 4.996254894328870932e-01 7.926088229260130902e-01 1.248727328978205264e+00 1.975017140376152724e+00 3.123425304613633102e+00 4.948804431271483395e+00 7.833038784171961311e+00 1.240021616036416674e+01 1.963942449728590134e+01 3.106414526291563050e+01 4.923357458555726396e+01 7.799993043243465252e+01 1.233226170355026028e+02 1.952352433000983467e+02 3.091932448549064247e+02 4.893138415245778106e+02 7.754846098195084778e+02
1.093677833445099168e-01 1.738930137171763590e-01 2.730209273319559315e-01 4.316562961466416937e-01 6.809307596861344791e-01 1.078941936664776335e+00 1.708744634446915711e+00 2.697816055646356403e+00 4.278814215854254144e+00 6.788335205488806423e+00 1.074764952184088429e+01 1.707080612455399660e+01 2.707770370702755258e+01 4.305450456441285212e+01 6.840450362278268415e+01 1.085115109212594575e+02 1.712626803954434536e+02 2.700342403310733630e+02 4.246416537106790656e+02 6.705542533389320852e+02
1.121800532119863192e-01 1.771691318468100462e-01 2.776253216225370579e-01 4.390737596803688803e-01 6.918598235896240567e-01 1.092085909828000467e+00 1.725870546449741028e+00 2.725302752494187075e+00 4.304363215424487521e+00 6.815993328212300639e+00 1.077828710307441895e+01 1.703980797464447505e+01 2.696771618373961132e+01 4.274880407864883125e+01 6.781476903316571736e+01 1.075076375892765981e+02 1.704536818149554733e+02 2.707776556004230315e+02 4.325574932058135573e+02 6.948094713957061686e+02
1.182039628447171253e-01 1.867434247549084603e-01 2.950331657426374932e-01 4.686319440663453406e-01 7.390412229968887914e-01 1.167471857842613758e+00 1.847111060981333708e+00 2.920200110121641046e+00 4.620843306903751113e+00 7.301174266494598442e+00 1.155558146968937194e+01 1.827307090538241141e+01 2.888788539437923930e+01 4.572084596633246178e+01 7.243579275928583172e+01 1.148753868804005123e+02 1.825062805830248180e+02 2.903461291659785388e+02 4.614496478314042065e+02 7.296582585537188379e+02
1.129420331514694453e-01 1.794093687787778890e-01 2.834463145273389273e-01 4.472441453615516593e-01 7.059455666750551472e-01 1.118350118796143988e+00 1.769051017154836813e+00 2.797614469674968518e+00 4.422967985261635704e+00 6.997836801649768290e+00 1.105990048030525941e+01 1.748615697757550436e+01 2.767330894287952958e+01 4.379134733838922955e+01 6.952821724464317299e+01 1.103733597780952920e+02 1.751781951562948052e+02 2.771338095078994570e+02 4.385862565683297589e+02 6.952658870220017207e+02
1.070629838552719093e-01 1.678824486595260623e-01 2.644420537844496266e-01 4.166514202762101604e-01 6.609243043446042520e-01 1.046105568762939697e+00 1.648799845964759925e+00 2.610621867100718418e+00 4.128840820581373805e+00 6.527115665989882132e+00 1.031772492860592649e+01 1.636177895845608532e+01 2.592843328193390562e+01 4.120333592504370301e+01 6.542556911930054753e+01 1.039522079260396907e+02 1.651445189001640017e+02 2.618560799264561751e+02 4.152706846389893940e+02 6.564892043688590775e+02
1.129119937317852873e-01 1.774295453946024281e-01 2.808312004701036813e-01 4.426385942687147690e-01 6.996710673245587486e-01 1.105023228323446460e+00 1.749612987175751755e+00 2.768969071381647495e+00 4.380956619656814155e+00 6.937109336782043556e+00 1.098533530902474808e+01 1.742673758009331664e+01 2.760541352337082799e+01 4.366522080126966898e+01 6.909616709374185461e+01 1.094833902241081773e+02 1.739175969798866959e+02 2.760961034175609257e+02 4.387042207938198430e+02 6.962683932186216680e+02
1.376256478765469637e-01 2.176306154697300599e-01 3.432763706054089425e-01 5.422710683041600532e-01 8.579583373492596365e-01 1.350856203385689014e+00 2.133804978833424570e+00 3.363358471770183655e+00 5.301598407295159632e+00 8.356917564543508092e+00 1.313690072996935498e+01 2.064123045568837256e+01 3.237691839514214109e+01 5.068449868766985844e+01 7.882159017041932714e+01 1.220132241892781764e+02 1.885250494122190617e+02 2.891615721549279669e+02 4.384947580986452635e+02 6.573778454835480716e+02
1.329211015554960795e-01 2.079842136361946814e-01 3.274231255146702324e-01 5.178528266414872405e-01 8.182819251999120524e-01 1.293914904245113462e+00 2.045805003906622233e+00 3.226189889592291138e+00 5.097529391761725037e+00 8.053240333630128589e+00 1.275736041095282758e+01 2.016128393731938218e+01 3.191474947010851793e+01 5.049544516334998434e+01 7.985113788080300878e+01 1.265603030990555879e+02 2.009657731159177274e+02 3.199375084497338548e+02 5.099465268218580150e+02 8.129769574833746901e+02
1.438677394219638472e-01 2.261881876993072638e-01 3.582487082396426104e-01 5.635915654945478082e-01 8.894854647222416588e-01 1.405234780379473136e+00 2.224695857850306879e+00 3.508075264486208766e+00 5.549350981054814724e+00 8.790968269941160429e+00 1.389673724020329360e+01 2.199689848983011586e+01 3.480999205970378796e+01 5.506594109159894401e+01 8.698355707756580557e+01 1.372844408126450730e+02 2.170609188091096939e+02 3.436539103205649894e+02 5.441426059868772427e+02 8.595823015028487362e+02
1.169089698482252970e-01 1.849459952343721625e-01 2.929747241965969806e-01 4.624566058969890037e-01 7.304975389893400006e-01 1.157922629203483211e+00 1.825731999048002763e+00 2.890536746516545463e+00 4.573420726414525461e+00 7.237178453651836207e+00 1.146615523882044840e+01 1.820861940170125592e+01 2.886488630505176900e+01 4.583084378467050612e+01 7.280269047481777989e+01 1.156438793706562507e+02 1.835587706580962504e+02 2.912002733803193451e+02 4.629038038034512965e+02 7.343263298891864679e+02
1.470159819728849016e-01 2.305757249840212353e-01 3.626896559687082799e-01 5.731849376390556472e-01 9.042883309722924423e-01 1.431047123222327855e+00 2.263018220124436652e+00 3.576613245638938565e+00 5.659318646830513444e+00 8.948845133364017101e+00 1.417410215726636125e+01 2.249539571413504291e+01 3.562902239020446871e+01 5.636632546973235947e+01 8.947635541531833780e+01 1.421393907371654279e+02 2.258646961642672295e+02 3.588400421295460205e+02 5.690422568482018733e+02 8.997123006178020432e+02
1.205752696100717003e-01 1.909539751698758892e-01 3.029044815863528584e-01 4.755035878742290834e-01 7.524753159080148635e-01 1.187897646467973800e+00 1.883744092394451286e+00 2.980934222110150245e+00 4.703097784547352944e+00 7.436790315269163898e+00 1.174225725688270927e+01 1.856795555514317186e+01 2.937224891480856570e+01 4.641647504497815646e+01 7.326379156448585661e+01 1.157057762505274923e+02 1.830843288311273795e+02 2.905496724854125432e+02 4.608421643228886069e+02 7.326352480078226108e+02
1.223775593805100925e-01 1.934867459218452268e-01 3.042048478019694357e-01 4.796786861721216155e-01 7.557916846932926092e-01 1.198179792856947756e+00 1.892793616082215635e+00 2.995846873357677964e+00 4.739611023768759424e+00 7.496619430768802772e+00 1.186125705986111711e+01 1.870649148421738062e+01 2.956172118951405992e+01 4.671889436445130173e+01 7.389689260539709892e+01 1.166689987345892234e+02 1.839574230998169924e+02 2.907596949733050451e+02 4.612379199310582862e+02 7.290066953752192376e+02
1.639245124435575462e-01 2.587264897541388109e-01 4.086654618791101257e-01 6.436446741222425771e-01 1.016699737248089264e+00 1.602874183982464729e+00 2.534327256085774138e+00 4.006779496467302693e+00 6.337446097245958754e+00 1.001257123058053367e+01 1.582659395125564572e+01 2.504271513857506193e+01 3.964932951543502782e+01 6.274041618098853235e+01 9.944655372416211492e+01 1.577453041704303018e+02 2.512668863613681651e+02 3.994156660816155409e+02 6.340426352994552417e+02 1.003220075356035181e+03
1.192976077906280352e-01 1.878722991527581598e-01 2.968581808910641939e-01 4.692334578869719053e-01 7.412766114788951199e-01 1.175254276735230974e+00 1.856431736707946811e+00 2.940789705679719646e+00 4.641432980736681202e+00 7.352758767926786732e+00 1.165169734895000886e+01 1.844821110743926340e+01 2.919192952318442735e+01 4.626506576771546975e+01 7.335973472077949964e+01 1.167126602117625680e+02 1.854720437071968604e+02 2.938452520417644109e+02 4.658031501027871855e+02 7.398469257665701662e+02
1.427635656231132089e-01 2.251719420953293138e-01 3.551939902124132686e-01 5.609749176288829631e-01 8.873910579558383915e-01 1.402275032717028580e+00 2.212678650201240771e+00 3.513583091711879547e+00 5.552710099233692631e+00 8.783874487451171831e+00 1.392858711177886732e+01 2.204155476488872978e+01 3.488279852647178814e+01 5.521099311797949838e+01 8.730393112924531351e+01 1.379407358306380615e+02 2.181756001175136817e+02 3.452577982593247725e+02 5.488457881797180562e+02 8.736543026893677961e+02
1.460751688554324801e-01 2.304650813105553198e-01 3.653032532306639268e-01 5.755685778954813259e-01 9.057223827895626300e-01 1.432238011514016307e+00 2.259680117219360795e+00 3.560708178814763869e+00 5.604458540094057639e+00 8.834938835968188187e+00 1.386759607807512396e+01 2.175559082886915974e+01 3.402824474344261318e+01 5.319179309660404442e+01 8.309329075223575956e+01 1.294130222084054083e+02 2.005704641602680169e+02 3.078134311091661175e+02 4.645142993088839489e+02 6.895553667136308604e+02
1.062738056494225702e-01 1.684356258003134599e-01 2.655216756446634463e-01 4.185028210300743012e-01 6.622917704709294640e-01 1.045778904621116112e+00 1.653876651619171412e+00 2.610730708513997911e+00 4.123056759775025171e+00 6.518580792802140422e+00 1.030582231639486679e+01 1.625243228800967188e+01 2.558161713813369431e+01 4.039800908246949973e+01 6.360811491520139782e+01 9.952763085649596064e+01 1.551163867449251370e+02 2.390509193212376147e+02 3.625425724782045336e+02 5.401465408343027548e+02
1.266062207137679252e-01 1.996767930602771912e-01 3.150773171115588411e-01 4.979180040018320597e-01 7.881647584923001659e-01 1.245532806530476932e+00 1.967065150020275155e+00 3.100877220981928417e+00 4.890352447281500758e+00 7.694299301056403806e+00 1.210114475104677467e+01 1.899092802893615328e+01 2.977015997802485003e+01 4.652557847470039576e+01 7.250897198663267318e+01 1.126639534196184087e+02 1.736712867312897401e+02 2.658736437193401798e+02 4.037236874214200952e+02 6.076862330141766506e+02
1.454412196199257323e-01 2.297310899072186885e-01 3.610019381842306530e-01 5.704373999994345468e-01 9.000315256440245548e-01 1.416224466711639707e+00 2.227154825879722466e+00 3.494605525905768673e+00 5.475858288791300765e+00 8.584160908489664621e+00 1.341004331947004857e+01 2.088939388739001402e+01 3.252018170685062159e+01 5.045466109201582583e+01 7.796217535487194539e+01 1.193957972328877872e+02 1.807743857342644560e+02 2.709847679587434186e+02 3.995302281656531704e+02 5.742640485208930841e+02
1.412992001546911069e-01 2.219294429481379893e-01 3.507689906842301752e-01 5.537205566449756589e-01 8.766477309125377815e-01 1.384031004740378989e+00 2.184515059252788660e+00 3.454402139142942474e+00 5.448602432313151667e+00 8.620713314675100492e+00 1.363615677718101438e+01 2.158670243449786597e+01 3.420419971762352418e+01 5.411764678253560135e+01 8.557328075222220320e+01 1.355454939733326114e+02 2.145287677788202814e+02 3.397627417156062961e+02 5.398457058747495694e+02 8.573962036714775650e+02
1.219410200624224672e-01 1.929185731426485972e-01 3.034622672816169597e-01 4.802088354574891582e-01 7.581991036124264838e-01 1.199481922333248463e+00 1.895692498468321219e+00 3.000186742136534690e+00 4.742455148590138947e+00 7.509104470310859369e+00 1.186992978035276280e+01 1.876817929515063099e+01 2.965695752257595075e+01 4.682441755933218985e+01 7.409020901220284827e+01 1.174470047952152214e+02 1.862381013553134608e+02 2.948263336275612687e+02 4.651244525839144899e+02 7.379564047407316139e+02
1.411426555167452079e-01 2.217303830946946164e-01 3.499213432953212077e-01 5.554655238977517229e-01 8.780291414083052359e-01 1.387630631373426127e+00 2.193433609311057353e+00 3.471673533401741452e+00 5.490766732275631057e+00 8.686751632696839920e+00 1.372814496634737225e+01 2.171469853742902956e+01 3.440205600409598219e+01 5.456945921697194990e+01 8.648607690064669384e+01 1.370068791650451203e+02 2.172987605184681001e+02 3.449501689525027928e+02 5.466402349812851753e+02 8.642048821133658976e+02
1.249713049842284818e-01 1.982246384664989591e-01 3.128937688536126416e-01 4.927078417608754535e-01 7.779100636312961115e-01 1.229748112407392568e+00 1.941109664403512625e+00 3.066090143985150007e+00 4.836611452238997799e+00 7.638868836835953857e+00 1.203683146498958934e+01 1.894445983224717622e+01 2.968859745728559574e+01 4.644072714299316829e+01 7.243036970985644984e+01 1.130333765310703740e+02 1.756584349556780751e+02 2.716666402543848449e+02 4.176761989637875558e+02 6.333804572168189679e+02
1.112386566304337521e-01 1.758208599211457113e-01 2.771268000905280360e-01 4.371555047769817293e-01 6.905257621438067872e-01 1.091596535861810935e+00 1.729361141783300582e+00 2.737856305696752202e+00 4.339114336880982137e+00 6.865441786896880672e+00 1.086592133560658624e+01 1.718974515897481581e+01 2.722532677794148981e+01 4.308635002838508399e+01 6.822884238385817923e+01 1.080141514626101156e+02 1.713135109984962696e+02 2.713938628459069378e+02 4.303088651652475392e+02 6.847599066246868915e+02
1.034691107788887621e-01 1.642151176127697454e-01 2.598315562104573928e-01 4.089554544277973491e-01 6.472397171393566850e-01 1.022737302928817371e+00 1.617224115219471514e+00 2.557963114487307621e+00 4.049518548497090364e+00 6.397055777149873279e+00 1.014727563787138820e+01 1.609514695696317688e+01 2.561083102472608175e+01 4.082057557432835893e+01 6.493575759409448267e+01 1.034508073033002518e+02 1.648070925031387048e+02 2.621530753071285744e+02 4.185449948950429189e+02 6.717996144409574981e+02
1.386564044621252378e-01 2.180487544790423726e-01 3.453944745867687516e-01 5.438896279362097630e-01 8.613021750620930561e-01 1.357770454284988659e+00 2.151384701925948661e+00 3.404724980629694642e+00 5.379129674697438190e+00 8.494362388291946786e+00 1.342702754621525685e+01 2.120170986401693369e+01 3.349829925632529637e+01 5.297034541234772576e+01 8.376874872110680315e+01 1.326821044842911590e+02 2.097727481959825582e+02 3.317499608965733273e+02 5.244513662771566942e+02 8.289399688049913948e+02
1.096337103186755257e-01 1.730458162193997396e-01 2.726793439454695545e-01 4.318975245307683508e-01 6.792001743868212316e-01 1.076080933802387563e+00 1.697331681023555916e+00 2.685228070157677394e+00 4.249306129685393785e+00 6.726352946892930618e+00 1.062925380987255153e+01 1.680637840435927899e+01 2.660024165877355529e+01 4.215137947343764324e+01 6.672028965111857701e+01 1.056038710072292020e+02 1.665105478882848900e+02 2.620969257489524580e+02 4.114571011790263810e+02 6.377531137881745735e+02
1.125604640741357798e-01 1.764766713003353971e-01 2.790114277519819552e-01 4.403863008123920508e-01 6.929272785028643966e-01 1.095980011054933811e+00 1.732479553564516550e+00 2.730906754757398858e+00 4.313099568302334319e+00 6.801635580777244172e+00 1.071047841084528329e+01 1.687935648215506035e+01 2.656866309471638488e+01 4.168761490408728321e+01 6.536675091640826452e+01 1.022202124924409929e+02 1.591735711388274410e+02 2.458751978453555296e+02 3.748334489457854488e+02 5.658934409503646066e+02
1.044472056298388907e-01 1.633085939807585873e-01 2.590474268339590935e-01 4.090870049406731823e-01 6.456369696937827030e-01 1.022789527559126554e+00 1.615939187398382160e+00 2.553990897779613078e+00 4.047933168820378569e+00 6.398434850644321159e+00 1.014479305044801549e+01 1.605859400853258023e+01 2.534418428530190681e+01 4.004546496617956564e+01 6.341867522474474583e+01 1.001902915729799730e+02 1.576261218934563999e+02 2.481033391021585714e+02 3.921805968443185293e+02 6.170927643862899004e+02
1.199833301264163765e-01 1.900085307323422512e-01 2.995456954091793023e-01 4.747380443187410037e-01 7.513086907547972260e-01 1.183694978109770091e+00 1.872313254423602302e+00 2.960304828271347333e+00 4.675045800541383301e+00 7.393613309290714142e+00 1.172003486796231186e+01 1.854564028666700892e+01 2.931510917795735338e+01 4.634087068585708380e+01 7.316312533778535965e+01 1.156595464269047966e+02 1.826566312772752099e+02 2.882132365125661408e+02 4.561224962051340981e+02 7.194197503157386109e+02
1.401100017467200587e-01 2.216733249001237027e-01 3.487916659231160565e-01 5.522053071296397775e-01 8.733341158412031291e-01 1.374766811543892686e+00 2.178362728526352043e+00 3.440755157191333069e+00 5.446792519929445575e+00 8.622212536898771873e+00 1.360254074032835092e+01 2.149834532095989914e+01 3.406499835434124179e+01 5.400531322282327551e+01 8.571047601566202445e+01 1.356157929373762272e+02 2.143495049981198122e+02 3.388117664790360095e+02 5.347304171769415007e+02 8.456272524698591724e+02
1.007153978050041587e-01 1.585247290925480002e-01 2.504725580949127561e-01 3.965404736673008301e-01 6.252223805791743416e-01 9.888707951533604046e-01 1.566269697547696182e+00 2.478295682277277479e+00 3.916107850494810805e+00 6.192500073341207667e+00 9.802462409239382168e+00 1.551084973586557680e+01 2.459375521703628920e+01 3.896536235403806359e+01 6.176941956351058138e+01 9.792794981500810536e+01 1.549838267756737196e+02 2.458352917008747340e+02 3.906719363920433921e+02 6.137844728612410563e+02
1.242789504618286855e-01 1.954717446380271895e-01 3.086068941367869911e-01 4.871303767973671484e-01 7.690780523242040090e-01 1.213773793731959927e+00 1.916029110684405623e+00 3.018732361418670962e+00 4.761171984792980538e+00 7.500170376345025147e+00 1.181691899071479668e+01 1.857062957585185359e+01 2.915499702758710043e+01 4.548844130981555622e+01 7.067381221808848579e+01 1.098326817232984638e+02 1.698195415066485339e+02 2.606478982111967184e+02 3.947633818473607903e+02 5.829997172676703485e+02
1.377668751360801025e-01 2.178731789298637977e-01 3.437655112296340576e-01 5.429633245198033364e-01 8.570477764708215318e-01 1.357783795122131210e+00 2.148598582283099745e+00 3.392562244849003150e+00 5.366859469112966963e+00 8.488428251505254707e+00 1.344485390593979446e+01 2.129242238716419422e+01 3.368539471383391515e+01 5.350241813689812886e+01 8.486833149854901137e+01 1.347297938378440847e+02 2.137199488218477654e+02 3.380119650548600134e+02 5.339007656481996946e+02 8.419329079071833348e+02
1.140697970390789351e-01 1.803040352009617209e-01 2.859082575477174260e-01 4.511907724025547850e-01 7.126524123526820631e-01 1.126086727298755363e+00 1.779640763201385312e+00 2.810284571588667291e+00 4.444815108349274624e+00 7.030499160585790719e+00 1.112578559831666780e+01 1.761552609175524253e+01 2.787176166705441460e+01 4.412770282259151600e+01 6.996516872778919094e+01 1.110903689374224825e+02 1.760857683212654763e+02 2.798868956800672549e+02 4.456201093292612541e+02 7.077138749612892070e+02
1.136021979198744702e-01 1.806952093292153450e-01 2.841652258402547204e-01 4.478553424361706448e-01 7.111510096365520894e-01 1.121968975026618409e+00 1.771625428801002045e+00 2.803255744017647544e+00 4.427418343342196749e+00 7.011801245282583750e+00 1.109323686303375212e+01 1.756410699629800831e+01 2.781176092385133813e+01 4.406721178649036119e+01 6.971526989869153113e+01 1.100164354019243405e+02 1.737208320849151733e+02 2.742668266869705462e+02 4.323092555628234095e+02 6.840460699969817142e+02
1.088966381718705634e-01 1.718365907572092510e-01 2.717632811372823198e-01 4.296176072933519663e-01 6.809856821316770947e-01 1.076586767649857279e+00 1.705422950183447028e+00 2.703659178056980750e+00 4.278151375264911849e+00 6.785028860877744705e+00 1.076947289632705917e+01 1.706754095299301355e+01 2.704006681759545927e+01 4.289397482750815982e+01 6.804761519896064215e+01 1.079143693094768537e+02 1.710292526372190025e+02 2.715163034532244524e+02 4.338800894237917305e+02 6.935747650636062644e+02
1.247995349651205288e-01 1.963083636738076621e-01 3.112964604675880764e-01 4.926912901515976273e-01 7.774206035621347155e-01 1.229819744031019013e+00 1.943414184402911360e+00 3.075332787137440960e+00 4.867113028479053582e+00 7.710819014680552641e+00 1.220557861138948397e+01 1.932654612343372946e+01 3.064074777278277395e+01 4.849996958007028525e+01 7.682599088034099566e+01 1.213918337863853196e+02 1.917480298174292557e+02 3.046083206590556642e+02 4.839922262493135463e+02 7.679711776961902387e+02
1.286876319693419646e-01 2.040122851856693842e-01 3.230381090637877151e-01 5.102506565447413323e-01 8.079054727791543655e-01 1.277691419325137190e+00 2.017462344850841305e+00 3.194888424018841988e+00 5.059587532152875156e+00 8.010389770334782611e+00 1.268923579232935595e+01 2.008824720395510610e+01 3.179883057918799238e+01 5.026807550233093025e+01 7.953135788884894453e+01 1.258451243497899270e+02 1.996557473683051853e+02 3.161888443263571276e+02 4.997424176986011730e+02 7.881137664142743233e+02
1.444690309258334082e-01 2.284952534285622505e-01 3.616470372232498676e-01 5.695442531917791484e-01 9.009634990333097448e-01 1.428997043968067260e+00 2.261365976075936146e+00 3.569248741764397437e+00 5.651256294525595081e+00 8.942299947736159993e+00 1.414752067277650838e+01 2.241589379440631546e+01 3.555756643355066160e+01 5.639464412191648535e+01 8.927068027332728661e+01 1.411094977438588103e+02 2.237106464467839828e+02 3.552303650254767717e+02 5.631842860631293206e+02 8.924264729366923348e+02
1.216772848712963651e-01 1.923869863323233176e-01 3.027873307265451785e-01 4.797042047312771729e-01 7.574279432405006673e-01 1.195454503175852778e+00 1.891927090488579211e+00 2.988528248942159848e+00 4.730751578548492375e+00 7.483519226364435895e+00 1.183661481074339861e+01 1.872969526275805663e+01 2.961317419735743783e+01 4.683870220735722967e+01 7.417109646528852807e+01 1.173364237647270869e+02 1.856144781780979258e+02 2.936947648571127729e+02 4.667730392964911630e+02 7.430615056953237172e+02
1.247660160084507197e-01 1.970004548852415382e-01 3.114998998003670749e-01 4.928606459445887822e-01 7.792253950848788691e-01 1.227340071280053735e+00 1.940534796511073523e+00 3.064910015200396742e+00 4.841106267857966827e+00 7.653076365352873722e+00 1.210905259235231313e+01 1.918219212418075870e+01 3.042141195268162335e+01 4.823877307023369099e+01 7.648569672171055345e+01 1.214466890543925217e+02 1.926482430943922282e+02 3.045326326452095600e+02 4.778364322634714654e+02 7.486842751566730385e+02
1.250267408979226502e-01 1.968822269640071454e-01 3.116319204980442237e-01 4.902763578235322939e-01 7.760459083362007959e-01 1.229588173415677943e+00 1.945818803270881858e+00 3.079848077979377763e+00 4.858824843647084890e+00 7.688718909516381927e+00 1.217006146256662191e+01 1.926988614883890705e+01 3.047802602951364292e+01 4.825992745300719378e+01 7.649665126174114960e+01 1.211430562694373947e+02 1.918945013039206913e+02 3.034137881148179758e+02 4.798165359627893167e+02 7.582065075308523774e+02
1.416122369655141711e-01 2.246654275347736984e-01 3.535281738986668643e-01 5.603497784442481588e-01 8.842680575059347348e-01 1.395033393648589026e+00 2.211940090532451109e+00 3.500769216512097159e+00 5.539652092614161916e+00 8.769234613272743672e+00 1.387460298349836307e+01 2.195793324054395157e+01 3.479356726256406773e+01 5.507051092467418130e+01 8.705063346323001383e+01 1.377778682581180192e+02 2.176546951609678047e+02 3.432592018456725782e+02 5.414261636572433645e+02 8.566670301906196983e+02
9.220718085801138386e-02 1.463718553533084332e-01 2.305667275224152490e-01 3.640274385411146341e-01 5.758370004645883000e-01 9.110424077020127243e-01 1.437195190703420167e+00 2.276201854001755009e+00 3.598330663194090562e+00 5.694223300570030233e+00 9.013741823542318343e+00 1.429583851793911720e+01 2.266950317115048108e+01 3.587491574899247837e+01 5.680707015958512329e+01 9.029069429910975941e+01 1.437581252262093869e+02 2.288057449872390521e+02 3.647704748665901775e+02 5.804675335098218056e+02
1.229196585337604120e-01 1.940640490319935907e-01 3.063240660313653052e-01 4.809785652974625236e-01 7.603721739562274706e-01 1.195180274239575624e+00 1.886875250307340934e+00 2.981966553034482104e+00 4.693979223759626507e+00 7.376267901488461121e+00 1.157288152449483221e+01 1.815227169987065281e+01 2.834783088100847692e+01 4.423322159727857183e+01 6.859299923780534414e+01 1.058747014090083383e+02 1.622143658817977041e+02 2.447240453529955744e+02 3.619873724793554857e+02 5.287541638321245046e+02
1.112942568294101875e-01 1.753895252673913774e-01 2.758654541941893967e-01 4.354165435257328909e-01 6.854038573197840378e-01 1.085223271651670984e+00 1.712354342886712288e+00 2.697433630749458189e+00 4.250545933130624121e+00 6.678777718648248651e+00 1.049375717148636511e+01 1.646958159572398017e+01 2.581526360339591974e+01 4.032464633099634455e+01 6.264463132095501408e+01 9.653081251376191574e+01 1.479971480356522022e+02 2.261049540441323984e+02 3.451555542705477251e+02 5.229129154626569971e+02
8.274098755343572975e-02 1.304301303645871712e-01 2.059210328978196003e-01 3.237486462248568841e-01 5.109713644260267529e-01 8.052334058393171290e-01 1.269117283050945844e+00 1.998281896317877226e+00 3.133683193227000174e+00 4.914988572483238727e+00 7.674461964339656106e+00 1.193611292436638394e+01 1.842210359946228948e+01 2.821287851712970962e+01 4.291719390601600992e+01 6.448432021328414976e+01 9.598123771466508458e+01 1.411010264076218448e+02 2.016824956663754165e+02 2.778253508792602702e+02
1.235989611900691898e-01 1.942863800982763678e-01 3.058973503865871635e-01 4.822794333124846844e-01 7.608467618520364795e-01 1.201078159161980352e+00 1.891127738949819559e+00 2.982233664033856257e+00 4.699967695632068398e+00 7.399403124443281854e+00 1.162427427083143527e+01 1.828792155769635031e+01 2.868441612041411304e+01 4.486193381204253683e+01 7.012755376976851096e+01 1.092195010546794549e+02 1.694777122022197489e+02 2.615042089356784913e+02 3.990544889527774330e+02 5.963629481229031626e+02
9.931630548774705858e-02 1.561786100268847122e-01 2.479346939493751734e-01 3.888627987968220623e-01 6.155444693588378868e-01 9.713391611874158116e-01 1.542105652220655543e+00 2.440231818858336510e+00 3.853637009347778530e+00 6.080123200525491711e+00 9.595389581679782509e+00 1.519744514653798717e+01 2.404540016957440685e+01 3.805451845774896924e+01 6.019387217527402356e+01 9.516027545544623933e+01 1.510829314591497052e+02 2.400566439049871974e+02 3.831807635723138219e+02 6.118769691502387786e+02
1.324166863865627874e-01 2.084678591617858956e-01 3.281384511730607301e-01 5.203516481372219005e-01 8.200118136945206970e-01 1.293151019361985732e+00 2.041683461533423838e+00 3.215091084483773898e+00 5.068367392114510039e+00 7.972048095644069576e+00 1.252617775766577779e+01 1.966776320995617766e+01 3.081478291888974752e+01 4.822938317291367127e+01 7.525782501421842596e+01 1.164629090378581964e+02 1.793579273966373364e+02 2.731190854368163059e+02 4.111641583755284728e+02 6.089474341808431745e+02
9.773019310334518650e-02 1.536924976066131876e-01 2.434828252604290810e-01 3.853795665811503568e-01 6.043410510836508820e-01 9.525981003707642003e-01 1.502902381075898575e+00 2.373704728255646046e+00 3.729209337733749408e+00 5.870310027643810713e+00 9.258047430661108024e+00 1.451882934022800953e+01 2.274200863293468444e+01 3.559203118008403521e+01 5.558327057567754537e+01 8.626331355980705951e+01 1.329507184826138371e+02 2.033874364339000635e+02 3.067900806715014141e+02 4.519329276585287971e+02
1.248218507016645162e-01 1.961765359220777327e-01 3.093630141201799688e-01 4.883619130973073652e-01 7.716432936679780141e-01 1.221578986188021076e+00 1.929946398544373665e+00 3.048149902870434858e+00 4.816798611450195722e+00 7.611793112698464370e+00 1.206119043265275081e+01 1.911347333435999474e+01 3.023392490802194743e+01 4.792025487345232193e+01 7.597529575249227207e+01 1.203728941035620323e+02 1.907321126819083190e+02 3.029075071905374443e+02 4.831126601783623755e+02 7.700806786319681123e+02
1.191831976211261690e-01 1.885401776224995274e-01 2.970717123859998310e-01 4.691157944210857522e-01 7.416999372071444441e-01 1.173024405982985741e+00 1.851969027352595276e+00 2.931970928590899916e+00 4.635952909228265639e+00 7.338922317622362357e+00 1.160402402580349701e+01 1.840187611662612710e+01 2.915777811326637448e+01 4.626949785361786383e+01 7.348692110566025804e+01 1.166637213763553262e+02 1.850648300997759463e+02 2.938347703368260682e+02 4.668072172942141833e+02 7.444785350002923678e+02
1.298217951251530167e-01 2.039694718542079954e-01 3.225870077496892918e-01 5.100793442407791645e-01 8.036997200706537114e-01 1.272327202396382972e+00 2.011478301855632367e+00 3.178140746296136854e+00 5.030483121867263208e+00 7.967412635405452193e+00 1.258285052059677867e+01 1.988267818204701598e+01 3.142167708626129752e+01 4.960016177854404873e+01 7.837318718080855717e+01 1.237555040450493351e+02 1.962222118985267798e+02 3.118945327515649524e+02 4.969233712779002303e+02 7.908169953422634535e+02
1.007447763883675407e-01 1.589283706159392295e-01 2.508523004064642237e-01 3.959799920314708288e-01 6.241558737262664636e-01 9.836266437361160797e-01 1.550012718635343845e+00 2.438351317351418857e+00 3.835991731330409493e+00 6.028601799618641621e+00 9.473762479420301474e+00 1.485259509468419026e+01 2.321551182845105643e+01 3.617541765787838415e+01 5.623479763889389460e+01 8.679007363553979815e+01 1.332322950514964077e+02 2.026322588959038740e+02 3.061354936947992655e+02 4.556752216939800064e+02
1.370216559890309327e-01 2.166064691697187072e-01 3.416923404114413643e-01 5.386972651155303993e-01 8.493875070915777314e-01 1.348427974222857983e+00 2.132478066640913994e+00 3.371803202508075969e+00 5.333332410281002467e+00 8.428217052132154663e+00 1.331967023653979254e+01 2.105570530324784784e+01 3.331832169345202033e+01 5.275551554445429758e+01 8.351531225618600729e+01 1.325030945319865054e+02 2.100127896011735515e+02 3.315507473212225023e+02 5.221433436104463226e+02 8.229016252211167739e+02
1.306841551636779286e-01 2.064989649870199173e-01 3.262539059476239345e-01 5.157941206204981199e-01 8.152309732604834380e-01 1.287990928662466672e+00 2.035371285658115426e+00 3.223685769465959083e+00 5.089421165136030822e+00 8.053930220048982846e+00 1.275376181683438404e+01 2.020666072764944943e+01 3.198227867505291044e+01 5.065130910951620535e+01 8.033386123950161561e+01 1.274493101164381983e+02 2.020736898095097445e+02 3.200461771732569787e+02 5.073896430800266444e+02 8.021129661161038484e+02
1.226591942407821989e-01 1.930451635728616111e-01 3.041054040305652961e-01 4.804922827700863763e-01 7.583387309224605133e-01 1.199853760490057653e+00 1.900267799939015845e+00 2.999048001423432197e+00 4.741101595639818811e+00 7.505023565006368358e+00 1.187906084441091537e+01 1.880123338288014168e+01 2.972347669596794617e+01 4.695893129891882722e+01 7.414511908773863524e+01 1.170496350896580253e+02 1.848064175196760743e+02 2.916630557157476460e+02 4.579394803266637837e+02 7.197623958200199468e+02
