# th, gx, err_gx
2.805046135754908576e+00 5.582785130549941429e-06 3.852968899680859635e-06
3.531343861556885511e+00 3.310867707756115601e-06 3.454254460391609679e-06
4.445698525097307119e+00 -1.111537961842352271e-06 2.619355466992219782e-06
5.596802846420849242e+00 -2.386698209565161259e-07 2.153158574944842231e-06
7.045957328161136068e+00 -3.914161346023963313e-06 1.835995668324854326e-06
8.870334730839386950e+00 -1.508995982048620018e-06 1.544006816656423122e-06
1.116708980377407912e+01 -2.249789605601536886e-06 1.298462375540182696e-06
1.405853312975872704e+01 1.179461075830024774e-06 1.140819257213044905e-06
1.769864460960344488e+01 8.825248868478510551e-07 9.295729145396912387e-07
2.228127345334364406e+01 8.814432465797754236e-07 8.528711304467484791e-07
2.805046135754909287e+01 8.792198488445627729e-07 6.606132987406483982e-07
3.531343861556886310e+01 3.767806641232284074e-07 6.431889788946368104e-07
4.445698525097307652e+01 -8.929688473607680425e-08 5.646505284623982240e-07
5.596802846420851552e+01 -5.116974772319745467e-07 5.130530408279493160e-07
7.045957328161136957e+01 -8.743832948444326716e-07 4.857140016384501653e-07
8.870334730839388726e+01 -6.989203181319584189e-07 4.604198766441616905e-07
1.116708980377408125e+02 -1.605284306474837553e-07 5.408722249576033769e-07
1.405853312975872882e+02 -8.711485018356140471e-08 5.287314295333598048e-07
1.769864460960346548e+02 1.299654170346038271e-07 5.699210212919968823e-07
2.228127345334363838e+02 -6.828287155854354287e-07 6.283822088198877996e-07
