# gt (sum of gt from all patches except for one, different each time)
2.014382160214903193e-04 2.263930986685760212e-04 2.253873727416934834e-04 2.006993442197267078e-04 1.691453513309262326e-04 1.419730211490800094e-04 1.166588607351649529e-04 1.011052813687741882e-04 8.826910429296600533e-05 7.501587188070733348e-05 6.549242209031613836e-05 5.629412669338004381e-05 4.847670801511346465e-05 4.422712319322249797e-05 4.033099429938088228e-05 3.621696719112685753e-05 3.085367244883724537e-05 2.480834341697540595e-05 1.914267559825605754e-05 1.629692184235903018e-05
2.011274750904627122e-04 2.259226114531862973e-04 2.252691627986746071e-04 2.005284769320806631e-04 1.689239508593277396e-04 1.414745868210370155e-04 1.164030864510779350e-04 1.011336330320742244e-04 8.821152876819083992e-05 7.486972650322342956e-05 6.526112134497921464e-05 5.606229550529624419e-05 4.819755075776190609e-05 4.381453738920621139e-05 3.983246894227661936e-05 3.604234276789146097e-05 3.118988401098388337e-05 2.537865052085875152e-05 1.935654327482772498e-05 1.627539616404303363e-05
2.014950053776894178e-04 2.264580611719631037e-04 2.257574902080752366e-04 2.010059572771374188e-04 1.694171234022117019e-04 1.422419899638978943e-04 1.169255709009326576e-04 1.012075979592752024e-04 8.840058563033294497e-05 7.515647479074798740e-05 6.563125733615665181e-05 5.636435112304698334e-05 4.833132003255694861e-05 4.407522865780987736e-05 4.005735860958227549e-05 3.612154404069141877e-05 3.095460865507338588e-05 2.485818746726062932e-05 1.900992009636952738e-05 1.591864249949986087e-05
2.012395271600501793e-04 2.262106751722104216e-04 2.253970838658954671e-04 2.008877122335626442e-04 1.693076601706053807e-04 1.420072762033576682e-04 1.167640623314199688e-04 1.012261932063374538e-04 8.832881622415995535e-05 7.513804104752796402e-05 6.564875170931975569e-05 5.636112673235490068e-05 4.818443417357764260e-05 4.382726353074548991e-05 3.976882070453715613e-05 3.600732106004732514e-05 3.111910974278561703e-05 2.508422433569386332e-05 1.917527070346288588e-05 1.605233753548307552e-05
2.013185967298050812e-04 2.263449269670657826e-04 2.255729609204318764e-04 2.005918813725092280e-04 1.692741346859201240e-04 1.420907253813695980e-04 1.169651974637878365e-04 1.012969950303110222e-04 8.837503038373115528e-05 7.517547413494583429e-05 6.570128236415996700e-05 5.656863711004982766e-05 4.860181953899439105e-05 4.439938388382326832e-05 4.023712317733562179e-05 3.644761015939848911e-05 3.136464467077113201e-05 2.546703205808422673e-05 1.957352707847321704e-05 1.651820823008669730e-05
2.011257809328560839e-04 2.260942731651502293e-04 2.253144251254263219e-04 2.005125634763527294e-04 1.690508766791491051e-04 1.421712010784789725e-04 1.171185684966684001e-04 1.013843911734105887e-04 8.840305865782408185e-05 7.521140085406308651e-05 6.564552760176860181e-05 5.655033529893203735e-05 4.847266436520668737e-05 4.428358100821804108e-05 4.028963758731284793e-05 3.628462121325621691e-05 3.128229129472289040e-05 2.517022280126582099e-05 1.928373685192735928e-05 1.628023994175952210e-05
2.014626968336595038e-04 2.263428082497829206e-04 2.255139271087621506e-04 2.008111495039062563e-04 1.691075536797692885e-04 1.420631139124484555e-04 1.170966872660171321e-04 1.014796845069944027e-04 8.844926034502730830e-05 7.518288494101497054e-05 6.569023438160393120e-05 5.660680794192047215e-05 4.850109847865574696e-05 4.401770737981689483e-05 3.989544508574850018e-05 3.602273748096218483e-05 3.102462488657707347e-05 2.489153276566808177e-05 1.906881780799817515e-05 1.597844565618704838e-05
2.009294303903542153e-04 2.260294323188286178e-04 2.252744358910531224e-04 2.004741380217798423e-04 1.688759540449780812e-04 1.419095007402732878e-04 1.166111028893521476e-04 1.009445381104686474e-04 8.813050075352867453e-05 7.500189483595866356e-05 6.562805400881600382e-05 5.639137709076809868e-05 4.829245755407068626e-05 4.393226085460066155e-05 3.991314500981696839e-05 3.616662512645966971e-05 3.117632412450414028e-05 2.533704120143566007e-05 1.942218400560975832e-05 1.641396260947773091e-05
2.011760024380157585e-04 2.265152449876542363e-04 2.256189303057560354e-04 2.010509634932033062e-04 1.691947916935774285e-04 1.420676101221852300e-04 1.168957831402601586e-04 1.010671990707852331e-04 8.815831406932529387e-05 7.494298779124737261e-05 6.556814618772265958e-05 5.651765404690615383e-05 4.850367833180388737e-05 4.421876578178720734e-05 4.025422661619144037e-05 3.645871551390012525e-05 3.138718129634356828e-05 2.503779152144028716e-05 1.902297482367153414e-05 1.589330091655974169e-05
2.014987280169650593e-04 2.264619297774598432e-04 2.254855623737671972e-04 2.006395845233305503e-04 1.691114334387761639e-04 1.419160970334466679e-04 1.166627625912483433e-04 1.011710367332878228e-04 8.844873284649123232e-05 7.523634588043287910e-05 6.580565757485390031e-05 5.664731804513427067e-05 4.845722783474488580e-05 4.403351898292625841e-05 4.010739652750334479e-05 3.611908866702870000e-05 3.108229413868004488e-05 2.516192265094730071e-05 1.940920879274962008e-05 1.624259343604089607e-05
2.010764219074209845e-04 2.261636851869751200e-04 2.253536267203735369e-04 2.005809961263719068e-04 1.689373536172621257e-04 1.418194501487916469e-04 1.166154952734476546e-04 1.008760993797635478e-04 8.802597797587957164e-05 7.507709913681908775e-05 6.565360892978309201e-05 5.629429295953055631e-05 4.817011139425273034e-05 4.408950194161380626e-05 3.996414607621695119e-05 3.594417545589409675e-05 3.078673272647067743e-05 2.472910195329670622e-05 1.911226350364739852e-05 1.626352290370777055e-05
2.006625943963701204e-04 2.262137348668617634e-04 2.251449142260544096e-04 2.004244991975687434e-04 1.688212930036549642e-04 1.418868559716487618e-04 1.166630082717876781e-04 1.010297102265901294e-04 8.811752009078098577e-05 7.488693632039194841e-05 6.552255693763914149e-05 5.648333904710872851e-05 4.859425311829335662e-05 4.424379293220637535e-05 4.017346951877686788e-05 3.632128403514819822e-05 3.131830030370230254e-05 2.508907675301841355e-05 1.922006789786397267e-05 1.627228913544577916e-05
2.012157668167162210e-04 2.263503028235164520e-04 2.255228085452062924e-04 2.009127400402993893e-04 1.693648076559737300e-04 1.419449765229000807e-04 1.168281142792344454e-04 1.011672442034146536e-04 8.832834530377115727e-05 7.515331478810193357e-05 6.557916930961936073e-05 5.654570905328777208e-05 4.854887094135899357e-05 4.405923454947021826e-05 4.002437296139589948e-05 3.612011613948525605e-05 3.102798089168991373e-05 2.502155107233330390e-05 1.900951212412162059e-05 1.581715318023316100e-05
2.011538389250799072e-04 2.263355359214971559e-04 2.251183014624345597e-04 2.007053239173354423e-04 1.691576431838388915e-04 1.420275215453519098e-04 1.169064025872267206e-04 1.012621356653685813e-04 8.822975903044370718e-05 7.503639073528697173e-05 6.542701931051875567e-05 5.636930372402217148e-05 4.836206340277513155e-05 4.399910508322549052e-05 3.995765869280857338e-05 3.623200833581466526e-05 3.109427656041143721e-05 2.504638759755501774e-05 1.926230949617191882e-05 1.619366614572682878e-05
2.010466642516493168e-04 2.258115740435301280e-04 2.252689108256809760e-04 2.004987221915413413e-04 1.690357962584187351e-04 1.419042143425559269e-04 1.167852615948873271e-04 1.013818369014688722e-04 8.848628744980238398e-05 7.512382795256254036e-05 6.560960477679151400e-05 5.616975779433157492e-05 4.820603490598469746e-05 4.418745279537710245e-05 4.019717721463402790e-05 3.633146050738748049e-05 3.098391994243625887e-05 2.459680415992818132e-05 1.881740288082643723e-05 1.594423679163350008e-05
2.013382277647774593e-04 2.262868442869569378e-04 2.254325461657275182e-04 2.006620878567920430e-04 1.690431268645509156e-04 1.420470048060768593e-04 1.167848052101853380e-04 1.012849159846153883e-04 8.843616678344824972e-05 7.523827198959986962e-05 6.558457017618797601e-05 5.643065328844685809e-05 4.839273648305326769e-05 4.400664315793263785e-05 3.993760497549983860e-05 3.596447714359057840e-05 3.089074239740371546e-05 2.513237082653639799e-05 1.950188671990276369e-05 1.640951847693891810e-05
2.010281388240411438e-04 2.262406708511309960e-04 2.250339773538562920e-04 2.006244615114828882e-04 1.691056922800112988e-04 1.420633039310705763e-04 1.168434379350706325e-04 1.010991354978695456e-04 8.810833686331909014e-05 7.463001907360167502e-05 6.522982245579949149e-05 5.613997192221608143e-05 4.786472309336218617e-05 4.320325028799341461e-05 3.938961245141210708e-05 3.543351926612231989e-05 3.035720207366677403e-05 2.457002283327283646e-05 1.876332432235273959e-05 1.563418078146441018e-05
2.010928926175027177e-04 2.264631263218883507e-04 2.254606317364534049e-04 2.007581688743344023e-04 1.692010790177516603e-04 1.421073034111406265e-04 1.168909556107588187e-04 1.012843579860603387e-04 8.841007747046822091e-05 7.512716780279618165e-05 6.558002877535520545e-05 5.620190693355889879e-05 4.821719637658186181e-05 4.395630518113357590e-05 3.984969056258828396e-05 3.610570320761761836e-05 3.112997922518045404e-05 2.504519882682829755e-05 1.913746065917376358e-05 1.611253585452134638e-05
2.013475269603056273e-04 2.263987076803123505e-04 2.256515882829527317e-04 2.007196687480762847e-04 1.690628633981599758e-04 1.421094153457984355e-04 1.167994341733719554e-04 1.010395848877941686e-04 8.804081178419404202e-05 7.499353830388741870e-05 6.546811749539228518e-05 5.627573987896725550e-05 4.829442125211642304e-05 4.390274683667672414e-05 3.995462003379332132e-05 3.611523886772390220e-05 3.119781219791324699e-05 2.507407443877073393e-05 1.931788452806439477e-05 1.622924307403897511e-05
2.015911075002474072e-04 2.263194749803516803e-04 2.254111942225107284e-04 2.009270834433253788e-04 1.692521855034749925e-04 1.420846305284033915e-04 1.168873123255963827e-04 1.012401110230164771e-04 8.827904572058636054e-05 7.519368634560507508e-05 6.545223295325134380e-05 5.604102891327374016e-05 4.794777396291272081e-05 4.364381189686661339e-05 3.961228788216585251e-05 3.598592390740220520e-05 3.109886161778745232e-05 2.528334046252617460e-05 1.930697772866000857e-05 1.609184065357685295e-05
2.011353231988135420e-04 2.257501757971573338e-04 2.250284606534331514e-04 2.002082023865963377e-04 1.688014332408977185e-04 1.418397552799452433e-04 1.167580813761477594e-04 1.011414365691789597e-04 8.828704077731323809e-05 7.517348720221552188e-05 6.548855468782742895e-05 5.606311117389959649e-05 4.822229458172050111e-05 4.378225097461819885e-05 3.989109617667147315e-05 3.612843362926798798e-05 3.104924315565763714e-05 2.487892727472449479e-05 1.899512124749270820e-05 1.615674035546948558e-05
2.009767584522241296e-04 2.262334942719145220e-04 2.252647580219126850e-04 2.005527526535641751e-04 1.690654560614963020e-04 1.418366791350526130e-04 1.167358012426584162e-04 1.013620987686709589e-04 8.854733715803337604e-05 7.549270030906487670e-05 6.588468804209005319e-05 5.695755342035441465e-05 4.874560990060284221e-05 4.411107376943444090e-05 4.013244441899128739e-05 3.603098269015511879e-05 3.100109981597481149e-05 2.485955173386336978e-05 1.910954262946057682e-05 1.608960945913039117e-05
2.012310587377175554e-04 2.261687408891659428e-04 2.255310560761246527e-04 2.007846064828245399e-04 1.691025626992124695e-04 1.419611148307777448e-04 1.165865194204923470e-04 1.009500487730704356e-04 8.804576770162248910e-05 7.483659834312501933e-05 6.527010751300686947e-05 5.614561984269405003e-05 4.810351347966963521e-05 4.369463659003913801e-05 3.978557249368030291e-05 3.582405688098615562e-05 3.071837066540627288e-05 2.471215980922167584e-05 1.886798794376466960e-05 1.600397723719318779e-05
2.011830321325861577e-04 2.258969947310256112e-04 2.251986789708539268e-04 2.004729886776399886e-04 1.689210360577584951e-04 1.420312666547837938e-04 1.169028734595319025e-04 1.012613062013590460e-04 8.842605918119981372e-05 7.519362824161490927e-05 6.564859011063287693e-05 5.641007590799927067e-05 4.833801462094393820e-05 4.406194097846882014e-05 4.020828304278221732e-05 3.629813021553699923e-05 3.130936291771661156e-05 2.529715328933164229e-05 1.945898869608724612e-05 1.634097787475905154e-05
2.015611325921476871e-04 2.263005827566891216e-04 2.254754227963391092e-04 2.005953682222675911e-04 1.691238725840477422e-04 1.419434208544049884e-04 1.167757097836190518e-04 1.011662840429294088e-04 8.823533523523461664e-05 7.507666988512817362e-05 6.559593799226210722e-05 5.645533816804793368e-05 4.840791982827561248e-05 4.400030061379188088e-05 3.995597807934094068e-05 3.605543900639824337e-05 3.085428924082302409e-05 2.494283855496355436e-05 1.922394414259839755e-05 1.612629852383558267e-05
2.014196230138717923e-04 2.264930970579299996e-04 2.255190385280196488e-04 2.008487341446241333e-04 1.694458664785602087e-04 1.424378336546323648e-04 1.170589788463838879e-04 1.012204431070060263e-04 8.825187949568655764e-05 7.514460956680609990e-05 6.535289556930321258e-05 5.624075426843537918e-05 4.846860124983058037e-05 4.421522430084781586e-05 4.015382583990489740e-05 3.630112282348757664e-05 3.100348088577085476e-05 2.492846588931252010e-05 1.923723253493115929e-05 1.603647958596160142e-05
2.014081327331257128e-04 2.261641182575778550e-04 2.253871434105560970e-04 2.005004705353859856e-04 1.691057841646331447e-04 1.421467582512405000e-04 1.168434540966415341e-04 1.012463993591752046e-04 8.852265273584794742e-05 7.534468725639727454e-05 6.587492546289478140e-05 5.664615628381738910e-05 4.854440402768195139e-05 4.409757696195806966e-05 4.009053854674262594e-05 3.623868568063651788e-05 3.118058082723206427e-05 2.524543337398839129e-05 1.948884058222220947e-05 1.647392225647683486e-05
2.013143079576426402e-04 2.262561692794524178e-04 2.253537285501030542e-04 2.005294266268936880e-04 1.691204469573265713e-04 1.418147475381138019e-04 1.165153495627747275e-04 1.008732079415659112e-04 8.811942618332986609e-05 7.512135400533633087e-05 6.575797074237877489e-05 5.688399087670835912e-05 4.872690856345597050e-05 4.422710046599480539e-05 4.029127088112495567e-05 3.640629478365508355e-05 3.125985104456753430e-05 2.513933318253076726e-05 1.918297691566701069e-05 1.619301024688104716e-05
2.013940553558984979e-04 2.266589858312353543e-04 2.255972949057451031e-04 2.007384602833643759e-04 1.690946949902832907e-04 1.420259272109070624e-04 1.168985614878506038e-04 1.014689934754281562e-04 8.870119695618893744e-05 7.534040991893284345e-05 6.574451599258381072e-05 5.653818470660158948e-05 4.827325579997875695e-05 4.377666485975119305e-05 3.953585100321541296e-05 3.570297073034211545e-05 3.075627798099437172e-05 2.498763604553470527e-05 1.945201051424104449e-05 1.642622664968807023e-05
2.008953906551940187e-04 2.264056865017004011e-04 2.255139658799363287e-04 2.005070021253022635e-04 1.690854707836747918e-04 1.419906564199740280e-04 1.168160986357850604e-04 1.012355559358515825e-04 8.835099578094840022e-05 7.511466894752386557e-05 6.582824116298306412e-05 5.655903854396836938e-05 4.833995953156442583e-05 4.384897099351668155e-05 4.004810613763787683e-05 3.608843340702282636e-05 3.101295235544198546e-05 2.518397770785470231e-05 1.939234069980857528e-05 1.634911640033006087e-05
2.010792163481867653e-04 2.262582462116809949e-04 2.253052610380200014e-04 2.007560410678123320e-04 1.691682296374274314e-04 1.419817057934418469e-04 1.168386129440832609e-04 1.013054709317522329e-04 8.836238227844630318e-05 7.500589055902834063e-05 6.548850391350987147e-05 5.628547938455443964e-05 4.836603396470508958e-05 4.392418641532295831e-05 3.981220881788246420e-05 3.612699470922578092e-05 3.120047003044736344e-05 2.520588295986746598e-05 1.934198083730633317e-05 1.603147414972270872e-05
2.013207230226996306e-04 2.258272012146008941e-04 2.253105824318791433e-04 2.004097965752729726e-04 1.689944073808440940e-04 1.417306166283673042e-04 1.166922943753184738e-04 1.011489182902229026e-04 8.831840148552798679e-05 7.496436792103953702e-05 6.517863493964093575e-05 5.609943045561242462e-05 4.825147462290071032e-05 4.427084236531090850e-05 4.008700116439367259e-05 3.621011206979571844e-05 3.092048573569458169e-05 2.503071764618390585e-05 1.928436577185843316e-05 1.614943695672897914e-05
2.008675756929047783e-04 2.258309161531666200e-04 2.251792104802259880e-04 2.005677122660698474e-04 1.689163919138117812e-04 1.418156907282336668e-04 1.168759759375927247e-04 1.014367419933899706e-04 8.848615657013494224e-05 7.495138831716586538e-05 6.549567757898289383e-05 5.628698590011694652e-05 4.838988287466698354e-05 4.399178628504161944e-05 3.990117562467171636e-05 3.593085040934080302e-05 3.094719897394273021e-05 2.488304084743084762e-05 1.891179043542216213e-05 1.598377619498806394e-05
2.015140015174542078e-04 2.263200867184091613e-04 2.255248533437220781e-04 2.008809352486083091e-04 1.692690544725359062e-04 1.420575188965864100e-04 1.168312799279195283e-04 1.012234591121682756e-04 8.824304637393473713e-05 7.500060364839503026e-05 6.558275684124940420e-05 5.649974079447470186e-05 4.839687882878504260e-05 4.414429306097222779e-05 4.001488715937099032e-05 3.600876818460819388e-05 3.093840693923082154e-05 2.487711506920796918e-05 1.899775107967195179e-05 1.609876416194243749e-05
2.010695082136640594e-04 2.262132219567439837e-04 2.253294713638628421e-04 2.006285629136025624e-04 1.692255467010517049e-04 1.422521072171188835e-04 1.170647794613143705e-04 1.014359960852825415e-04 8.819976427691707667e-05 7.505024507731408246e-05 6.559287364983496242e-05 5.639529117464390324e-05 4.844732542583758905e-05 4.394003771294550801e-05 3.989620212836195265e-05 3.604524353639198528e-05 3.098001331803332660e-05 2.515187922211905379e-05 1.946118807429143678e-05 1.623692246985205628e-05
2.010812424223740126e-04 2.259542775760454807e-04 2.253099806544951972e-04 2.004172085737249034e-04 1.690205381921576467e-04 1.418784664497947092e-04 1.165773937740152043e-04 1.010408914389742817e-04 8.823018321915065368e-05 7.499994599887311328e-05 6.543558585679874219e-05 5.614838121202400255e-05 4.825157852471733126e-05 4.400527668934892583e-05 4.022942210772339876e-05 3.652296993849214052e-05 3.134394433621746022e-05 2.516027934891387015e-05 1.923782343506905124e-05 1.624110252701979832e-05
2.007599027503075657e-04 2.254354714289279172e-04 2.249229125501405542e-04 2.000778280317405612e-04 1.684177221099749755e-04 1.415143172341178546e-04 1.163261050557585504e-04 1.007505972489873363e-04 8.780153024468387616e-05 7.476545554742459131e-05 6.522190047394176775e-05 5.616044005891392783e-05 4.817288533740459681e-05 4.383579238285597441e-05 3.960695700492163865e-05 3.589485846270950729e-05 3.112285789556908929e-05 2.500341489155955514e-05 1.917704309243486627e-05 1.583298806773504236e-05
2.011371537121738713e-04 2.261306811154984798e-04 2.251975447129284688e-04 2.004902986187550489e-04 1.690001208400680288e-04 1.419907939528898837e-04 1.169179391731802711e-04 1.013724516040236448e-04 8.849501250384072160e-05 7.519641952986094095e-05 6.569101316836409581e-05 5.649769108085459543e-05 4.843822527709618477e-05 4.400772037684301026e-05 3.997866298686402609e-05 3.608873508508427116e-05 3.113581088148271401e-05 2.512090173507200495e-05 1.936351187013053820e-05 1.634301662446261235e-05
2.006811954690367885e-04 2.258818130502199652e-04 2.249251986565522869e-04 2.005016266928671801e-04 1.689563505362242605e-04 1.420868196875317796e-04 1.172174733723582382e-04 1.014801943402518015e-04 8.841016982371712992e-05 7.504996499521229770e-05 6.555510521608153929e-05 5.641295601897792540e-05 4.844231183861156148e-05 4.414090991064622014e-05 4.007575625193687845e-05 3.609335516300727514e-05 3.118376872709324146e-05 2.503000074223323942e-05 1.920035975561106294e-05 1.618940191208420747e-05
2.011754195718670204e-04 2.262506760209447325e-04 2.252472459276282037e-04 2.005430143677023073e-04 1.692614107103004363e-04 1.421794474408268570e-04 1.170657704894270256e-04 1.011620244697718083e-04 8.809992526207379804e-05 7.487035915269203592e-05 6.534457316904331795e-05 5.615772139575712040e-05 4.812732921484381027e-05 4.385183169782189057e-05 4.003055417856436077e-05 3.618696310217498548e-05 3.126615169200018323e-05 2.520795567710284413e-05 1.930109956502341174e-05 1.624783132454651690e-05
2.011268171750865078e-04 2.259013471972850053e-04 2.252065590959051098e-04 2.003691878595895300e-04 1.690764963839941489e-04 1.419008957548938772e-04 1.167430379267494182e-04 1.014436558726451325e-04 8.871525153538666975e-05 7.525380642146005123e-05 6.541568112524641073e-05 5.625295584051093098e-05 4.812900924023838891e-05 4.390906633687880275e-05 3.981659340732435643e-05 3.595775734528015914e-05 3.092711965866555513e-05 2.496132723137671746e-05 1.923502405243816344e-05 1.622076082413064632e-05
2.014825900926383337e-04 2.261181554693540577e-04 2.252050698824589465e-04 2.005638602161067445e-04 1.690810020628657909e-04 1.419370667372735781e-04 1.167825277187964443e-04 1.011742763762466673e-04 8.836224038326162772e-05 7.492157208245833332e-05 6.543907810173483163e-05 5.632518410012061941e-05 4.830971140179035573e-05 4.406901147405237472e-05 3.997036086655321110e-05 3.612903715784885917e-05 3.105867071543861929e-05 2.492747091316043273e-05 1.909966869258926113e-05 1.610788236325100725e-05
2.014322288802532972e-04 2.263112745895109145e-04 2.256580654844410848e-04 2.007268925792584453e-04 1.691168018980884844e-04 1.419005810613800352e-04 1.166971339271725180e-04 1.009216033574763990e-04 8.796235213847015304e-05 7.470660913804550482e-05 6.527305770578114945e-05 5.628126758303338665e-05 4.830274463136198867e-05 4.386485183926961252e-05 3.982933040997646600e-05 3.599679139797537693e-05 3.107946515805820169e-05 2.524306098951055295e-05 1.938622023400254059e-05 1.623357970108915260e-05
2.012804490723160873e-04 2.265903302757961435e-04 2.257166804339968990e-04 2.007041705438693995e-04 1.693067977756338382e-04 1.420189659930147941e-04 1.166325860726895693e-04 1.009564402479125344e-04 8.811426044358423751e-05 7.504242863305625824e-05 6.542239241135576770e-05 5.630706731228766256e-05 4.820641977293478126e-05 4.388828595261820982e-05 3.995662865547909527e-05 3.621227629662459544e-05 3.102752969441760012e-05 2.495853244086981975e-05 1.928129187736808369e-05 1.623744702728989383e-05
2.010744267274106024e-04 2.262603413154486609e-04 2.253202681657280582e-04 2.004261785545206648e-04 1.691293402980138208e-04 1.420897388701156995e-04 1.167332020629978801e-04 1.010826841270582048e-04 8.805157481564488569e-05 7.485124459947848101e-05 6.528510067944753566e-05 5.613792275093446087e-05 4.825411725903298453e-05 4.385112016241129573e-05 3.982597613163796856e-05 3.596095326833860268e-05 3.110977255912043279e-05 2.538779902929345035e-05 1.950971463138960295e-05 1.638347875928415547e-05
2.013877367456740996e-04 2.264260689024974536e-04 2.254219666251242721e-04 2.006189903691350991e-04 1.689780609078590182e-04 1.417686515650913386e-04 1.167783915843655183e-04 1.011800187332990818e-04 8.802333663470141803e-05 7.489968946156730823e-05 6.553772006876917085e-05 5.631433276785183782e-05 4.836904523484983928e-05 4.404126843897645843e-05 4.020022043790610292e-05 3.631723858385566597e-05 3.116175981656362534e-05 2.519275741981624354e-05 1.936338657238441486e-05 1.619688388664398314e-05
2.011211818680205224e-04 2.261257935955751132e-04 2.255061406079128376e-04 2.007460377201937410e-04 1.691289894061266056e-04 1.420979203899016814e-04 1.168806592059119630e-04 1.013358290261783180e-04 8.831874171537357210e-05 7.501485178479376417e-05 6.542325889476055620e-05 5.617942564534105453e-05 4.787107375593632503e-05 4.363337975927692944e-05 3.978945263955568050e-05 3.590745819532920589e-05 3.092669666804270746e-05 2.510721209557812908e-05 1.950874686901542168e-05 1.624404825553239838e-05
2.016661721318495490e-04 2.265605930193892903e-04 2.254910700799347479e-04 2.007806426172439353e-04 1.692470761742412321e-04 1.421627423931781133e-04 1.169811477924486863e-04 1.013117776236116139e-04 8.835494631402888901e-05 7.522235401710911768e-05 6.582154831902937379e-05 5.656755368076660207e-05 4.864162009662105507e-05 4.435057295779310855e-05 4.017382106548001303e-05 3.643417412763739561e-05 3.134789524459482239e-05 2.519365503581136981e-05 1.934487771055314967e-05 1.617870192676815406e-05
2.011797242535748710e-04 2.261497996524374800e-04 2.252228030940386374e-04 2.003180783708813470e-04 1.688552601852519872e-04 1.418087633599581388e-04 1.167665954191466992e-04 1.011299895217396532e-04 8.814788704639562786e-05 7.483739547867297801e-05 6.547053238061708419e-05 5.635182245676185098e-05 4.817599792125040032e-05 4.398730265478528457e-05 4.000440120852641524e-05 3.611444016159161659e-05 3.111550158698614128e-05 2.531119646972432817e-05 1.956547943684707833e-05 1.643331686093695018e-05
2.011784879224087655e-04 2.259466878085067182e-04 2.251248189206658118e-04 2.003423902253164974e-04 1.688333307273284865e-04 1.420074532722661405e-04 1.167785629545394155e-04 1.012636429618849826e-04 8.839826360453311577e-05 7.521075799301134128e-05 6.578603409033164197e-05 5.645705959989577707e-05 4.847607549161188481e-05 4.402759335822412399e-05 4.010481564883569132e-05 3.622627167534419668e-05 3.112955163465475707e-05 2.513589219639254666e-05 1.933334227933992087e-05 1.623249545809287404e-05
2.016123896434868213e-04 2.266682503856924777e-04 2.256253311868522708e-04 2.009122959965844513e-04 1.691704622759751845e-04 1.420231193713966569e-04 1.168108420541534841e-04 1.011495847648295255e-04 8.815842672172618350e-05 7.483320982020878092e-05 6.537652502014135419e-05 5.615019297390430136e-05 4.811734495723584489e-05 4.392797320241817021e-05 4.005216998256540609e-05 3.618063436143138128e-05 3.108478267669917693e-05 2.515943026822236493e-05 1.929944260484760829e-05 1.631915905441456109e-05
2.014251148716036607e-04 2.265361766506450404e-04 2.254879168379176973e-04 2.008130156598110841e-04 1.690809390484775414e-04 1.418387532333952050e-04 1.166217835926233715e-04 1.011822116736976209e-04 8.832246700031496397e-05 7.511010361067901419e-05 6.574749840694027751e-05 5.651792711971759400e-05 4.842983266061482854e-05 4.406341638701552618e-05 3.997366338955845379e-05 3.606253395457342863e-05 3.098864501167611861e-05 2.492454125203205184e-05 1.907274348632692331e-05 1.605963852003838702e-05
2.011746875520197756e-04 2.262297442699483707e-04 2.254830831012003282e-04 2.005672413504554826e-04 1.691001273813654557e-04 1.419423829323228315e-04 1.167240234710418444e-04 1.012667106978605092e-04 8.835950198679468732e-05 7.524590231865188670e-05 6.567344603679389108e-05 5.649596735360888503e-05 4.841313399126336204e-05 4.397088140924004243e-05 4.003486535741863987e-05 3.629348665471808993e-05 3.121176512548186214e-05 2.518678888213778526e-05 1.934878851857695924e-05 1.609638189873160855e-05
2.012614643856593176e-04 2.261845754277391372e-04 2.251501222646671923e-04 2.006018097164918401e-04 1.692314467083200669e-04 1.421953310041585068e-04 1.168145403783950358e-04 1.012095008635062411e-04 8.838028244427093797e-05 7.510140706549491658e-05 6.540217333642088157e-05 5.598544323389945305e-05 4.814082031986858872e-05 4.392439322129860943e-05 3.995508223368525382e-05 3.618198258799286811e-05 3.096217041004530675e-05 2.499524787643631982e-05 1.897803567017963307e-05 1.597040740558054885e-05
2.014516351590255874e-04 2.262747179491874283e-04 2.254646775098386043e-04 2.008511406155441569e-04 1.693803374720048304e-04 1.422190261598662805e-04 1.169955853630980547e-04 1.013795790597573986e-04 8.846667589919867357e-05 7.517052884189455192e-05 6.573962102584339604e-05 5.654215119138876965e-05 4.846221546878414979e-05 4.409321253393756507e-05 4.026300738558646333e-05 3.648839380026289348e-05 3.129154082117440653e-05 2.532118069069429000e-05 1.945501055446535824e-05 1.630931766827721778e-05
2.009261980496224718e-04 2.259364261556544523e-04 2.250908677904136124e-04 2.001682406255012666e-04 1.689772882208848809e-04 1.418560906371764939e-04 1.164582579907493171e-04 1.008534814684359257e-04 8.794646731328199861e-05 7.471056946523245098e-05 6.508515962300892056e-05 5.590519752317885111e-05 4.787721368209670481e-05 4.360826831770816007e-05 3.953373513025418523e-05 3.586516313460065943e-05 3.097886042863546614e-05 2.492568610223468048e-05 1.924330935796747765e-05 1.629515129874045546e-05
2.009949325629575953e-04 2.262730141473842530e-04 2.253482287155931477e-04 2.006018028530853227e-04 1.693662150479146743e-04 1.421674746964420488e-04 1.169743805230527328e-04 1.013026881665868528e-04 8.833463433882548382e-05 7.527233844991290516e-05 6.563687003195693996e-05 5.634534674247865943e-05 4.840473357845116416e-05 4.411619134180637473e-05 4.017195918761614655e-05 3.632661483519122718e-05 3.115114309602047305e-05 2.506643676487611095e-05 1.933994291485972630e-05 1.628932065506477611e-05
2.014961207898346334e-04 2.259865361307795701e-04 2.251369429837613012e-04 2.003703401392557988e-04 1.689606443605745905e-04 1.418728308587687481e-04 1.167026842138547309e-04 1.012112750528800664e-04 8.813356211984941103e-05 7.465258301573202181e-05 6.519778136636462885e-05 5.621395419191210069e-05 4.825794588028441210e-05 4.374518776056959292e-05 3.966803778754661100e-05 3.584239794939953459e-05 3.107780098726632185e-05 2.490234910017801183e-05 1.898916835311963334e-05 1.609147566502582957e-05
2.010360411975870671e-04 2.265120710621555114e-04 2.253751482523515736e-04 2.005168465633977817e-04 1.688899885745874269e-04 1.418956568073118628e-04 1.167906478266178284e-04 1.010924680361342364e-04 8.816694561805183458e-05 7.507760048128696761e-05 6.554861588841821699e-05 5.637568432308616830e-05 4.831670201581017815e-05 4.386945788192284394e-05 3.999558734906923492e-05 3.600098364618651740e-05 3.074744580600107159e-05 2.465487137371438956e-05 1.890912167387100238e-05 1.622437687318751309e-05
2.016282704027416489e-04 2.261859581648906139e-04 2.255660981364153504e-04 2.005260076980212272e-04 1.691155444889239014e-04 1.418707613401088178e-04 1.166846273062126677e-04 1.011519264045024211e-04 8.824687665273879989e-05 7.510711919553766079e-05 6.552069412308843038e-05 5.632245332284634322e-05 4.827261798580027039e-05 4.374145257500043876e-05 3.967663068350477421e-05 3.577841625463602711e-05 3.071336623482810415e-05 2.480012984623463490e-05 1.943472949257315699e-05 1.646583214384644362e-05
2.008920045643758823e-04 2.259753935781628489e-04 2.249748350353560110e-04 2.002080002277789822e-04 1.686698560822956364e-04 1.417494058557497926e-04 1.165321528713889705e-04 1.009039201898980810e-04 8.820495159071841177e-05 7.503408881557025497e-05 6.564615149252687131e-05 5.630856193004316361e-05 4.794462299451808198e-05 4.343416850253843117e-05 3.923912086180468328e-05 3.535466066372744100e-05 3.049380848981660661e-05 2.484811196777153780e-05 1.934197176129307341e-05 1.637529566964144451e-05
2.014362798638385794e-04 2.268185940438183364e-04 2.256949217891232194e-04 2.008578360807053247e-04 1.694776181048691715e-04 1.421409794928030733e-04 1.170279128959980967e-04 1.013102993248143419e-04 8.842316895652681925e-05 7.513828395592242622e-05 6.548323402020287060e-05 5.635697154576637058e-05 4.842860401722665461e-05 4.413745987939304480e-05 4.011852971938524289e-05 3.628721437847678966e-05 3.116034059881436346e-05 2.519137091434998476e-05 1.953220489254389204e-05 1.632118388424264963e-05
2.010140200887145022e-04 2.264011753669247743e-04 2.254073948800576672e-04 2.006486460868579715e-04 1.692439846676556999e-04 1.421924419603927858e-04 1.169596991696609991e-04 1.014456801950941125e-04 8.849486668039904802e-05 7.529130319855184474e-05 6.585973946740490540e-05 5.662187165322516964e-05 4.849978879338435361e-05 4.408795385396641352e-05 4.014908527140874031e-05 3.632640536837789360e-05 3.118430559659056590e-05 2.517816219786221576e-05 1.943557982709572625e-05 1.643237201105122750e-05
2.008482073378162940e-04 2.258968099565442512e-04 2.251006656947293172e-04 2.004988735922496636e-04 1.690333065760839021e-04 1.418618456992741083e-04 1.167425098798160229e-04 1.011434634839041599e-04 8.815558920412125562e-05 7.495138532674928944e-05 6.546993954437709234e-05 5.648824451923885998e-05 4.846444003085602023e-05 4.409837105570055981e-05 3.992565682346799183e-05 3.601614689494607213e-05 3.090136117788435446e-05 2.492738625192228566e-05 1.906456536423144636e-05 1.612719008598407597e-05
2.012947731040261106e-04 2.263954006696750401e-04 2.255266859784257373e-04 2.009145814074673444e-04 1.692942771928135251e-04 1.422101712001552982e-04 1.170577947694661147e-04 1.013775476010375285e-04 8.840689274548188970e-05 7.515334924792286240e-05 6.573395268995516614e-05 5.658697537672178991e-05 4.834123104745704228e-05 4.408219731076526307e-05 3.997612506931581643e-05 3.610715726927356408e-05 3.093500813652181225e-05 2.500073873797068578e-05 1.917273987946217312e-05 1.618288294500876167e-05
2.010413512500217731e-04 2.262585848486729236e-04 2.258009064032539799e-04 2.009911665222712061e-04 1.693331170268775005e-04 1.421623438089518606e-04 1.169315610602376395e-04 1.012959093858682968e-04 8.839349528736758891e-05 7.500820362971807886e-05 6.533765983756730400e-05 5.609109411190446283e-05 4.799534381521576262e-05 4.375019276342739176e-05 3.971748933638397349e-05 3.601048826782337204e-05 3.120742180229972736e-05 2.527269428329153434e-05 1.935116050107834470e-05 1.629395480120431877e-05
2.009651268150066815e-04 2.262329924374229982e-04 2.254574105316370120e-04 2.006870950167213635e-04 1.692526707214312472e-04 1.421717684059103438e-04 1.169036446693386659e-04 1.013946511504407351e-04 8.860235255175844698e-05 7.524849702261424968e-05 6.583966512911437405e-05 5.661432263382556367e-05 4.842165274213923269e-05 4.408745939463340447e-05 4.000501737538805531e-05 3.608141248163898948e-05 3.097746088553101826e-05 2.480989005393477589e-05 1.899569378443431825e-05 1.573643009934807700e-05
2.011526257040435512e-04 2.261925669074875119e-04 2.255873030122127539e-04 2.009842166883249969e-04 1.695821507954528291e-04 1.422201549668521798e-04 1.169231297853768410e-04 1.013073911197392139e-04 8.839619997323798636e-05 7.521867125126905696e-05 6.554412046045922900e-05 5.630856353544274695e-05 4.843123533950504945e-05 4.419020986964729085e-05 4.017000734237334217e-05 3.636117200102265693e-05 3.129154992026070487e-05 2.529185926443207371e-05 1.941459817681737553e-05 1.626177686916645187e-05
2.012153632397305615e-04 2.260556038729260458e-04 2.249703990027813181e-04 2.005799275454320815e-04 1.689208080010155171e-04 1.418815861352295507e-04 1.167249517216543010e-04 1.012277348437772435e-04 8.826110474948955999e-05 7.506720040629838615e-05 6.551903804839336867e-05 5.648908299409848542e-05 4.843669983473183389e-05 4.411190701949368342e-05 4.005267475362424680e-05 3.631425313742892426e-05 3.107707671966545204e-05 2.502201705872844509e-05 1.914628914230233800e-05 1.603824919348432673e-05
2.012689794425568963e-04 2.262737777341020616e-04 2.250553223082004664e-04 2.004007862854521318e-04 1.688071761403583330e-04 1.417177461573316123e-04 1.166263517218098439e-04 1.009394863716072180e-04 8.815345070750841856e-05 7.492022255360325316e-05 6.545373545676800783e-05 5.625893765392107578e-05 4.831237630375616858e-05 4.408729208076819512e-05 4.004054717488256173e-05 3.622959815869393073e-05 3.115470207179491294e-05 2.516692572688244137e-05 1.936850943000787046e-05 1.626815609270428409e-05
2.011084572472170856e-04 2.265001650854871944e-04 2.254787434582397534e-04 2.006553621948396001e-04 1.691485202464275222e-04 1.420101639498507157e-04 1.169393080088841310e-04 1.013836988539064003e-04 8.837286998414700602e-05 7.499254362453623170e-05 6.539523131235550687e-05 5.639765128210308615e-05 4.834149055539893147e-05 4.390557910429952168e-05 3.988883168659914871e-05 3.598947141719413729e-05 3.124217985474269505e-05 2.526110816917533555e-05 1.958738822616692661e-05 1.654098766730222977e-05
2.016148577651563460e-04 2.264113689857985242e-04 2.253182236388545461e-04 2.006423331147755989e-04 1.689932216701634936e-04 1.417310620616289501e-04 1.166209444702910294e-04 1.011011072984562730e-04 8.830231087600397169e-05 7.536372315937670398e-05 6.555226070642037185e-05 5.633781095116427272e-05 4.824916808097347450e-05 4.392659334193607559e-05 3.988128096831542667e-05 3.603485946672764669e-05 3.112919826469177318e-05 2.538748267419059011e-05 1.954726203959171696e-05 1.625579747489597389e-05
2.010725771976552064e-04 2.265440362386897204e-04 2.252743634806134447e-04 2.008955053075798299e-04 1.692752915234221097e-04 1.422225129817048384e-04 1.169444712534284484e-04 1.014633852955083355e-04 8.849356089508816870e-05 7.530809791760547929e-05 6.572898627837291466e-05 5.651387407409222500e-05 4.824081782999395845e-05 4.415296226544430816e-05 4.017330841675006167e-05 3.613202265896603139e-05 3.109887387260082056e-05 2.510716730723200828e-05 1.919970553708931309e-05 1.604889177777000622e-05
2.012462918468557141e-04 2.262101767818219735e-04 2.254182866507659110e-04 2.006211917011612410e-04 1.690619919287526232e-04 1.419170616144024670e-04 1.167425938937199838e-04 1.011204405390556821e-04 8.838191764996348294e-05 7.521909819528538473e-05 6.575892917107932793e-05 5.647676478453868287e-05 4.828710235681823911e-05 4.393844027916686236e-05 3.994130938435215826e-05 3.611952538840940461e-05 3.095640697814701050e-05 2.495817702424154907e-05 1.923224400452684118e-05 1.606299426055380806e-05
2.009937256629009761e-04 2.259949751932714907e-04 2.249668000382728269e-04 2.004146659853823164e-04 1.691818614808277737e-04 1.420710467922616774e-04 1.167904952715321853e-04 1.010270833708845845e-04 8.803648400591456617e-05 7.479080796582073399e-05 6.546699556255633034e-05 5.622585891338825298e-05 4.825071361342683481e-05 4.391705610133961102e-05 4.010460428822164904e-05 3.643378019551979732e-05 3.161074493751153534e-05 2.558186977551421334e-05 1.947822121486348677e-05 1.651881639592993418e-05
2.012217535200708197e-04 2.262775574034264910e-04 2.255792318783085494e-04 2.008528077997972215e-04 1.693402758694079126e-04 1.422721052944627741e-04 1.170486511752817275e-04 1.014402141700545797e-04 8.840137321818264610e-05 7.515004798733145855e-05 6.555520059146114395e-05 5.635260156336339797e-05 4.836723953451732246e-05 4.391756640464935152e-05 3.990118837411031296e-05 3.621276746501293927e-05 3.104157323055421356e-05 2.493444031689390669e-05 1.910369805749267903e-05 1.593848397437471853e-05
2.011330100416610386e-04 2.259985898127553990e-04 2.250032478289986564e-04 2.003827219237963575e-04 1.688983951250168337e-04 1.418891473146313828e-04 1.167761656780649034e-04 1.011954140857214234e-04 8.834254371861086780e-05 7.520917037318123862e-05 6.571035525472324155e-05 5.653232851358411346e-05 4.839477442167528328e-05 4.408311619765829115e-05 3.992553181648935995e-05 3.613871060848449570e-05 3.117148123126373116e-05 2.527554386163173607e-05 1.931196011768924255e-05 1.633275165492897819e-05
2.011592477947431830e-04 2.262962921763436556e-04 2.255474662823197629e-04 2.008918526090433423e-04 1.692592576103138589e-04 1.421080919994643639e-04 1.165792856889007146e-04 1.009615091263154181e-04 8.825839550646368762e-05 7.504052298181823838e-05 6.552044670350466737e-05 5.635891771168281491e-05 4.842022554895147814e-05 4.416451028160853210e-05 4.008240716129544273e-05 3.628684569493942260e-05 3.103195439522711600e-05 2.490967525653009243e-05 1.899822757738992658e-05 1.613830854259872777e-05
2.010851785134640376e-04 2.260792029089424304e-04 2.254624742200720419e-04 2.004895595010655249e-04 1.688221343501417743e-04 1.417170704136493835e-04 1.165218862130748258e-04 1.010275918184504407e-04 8.806784429690008899e-05 7.482382865574924169e-05 6.532118709047919723e-05 5.633133322501974121e-05 4.815665421231974519e-05 4.369613719631993429e-05 3.964008886913792610e-05 3.583979648188971297e-05 3.078571641588342890e-05 2.495085564095630472e-05 1.920134128306268066e-05 1.622155159799438482e-05
2.014089014756278496e-04 2.264519217898913154e-04 2.255553320766531540e-04 2.006799916510941875e-04 1.694154964622432674e-04 1.422859406760978583e-04 1.169592645292899822e-04 1.011386661217895700e-04 8.818878346487247632e-05 7.504377409632860194e-05 6.558257033912299897e-05 5.645743394096159240e-05 4.850575898711881779e-05 4.437748061486039499e-05 4.034447214325426065e-05 3.658683674012996108e-05 3.135278571891026393e-05 2.509798186340894078e-05 1.924754103095057078e-05 1.616627740952782119e-05
2.010488986167521667e-04 2.260763733408803955e-04 2.251378253446175294e-04 2.004424236100838625e-04 1.691694259093570101e-04 1.419899233660701268e-04 1.170143808580629977e-04 1.011627820911491178e-04 8.826068877411972840e-05 7.497611742840281203e-05 6.537911576027621418e-05 5.639346452967292035e-05 4.843271189178893294e-05 4.423747413489488941e-05 4.003896722552151635e-05 3.596857960971231561e-05 3.098368388075588997e-05 2.512535514096461079e-05 1.925589157916427505e-05 1.616454587229195823e-05
2.010402885309899663e-04 2.264983945528972970e-04 2.257261239408817955e-04 2.007087301136046013e-04 1.694096442357879843e-04 1.421491993857737035e-04 1.168744282814137441e-04 1.011824064998458365e-04 8.838894371499179427e-05 7.507388077914540960e-05 6.543942616352603958e-05 5.628416083426255966e-05 4.804445700246166026e-05 4.363510071569341270e-05 3.970146898093719943e-05 3.591882843751189296e-05 3.102527657763490807e-05 2.518023778223207852e-05 1.936145659207495323e-05 1.615091853556232466e-05
2.009913760584517404e-04 2.261107074622471119e-04 2.252824982573590801e-04 2.004842267882176680e-04 1.690885900306939992e-04 1.420536012097721012e-04 1.170308191282662023e-04 1.014401216775272842e-04 8.834677227079503999e-05 7.507066025654701138e-05 6.550611800092841122e-05 5.623094979245965596e-05 4.829117623869392899e-05 4.392964111568617344e-05 3.993592784275964448e-05 3.597011542856679315e-05 3.095858643656973285e-05 2.505824640007127510e-05 1.938721145182742815e-05 1.628440281645297919e-05
2.009549612568862240e-04 2.260019876802837305e-04 2.252848105634073215e-04 2.005300510850605586e-04 1.690738675314462018e-04 1.418722180049136002e-04 1.165576847465602233e-04 1.008781433141517841e-04 8.793528293406165466e-05 7.501885453166404975e-05 6.562459701858657977e-05 5.642766779943434911e-05 4.846369966033798720e-05 4.408292556877344844e-05 4.007826889664875384e-05 3.622504798350187604e-05 3.109593003851473408e-05 2.511298536174865314e-05 1.934803674205727442e-05 1.628881944947930836e-05
2.012571103122418048e-04 2.265011015681228548e-04 2.256385411140708250e-04 2.007016348088580017e-04 1.693338556106728607e-04 1.421441410298696128e-04 1.170413819556631087e-04 1.013949645130686955e-04 8.855368287419724269e-05 7.533023524548937400e-05 6.582202669439304172e-05 5.654278130510655121e-05 4.842103682005744278e-05 4.402917745987152646e-05 3.999287770808108690e-05 3.590394779787232948e-05 3.073849286213347319e-05 2.479300722002012548e-05 1.907140378740049616e-05 1.613198810048107015e-05
2.010871870713746613e-04 2.261822497023271582e-04 2.251861429013204648e-04 2.005700448092460344e-04 1.692371807353440960e-04 1.421261989461431027e-04 1.168576521569133613e-04 1.011471819500921312e-04 8.835012846434760496e-05 7.506304228254723763e-05 6.553309924821906990e-05 5.633228367281843229e-05 4.814960251173328412e-05 4.373959670580146496e-05 3.989929159346807257e-05 3.619569574909085560e-05 3.135841250554398515e-05 2.513987596148963417e-05 1.921740216328786957e-05 1.609577560612110447e-05
2.015143349669514428e-04 2.263657532893114267e-04 2.255795852333324742e-04 2.006715711954881016e-04 1.692876989216037052e-04 1.421033186256406334e-04 1.169934839669641702e-04 1.014653286224700751e-04 8.863047489780979428e-05 7.519704376747417436e-05 6.563346132018216847e-05 5.644686645087141307e-05 4.830874609430276618e-05 4.389787425881749085e-05 3.991742871773974597e-05 3.596625788071639544e-05 3.087855592922703529e-05 2.485562884181716190e-05 1.898319773976979387e-05 1.593352013266712884e-05
2.008437452726234012e-04 2.262114429396802477e-04 2.249250923411646682e-04 2.003891357849057076e-04 1.687417600268647426e-04 1.418744830448542555e-04 1.169081713184256724e-04 1.013119878933396484e-04 8.841698988765871474e-05 7.536284815224616356e-05 6.574457003923865758e-05 5.643708329014661862e-05 4.849712796449137274e-05 4.431238961953558742e-05 4.012316680780574286e-05 3.624863089098456456e-05 3.125766310366647459e-05 2.503241800003573494e-05 1.928066629645865864e-05 1.640279353805591006e-05
2.008483994279743642e-04 2.261184567274872976e-04 2.251527368894296044e-04 2.005254385970445426e-04 1.689908228996267155e-04 1.417294706792907066e-04 1.164963019044444684e-04 1.010316072870787266e-04 8.811781065065181354e-05 7.515203374051853216e-05 6.595569644700798896e-05 5.670328329488729356e-05 4.862246844462751272e-05 4.428848849749043089e-05 4.034678766868247165e-05 3.634854168094300494e-05 3.133901759379637350e-05 2.534369006568322946e-05 1.944836398721735111e-05 1.624767357142642036e-05
2.013859095809133527e-04 2.260154348432822963e-04 2.249727999917974298e-04 2.003477601286534325e-04 1.687298191055563350e-04 1.419137606551608964e-04 1.166729513981388432e-04 1.011265633747422910e-04 8.826179190435169176e-05 7.510890687675210605e-05 6.541138940544197482e-05 5.630324000378265535e-05 4.822719921218320536e-05 4.391647515161881322e-05 3.993556462912915351e-05 3.622819634132214020e-05 3.116070073943581699e-05 2.511829966297688264e-05 1.935629729690426019e-05 1.650900071626280413e-05
2.006212809911066329e-04 2.257707286928779041e-04 2.246900772437980195e-04 2.001815988278237942e-04 1.687168254619965152e-04 1.415486418702635043e-04 1.164965401454671492e-04 1.008300256787359204e-04 8.811542680537446878e-05 7.493434660250597131e-05 6.527662985652925428e-05 5.609020051378050620e-05 4.825596566636914530e-05 4.388895277608060371e-05 3.994858117100277936e-05 3.607111230383565852e-05 3.106171256926127283e-05 2.521371283825358798e-05 1.932813736246584893e-05 1.612841883800504532e-05
2.010436735700411664e-04 2.263628237467918869e-04 2.254136802314065128e-04 2.004176825413866525e-04 1.689951618587178796e-04 1.418680565075593918e-04 1.167980148461405138e-04 1.011765799654356702e-04 8.809348466863268633e-05 7.498088614363877726e-05 6.556522661817259156e-05 5.638087838004875602e-05 4.816095062675387585e-05 4.386827950291584182e-05 3.979923734915931155e-05 3.589188933229891712e-05 3.104922555328151035e-05 2.510141593043341819e-05 1.940928308876032249e-05 1.647647528103304883e-05
2.014213980952129850e-04 2.263130393529967860e-04 2.252169567437825939e-04 2.004533099094894149e-04 1.691009635258647163e-04 1.418348647116598853e-04 1.166283957597883802e-04 1.010266355998089277e-04 8.829862563395431173e-05 7.520505893673898909e-05 6.565142079898936148e-05 5.639394265718103275e-05 4.826737684925032270e-05 4.384411490491170552e-05 3.977079980556638770e-05 3.578790948157779844e-05 3.081745296288304240e-05 2.484202650020466636e-05 1.931280173409607781e-05 1.627291528614188083e-05
2.010836138254362660e-04 2.262151503863883348e-04 2.251290444944195883e-04 2.005103514432703354e-04 1.691838263974143359e-04 1.420503067984987258e-04 1.169762254242592012e-04 1.013062941936383992e-04 8.836648372182968208e-05 7.510946653241804623e-05 6.529956891277320023e-05 5.597470527180020618e-05 4.814549105291606297e-05 4.400189264251669417e-05 3.999272836744379112e-05 3.616976293247590156e-05 3.098136379180891308e-05 2.482495769587336453e-05 1.918097044410206045e-05 1.604750115490092440e-05
2.014531780440019970e-04 2.258729785373824795e-04 2.253108675088438904e-04 2.006879696708514652e-04 1.693919777516677888e-04 1.423416179271060067e-04 1.169198765388985625e-04 1.012555970152914571e-04 8.846363629964919739e-05 7.523672910760306439e-05 6.578711123193766764e-05 5.648421676214792074e-05 4.842245948972529910e-05 4.403329242881974911e-05 4.011914020516404083e-05 3.635344156936270147e-05 3.128043826060465177e-05 2.522575275306855375e-05 1.928183734930924881e-05 1.619619317025178948e-05
2.010873738067018137e-04 2.262874252394434405e-04 2.253128102439414123e-04 2.005507817854437237e-04 1.690444997614469643e-04 1.417921476589773715e-04 1.165410244774107339e-04 1.010414515762500775e-04 8.805275195089830678e-05 7.483923754265112355e-05 6.520450680805199497e-05 5.595247591961708598e-05 4.809976145126986370e-05 4.371149707583732121e-05 3.959645103625087433e-05 3.580433804621419486e-05 3.087313721085741604e-05 2.499535128515371001e-05 1.915001166803661131e-05 1.642166478820777337e-05
2.006595536599455585e-04 2.257491542923834721e-04 2.246718144079502756e-04 2.002037644695153404e-04 1.687780958674762457e-04 1.418177573724132667e-04 1.166285641693704905e-04 1.009957672741119397e-04 8.806718525957812731e-05 7.480322758161426133e-05 6.549551202934291144e-05 5.641567598546102873e-05 4.829318056446627191e-05 4.388136580055182516e-05 4.010416620019634042e-05 3.616810707299094598e-05 3.111600537487235258e-05 2.490902065791681549e-05 1.896641569423555200e-05 1.595039638965290414e-05
2.012145688674832995e-04 2.261942661713565311e-04 2.251314958061179463e-04 2.002537309541151155e-04 1.691702902803992540e-04 1.419073112692914107e-04 1.167430133250874292e-04 1.010612835124253286e-04 8.808319803515141848e-05 7.475058026960221247e-05 6.528062074074240234e-05 5.623650761575327273e-05 4.827159473504942234e-05 4.389219532865946223e-05 3.984571673273528438e-05 3.594444521947618153e-05 3.099326422808903380e-05 2.510942200147825955e-05 1.919056039922332419e-05 1.610310677248387142e-05
2.013380101751455729e-04 2.262002283515536451e-04 2.254172677274507235e-04 2.010937470211282584e-04 1.691196383550547071e-04 1.420511802933595053e-04 1.168807406875826304e-04 1.013334409242849852e-04 8.827056639932186026e-05 7.487500184622360383e-05 6.552300016119357094e-05 5.629129905958885408e-05 4.829693689281387204e-05 4.400045725813020306e-05 3.986975615133918897e-05 3.593435347259035486e-05 3.069353550353498756e-05 2.462056348742780798e-05 1.905243412748747818e-05 1.608656955585519501e-05
2.004433096312390698e-04 2.261757169727091846e-04 2.250259521272750338e-04 2.003413022323453907e-04 1.688301290751936974e-04 1.419445859327823499e-04 1.170037677235608622e-04 1.014639599079754541e-04 8.876403657354863897e-05 7.523941931001124853e-05 6.544717269689514019e-05 5.631253840687260547e-05 4.816365058175584599e-05 4.382589360151913712e-05 3.982125440457028314e-05 3.589475019852616307e-05 3.101884563340164105e-05 2.514540435057405091e-05 1.926761961746305119e-05 1.600384896223797511e-05
2.011007173633518898e-04 2.262132509780790421e-04 2.248094956105786408e-04 2.001639857748785563e-04 1.685628984205512007e-04 1.415008958291572982e-04 1.163195033098471913e-04 1.009713318382878656e-04 8.822601796692406935e-05 7.499493313458344493e-05 6.557389144918179672e-05 5.635367868844729384e-05 4.829929636270085912e-05 4.390866202749642213e-05 3.980748320545214575e-05 3.589515708819386721e-05 3.094632489511540724e-05 2.526666375023405454e-05 1.959328667203127079e-05 1.642417442525610983e-05
2.010662991844860666e-04 2.263707944731260834e-04 2.251939576362790559e-04 2.005309275812189535e-04 1.690717723164256235e-04 1.417913195464825073e-04 1.166596229860752390e-04 1.010806490317110127e-04 8.807751345767219004e-05 7.503470000896542537e-05 6.555350115871001802e-05 5.628111319686290609e-05 4.832144424453796623e-05 4.394917223621160979e-05 3.997553375174102983e-05 3.587960910223891549e-05 3.068222029508886769e-05 2.474160333778315833e-05 1.911442942846450517e-05 1.624219342554908432e-05
2.015021472089478544e-04 2.262576123222922347e-04 2.254448919969607426e-04 2.008087993773094015e-04 1.690273658727097395e-04 1.420864556785700805e-04 1.169803820849440144e-04 1.012650178248148124e-04 8.828687991026384755e-05 7.503400820261064226e-05 6.548484557280090433e-05 5.616576443083238362e-05 4.814160492141914108e-05 4.392268318145218294e-05 3.990825562142475509e-05 3.614033249023228961e-05 3.099567349096660662e-05 2.498823179904843984e-05 1.911244261600128725e-05 1.605768021722313657e-05
2.010843871643229822e-04 2.262105716615403072e-04 2.253419178914690729e-04 2.004087001057179020e-04 1.687977513327118019e-04 1.418446306398327735e-04 1.166933777797623362e-04 1.012062985919966749e-04 8.826613301112855813e-05 7.524269558876510379e-05 6.573641618560127674e-05 5.645911224324082759e-05 4.825617441057408405e-05 4.377524198411422452e-05 3.977066870394384192e-05 3.590144240735607746e-05 3.081827343493845085e-05 2.508930125723508327e-05 1.935386501174978904e-05 1.623811431743619631e-05
2.011051416548734661e-04 2.263275464001934182e-04 2.254310334010521102e-04 2.004858978950921561e-04 1.690473638109413841e-04 1.418107212218874141e-04 1.165892839210798615e-04 1.007753344937172804e-04 8.772332119483432027e-05 7.451462443271920748e-05 6.499752065913139718e-05 5.599871064690501869e-05 4.812130200714106543e-05 4.389661785657204493e-05 3.998979406243516257e-05 3.630567068116890536e-05 3.112235511078090716e-05 2.489934991811725457e-05 1.910995293156528738e-05 1.619577293094027673e-05
2.012260258499381713e-04 2.263184801646990279e-04 2.255179775255606082e-04 2.006639944445698354e-04 1.690840633194799043e-04 1.422173814729372880e-04 1.168408349312521465e-04 1.012063579887283892e-04 8.823032422359689127e-05 7.496353549437915229e-05 6.566451037803744026e-05 5.638915077854200070e-05 4.831283823645277759e-05 4.400575611995495372e-05 3.993239351034892957e-05 3.591406718959546252e-05 3.077514531700725682e-05 2.480488587760603831e-05 1.937432354010001976e-05 1.646401683232889306e-05
2.005954770733585195e-04 2.257901319598653895e-04 2.250731043779929615e-04 2.002561138521897219e-04 1.687009060610226584e-04 1.415737815297381773e-04 1.165356408644133574e-04 1.008682477838753920e-04 8.801508913026976440e-05 7.478326316682812444e-05 6.519561736131352107e-05 5.627259275490786042e-05 4.818082502173752133e-05 4.404378890828833089e-05 4.048640613744439301e-05 3.663075297671262461e-05 3.127864016603014511e-05 2.492817437023483017e-05 1.942213479630014735e-05 1.648712392306818418e-05
2.013091173747076298e-04 2.267981346744106540e-04 2.255666640233821663e-04 2.005324015306989731e-04 1.690591761313985780e-04 1.417931562313940895e-04 1.165809454094467044e-04 1.010942359339126432e-04 8.804362340699167539e-05 7.474441328896944147e-05 6.543021327092731474e-05 5.640171261629402878e-05 4.838319311551194507e-05 4.410601159454436982e-05 4.007642850915023536e-05 3.623288977509393072e-05 3.106739890586978828e-05 2.498125219351017188e-05 1.925156452418560959e-05 1.625745836362907913e-05
2.013929500571356632e-04 2.263823467682381360e-04 2.254417605476991991e-04 2.005740610106209745e-04 1.689826940692681532e-04 1.420010078607728758e-04 1.169340410427609212e-04 1.014232244816660246e-04 8.844412073807697539e-05 7.523973403490804071e-05 6.554881109751814602e-05 5.628129691956377720e-05 4.811850224760400263e-05 4.389412471493350662e-05 3.986068608421266385e-05 3.604786296715409147e-05 3.122877374461987518e-05 2.521027144067613347e-05 1.933352885004103948e-05 1.637352753556209239e-05
2.013016113830722639e-04 2.260770267076358153e-04 2.251176717518425666e-04 2.003046075381224834e-04 1.688177191631706178e-04 1.414306626382221856e-04 1.163772805624841886e-04 1.006205837179041131e-04 8.782564384743660841e-05 7.461510387992360057e-05 6.511461650701022433e-05 5.620431285808086513e-05 4.842274731933500742e-05 4.393859943529276288e-05 3.981232149479345156e-05 3.617982138217225291e-05 3.128431724522378465e-05 2.537781543102632929e-05 1.928632419252239739e-05 1.608678843178500974e-05
2.010278745190099406e-04 2.259965038938393698e-04 2.253585394659698537e-04 2.006356455070414883e-04 1.688275968351660617e-04 1.416938294440587653e-04 1.167858223744944716e-04 1.011791863969449588e-04 8.838767896728366073e-05 7.535506929116163430e-05 6.568808777971486476e-05 5.654708441112937128e-05 4.841260350285703283e-05 4.403008440466692772e-05 3.985322153024815168e-05 3.589992365999211563e-05 3.091110529144613754e-05 2.477157548211236985e-05 1.912224700347659240e-05 1.625768044258632658e-05
2.012206397833071173e-04 2.260756709320631145e-04 2.255109675238524316e-04 2.007759927501635573e-04 1.694365537259305272e-04 1.421054487187032624e-04 1.168896140550603244e-04 1.011013603423982472e-04 8.807674046266998136e-05 7.499105791795946459e-05 6.584194498440451104e-05 5.658074738132789751e-05 4.845699110697694335e-05 4.415552017967612773e-05 4.000894677523806356e-05 3.626848395426255495e-05 3.125887364034136268e-05 2.523166083996438439e-05 1.933979719956296055e-05 1.631376919330366378e-05
2.004955202116608548e-04 2.255565889254013861e-04 2.245382376888137375e-04 2.003040324902634350e-04 1.687770408428024749e-04 1.418767381607736978e-04 1.168389493651346645e-04 1.014658615497384845e-04 8.852447122438730483e-05 7.519245859959012776e-05 6.564421176200773344e-05 5.614198148884686466e-05 4.793879175749101194e-05 4.356077482184794752e-05 4.002476633878741254e-05 3.587960611570805916e-05 3.064320699698176151e-05 2.488906110000591927e-05 1.917315217787213491e-05 1.616836504961126537e-05
2.010452446252807359e-04 2.262189235018340137e-04 2.255338128952638892e-04 2.006400522843957562e-04 1.692121544829598093e-04 1.422692850066977833e-04 1.171495637353015218e-04 1.015680885708692538e-04 8.852848971639665611e-05 7.522631639629795636e-05 6.558860950686743157e-05 5.659965691993162407e-05 4.849022341274333424e-05 4.418852209306497938e-05 4.007364368518183710e-05 3.601038742895866144e-05 3.087632216072533657e-05 2.491981353875591975e-05 1.924279741918486904e-05 1.627670640754002543e-05
2.012631567685824370e-04 2.265076321978414995e-04 2.254726240010309669e-04 2.004581051631997468e-04 1.689023156153892551e-04 1.418205955628614454e-04 1.168038633761050380e-04 1.012492769337994524e-04 8.832498399198883193e-05 7.509551169834164253e-05 6.534893025317033740e-05 5.621137243139451560e-05 4.831307255166200794e-05 4.400223187524174149e-05 4.017322285704355908e-05 3.618493011594998965e-05 3.123474773225185430e-05 2.543072719669835439e-05 1.948501430775588809e-05 1.630837058812852712e-05
2.016952349923136661e-04 2.262689975108069559e-04 2.253031973081540216e-04 2.003264226700467415e-04 1.685232232665455094e-04 1.413975988602153523e-04 1.164578961046070893e-04 1.009802150690924710e-04 8.819949959468495807e-05 7.525002641364774423e-05 6.572260330595763292e-05 5.630226734206973026e-05 4.838065338573590451e-05 4.407294339535846971e-05 4.006770225795683820e-05 3.610683298094315619e-05 3.083710466923170651e-05 2.492016294965729929e-05 1.922779373182664081e-05 1.601024415337953853e-05
2.012114857059965221e-04 2.263746507277497046e-04 2.253445863437081136e-04 2.005485411789396249e-04 1.690123158044984516e-04 1.420325819990328410e-04 1.166643341713922787e-04 1.010482960992080718e-04 8.812900928548305008e-05 7.500165818344057926e-05 6.550836765836255942e-05 5.626958029366669489e-05 4.821597338763421994e-05 4.403365171153910827e-05 4.013735311154786715e-05 3.615024327063731560e-05 3.082819470826780276e-05 2.488425256595258903e-05 1.905664187624648878e-05 1.632463850767899895e-05
2.011864360642466230e-04 2.262682568047466938e-04 2.253413407621710808e-04 2.006256456365150466e-04 1.691739425766991751e-04 1.421544722905569453e-04 1.169129901976930137e-04 1.012578413781040391e-04 8.834211681617987330e-05 7.501848455308701854e-05 6.542499164815107485e-05 5.614302890237483174e-05 4.810416293461179893e-05 4.352481628390671180e-05 3.944591802100963290e-05 3.570030231747911575e-05 3.080787583192521868e-05 2.491150321729365317e-05 1.928766157948193599e-05 1.606103993751661256e-05
2.012361325980476770e-04 2.261140118291090869e-04 2.252895366911868711e-04 2.006611638021552524e-04 1.692612118315388054e-04 1.421717182490523474e-04 1.168907498505535443e-04 1.012037030938473707e-04 8.812025126668762199e-05 7.508173892783711256e-05 6.558189256386444703e-05 5.628204762680357739e-05 4.832081305392938375e-05 4.395568122794212061e-05 4.010018489929206349e-05 3.608609310475665828e-05 3.090941285211216207e-05 2.501779083672186837e-05 1.932219915970671714e-05 1.618099704296479575e-05
2.008703708950794530e-04 2.259584459695104873e-04 2.252317622795095055e-04 2.003610779095046956e-04 1.688112096600345529e-04 1.418043667213587510e-04 1.164800868394582278e-04 1.007254193123354455e-04 8.803859101323538081e-05 7.487429266959072613e-05 6.529658883619945150e-05 5.605391516953288188e-05 4.810107732073753956e-05 4.379935621768243177e-05 3.999281296750506151e-05 3.607065306921434676e-05 3.101008313202431154e-05 2.486549402753444033e-05 1.910647145490996913e-05 1.615522905257495227e-05
2.012070120316315368e-04 2.261447467653677590e-04 2.254021176313771404e-04 2.005492786003659831e-04 1.691179272934817878e-04 1.420625444371783740e-04 1.168308364774791382e-04 1.011089409422877852e-04 8.814747761366866147e-05 7.517366073836661492e-05 6.552026186683932547e-05 5.631279042385733318e-05 4.835715644231415209e-05 4.410117366594041004e-05 4.033066615050489705e-05 3.657514728534482391e-05 3.169405807966211083e-05 2.536216070037544671e-05 1.943588950020676682e-05 1.615296367035549624e-05
2.014389726958215577e-04 2.262302748067142300e-04 2.254823118491664110e-04 2.008105514747777055e-04 1.692587613660485066e-04 1.419720725617942218e-04 1.168190929240499456e-04 1.012347110136769987e-04 8.839385216912277533e-05 7.511988184091071530e-05 6.551467175736472358e-05 5.624332527294290189e-05 4.810511888505295333e-05 4.376650281048832125e-05 3.972902461145259753e-05 3.603044605243046426e-05 3.062031828105203521e-05 2.464751371336843392e-05 1.928572521122583840e-05 1.650364176530142476e-05
2.011778458529341919e-04 2.262425335669531867e-04 2.252623959211164746e-04 2.004909235549696695e-04 1.689612309200555355e-04 1.418352634241982666e-04 1.168925283098802776e-04 1.012694956431839887e-04 8.823229149988758751e-05 7.493829734204096962e-05 6.556946812415073928e-05 5.634780006229968269e-05 4.854390924827578464e-05 4.408863826867319332e-05 3.997161090722607240e-05 3.601555422269781171e-05 3.093767906015713659e-05 2.507801907880784860e-05 1.926259816633380334e-05 1.633040522929124188e-05
2.009318165602384028e-04 2.262145300150662861e-04 2.254513509124555267e-04 2.005064117179449553e-04 1.693852394847939803e-04 1.420847688499510752e-04 1.167291148958695519e-04 1.013207085537511662e-04 8.841759253954481880e-05 7.514695893772131827e-05 6.540567471265480747e-05 5.583440168528027423e-05 4.807364985432769055e-05 4.379698302838415651e-05 3.936863188936268621e-05 3.544908171486301087e-05 3.039183162920155952e-05 2.476122320422336945e-05 1.908710743538419947e-05 1.635437512507740689e-05
2.010103050853813303e-04 2.256463337273668685e-04 2.250274385150153006e-04 2.000670491240697283e-04 1.686696868961831968e-04 1.415286299144578115e-04 1.164179748729951352e-04 1.008254246629105606e-04 8.798677135354930580e-05 7.482012062472126284e-05 6.542370692875610716e-05 5.632044524379286715e-05 4.831880760821663062e-05 4.392278001810649235e-05 3.995579926950169777e-05 3.601514558462990908e-05 3.101456316195943337e-05 2.495150480401570224e-05 1.902525714221886267e-05 1.595650691586803367e-05
2.010040330903364219e-04 2.259651975194482891e-04 2.252491317516227794e-04 2.005531253237466220e-04 1.690061539766427978e-04 1.421542565793766633e-04 1.169077236419438769e-04 1.012354474337114350e-04 8.839757914435116990e-05 7.505040095922065415e-05 6.556077763992992349e-05 5.640054437489953719e-05 4.827263217336773239e-05 4.400991527398761421e-05 3.994001257159459045e-05 3.617064185193196330e-05 3.107008225923937677e-05 2.514258333712754840e-05 1.934790756466854171e-05 1.636554951864743017e-05
2.011655131177095116e-04 2.262242285738004521e-04 2.252875542577125747e-04 2.006901116505385371e-04 1.690665523141735330e-04 1.419095486298751043e-04 1.167665382780393694e-04 1.010898071365215126e-04 8.822162474327019973e-05 7.504468376373438904e-05 6.571794006003074879e-05 5.660522516674868794e-05 4.834473205190907146e-05 4.402214993501787861e-05 3.999182010399054689e-05 3.607323156437607775e-05 3.098251454348696957e-05 2.500710643235794540e-05 1.930475880520920843e-05 1.632017829051120287e-05
2.012011918899999567e-04 2.261115558329183516e-04 2.250304233969229416e-04 2.005580194683892622e-04 1.691125184747437049e-04 1.419932822845207442e-04 1.167290673987526759e-04 1.012233922115959541e-04 8.840139798616652035e-05 7.498200054122379867e-05 6.561158208866320546e-05 5.644105698408036789e-05 4.845970556395854772e-05 4.406813320368958668e-05 4.005341780264504446e-05 3.611099070936510890e-05 3.105236741025720699e-05 2.514392504421044761e-05 1.923233608424125245e-05 1.619981192398233338e-05
2.012222614227851449e-04 2.263327887155340058e-04 2.251179552491259681e-04 2.006492814154663519e-04 1.689771146887348327e-04 1.419709508834894856e-04 1.169782919585138332e-04 1.014045684172795741e-04 8.843849333240541317e-05 7.516659609847500215e-05 6.561366973911781253e-05 5.646966987460284745e-05 4.827481422340123895e-05 4.398306547763960214e-05 3.995286219363607973e-05 3.600068182620069074e-05 3.095857360825072548e-05 2.487587840855095316e-05 1.922880067165448883e-05 1.640258630764781744e-05
2.015197610039038475e-04 2.266375966522571339e-04 2.257311908710556527e-04 2.007105633408847042e-04 1.692061682186527720e-04 1.421534363390839027e-04 1.168216050353968767e-04 1.011216096366910467e-04 8.825557995936575710e-05 7.511424851886646888e-05 6.539381425956340981e-05 5.615983686921432344e-05 4.830840273232866572e-05 4.411353630023909066e-05 3.994053659892346481e-05 3.614181774488706893e-05 3.105511263417237467e-05 2.506626612787508126e-05 1.956071812721426204e-05 1.638042117232314481e-05
2.006940750452527132e-04 2.261787008975476307e-04 2.252288207744435067e-04 2.002047576224971781e-04 1.690428334825262138e-04 1.418243308193314857e-04 1.165801007069374302e-04 1.008782778310736097e-04 8.792016878250580596e-05 7.481138140364161941e-05 6.552353497392365649e-05 5.636594077107660731e-05 4.816059434875833968e-05 4.369194455388314641e-05 3.973555685876890636e-05 3.590454645528888349e-05 3.074760855184597539e-05 2.484457185259342712e-05 1.901773575525550605e-05 1.588856706631904976e-05
2.012548698640326055e-04 2.262452513479463350e-04 2.255198242183920304e-04 2.007224926645969645e-04 1.690873399802115748e-04 1.420568417864563463e-04 1.166998521139931783e-04 1.012308735262367821e-04 8.820146413544866653e-05 7.491452012891179125e-05 6.534786156440865255e-05 5.631096482619541999e-05 4.828093700810779434e-05 4.402072407904996900e-05 4.008332203527534076e-05 3.618128942926091750e-05 3.108445849698461701e-05 2.510752038721077918e-05 1.932937788962547254e-05 1.624928333858510063e-05
2.012533421662235562e-04 2.262975267260255400e-04 2.254700435448620194e-04 2.005715972832339679e-04 1.692240440265577542e-04 1.421196919627719520e-04 1.169135716491025628e-04 1.011182548899578035e-04 8.808671100636638251e-05 7.487965913465320221e-05 6.542466623993536132e-05 5.649150244149894068e-05 4.848466050907974131e-05 4.411614189853457806e-05 4.012305261335050009e-05 3.621771812520900634e-05 3.112095540584424174e-05 2.493128580941654130e-05 1.916909601846158610e-05 1.598622945493397818e-05
2.015936070977632211e-04 2.264122002464589003e-04 2.256243060119743392e-04 2.007003866276770574e-04 1.690556663464532080e-04 1.417663970826177745e-04 1.165431986747457888e-04 1.009661454807070255e-04 8.820485409370636110e-05 7.504146653272259859e-05 6.563404802663236933e-05 5.634817739453189462e-05 4.822433523867633484e-05 4.376717076514931130e-05 3.990120598665416226e-05 3.611843393747800042e-05 3.089907427368524168e-05 2.487978117960868785e-05 1.938106107688918858e-05 1.629632129698118889e-05
2.015092898714688672e-04 2.262784491083357299e-04 2.254146430985553456e-04 2.007767416775868086e-04 1.692218169718252580e-04 1.421498649153606292e-04 1.171512604352409901e-04 1.014605378594623391e-04 8.834917030263785421e-05 7.525225365124763347e-05 6.564509774940915205e-05 5.642263962715536179e-05 4.840952512742189673e-05 4.395906469181428046e-05 3.995653655189476699e-05 3.636078121348342669e-05 3.110679243174485306e-05 2.496789831502037557e-05 1.897483889777509355e-05 1.595341912448426560e-05
2.010321827149274664e-04 2.256778009420499619e-04 2.249479874972566001e-04 2.004329479227829464e-04 1.688836555310862977e-04 1.417837281981313867e-04 1.166655938019442560e-04 1.010079671037156631e-04 8.799253999530501596e-05 7.481920862290266131e-05 6.537022099070207576e-05 5.624476592050399373e-05 4.828048017146066969e-05 4.389449227065208127e-05 3.983793723781630563e-05 3.606954300218992757e-05 3.103408500447152134e-05 2.506778586077941759e-05 1.925365994559359207e-05 1.639177230037619721e-05
2.011701369656680282e-04 2.263411461486614443e-04 2.253483637878119384e-04 2.007726440648819070e-04 1.691676620660822572e-04 1.420777777281368576e-04 1.167664624606121903e-04 1.012501789756531129e-04 8.850512081721314769e-05 7.522645736721418467e-05 6.556099869460878477e-05 5.640008462156798113e-05 4.832563183181802144e-05 4.406831885650630142e-05 3.985443370845856653e-05 3.588983256664818647e-05 3.084376269977105208e-05 2.488475978139407770e-05 1.915173850746699550e-05 1.598902844163304688e-05
2.008309115331967018e-04 2.259090874416209418e-04 2.252312594733647225e-04 2.004376557833796450e-04 1.688810377200243270e-04 1.416655007080631120e-04 1.164566005987109398e-04 1.009389120744201822e-04 8.796164781906920158e-05 7.491151001800896059e-05 6.555734265667765908e-05 5.623670750514489877e-05 4.787405917789019103e-05 4.356582016567472855e-05 3.963183405599154962e-05 3.613519331353518151e-05 3.109090307512551944e-05 2.507575055089915776e-05 1.935995672848812209e-05 1.670464313177711375e-05
2.008587533978712909e-04 2.258333848060364998e-04 2.252072395933291994e-04 2.005777734109482279e-04 1.690004246684229734e-04 1.418462220208079039e-04 1.167880479713048194e-04 1.012671272816032171e-04 8.852792976021262841e-05 7.533988816448891331e-05 6.556237991792966951e-05 5.616177442008653611e-05 4.821192737107750294e-05 4.386408160508724943e-05 3.991459217705002887e-05 3.609724156637500686e-05 3.092828749067910965e-05 2.495579313349820315e-05 1.923837399249130452e-05 1.623094097309045060e-05
2.016782205164063802e-04 2.265522735838322468e-04 2.255999487740699080e-04 2.008270321802453054e-04 1.691382532649572841e-04 1.420315623617239022e-04 1.170235660675317778e-04 1.015403775875304768e-04 8.856702350531716651e-05 7.538886639046584381e-05 6.574845038182500949e-05 5.633413104724694016e-05 4.826196034885141072e-05 4.394720889692425869e-05 3.980271112290589114e-05 3.611270469939333760e-05 3.137434348373441728e-05 2.533311449626696258e-05 1.954845294454120460e-05 1.636501000599180336e-05
2.014313162493419163e-04 2.263929560852170019e-04 2.253752978197747176e-04 2.003890510302067617e-04 1.687795384685404588e-04 1.417534321644428185e-04 1.166260447290590164e-04 1.009400885961904350e-04 8.808003368360783404e-05 7.494360702393136858e-05 6.554057267819039096e-05 5.640266590463430355e-05 4.829775500313587914e-05 4.400478195024391586e-05 4.000939762987527719e-05 3.605160369073938370e-05 3.090845796441404089e-05 2.490951540773383101e-05 1.929073922197771117e-05 1.623325624356874436e-05
2.011573731583839522e-04 2.264065580732961395e-04 2.254766526244468962e-04 2.007906604334088146e-04 1.691133754805140908e-04 1.419965787488904193e-04 1.168064938677507782e-04 1.012658023357675271e-04 8.836432663712457086e-05 7.521007681663429117e-05 6.568639102565656412e-05 5.638581884960270360e-05 4.829079161086698570e-05 4.414488220341601486e-05 4.008234241356236840e-05 3.611183459291782681e-05 3.124635808336586831e-05 2.518831212076117241e-05 1.922104217719658816e-05 1.601485493093111236e-05
2.010224873331883987e-04 2.261797163402372811e-04 2.253911088853423903e-04 2.004063008908004806e-04 1.691238205125164377e-04 1.418887879866539894e-04 1.167512313197779423e-04 1.011858660291380249e-04 8.827397013925063099e-05 7.525537254650301608e-05 6.580419717347560805e-05 5.651722145499601843e-05 4.843872724408493222e-05 4.417861012156277861e-05 3.999477630963279868e-05 3.585952986457561332e-05 3.075867749176581915e-05 2.468248285555857139e-05 1.901276684264693168e-05 1.613726994863851069e-05
2.009246019421310440e-04 2.265456156033738395e-04 2.255142357536073466e-04 2.006720799788464004e-04 1.691172155853587695e-04 1.418792047273618822e-04 1.168163677101670850e-04 1.012988382941030976e-04 8.818086979259390581e-05 7.480624035931048672e-05 6.539139595402454356e-05 5.645877459628183108e-05 4.843873752469958933e-05 4.407764801835247067e-05 3.982174641791880328e-05 3.603390753540574464e-05 3.106079377184947616e-05 2.517502221808788927e-05 1.942175578725148402e-05 1.614692295888244824e-05
2.013751877688069072e-04 2.257981849434264948e-04 2.252205625992255227e-04 2.006912037207828309e-04 1.691497488029840583e-04 1.419782903592544505e-04 1.168591506111729206e-04 1.010652738751917536e-04 8.809770318560484440e-05 7.494982388979012163e-05 6.562676319797695521e-05 5.632393556093917385e-05 4.827370441600314493e-05 4.404882353600180568e-05 4.010951782823390406e-05 3.621414548983222046e-05 3.094157172611079071e-05 2.495615329907905795e-05 1.930537324041426198e-05 1.627484374509817640e-05
2.006698800110791434e-04 2.256192993647391707e-04 2.250672404863264552e-04 2.002570526107574022e-04 1.686180359164965740e-04 1.416093570411033399e-04 1.163326126788922902e-04 1.008379068066482819e-04 8.788790137364088195e-05 7.477939698886430461e-05 6.531357109685190026e-05 5.620836706856044440e-05 4.809129147941346551e-05 4.386564146943415114e-05 3.991748285651805880e-05 3.613755300512682870e-05 3.109027047210287376e-05 2.512968541223565828e-05 1.920271729046430260e-05 1.600909724727634834e-05
2.009939773700109109e-04 2.255702650815676416e-04 2.245420974684425434e-04 2.000645041321554149e-04 1.686671010859017508e-04 1.414906344862404321e-04 1.164927156177865950e-04 1.010582846225149627e-04 8.823627745004449310e-05 7.514970181298662654e-05 6.569917447407045428e-05 5.673584609813859148e-05 4.855469656031287081e-05 4.391972305937541233e-05 4.000499382602935064e-05 3.609962722427777302e-05 3.113246412303825292e-05 2.492253382971985226e-05 1.910705987843457611e-05 1.621801938718935983e-05
2.012439192121836759e-04 2.259367476628344079e-04 2.253899169672113562e-04 2.005234239466981724e-04 1.690272198561919878e-04 1.417118281693121391e-04 1.166628661091492596e-04 1.010774831187870223e-04 8.824872228451255407e-05 7.495271018137687822e-05 6.540880409850344745e-05 5.622584229070957593e-05 4.815224016254354120e-05 4.373312125618546782e-05 3.997039045376251450e-05 3.636121856677654784e-05 3.112104433713924805e-05 2.510794897786851104e-05 1.926755354569508404e-05 1.637682319127250618e-05
2.008662131415289600e-04 2.262459086318837091e-04 2.254093618035439485e-04 2.005912744794019259e-04 1.691467874617339591e-04 1.421874036383456740e-04 1.171107702449921182e-04 1.014042479504838687e-04 8.809589272771681267e-05 7.485263178304435861e-05 6.519567824621772217e-05 5.625361291001357967e-05 4.839293188100043236e-05 4.408828888443304655e-05 3.987958172594945007e-05 3.606047734543508783e-05 3.100569097725450467e-05 2.495857519474177535e-05 1.918715778999920745e-05 1.611699974512091675e-05
2.011876533934294463e-04 2.259852850637549893e-04 2.251366921702246677e-04 2.005685626850096514e-04 1.688936781496338710e-04 1.416633793153893354e-04 1.165862751740765027e-04 1.010111085192006098e-04 8.837329111673331548e-05 7.527256381977360459e-05 6.562113825443192429e-05 5.643816542463829972e-05 4.841157319985865914e-05 4.409673152510128978e-05 4.021425871279315725e-05 3.631842525795982797e-05 3.115352203164498758e-05 2.516734642584785855e-05 1.930111271894763709e-05 1.622134948180720148e-05
