# gt (sum of gt from all patches except for one, different each time)
6.849092576772533797e-04 7.873308539410690463e-04 7.936160801952430507e-04 7.243719432493402012e-04 6.174672152505886365e-04 5.132566177316331187e-04 4.214058339952173634e-04 3.496799508539252029e-04 2.875775374153852659e-04 2.412999230235497857e-04 2.061608712843971335e-04 1.788256731588256071e-04 1.611198218432989679e-04 1.422484281324276059e-04 1.233967486356490602e-04 1.082814277366616712e-04 9.330454811236339838e-05 7.714907501281337363e-05 6.118552435486510164e-05 4.749314825028547518e-05
6.851899777118719689e-04 7.881903037722289701e-04 7.936659670651858905e-04 7.254503186493264227e-04 6.188423405745116079e-04 5.142087037713053864e-04 4.218215151231236395e-04 3.503621195869547093e-04 2.879553466439586581e-04 2.412924327136885499e-04 2.064794684465837691e-04 1.791314968029088055e-04 1.614455782047033243e-04 1.426758277047639255e-04 1.239088486888191662e-04 1.086780987380820605e-04 9.368951253672441000e-05 7.788569611434076182e-05 6.178116486116779144e-05 4.735656454540726734e-05
6.852693355621314276e-04 7.880009528533894704e-04 7.938337155501327914e-04 7.254674121417830886e-04 6.187490975016326708e-04 5.141486118318212882e-04 4.222215242836822998e-04 3.504714983006778327e-04 2.884753718890788903e-04 2.418801043329667807e-04 2.065365109047005471e-04 1.792578332343731766e-04 1.616683131703732987e-04 1.428689562412886955e-04 1.239846306021249859e-04 1.087245863644939448e-04 9.365216053874882954e-05 7.758432363966425685e-05 6.149137976777161699e-05 4.721169396589824777e-05
6.842503515468942050e-04 7.870752357408785684e-04 7.927970219655970175e-04 7.240965677655875022e-04 6.172389429204609918e-04 5.125833072552635986e-04 4.205942411390790198e-04 3.487889388473900711e-04 2.872078328758869000e-04 2.409516689272661626e-04 2.057110516744557261e-04 1.786670683068163957e-04 1.610172724909005103e-04 1.423822629001715828e-04 1.233835326766362741e-04 1.084626283308691387e-04 9.335933069660884843e-05 7.767389775604482418e-05 6.138835194403392294e-05 4.645610253025098970e-05
6.846876547385537509e-04 7.885918197295742034e-04 7.941537479604091282e-04 7.250748214914923750e-04 6.179734916279511995e-04 5.133337438141140742e-04 4.211961507018520770e-04 3.494310798604691312e-04 2.877562494320137949e-04 2.417280900061766387e-04 2.069279445767900551e-04 1.793565941566277152e-04 1.612617129250256277e-04 1.424634940285427463e-04 1.234637775766860165e-04 1.084911543497241523e-04 9.354179989788828707e-05 7.735150715599430939e-05 6.111393833104213449e-05 4.667907173581779812e-05
6.848829149214094060e-04 7.882785198342319791e-04 7.937627953745134786e-04 7.253879756529187789e-04 6.187458882436627306e-04 5.143484176972250906e-04 4.222375317752634209e-04 3.504272849328863649e-04 2.882399399382651090e-04 2.418836015913707418e-04 2.066996576197764179e-04 1.793437442193321775e-04 1.617304053759242735e-04 1.426616935623701958e-04 1.239544500208110205e-04 1.086772284355064894e-04 9.373743725778110381e-05 7.802761609214860109e-05 6.208622048437915529e-05 4.753511265083952135e-05
6.847060741959437547e-04 7.878666646926332047e-04 7.930475017952281569e-04 7.249003955040112706e-04 6.180056774200882617e-04 5.135289008760473379e-04 4.217717514745457147e-04 3.501965084903241126e-04 2.880213251008016521e-04 2.415267024112866239e-04 2.064156728089018480e-04 1.793449838546677753e-04 1.617674922497351121e-04 1.425975526627367318e-04 1.240215347700133032e-04 1.087042438944124461e-04 9.312064728135716486e-05 7.697112364611192299e-05 6.042580120877856747e-05 4.617139996458988568e-05
6.853385211949855702e-04 7.882413038263545550e-04 7.934368703339679920e-04 7.246536075459558343e-04 6.176217305555439579e-04 5.133156292895961004e-04 4.216287921345959907e-04 3.502803049031170913e-04 2.883182541880237922e-04 2.418066557558964241e-04 2.064405840413948182e-04 1.792132698190182906e-04 1.613136486563848497e-04 1.425535048497582054e-04 1.235421454066112890e-04 1.085098338410698550e-04 9.336164791754721288e-05 7.718955980879766137e-05 6.120302462031635489e-05 4.669852839051555175e-05
6.844247873025399937e-04 7.879201383052703445e-04 7.929818535843525086e-04 7.238951559821654507e-04 6.174956191375149343e-04 5.131779576375741347e-04 4.207552579385877853e-04 3.491488088762802720e-04 2.875287529008878503e-04 2.414232979542958886e-04 2.059145648137682323e-04 1.787534739760889555e-04 1.613447921719875179e-04 1.425268686322017544e-04 1.234322677599616164e-04 1.082500797322171550e-04 9.311896839334742992e-05 7.680956723111048701e-05 6.034797641314271194e-05 4.563006284752375012e-05
6.846982686494699349e-04 7.872054622458955547e-04 7.923596156589391608e-04 7.239567075417982544e-04 6.169419070824983886e-04 5.125257745117688503e-04 4.207811481305553567e-04 3.495925963526443189e-04 2.876659703823868488e-04 2.413164684569657557e-04 2.068659834771879858e-04 1.795064428543619993e-04 1.616785106028268987e-04 1.432558011031565860e-04 1.243696934316796863e-04 1.089301579112546584e-04 9.397742640427095360e-05 7.766222984641349772e-05 6.151053274669991688e-05 4.721999399619359195e-05
6.845100753222513020e-04 7.875548600224568842e-04 7.928736291929288065e-04 7.242595908987745643e-04 6.175518603637843770e-04 5.135221451336241744e-04 4.217048531162984298e-04 3.500861838543211941e-04 2.880790635281386459e-04 2.416154329697009549e-04 2.062342476675671098e-04 1.788257727545690704e-04 1.613486384154778051e-04 1.424848225884391096e-04 1.234557734921098700e-04 1.081158451643446415e-04 9.319349560499527588e-05 7.745037395245607645e-05 6.107766012742143319e-05 4.681088627571822766e-05
6.852446045578713214e-04 7.871449769604988659e-04 7.932098405666027736e-04 7.247671823476056242e-04 6.180637551186278587e-04 5.134193506956826565e-04 4.213075810384100364e-04 3.496819125537340908e-04 2.874498772108740404e-04 2.413488323604196103e-04 2.068115279896840875e-04 1.791132316433118228e-04 1.613590101813061812e-04 1.423008635593476362e-04 1.236502431367184377e-04 1.085930416532903769e-04 9.334525911499274914e-05 7.730064131322386158e-05 6.126641693135905875e-05 4.706447239738125154e-05
6.837708755728327641e-04 7.876930045917991717e-04 7.922913005300894016e-04 7.244852499569032385e-04 6.178462644247847144e-04 5.135379887259426982e-04 4.211608401063219242e-04 3.494498458621340194e-04 2.875207439468649255e-04 2.413593414026831872e-04 2.063046863092034332e-04 1.789410388659099817e-04 1.615757749609562303e-04 1.427542843088845496e-04 1.240893324123646670e-04 1.086982500657946045e-04 9.348420217947040541e-05 7.763575028149963253e-05 6.146419852757295467e-05 4.695079337228078421e-05
6.850424428219425987e-04 7.883107341149441470e-04 7.936623536860391067e-04 7.249615458793194894e-04 6.183322593314136313e-04 5.145674510380795607e-04 4.223332352702573200e-04 3.500782617735005860e-04 2.883443715279085384e-04 2.415410622287336240e-04 2.063369208154371625e-04 1.793432227091266604e-04 1.615449428446441929e-04 1.426741425029772153e-04 1.238152645304368006e-04 1.085450360302726359e-04 9.321146989296150848e-05 7.715174900547090719e-05 6.088207891883475541e-05 4.634602503113468294e-05
6.855994249067498200e-04 7.887963100896154718e-04 7.939933784633900751e-04 7.252598970670861038e-04 6.181501413163012536e-04 5.137219291872393819e-04 4.217785618988001525e-04 3.500253126263135192e-04 2.882221137722722898e-04 2.418565907395972233e-04 2.070930462135849243e-04 1.797287731344443616e-04 1.620670846033169248e-04 1.434582044899831955e-04 1.243182992537969522e-04 1.090336489745359193e-04 9.410200834934315012e-05 7.797265439397907329e-05 6.183529902588603630e-05 4.746664083771445314e-05
6.847134905139955121e-04 7.880495584008215433e-04 7.935025171155188827e-04 7.249441735060856281e-04 6.181204832551917203e-04 5.133379007722068191e-04 4.212652984002898150e-04 3.496511312679652784e-04 2.878385190465264669e-04 2.415048019443273206e-04 2.066035253566162020e-04 1.792097187456897806e-04 1.614947120832277330e-04 1.424666570397062804e-04 1.235810276488217305e-04 1.080159511355270976e-04 9.320423910662243845e-05 7.712882607066912804e-05 6.109688690497143350e-05 4.669212413023941197e-05
6.839286267392932642e-04 7.872369142791753403e-04 7.926913273268237307e-04 7.235715322754396545e-04 6.170463552535067342e-04 5.130405788789476869e-04 4.211224198922608377e-04 3.494957565542564310e-04 2.876820994665148191e-04 2.411963783888622891e-04 2.058690734086870240e-04 1.784443965655338167e-04 1.606151906014250438e-04 1.415938699952488001e-04 1.229593595422830035e-04 1.072851120548748736e-04 9.209675643267834302e-05 7.600464593342390817e-05 6.022068427161016813e-05 4.649626437838360937e-05
6.850824915579359006e-04 7.887726904636696134e-04 7.943939862160360370e-04 7.258209318068089720e-04 6.186536067852079499e-04 5.142126086694158698e-04 4.220098043503522109e-04 3.497740553323229408e-04 2.876386135774266595e-04 2.414501496734939635e-04 2.062001398038944516e-04 1.787661417169123098e-04 1.608751684605289674e-04 1.419181254304301674e-04 1.231040832761415087e-04 1.078152264361997435e-04 9.269953716672282005e-05 7.714198196080067566e-05 6.107832640069136036e-05 4.699150718903567482e-05
6.846952054105618539e-04 7.881647200492007633e-04 7.933335684324038101e-04 7.249311709709503442e-04 6.180318239893397647e-04 5.140278549001506877e-04 4.217680242247726237e-04 3.498592890543039831e-04 2.879190935720368164e-04 2.416572068137078902e-04 2.068780905418353075e-04 1.799874674076650048e-04 1.620534986040801987e-04 1.432561327246891750e-04 1.239048513866892966e-04 1.084867743214355069e-04 9.358233984320765177e-05 7.757788791610813087e-05 6.148619568880087105e-05 4.705768539199744327e-05
6.843254109808683200e-04 7.878983672781350806e-04 7.933646166801662037e-04 7.249975469708693247e-04 6.180174595246008817e-04 5.133433654297721435e-04 4.218404207340393911e-04 3.502937130523795135e-04 2.883401695008208708e-04 2.417578507712969682e-04 2.064537455598271427e-04 1.789157121293746789e-04 1.612827665191074694e-04 1.425322008390811075e-04 1.236390469939451528e-04 1.086099076676239940e-04 9.365188761947340710e-05 7.772355208737755160e-05 6.144960418192676598e-05 4.693694869044301573e-05
6.851372818450885511e-04 7.876443323090903973e-04 7.929486382689750245e-04 7.243946290106162205e-04 6.174080610569472128e-04 5.130909034498788279e-04 4.212271311696186619e-04 3.497395753034523991e-04 2.880019838476688301e-04 2.413896043820229736e-04 2.065895545741893021e-04 1.791019350740330745e-04 1.612895790304533662e-04 1.422161825807606453e-04 1.234755694996388326e-04 1.082662018214437089e-04 9.303017146120166382e-05 7.667827170995238908e-05 6.019856372157264502e-05 4.632457478107890553e-05
6.848011565474363283e-04 7.882344700863882885e-04 7.933061493588884541e-04 7.252242464765631252e-04 6.180813468683985130e-04 5.142140812905334748e-04 4.220616486671482036e-04 3.506759844332233604e-04 2.886486848418104499e-04 2.420727016511107165e-04 2.067249156245115757e-04 1.793036755971102254e-04 1.614167470719351583e-04 1.423008674901499074e-04 1.229400059077118590e-04 1.077852540184238208e-04 9.267540013749802187e-05 7.644564468138820637e-05 6.032680499818480856e-05 4.615486688274459613e-05
6.857534219769553232e-04 7.877038738006031122e-04 7.923827787654142470e-04 7.241515386820562361e-04 6.171889229615539320e-04 5.123389213601759655e-04 4.205940720149805049e-04 3.493282733475660856e-04 2.875767796170665956e-04 2.411002077289693668e-04 2.062149130467347909e-04 1.785693987780069580e-04 1.611211532754170620e-04 1.426079950121227156e-04 1.237412166769677566e-04 1.082115898581572435e-04 9.277243770123425113e-05 7.673110377282268599e-05 6.039585421173148723e-05 4.644944646130472963e-05
6.848680830643930810e-04 7.876947410186404619e-04 7.934646028944055329e-04 7.248025699036190648e-04 6.180104056592463204e-04 5.133177021917554846e-04 4.212989509246596706e-04 3.493718800709450065e-04 2.880699289758219500e-04 2.419203009068695317e-04 2.068568137340070427e-04 1.792355398855655080e-04 1.616159927245150495e-04 1.424923929983633753e-04 1.235363968328092525e-04 1.083888819190590553e-04 9.353978314191679444e-05 7.741435198275995627e-05 6.131971751288276765e-05 4.697631033091904885e-05
6.846380769977482381e-04 7.875948410917217373e-04 7.926517889881434928e-04 7.245546287655259482e-04 6.175914585311311584e-04 5.129845895449706419e-04 4.210945494900290571e-04 3.492825469202719504e-04 2.872947584783855173e-04 2.409736015603127239e-04 2.055993159085504798e-04 1.785152930803222395e-04 1.613739564230706259e-04 1.423009239913218397e-04 1.234601064048139018e-04 1.087671129245048815e-04 9.367365985905676815e-05 7.730713855458635304e-05 6.166166244061583495e-05 4.734155663844806229e-05
6.841637435413414547e-04 7.878180507962644638e-04 7.925068055880547108e-04 7.240734043211090277e-04 6.174768253850665498e-04 5.131583911316310934e-04 4.210267696988888981e-04 3.494155663755545301e-04 2.878435557220798734e-04 2.415073582180231326e-04 2.065306955781102906e-04 1.791019401189705782e-04 1.614489830426604744e-04 1.425878937088035584e-04 1.235905606617402610e-04 1.083063276539380961e-04 9.292912638486033156e-05 7.647681645421957122e-05 6.065917709225721651e-05 4.651345912056432068e-05
6.845997125231527121e-04 7.878765195503071445e-04 7.932081552422975317e-04 7.243445047351060621e-04 6.173843562302871405e-04 5.129514757924769118e-04 4.211176019793756221e-04 3.497192121903548766e-04 2.880381403159908236e-04 2.417207854781023570e-04 2.066961430854206559e-04 1.793011863023649297e-04 1.608307812322119681e-04 1.419010909489605977e-04 1.232549509914863744e-04 1.081483463892888159e-04 9.333068409047467259e-05 7.765116799001857591e-05 6.185562345996961468e-05 4.710266530644415678e-05
6.850087398672102205e-04 7.878918046473524193e-04 7.935603852089574087e-04 7.244612210680691526e-04 6.175383248581491112e-04 5.124962557866738315e-04 4.210385121554059110e-04 3.496349688617922066e-04 2.877861381028137431e-04 2.412889526155942476e-04 2.063742138929298433e-04 1.795340198818273238e-04 1.612666672735108572e-04 1.427186649763020887e-04 1.230280028160765161e-04 1.078110777741502808e-04 9.261637228599513153e-05 7.679650682819093527e-05 6.092916045744603505e-05 4.679731510389325411e-05
6.845884602911678912e-04 7.876795149193544475e-04 7.936494244464490201e-04 7.243700354230576130e-04 6.179527818096861719e-04 5.137426629916607866e-04 4.215439238690566956e-04 3.498774411639295093e-04 2.883730010956770144e-04 2.418605292436910186e-04 2.066858002022819497e-04 1.791984575213571591e-04 1.615080331165853332e-04 1.424445023226428254e-04 1.231582272753869891e-04 1.080513720444417354e-04 9.314750023142409434e-05 7.768890237630721391e-05 6.192373635621800838e-05 4.758284713856720041e-05
6.841058730774975160e-04 7.881803610585355873e-04 7.937363404645585282e-04 7.246174333851601070e-04 6.176595486091479136e-04 5.138378888696985012e-04 4.218521362641878257e-04 3.498324866314360014e-04 2.878653025542085705e-04 2.418438829884449973e-04 2.071007700749328227e-04 1.797078838376015280e-04 1.619881115365450906e-04 1.430310678418549974e-04 1.240305490816320940e-04 1.088126935771687755e-04 9.332796977125983290e-05 7.758976665668149023e-05 6.174273522347801168e-05 4.726847595442199484e-05
6.845896427469634962e-04 7.882498022368567871e-04 7.935726443223919740e-04 7.250814338492176520e-04 6.187204661598154050e-04 5.142050727018118023e-04 4.221835114195204137e-04 3.505749140941398804e-04 2.882501192911110467e-04 2.418664117496530412e-04 2.069635151309370423e-04 1.796316374738534641e-04 1.618999302696150461e-04 1.429885969151959628e-04 1.237084177681124103e-04 1.084012518396643918e-04 9.340610616930855364e-05 7.696443233668141934e-05 6.078943701996756063e-05 4.654687570238155784e-05
6.854325856532300469e-04 7.877335788275232264e-04 7.938869581081230533e-04 7.257426691972504885e-04 6.186211795851265802e-04 5.137586676316345568e-04 4.218312333797704316e-04 3.501334082271242271e-04 2.876784707008325651e-04 2.411534050507989455e-04 2.061931074341835884e-04 1.787911586352777143e-04 1.610804744702194302e-04 1.421978181739079038e-04 1.229758130068803993e-04 1.078945767457747354e-04 9.327782323594876546e-05 7.739706951995561977e-05 6.127162355156131354e-05 4.728590155601754969e-05
6.843322980658438776e-04 7.866795078459182938e-04 7.923870867259025837e-04 7.239788791954687198e-04 6.170995058343562486e-04 5.127684529588064566e-04 4.207862334651663950e-04 3.495951515351082626e-04 2.876723326517029427e-04 2.408808507121979901e-04 2.059425627165262901e-04 1.793183096318453707e-04 1.613654469074060583e-04 1.425385533288214249e-04 1.236764034485161043e-04 1.087498128480117037e-04 9.343226499130238870e-05 7.751967766065969790e-05 6.094176803232714015e-05 4.680887023194247253e-05
6.855033835610930019e-04 7.887506264522182878e-04 7.938385406698364281e-04 7.251277138766604744e-04 6.183214521428753501e-04 5.140197736728984237e-04 4.219020041288031888e-04 3.500726088129852602e-04 2.880237851582752458e-04 2.414631609435855008e-04 2.064430534865104429e-04 1.791865200480647670e-04 1.617929106031346564e-04 1.427957684065765990e-04 1.236803173807085013e-04 1.084057714347606111e-04 9.322636454480196996e-05 7.704639783088912939e-05 6.088989683037271411e-05 4.665205578507500490e-05
6.846424763104219397e-04 7.871956420144745432e-04 7.922580597367929892e-04 7.240528019400568806e-04 6.172495976568497357e-04 5.132897427499377241e-04 4.211862040171179670e-04 3.493423248725029671e-04 2.865635044673444580e-04 2.407127459162390897e-04 2.063731054923291573e-04 1.793873013358183673e-04 1.613972967490734476e-04 1.424595927373930487e-04 1.236312550643755680e-04 1.087661242371300866e-04 9.365407360556915776e-05 7.788391133915489731e-05 6.174349907225117171e-05 4.713882901959480894e-05
6.850311400037451502e-04 7.887213904880648833e-04 7.947487470914581026e-04 7.256898207752560939e-04 6.184966195524364352e-04 5.138790983777830968e-04 4.217098648276014971e-04 3.498850258293769149e-04 2.879235044015325735e-04 2.416754151743206829e-04 2.067459923773764684e-04 1.794518094858440918e-04 1.617902908642863860e-04 1.434384642824250780e-04 1.241290104618752933e-04 1.087525763476230337e-04 9.357854723143112642e-05 7.704188744996625260e-05 6.112517838910538947e-05 4.691420358846894412e-05
6.843083453132672465e-04 7.873788840913904102e-04 7.926525173746339385e-04 7.235156720086541142e-04 6.172274480398785585e-04 5.125045688330567189e-04 4.201838249278622649e-04 3.487140311580554336e-04 2.869960164251189431e-04 2.410254285051669952e-04 2.062076635468535846e-04 1.789133803017776178e-04 1.613774411106610562e-04 1.423877215771686259e-04 1.236345155739170985e-04 1.083016671531750224e-04 9.378491631549217412e-05 7.816133478534672890e-05 6.196642341147472774e-05 4.707791692732042453e-05
6.846307242061700589e-04 7.876579060078898976e-04 7.935692704217412515e-04 7.248169664033170517e-04 6.182780029566375306e-04 5.140874358990354942e-04 4.219970260992327114e-04 3.500315545884111071e-04 2.880002463261167379e-04 2.417833183096468146e-04 2.066055841722471201e-04 1.792139620566480845e-04 1.616372003393427826e-04 1.428897401758052435e-04 1.238200541794767318e-04 1.084230077198735704e-04 9.331181789554663373e-05 7.716046737265651312e-05 6.123494576000274654e-05 4.719937278736340382e-05
6.842323176127389564e-04 7.878914997903754087e-04 7.928259674335726365e-04 7.243898045367293172e-04 6.170550715386291128e-04 5.128249688989502692e-04 4.210698341542331441e-04 3.497518648607064132e-04 2.875862982089100878e-04 2.410134307795160536e-04 2.059389154852659027e-04 1.786801391050829384e-04 1.609975055888713234e-04 1.424193802140083552e-04 1.236084464945738030e-04 1.086093890489319352e-04 9.390755461306624118e-05 7.762180960529931290e-05 6.121320443925411161e-05 4.685268490405226682e-05
6.856602460108892228e-04 7.890723099370170607e-04 7.941278300133973629e-04 7.255525556838219496e-04 6.186213227195278301e-04 5.138528833675040089e-04 4.218894056701410328e-04 3.502331215604715742e-04 2.884055598061255419e-04 2.420407630718551134e-04 2.072179104566741553e-04 1.796099745051845092e-04 1.617210513773502422e-04 1.428899461870662723e-04 1.237056633489310646e-04 1.086306183006307825e-04 9.349957289513512008e-05 7.759164054011839253e-05 6.172188175390840091e-05 4.742133641674587291e-05
6.844591258640027060e-04 7.880061431904492476e-04 7.936529854724772189e-04 7.249319770993396458e-04 6.184038155320337312e-04 5.139179472955223175e-04 4.216358167508357574e-04 3.499102644664402726e-04 2.877220683139243085e-04 2.416912691296752653e-04 2.069949939868474516e-04 1.795187999472564236e-04 1.617890653247039715e-04 1.427672916597374283e-04 1.240562200116679479e-04 1.088637264154568572e-04 9.365562447112870780e-05 7.729767793601642211e-05 6.118738382741360066e-05 4.696327389686561426e-05
6.844287667764566195e-04 7.880219160782940286e-04 7.930439206311007622e-04 7.243943532610462328e-04 6.178701853642187304e-04 5.135129185138117072e-04 4.217917372641426135e-04 3.496689231991627063e-04 2.877094732943828856e-04 2.411113057843044421e-04 2.064493772245487590e-04 1.790292877304612389e-04 1.614059201161640775e-04 1.422330311414968164e-04 1.232361384857328203e-04 1.079931178538189832e-04 9.292821276365068029e-05 7.685314209045183563e-05 6.105656607880075699e-05 4.642968210369525513e-05
6.847336801752383758e-04 7.878789004789833652e-04 7.936600837484134377e-04 7.248816897925993699e-04 6.178758800251632445e-04 5.138604859104398039e-04 4.218727727270393671e-04 3.497621073160120777e-04 2.874141808261035987e-04 2.411093737963883310e-04 2.063783511953177087e-04 1.790921253862199063e-04 1.611123275197265479e-04 1.419187909316460159e-04 1.229180224102587797e-04 1.077998556513756019e-04 9.320253425647440765e-05 7.756821550246245981e-05 6.159236286117554407e-05 4.706455909309744323e-05
6.856362911373796052e-04 7.884369678123598736e-04 7.939910047846559290e-04 7.253442783815733808e-04 6.184283485158809449e-04 5.137805086059545837e-04 4.216787347026476618e-04 3.503208655503984377e-04 2.880264283779502828e-04 2.415312134164687577e-04 2.066234046950981965e-04 1.795838766801400004e-04 1.615422737741769189e-04 1.427256408391546503e-04 1.235882976322801193e-04 1.083528593703567724e-04 9.328329157523965502e-05 7.732181286143355943e-05 6.115735889932614924e-05 4.677468358701441001e-05
6.852616806285549787e-04 7.887076409820259568e-04 7.937455751774127486e-04 7.251938897707827219e-04 6.183164017441119837e-04 5.135959889793321759e-04 4.217983503221809077e-04 3.496880532045219142e-04 2.878961841053124257e-04 2.418016497032980086e-04 2.065008862926283773e-04 1.792135867553723235e-04 1.612825581706278330e-04 1.421631914268254280e-04 1.233476323401377678e-04 1.085892631003643167e-04 9.352996638738526782e-05 7.763411818765960585e-05 6.147311023318680838e-05 4.731829165537383935e-05
6.850771117119707019e-04 7.881916202751658006e-04 7.934812448417733356e-04 7.243849391180241315e-04 6.177997215761084739e-04 5.134308859763766228e-04 4.214619563339836654e-04 3.497164910815609654e-04 2.876194953617840070e-04 2.413427273349995415e-04 2.062104320215035790e-04 1.789610117326065819e-04 1.614320315330182031e-04 1.424123659462997297e-04 1.237249144387847001e-04 1.087426439117336222e-04 9.386876792795094111e-05 7.782506658729220655e-05 6.158693569338888937e-05 4.739169600263737396e-05
6.851589368375018366e-04 7.883385706708177570e-04 7.942368717293009708e-04 7.254640727920234856e-04 6.179040427403352086e-04 5.136455585412782977e-04 4.212155980256965205e-04 3.490111488784996261e-04 2.870640688350867883e-04 2.407465860992656257e-04 2.056049660203749857e-04 1.779554012907756330e-04 1.601491154655495033e-04 1.417103213340588862e-04 1.228969207702736903e-04 1.078186490847283656e-04 9.271218987900322977e-05 7.696179097529159594e-05 6.132622348708375388e-05 4.738617590685114111e-05
6.844872649517434954e-04 7.871070181493717600e-04 7.933079160142709856e-04 7.251353283388219670e-04 6.182258365281504851e-04 5.137661407834595703e-04 4.214523666129369513e-04 3.498048461040379072e-04 2.872845091360812318e-04 2.409901187482100583e-04 2.061776448877661685e-04 1.788708011287844051e-04 1.611906252855942645e-04 1.422869973524035041e-04 1.231977683856421888e-04 1.081422348297256611e-04 9.318974359950235847e-05 7.712514205723590627e-05 6.110470366790628151e-05 4.682846607252974497e-05
6.844862410567382561e-04 7.879000856769842942e-04 7.935034205721745075e-04 7.247319322661322904e-04 6.178189838758040833e-04 5.139304815897062723e-04 4.218572747479553266e-04 3.502677258592549439e-04 2.881608907462527235e-04 2.418924814500480222e-04 2.070805662231907330e-04 1.792750352771124288e-04 1.610265561493742336e-04 1.420154896847037847e-04 1.233505165760775848e-04 1.081982458401151072e-04 9.346941955066804717e-05 7.776864661427765671e-05 6.153326549091467531e-05 4.746912903478593747e-05
6.846266023888762219e-04 7.870476947614634495e-04 7.930526429814067609e-04 7.240083751480128581e-04 6.174075987146443152e-04 5.131527195480689238e-04 4.213888563632832624e-04 3.496244337410961390e-04 2.880009582582705925e-04 2.417363614226737082e-04 2.064648498471731647e-04 1.788193308065465269e-04 1.610642184301125813e-04 1.423809564058149256e-04 1.232658404098056098e-04 1.083579213217570919e-04 9.358069698363421401e-05 7.743859107365327855e-05 6.093490727150827714e-05 4.683016014180672041e-05
6.856988180775178306e-04 7.884806980020319734e-04 7.938440200219936500e-04 7.248430315749938933e-04 6.180868860343100533e-04 5.136210894305467565e-04 4.214128473886198547e-04 3.497666534673498913e-04 2.877980155899741610e-04 2.413508283365156833e-04 2.064224590805199605e-04 1.790928123465433035e-04 1.612342401099191248e-04 1.422101649572812961e-04 1.234449856016403470e-04 1.082296699651329555e-04 9.303230166160848000e-05 7.716280986006001296e-05 6.129882176818982704e-05 4.688199422123892038e-05
6.848506890389890371e-04 7.880349824962720132e-04 7.937410390717883823e-04 7.256141962660281374e-04 6.192146337647853188e-04 5.144977358925367306e-04 4.222944745171657737e-04 3.505219616176865889e-04 2.882186537153150316e-04 2.419074622866889638e-04 2.068578083309794238e-04 1.796782122687935084e-04 1.620989674795978515e-04 1.431056660473101390e-04 1.239712704291382394e-04 1.086558781941100385e-04 9.359309538244212122e-05 7.736497192904598006e-05 6.099516682284631655e-05 4.661845012281593946e-05
6.852222473876770550e-04 7.883770257326179042e-04 7.940177879949702165e-04 7.254420353154724136e-04 6.189316634443041334e-04 5.144363225923274767e-04 4.220491562356331792e-04 3.502306864436832939e-04 2.882096089888174818e-04 2.416391703476796827e-04 2.069383660802753225e-04 1.798292848824681767e-04 1.619656293796954943e-04 1.428863773039341901e-04 1.241118510403033787e-04 1.088487233513530576e-04 9.374264746230196441e-05 7.771445814301199367e-05 6.171482317121368714e-05 4.734859938444955217e-05
6.845183368245952955e-04 7.878126294590089354e-04 7.929009633933181657e-04 7.243654110391198764e-04 6.176622612936523470e-04 5.132751248034620470e-04 4.211497543057771305e-04 3.495210335497508577e-04 2.880768716518738461e-04 2.418274062513663559e-04 2.062045979555391208e-04 1.786089088264506688e-04 1.609076389783285104e-04 1.421970720500139796e-04 1.232208902024039003e-04 1.080449959229322419e-04 9.289950234556151681e-05 7.700096784743122884e-05 6.086545959066867110e-05 4.625973066115349381e-05
6.852078662236367251e-04 7.886437445021180544e-04 7.941265148699234219e-04 7.257599554335829187e-04 6.185846992274893165e-04 5.141636824268321559e-04 4.218344334462121367e-04 3.505282670423719550e-04 2.882261573283995365e-04 2.418928292990007349e-04 2.069705692663077637e-04 1.795779435734369870e-04 1.620235537944583607e-04 1.429769790905030980e-04 1.240793192595028972e-04 1.085940795541049867e-04 9.348530909751997609e-05 7.714655887372714592e-05 6.088968690498758779e-05 4.645648935400792818e-05
6.838473479896180381e-04 7.880610535963882349e-04 7.931545728098091498e-04 7.243461260888040638e-04 6.178689050599048835e-04 5.137490443462242604e-04 4.215684726387367823e-04 3.498318816516924538e-04 2.876959524483898266e-04 2.408423743567954906e-04 2.060160896958614432e-04 1.791798211208281649e-04 1.614037803833740100e-04 1.423226822410495807e-04 1.236985873867731123e-04 1.083875298092042572e-04 9.353094533711745861e-05 7.742803320040224390e-05 6.141788927060773818e-05 4.710819247283160136e-05
6.849065388074532896e-04 7.883290252268832388e-04 7.940650223506234623e-04 7.254270087107812879e-04 6.189033785985954741e-04 5.140225427425172081e-04 4.217961196310751181e-04 3.501006881876529675e-04 2.880839083420430342e-04 2.419836653325441894e-04 2.069732770733913286e-04 1.796024210301614245e-04 1.617509237271268815e-04 1.430907582797954407e-04 1.239623354188916667e-04 1.088072695062563590e-04 9.367594767601640970e-05 7.745095488341977009e-05 6.097288715125316708e-05 4.655122081989170480e-05
6.837617539874770150e-04 7.878188636402706519e-04 7.932495649730150885e-04 7.247047810629144923e-04 6.177534392071155206e-04 5.133896999988425821e-04 4.215274951088660601e-04 3.497483458162991394e-04 2.878680868769590119e-04 2.414033140787393136e-04 2.063662258740965897e-04 1.790374853640833706e-04 1.612888901714729832e-04 1.424126776323470086e-04 1.234318141989410066e-04 1.080447286690874414e-04 9.311545694520532567e-05 7.706417857722294793e-05 6.075161838617344605e-05 4.662899438401031541e-05
6.848405510040659781e-04 7.882408752315208864e-04 7.936683566895610031e-04 7.242588383844232765e-04 6.178072137692978928e-04 5.131690091565474336e-04 4.211009688587996017e-04 3.494116203428299940e-04 2.877078640806356039e-04 2.416776532149041341e-04 2.068699267737846828e-04 1.796893236858165875e-04 1.615863613196795196e-04 1.425491697467882470e-04 1.238601534934757659e-04 1.087706554298705918e-04 9.377366558852124018e-05 7.747678543180695656e-05 6.122207472045381414e-05 4.691466009341276245e-05
6.837929308838990592e-04 7.870237489535349086e-04 7.919763990370554682e-04 7.239032779284878660e-04 6.172479384924153128e-04 5.125689458302863004e-04 4.207291672941591604e-04 3.494756402388260095e-04 2.877822990898223974e-04 2.416325606094822914e-04 2.064493128568091051e-04 1.793494691219454527e-04 1.615243811622115691e-04 1.428789257024464833e-04 1.238761910027209683e-04 1.087739267642762935e-04 9.349451567023792499e-05 7.720686440718107992e-05 6.130591894589944725e-05 4.705759048107326450e-05
6.842978911695742766e-04 7.875426591572563546e-04 7.926287365209540086e-04 7.244232648730862187e-04 6.179334450645929079e-04 5.136019309237388432e-04 4.210180528689770997e-04 3.494079075697644420e-04 2.873144636249783546e-04 2.411627500496324353e-04 2.065194838511751963e-04 1.790507509195596759e-04 1.614990447468451248e-04 1.424915214443358321e-04 1.230833800154095892e-04 1.080332830045023610e-04 9.300442181394814282e-05 7.702293517390617738e-05 6.097969532369654233e-05 4.685013058716307909e-05
6.859102254158081684e-04 7.888508430208240581e-04 7.934859368807776255e-04 7.252522579717828391e-04 6.182130911177284322e-04 5.139229034470718096e-04 4.217473057429004381e-04 3.501320439542325211e-04 2.882038446177429924e-04 2.416665911115789284e-04 2.067159119612727762e-04 1.794609161209164794e-04 1.616548081698248522e-04 1.428019724556326114e-04 1.238737233826873129e-04 1.087466645247841905e-04 9.357186832124250720e-05 7.753745922372744465e-05 6.144085681188245164e-05 4.689330713781115557e-05
6.851859330924645617e-04 7.883329630950556242e-04 7.939203284722993158e-04 7.251146369282567830e-04 6.185024856275242455e-04 5.139348096744899598e-04 4.217548403519555985e-04 3.500234268966938636e-04 2.877074080824375268e-04 2.416544098109000053e-04 2.068368819769542892e-04 1.794409220763733747e-04 1.618467895179216025e-04 1.430398296363100065e-04 1.239532142193083321e-04 1.087302171816065043e-04 9.352799175854861779e-05 7.750390455562615531e-05 6.147576566701381704e-05 4.715209890991553477e-05
6.852037313030531675e-04 7.887091745620274444e-04 7.939063502000489030e-04 7.254955985749680664e-04 6.185850638544483681e-04 5.141065769831903521e-04 4.217051253942809795e-04 3.500480699732524460e-04 2.880537629053449918e-04 2.414699050157586657e-04 2.062530835629715028e-04 1.789699967885178427e-04 1.610509245373154506e-04 1.424296668170926328e-04 1.231439077783109731e-04 1.078380375284115238e-04 9.282934658402378417e-05 7.679770304395485694e-05 6.081248571946054924e-05 4.687590848912313082e-05
6.845874883045464931e-04 7.874343312062463988e-04 7.921521823157643338e-04 7.242029274812816254e-04 6.173340116267939104e-04 5.132764532445765375e-04 4.212531235151020770e-04 3.496097959716276053e-04 2.877395102536468613e-04 2.416609496929861311e-04 2.060516344688300230e-04 1.787215977008970076e-04 1.611361677627813789e-04 1.423367197802121180e-04 1.241428717933621014e-04 1.087125478885628998e-04 9.322718840373775417e-05 7.738989716303079722e-05 6.156956663148083751e-05 4.712870746887369957e-05
6.843918309303423419e-04 7.878670753167011558e-04 7.933448858471837733e-04 7.241667864378859964e-04 6.167360424451801817e-04 5.124356092844025486e-04 4.205564988222460312e-04 3.491761928047487618e-04 2.872084659956181292e-04 2.412199332134095525e-04 2.064014759112955250e-04 1.790194967593890642e-04 1.613560870553032108e-04 1.424812936249025700e-04 1.234865627626428452e-04 1.084731956550160769e-04 9.338053994146518601e-05 7.730052457305325775e-05 6.140730445439702653e-05 4.728181497841480146e-05
6.847000241019450496e-04 7.881364951005037168e-04 7.934533167505204059e-04 7.247484287597760495e-04 6.171995780644508236e-04 5.128122675494321218e-04 4.208265406799987238e-04 3.497765980392152020e-04 2.881673380114115925e-04 2.413639093132725194e-04 2.061629847051763627e-04 1.790452999903483628e-04 1.613085297889264413e-04 1.424128162826359583e-04 1.234056800600383816e-04 1.080795612516815163e-04 9.295659515982032119e-05 7.683379989137228288e-05 6.080898705016504296e-05 4.648977800397247252e-05
6.850010718425150876e-04 7.881929851370623715e-04 7.936487924724349927e-04 7.249206237687088770e-04 6.182292082469357337e-04 5.135179524599256095e-04 4.213057956730691177e-04 3.494754528626230227e-04 2.876083677539728514e-04 2.416905377952519333e-04 2.064812430918141247e-04 1.793087854775358633e-04 1.615094659769371864e-04 1.425937329829496402e-04 1.237067569399836315e-04 1.083719604962289353e-04 9.326637984470253725e-05 7.721488403197432945e-05 6.090349079298825049e-05 4.648290558030470022e-05
6.844926877562562207e-04 7.872988460951533271e-04 7.928202113822061881e-04 7.243373229645444587e-04 6.179334352643106858e-04 5.134598088910533866e-04 4.210875948661980776e-04 3.492719822900442915e-04 2.874646928895227462e-04 2.410529200275329266e-04 2.062955694807530301e-04 1.789951950502358265e-04 1.612635536503086815e-04 1.425932600218477982e-04 1.236575266037414603e-04 1.082201280426108063e-04 9.369768393292823004e-05 7.773209832176225173e-05 6.138126034625194952e-05 4.675100918258515300e-05
6.846443440725071255e-04 7.877441804490483345e-04 7.932839225079696324e-04 7.241687480963117547e-04 6.171741228047883214e-04 5.125571763710626847e-04 4.200889807716400568e-04 3.483521651494289237e-04 2.866781527901921282e-04 2.411209909551612670e-04 2.061174438934580341e-04 1.789164039052015137e-04 1.615969904206633319e-04 1.427637476511966921e-04 1.239929616649132439e-04 1.084848339567314038e-04 9.351058678954392040e-05 7.750108439070346614e-05 6.135905447634107444e-05 4.698751471535910260e-05
6.846172389080747416e-04 7.879187186996224664e-04 7.934705683266985322e-04 7.244770820103602635e-04 6.172716321529912687e-04 5.125301329173877901e-04 4.206346980541000088e-04 3.489117007041535345e-04 2.872068006797679038e-04 2.411557605635294239e-04 2.060140415876267036e-04 1.789180111908960258e-04 1.613118070743930219e-04 1.424076046037261545e-04 1.233064064948751967e-04 1.081667906128588934e-04 9.317682174910974792e-05 7.723174888185794032e-05 6.109466768249640365e-05 4.680698458271474787e-05
6.858712712760262802e-04 7.882932557010363227e-04 7.941961455940110739e-04 7.253441735122839133e-04 6.181290370714082570e-04 5.134119601131375069e-04 4.215000949934143929e-04 3.500024092727233786e-04 2.879951561163770785e-04 2.414611494004119071e-04 2.063049712148088343e-04 1.791406541731824708e-04 1.614713053468126670e-04 1.426311031089700352e-04 1.238158248717597569e-04 1.085779156832354951e-04 9.362394975902600441e-05 7.767077390753920213e-05 6.113817512441343442e-05 4.704414151886254547e-05
6.847241409913659878e-04 7.887163345088175253e-04 7.934010191839283195e-04 7.252099342687886229e-04 6.179736320236554848e-04 5.134602773279046527e-04 4.214410221985256705e-04 3.496778356214381533e-04 2.878238335409384597e-04 2.415591559333440594e-04 2.067906631167770824e-04 1.797455363454255456e-04 1.618676103196209056e-04 1.429666579417274532e-04 1.239395135826566209e-04 1.086548910110294913e-04 9.365888300317274035e-05 7.765021364796268757e-05 6.144574453487455410e-05 4.716907749351541106e-05
6.848666004832644700e-04 7.881120972713359435e-04 7.937297465006634386e-04 7.255118549135240605e-04 6.186443282880128847e-04 5.144341780783706543e-04 4.221395978013865497e-04 3.501082153374384352e-04 2.878633926245417296e-04 2.416575460374557503e-04 2.069295340354296037e-04 1.796163980906097214e-04 1.617104136360406974e-04 1.425730023084658153e-04 1.235535195115964084e-04 1.084452101175818040e-04 9.343071875961445354e-05 7.735154475300238999e-05 6.091835696057713346e-05 4.643429383894859150e-05
6.845799763566521494e-04 7.876045862418355834e-04 7.925733155783814361e-04 7.241410556269322913e-04 6.168480461188371837e-04 5.125628930591484859e-04 4.207540553217656320e-04 3.495663608436267822e-04 2.875591381899207720e-04 2.409697314480746381e-04 2.062096014390980728e-04 1.790548042206640189e-04 1.608653217920615562e-04 1.423621941076299430e-04 1.237300333086104368e-04 1.084001807231265194e-04 9.359604363081776605e-05 7.788943602226524883e-05 6.172723257914576221e-05 4.717153539549427541e-05
6.853013304509517891e-04 7.879867219670184638e-04 7.935967632188575078e-04 7.245942131283850118e-04 6.176042482871808587e-04 5.129210431062917065e-04 4.207482597282420373e-04 3.491792533814994559e-04 2.873880734697402406e-04 2.409209229009927876e-04 2.062777656668983363e-04 1.792701279528817525e-04 1.616427326991545311e-04 1.428235261563295900e-04 1.235865119457424909e-04 1.082149546709661859e-04 9.297615547492965528e-05 7.664602903724247035e-05 6.067652197833859034e-05 4.672698121521210823e-05
6.856599137577073328e-04 7.884888315120078522e-04 7.936461486041277661e-04 7.250806955480387783e-04 6.185081849050688306e-04 5.136114135061349041e-04 4.216574213381085322e-04 3.500326017167896880e-04 2.878260219295837780e-04 2.417515197254620587e-04 2.064892780082438074e-04 1.789730534451219944e-04 1.611518350816535424e-04 1.423622816874125889e-04 1.235884784683625288e-04 1.085932596526313951e-04 9.338560953726727295e-05 7.723353232925054212e-05 6.101427451630935835e-05 4.673519846655552608e-05
6.836101952252593211e-04 7.870990913720224500e-04 7.927261698611159490e-04 7.240428819458281538e-04 6.171427013703217326e-04 5.124226498466882959e-04 4.206273793099208442e-04 3.489319386802220086e-04 2.867393343940406085e-04 2.403136017616431478e-04 2.056728289510472416e-04 1.782191099721812865e-04 1.606270250393931041e-04 1.419223617841853201e-04 1.231598642228769007e-04 1.083217253729284524e-04 9.317045747530766707e-05 7.706824330787543547e-05 6.095921004327379324e-05 4.692223286069146566e-05
6.843891186748322052e-04 7.868071661258761208e-04 7.917020442963925396e-04 7.236859085810910678e-04 6.170337977697307142e-04 5.127128853941893003e-04 4.205989874030587310e-04 3.493805267805174739e-04 2.874663735706619282e-04 2.414831968526705492e-04 2.064219439310051719e-04 1.787453046437068645e-04 1.610980930490353905e-04 1.420629159557524983e-04 1.233533493056104336e-04 1.083155318155318205e-04 9.325406060251118065e-05 7.729973562944260769e-05 6.138616684221425020e-05 4.729524165226156953e-05
6.846641110542545268e-04 7.882707006997164432e-04 7.934897423928040025e-04 7.247618927584426746e-04 6.174259961675254271e-04 5.130931607946741810e-04 4.211380433300065127e-04 3.493102113883825755e-04 2.872911379002127986e-04 2.411717355492476889e-04 2.064152936276184979e-04 1.794183024452757286e-04 1.618184871725125782e-04 1.427453223018187545e-04 1.238733907882327585e-04 1.085897977542639339e-04 9.373149146735695154e-05 7.771315608537953149e-05 6.131621186920515709e-05 4.694334594620007975e-05
6.849722235955256130e-04 7.874588553564451730e-04 7.932963937250207690e-04 7.246618107884236293e-04 6.182565936134026526e-04 5.134945543265242171e-04 4.214515817271226772e-04 3.499042101558871615e-04 2.879370798019012436e-04 2.415750649624804128e-04 2.065498452614995914e-04 1.793998008288124788e-04 1.616343431811781276e-04 1.428855486295906897e-04 1.241242116066012798e-04 1.086250755881834829e-04 9.368601970736677132e-05 7.753990954836730454e-05 6.133598909073254316e-05 4.702884407068509573e-05
6.846110753530793621e-04 7.881531587061380625e-04 7.935695028171095003e-04 7.250213818054432281e-04 6.175460580090871843e-04 5.134844444013128735e-04 4.216135467852219617e-04 3.496735410579306070e-04 2.877160384314565115e-04 2.410051639570677854e-04 2.054956610507754629e-04 1.782037005214214844e-04 1.603216554652343070e-04 1.413971461096090053e-04 1.229865018106260702e-04 1.077610650463863142e-04 9.246860854230588476e-05 7.671887457619154386e-05 6.099725674973144611e-05 4.688754656309932482e-05
6.847078509797895670e-04 7.882390916464774482e-04 7.940492703610624358e-04 7.253280913302075214e-04 6.186628887090676746e-04 5.140119718570160690e-04 4.220871019854236048e-04 3.501655447246555114e-04 2.881713491687202394e-04 2.418476290585074907e-04 2.069880261633186812e-04 1.794990486574207138e-04 1.619254826323155067e-04 1.429116330178799093e-04 1.239887279977163153e-04 1.084705841751530041e-04 9.360485642152813006e-05 7.752885803878860067e-05 6.167607176086958246e-05 4.738098880203801469e-05
6.842348236206345115e-04 7.872056152359010930e-04 7.928142912400226337e-04 7.242947125911709675e-04 6.172164802156217918e-04 5.130778085492202194e-04 4.212868327244214187e-04 3.497264614852702643e-04 2.878776935078681252e-04 2.415841735000032197e-04 2.064243431782050654e-04 1.790930970836236800e-04 1.613910431643383555e-04 1.424241840016465376e-04 1.229384901474520661e-04 1.076386014284036631e-04 9.273603117968192506e-05 7.699759182077854939e-05 6.091426334677330925e-05 4.664720929273542767e-05
6.848360650303243063e-04 7.879902393378817845e-04 7.931785811590759015e-04 7.244499198769365064e-04 6.180899568569515803e-04 5.135948059589478306e-04 4.216876990958357625e-04 3.500469179734576265e-04 2.883303445143078144e-04 2.419154081923386172e-04 2.067655549315694497e-04 1.791224200733679739e-04 1.610952107961591349e-04 1.420952326437152332e-04 1.231914790553572390e-04 1.079534131878470839e-04 9.285863162931769416e-05 7.687959492099759068e-05 6.087697908592039564e-05 4.688620901203212647e-05
6.840521791457225510e-04 7.877980646257954191e-04 7.929019220627801226e-04 7.240002234497644766e-04 6.172360449673802534e-04 5.130146680038427838e-04 4.211029485328768307e-04 3.495163354096222420e-04 2.867981144365970266e-04 2.404374141261198189e-04 2.056574558137597695e-04 1.784249867959249191e-04 1.605079040659915571e-04 1.417631809720923104e-04 1.226960287884068176e-04 1.080674047821101274e-04 9.347318584058340505e-05 7.785237531275250112e-05 6.144658966032273380e-05 4.687182473675584375e-05
6.850208446221737937e-04 7.878639657657006759e-04 7.936037482180284802e-04 7.251585307096395901e-04 6.179510134759155261e-04 5.137940863764384799e-04 4.217167738405408939e-04 3.500229685886687607e-04 2.879113464860454910e-04 2.414415488302308090e-04 2.063971838366726195e-04 1.788102190214818361e-04 1.610380366811381468e-04 1.423838456802750435e-04 1.232982227708944616e-04 1.082120844730825681e-04 9.312366283337291490e-05 7.719460809265472814e-05 6.113209883470644768e-05 4.671017523423908455e-05
6.846475065189211321e-04 7.870924821570849609e-04 7.922125973043179148e-04 7.236426381983570438e-04 6.170207313253646582e-04 5.132065997149290763e-04 4.214060701913594355e-04 3.498973321591123905e-04 2.880577999346906819e-04 2.416809036549239507e-04 2.066648410025875154e-04 1.798636406225166998e-04 1.616291994110000216e-04 1.427925633166573019e-04 1.237497993346135924e-04 1.085256319425498657e-04 9.342435828195304770e-05 7.734358060267994197e-05 6.078416026864988619e-05 4.634874672039000006e-05
6.848552351960240621e-04 7.882129291448454218e-04 7.931704393737870791e-04 7.243428190832551039e-04 6.176665103560769572e-04 5.134654884428596763e-04 4.211072975694913918e-04 3.496454128900491269e-04 2.881888832017509235e-04 2.421491248937661888e-04 2.071034741105355658e-04 1.795505633452374567e-04 1.615092378927094122e-04 1.428676869069596433e-04 1.242378198662294009e-04 1.087806425668089643e-04 9.383659507259319867e-05 7.782721627106531836e-05 6.133490581624363323e-05 4.695569521102415202e-05
6.846161986651718573e-04 7.878906923531424486e-04 7.938420017694104713e-04 7.248476748558321673e-04 6.179780334192298786e-04 5.133810824257330511e-04 4.217084639160195540e-04 3.493114994751730169e-04 2.875964260028044187e-04 2.413343283697736775e-04 2.063835417306433687e-04 1.793290006650077797e-04 1.617716321614536977e-04 1.429204531504302863e-04 1.237971311481026663e-04 1.085481135779465183e-04 9.348091849894655733e-05 7.727950245204798880e-05 6.124128260736053304e-05 4.703938663057942113e-05
6.839572600269946305e-04 7.868677537473608725e-04 7.926070763517031404e-04 7.240978715646800628e-04 6.178523116234728007e-04 5.137272306543525608e-04 4.214921101376280579e-04 3.496070336172273172e-04 2.878142409296659265e-04 2.416978054114379284e-04 2.068347397078772317e-04 1.793047935145359293e-04 1.615880590881229564e-04 1.427978152126413783e-04 1.238748978908553629e-04 1.085830837940064290e-04 9.358361552002065575e-05 7.749449229498013147e-05 6.120049764005637040e-05 4.683065732077433270e-05
6.849884451932895498e-04 7.880578524466477688e-04 7.940645663941196808e-04 7.256458992597502374e-04 6.189523021192868150e-04 5.147873670839177903e-04 4.224589336132204918e-04 3.505681020654556916e-04 2.880974884215065980e-04 2.419709918283870144e-04 2.067301496554288043e-04 1.791708069341090850e-04 1.616567658347374081e-04 1.427697127101842467e-04 1.236425166014601298e-04 1.082729560345011135e-04 9.316422418248521576e-05 7.712321161054855551e-05 6.098341980812779724e-05 4.678833176726253395e-05
6.848580285745837744e-04 7.874175383853578881e-04 7.928962306431678328e-04 7.241937772184822101e-04 6.174866556422369977e-04 5.134097221216270789e-04 4.215741072603644080e-04 3.496249096713818804e-04 2.878451910637410609e-04 2.410500644724830209e-04 2.059220505404848946e-04 1.782923933076455462e-04 1.607859183397316379e-04 1.423298143014943562e-04 1.235317309397156215e-04 1.083016497678905397e-04 9.336077434598402214e-05 7.761367412152489519e-05 6.154479110129220060e-05 4.704390110731225213e-05
6.851537325575482364e-04 7.882882512841031704e-04 7.934130570694681575e-04 7.248000804996977816e-04 6.179259950099268454e-04 5.136337868895657615e-04 4.213222577811307672e-04 3.494619631276163095e-04 2.875549056576482462e-04 2.412848929058608247e-04 2.065491365831661271e-04 1.793671173134880989e-04 1.615131896994085356e-04 1.424564245677858553e-04 1.236807225279600237e-04 1.082071910074933668e-04 9.288418008619739254e-05 7.657161866032730882e-05 6.072262279717034755e-05 4.670252002857297279e-05
6.856754963521383833e-04 7.883244963390821083e-04 7.941083980065596426e-04 7.252055328625777722e-04 6.181265941204895512e-04 5.139201441660437531e-04 4.214803989339853570e-04 3.499988972540709741e-04 2.880294562789896648e-04 2.417104877892679773e-04 2.064639209871350987e-04 1.793001260724276112e-04 1.616411965351902417e-04 1.425690750656817757e-04 1.236899185531224949e-04 1.086699720550457488e-04 9.358355227014403320e-05 7.762304403503699510e-05 6.167854169884168160e-05 4.723668792452937295e-05
6.850326895174578025e-04 7.881532798266085950e-04 7.937537979912134877e-04 7.253387987449209668e-04 6.182886351126914287e-04 5.136251131060885983e-04 4.215767322643981015e-04 3.496261894560738926e-04 2.871657256050935128e-04 2.406878113411432308e-04 2.059283942811214213e-04 1.788823432838741994e-04 1.609723363056921736e-04 1.423292064005084320e-04 1.229451514482353370e-04 1.077799195417935250e-04 9.273928411778338500e-05 7.707434094534171656e-05 6.095127380425414439e-05 4.718150325451014149e-05
6.845463255338871339e-04 7.874894281993053812e-04 7.934012966098164628e-04 7.246495569631401660e-04 6.183741141017871402e-04 5.138109151644977470e-04 4.219400440534414390e-04 3.499100005063858834e-04 2.873048407099266957e-04 2.405511975006323388e-04 2.057159375163360800e-04 1.786866500471039846e-04 1.611497056021091287e-04 1.424912176788839936e-04 1.237181718777304561e-04 1.081112382945737660e-04 9.328548186733693812e-05 7.792188191225050465e-05 6.194499204451729593e-05 4.747428528536892979e-05
6.840027073038454451e-04 7.871669539672337176e-04 7.924158510365957768e-04 7.236552042960884244e-04 6.168635412316924313e-04 5.129140430484997173e-04 4.213132326318980484e-04 3.499477797456332167e-04 2.877493485393060445e-04 2.411713471913863843e-04 2.066751680571643718e-04 1.792781989856115712e-04 1.614468298363312551e-04 1.421476501352227225e-04 1.234913383350565998e-04 1.081818390452256860e-04 9.341454819068195929e-05 7.780132333174762940e-05 6.130727515818204759e-05 4.636930823901893369e-05
6.853323115246366844e-04 7.883550420701967423e-04 7.944639772428848399e-04 7.253499268241636643e-04 6.182740375113603745e-04 5.132184820255020511e-04 4.215428356765874560e-04 3.498904697501804850e-04 2.880944354545908123e-04 2.416100506562369489e-04 2.060831537575345622e-04 1.790686270941434591e-04 1.611792913440872116e-04 1.422372773185048844e-04 1.234234087981941083e-04 1.082545888670376081e-04 9.262120713929961578e-05 7.664124248463203757e-05 6.101691377158711016e-05 4.693433680099484381e-05
6.845511857347122637e-04 7.870480856563534739e-04 7.927881179878964709e-04 7.245022470904862247e-04 6.177261142810475981e-04 5.135806658018403359e-04 4.212810885553268836e-04 3.496729843083632599e-04 2.878746036745818146e-04 2.412627526290949331e-04 2.057637684163158762e-04 1.788133052965331954e-04 1.610522062957930455e-04 1.422128446828714859e-04 1.232089284651844048e-04 1.076802732326397191e-04 9.303214271380701248e-05 7.738986739323909004e-05 6.119249759196523735e-05 4.702018820931717056e-05
6.851572041841466273e-04 7.872350491731781776e-04 7.938636448862540019e-04 7.252876992702820018e-04 6.183147653280009681e-04 5.135840858141438574e-04 4.215381294175373980e-04 3.496951166464476197e-04 2.877809162066071228e-04 2.412337429666520808e-04 2.058271960950009208e-04 1.785221216602538344e-04 1.606371771605799212e-04 1.416722255354645665e-04 1.224596406453455036e-04 1.074850109762797860e-04 9.260858629198623771e-05 7.708375833801459683e-05 6.121887815755721934e-05 4.677068172360285622e-05
6.848153908068606906e-04 7.883134990369930570e-04 7.933329877143936726e-04 7.253873969487739529e-04 6.186571083180670769e-04 5.138333477675972698e-04 4.217106210767524181e-04 3.500332423930788356e-04 2.884041687214242275e-04 2.423605805614385269e-04 2.069800289528436765e-04 1.795888769006699995e-04 1.617427466012070299e-04 1.429115719207015673e-04 1.238123555922660002e-04 1.087257954707847150e-04 9.372290437265297293e-05 7.783865451783887591e-05 6.183533712288610536e-05 4.733521011448939915e-05
6.845678323807333166e-04 7.883435325536233221e-04 7.936051829651547072e-04 7.249578437518953153e-04 6.177823652571013541e-04 5.137502247514014013e-04 4.217945232352074609e-04 3.500730787906334218e-04 2.878065067066060243e-04 2.414737263529036020e-04 2.065419673757715288e-04 1.791621353099103744e-04 1.614453368492627268e-04 1.426775779751677966e-04 1.239202404790350339e-04 1.085971547506366390e-04 9.317425875032219319e-05 7.694516478437341868e-05 6.051275381095766410e-05 4.629848285790079474e-05
6.849031784082764860e-04 7.877840464939711400e-04 7.928268937224755303e-04 7.248879174303767990e-04 6.184128300981912895e-04 5.139165999480441562e-04 4.217215868542959628e-04 3.493550771295304965e-04 2.875922748355831454e-04 2.413152456522980665e-04 2.065690929430367918e-04 1.793116896594877533e-04 1.616694704633281257e-04 1.427179565367762688e-04 1.237465291747886413e-04 1.084166037515519676e-04 9.342650924772421324e-05 7.735337629883131771e-05 6.158185624253101191e-05 4.715111717162635423e-05
6.863358256076291858e-04 7.885933732932725714e-04 7.941785229113761850e-04 7.245393947393385025e-04 6.176870949625512877e-04 5.133666429911150136e-04 4.212123385599250681e-04 3.490441380695073932e-04 2.869678140449911431e-04 2.405537629098540369e-04 2.057516643057588960e-04 1.791054236060705095e-04 1.613812336950226081e-04 1.420288065797412460e-04 1.234452848881151005e-04 1.079335269430016552e-04 9.300177030083848194e-05 7.674752370738900805e-05 6.085585519259618123e-05 4.663056193890533949e-05
6.851326956980968675e-04 7.879315307492186244e-04 7.937202865082490207e-04 7.252224885423672355e-04 6.180138173448322713e-04 5.136027962855366875e-04 4.212389072548076790e-04 3.496683673089885907e-04 2.877369130929863911e-04 2.416621144598076441e-04 2.063476654139859915e-04 1.792305716044248205e-04 1.614614977707643363e-04 1.424512025440563242e-04 1.235659837193261177e-04 1.080719694413138351e-04 9.300855926684708152e-05 7.694703145257606510e-05 6.101052776860643967e-05 4.665902505032710974e-05
6.848681231783490747e-04 7.875615275416806855e-04 7.926971119760489607e-04 7.245726526839470780e-04 6.176436951668595916e-04 5.131802060043210399e-04 4.208102575459446719e-04 3.490045011311388996e-04 2.870642908832354823e-04 2.410202882470519254e-04 2.061336362668632794e-04 1.786606193884362386e-04 1.610308697210148738e-04 1.425221283745534075e-04 1.240641039437420244e-04 1.086047484675774861e-04 9.327484967642844739e-05 7.713802061772664800e-05 6.126698391516670025e-05 4.679605840514942732e-05
6.858841560340320437e-04 7.885968329964066848e-04 7.941434329746675964e-04 7.255014592472933295e-04 6.194099885788303603e-04 5.147649987299502154e-04 4.227241172834835165e-04 3.507079790162770253e-04 2.883912166568000147e-04 2.412284635257797320e-04 2.062305501657157555e-04 1.788645113104800810e-04 1.607433120555314555e-04 1.422096022747325209e-04 1.240037474461413015e-04 1.088382178960193604e-04 9.363188916036569560e-05 7.740013452639449754e-05 6.183826312680303376e-05 4.742265047294606963e-05
6.848960369036722262e-04 7.876867136539164593e-04 7.926015220955633794e-04 7.243581295633459791e-04 6.178556270560618593e-04 5.133035764550971996e-04 4.209145738820631701e-04 3.491211695890339309e-04 2.872586532428149093e-04 2.414229731460249516e-04 2.063509168139301682e-04 1.787847383538131228e-04 1.606864194391212114e-04 1.418265013992853251e-04 1.228211704717269669e-04 1.072568772300883382e-04 9.215958726718709250e-05 7.618508614387632368e-05 5.996061987103459666e-05 4.654130227137638642e-05
6.846020461267391223e-04 7.877732760431987915e-04 7.933682987851082245e-04 7.248975122483593530e-04 6.180983210320762245e-04 5.135285102624226675e-04 4.214872209466655434e-04 3.497390483937632875e-04 2.876479111456883364e-04 2.413286395581833404e-04 2.063028410897880453e-04 1.795623462410722169e-04 1.616232537471045262e-04 1.426861353921735152e-04 1.237734450546005768e-04 1.087990478937898723e-04 9.376536959288733558e-05 7.808067473703901216e-05 6.200489283799656736e-05 4.724461921319209783e-05
6.845774179656644812e-04 7.876491652564808835e-04 7.933964683541900979e-04 7.245658058058136080e-04 6.172773110612030057e-04 5.127127223662269681e-04 4.202796558619958630e-04 3.488105934600831755e-04 2.870160520545853239e-04 2.408917229253385104e-04 2.057484104588139739e-04 1.786792902794022962e-04 1.611543446156639902e-04 1.421766723144004022e-04 1.232276381938355106e-04 1.080008220843489821e-04 9.242236789970155182e-05 7.648325108577725729e-05 6.073592731606308303e-05 4.643860992204627060e-05
6.847898420208229590e-04 7.888418170853734061e-04 7.933405848851791519e-04 7.247723300014944931e-04 6.183008116504924885e-04 5.130560157559752076e-04 4.212658515570495243e-04 3.497198785094955817e-04 2.875706102541576584e-04 2.413554520772088477e-04 2.064225045241304237e-04 1.789502729602668969e-04 1.618061145374477658e-04 1.425754769313721448e-04 1.236001201234042748e-04 1.082832594951620728e-04 9.337304766556084497e-05 7.747781165295540735e-05 6.151898829368715189e-05 4.731724518166165660e-05
6.830205237234667241e-04 7.866932547211339267e-04 7.927007377950381949e-04 7.233932463849276689e-04 6.165076522053433055e-04 5.121512693428187423e-04 4.200409353609309043e-04 3.484587503146584979e-04 2.870162260226047303e-04 2.412756439952473979e-04 2.059540695930254617e-04 1.782422951396998216e-04 1.605669983569059692e-04 1.419163049543479486e-04 1.231198496054922804e-04 1.080223838865316838e-04 9.323490597825416428e-05 7.764579621601001380e-05 6.119108275971455867e-05 4.622247392271878292e-05
6.853012467932360517e-04 7.879040164118912386e-04 7.934822245200349186e-04 7.247057277230973529e-04 6.175960340884989377e-04 5.131567687054059334e-04 4.212792499160480236e-04 3.495596316736819943e-04 2.874833965089776682e-04 2.412412923483873094e-04 2.062996659740338524e-04 1.789641577047113941e-04 1.615007747163126083e-04 1.426817619506014613e-04 1.238798186098217450e-04 1.083540211877725919e-04 9.316290817104478229e-05 7.720532174648063104e-05 6.105465388736843412e-05 4.676304626310377337e-05
6.845255310961570255e-04 7.878874136621134882e-04 7.935953818244734269e-04 7.249798166825946509e-04 6.179141359713164611e-04 5.133840418470523833e-04 4.212298476516709292e-04 3.494452082939217014e-04 2.876099174027576329e-04 2.414855897312238116e-04 2.064331570567907569e-04 1.794456496903786718e-04 1.616096331961459920e-04 1.427849952423303280e-04 1.240129994962079439e-04 1.084106503966147261e-04 9.350799904496066178e-05 7.746376624131326503e-05 6.126117218210220281e-05 4.683304120817419902e-05
6.852829217519446851e-04 7.888703224248290241e-04 7.941791706839093894e-04 7.249530734807270059e-04 6.176642447783437266e-04 5.132328208898476012e-04 4.209204706686403216e-04 3.493668083731064520e-04 2.875073520764330546e-04 2.408543721754763183e-04 2.058496098971105445e-04 1.785471133106873135e-04 1.609611644343997099e-04 1.417167369048292678e-04 1.228587489160669333e-04 1.074655428257723842e-04 9.219215942914667033e-05 7.629646650360896558e-05 6.075507721142727141e-05 4.650646495278881309e-05
6.836559155972607958e-04 7.869909744040927847e-04 7.923664703411720115e-04 7.240585756153949471e-04 6.174482815186036096e-04 5.131011891155173735e-04 4.210908200932581631e-04 3.495030055000769337e-04 2.879051242380438729e-04 2.418000259944734422e-04 2.065551655546931677e-04 1.790428244587391785e-04 1.614131344489543919e-04 1.427114355530864458e-04 1.237648240483616140e-04 1.082891415428784577e-04 9.330062819712451857e-05 7.754804143638777863e-05 6.083634184561510669e-05 4.673150197187787955e-05
6.852157179722341606e-04 7.881412418578397604e-04 7.936294489581311026e-04 7.251699149789052595e-04 6.182125762355766526e-04 5.138262396736909378e-04 4.220836653958122517e-04 3.500680917589677572e-04 2.879858503128418274e-04 2.414981908955904160e-04 2.061909377534841884e-04 1.789386695627732677e-04 1.612725630089090895e-04 1.424193115788925895e-04 1.234120315882721356e-04 1.078757831475191445e-04 9.277892467220151768e-05 7.697910777170767819e-05 6.104945140539550289e-05 4.632900728273624583e-05
6.844421472922712114e-04 7.874213363674127187e-04 7.935205174264827691e-04 7.247401667372763059e-04 6.180183444853947633e-04 5.135974571674685636e-04 4.216589774357503871e-04 3.496119651248442441e-04 2.881911709216602134e-04 2.416158580927489120e-04 2.063866962895029961e-04 1.792948352742372087e-04 1.614982794119439310e-04 1.426520996526385468e-04 1.234283285276447837e-04 1.082624365343975797e-04 9.332749738178564274e-05 7.744952152473638413e-05 6.140087400979589449e-05 4.696493259780657641e-05
6.850479180879144375e-04 7.872465657139953062e-04 7.933707545957494403e-04 7.240141121013389915e-04 6.169239837170295082e-04 5.123655846133220310e-04 4.202729890798364426e-04 3.487388414946573424e-04 2.867616007961966071e-04 2.404011238715384922e-04 2.061004429417571341e-04 1.785380786305765547e-04 1.608870019113286458e-04 1.421976452155999362e-04 1.236640954256570143e-04 1.083901059627982526e-04 9.323921686461379753e-05 7.723164520184164000e-05 6.110221064992607640e-05 4.674857341929674633e-05
6.850061008222438309e-04 7.883390816733755165e-04 7.934597821779300038e-04 7.253685933417132166e-04 6.186229857280963569e-04 5.141590266951100250e-04 4.215365197535716406e-04 3.497272440699462004e-04 2.880470966510620336e-04 2.417798514545772175e-04 2.068547227424365859e-04 1.795592382011293735e-04 1.613301985126993905e-04 1.424658227566460284e-04 1.232213224244309768e-04 1.080179528707687453e-04 9.293618665528838600e-05 7.730253914171521278e-05 6.166609419630120616e-05 4.726929259602314574e-05
6.843426815973682829e-04 7.877510384524328071e-04 7.926979707214490542e-04 7.245428292473670654e-04 6.173546681969576972e-04 5.131827172958070005e-04 4.212840590639915046e-04 3.496562581845378236e-04 2.877114674000099824e-04 2.415794894169824851e-04 2.061803807622807625e-04 1.782170863998147300e-04 1.609354140393158973e-04 1.422476846283405596e-04 1.235548129301580343e-04 1.084046322056942497e-04 9.352002242545688984e-05 7.731896231814507244e-05 6.121680708998818968e-05 4.724038459265899085e-05
6.853672921514952559e-04 7.883637304374187076e-04 7.935696013544291886e-04 7.253456947610612514e-04 6.183937536229247665e-04 5.138307097127862121e-04 4.213995319678066464e-04 3.497193627428017422e-04 2.880023905503392863e-04 2.416520251302052319e-04 2.067610304164062859e-04 1.793137093047179702e-04 1.617144497426959695e-04 1.428632126081037746e-04 1.240790270026285969e-04 1.086872196442280423e-04 9.354712587259886064e-05 7.733472793302600609e-05 6.089618639430651858e-05 4.687384088986654395e-05
6.841131280931009870e-04 7.882459943332054261e-04 7.928321012412041556e-04 7.243507592429162742e-04 6.175237063177828290e-04 5.133736716761518916e-04 4.217341376906931006e-04 3.499900574360134122e-04 2.881100823142673860e-04 2.416790927472036766e-04 2.061632733045086474e-04 1.784484229098565991e-04 1.608711228093132137e-04 1.420326600901036416e-04 1.229672900678555622e-04 1.073297360482595075e-04 9.251633190304010606e-05 7.700158774008766772e-05 6.108853805268286107e-05 4.696980474099809988e-05
6.857283084635899893e-04 7.885450545788737350e-04 7.938395079125340394e-04 7.245604047308401661e-04 6.181807553586176349e-04 5.138920537966524139e-04 4.217697224927898316e-04 3.501751796551336930e-04 2.881649063271975782e-04 2.416324788809321486e-04 2.066458206282099008e-04 1.792032377331925460e-04 1.615447287565082476e-04 1.427242332876798886e-04 1.238250483538176280e-04 1.086145989378397002e-04 9.335040542201118112e-05 7.702124055956717313e-05 6.061604782982240897e-05 4.653492196047257813e-05
6.853382764462197197e-04 7.881570967595743615e-04 7.936234018613617068e-04 7.249150151658735695e-04 6.181937540843875523e-04 5.137155405015672062e-04 4.219048653181046234e-04 3.499257359864269218e-04 2.877295442394583189e-04 2.414681711228232677e-04 2.066756199520070167e-04 1.791325328435757727e-04 1.616349694153184366e-04 1.427398182358394793e-04 1.239000171675367907e-04 1.086627717511871237e-04 9.357104546231410512e-05 7.748611763728205978e-05 6.145809394520962356e-05 4.696730541919735141e-05
6.855358141459127162e-04 7.882875846811818708e-04 7.942144587357953447e-04 7.253210242777661208e-04 6.186958285985310951e-04 5.139219056691132466e-04 4.219520704201469422e-04 3.500296415497563727e-04 2.878481097691737304e-04 2.412271952737368231e-04 2.064299539089204662e-04 1.792386499186632873e-04 1.615257865727236578e-04 1.425171236792458992e-04 1.237594389309169005e-04 1.085706018300105493e-04 9.342558400066143618e-05 7.747588394574273288e-05 6.109350251107259488e-05 4.711736522353743761e-05
6.852642301670254033e-04 7.885157881733576837e-04 7.940598063904283441e-04 7.254196682689989907e-04 6.183935916219591728e-04 5.143085245622602700e-04 4.223365999084327613e-04 3.503740605283440861e-04 2.880611023295785592e-04 2.417130556371329569e-04 2.067338944040592117e-04 1.792933851629750471e-04 1.615236531818000211e-04 1.427325593970617278e-04 1.238812841739107232e-04 1.084436630232099618e-04 9.337001989476076099e-05 7.719210832975871280e-05 6.096151955605457270e-05 4.647504460732134086e-05
6.845415604366685263e-04 7.872719879133500617e-04 7.929075660567005664e-04 7.248915005893184467e-04 6.182175453015773372e-04 5.140712091981785876e-04 4.218963614166646088e-04 3.501135551872466942e-04 2.880202104282181415e-04 2.418222078127815126e-04 2.067646545276134382e-04 1.791615577475203435e-04 1.611069847265013215e-04 1.420362329377647869e-04 1.230086144675885177e-04 1.076633410450985500e-04 9.287242734240274452e-05 7.716217566421026009e-05 6.117098419941310145e-05 4.693238793310456871e-05
6.850290433417813123e-04 7.887906503393760354e-04 7.940507104407850065e-04 7.253430498952332739e-04 6.187502167771017454e-04 5.141577312848259924e-04 4.221878246371041279e-04 3.502231078659624026e-04 2.881173829091593017e-04 2.416960611670181851e-04 2.066644683975658902e-04 1.789314881854492986e-04 1.614790391863292474e-04 1.423277942592976898e-04 1.232996054434779313e-04 1.082821949233497908e-04 9.305285831030800272e-05 7.697801982066692500e-05 6.079664255058208309e-05 4.680789676266759015e-05
6.849007698089680952e-04 7.877842938221312624e-04 7.930167277045510350e-04 7.242465300671025201e-04 6.176806482736908136e-04 5.133775853716818736e-04 4.214224897629288528e-04 3.495476243164212255e-04 2.873276250894078428e-04 2.410281087549076236e-04 2.063964830383626390e-04 1.790932280782825663e-04 1.608647452639616377e-04 1.420945515512255343e-04 1.234216997178091079e-04 1.081450123368481522e-04 9.334985077373325916e-05 7.722238934254861220e-05 6.086633726807921070e-05 4.639258021063719778e-05
6.843116557895802471e-04 7.877151732868357568e-04 7.927523410168364889e-04 7.244848217565164148e-04 6.183562602675382342e-04 5.140830150123905590e-04 4.217231397605093594e-04 3.500622640734452366e-04 2.879591793912051364e-04 2.412009894846358369e-04 2.059982129759166760e-04 1.790045207800201237e-04 1.614323400894403151e-04 1.429359702737608448e-04 1.239364232068444608e-04 1.086061449371812719e-04 9.358894151062082203e-05 7.750060176371027288e-05 6.119830735642724836e-05 4.714352925548344586e-05
6.843266130256853022e-04 7.870730001568875282e-04 7.924844641638853710e-04 7.235336222349607674e-04 6.168895455140801110e-04 5.130258862271382938e-04 4.211552570202972321e-04 3.499113941949924620e-04 2.877356240095059687e-04 2.414787770656917350e-04 2.065312346952501371e-04 1.792889772722278184e-04 1.613624122152723509e-04 1.426610854835286843e-04 1.237274480747511203e-04 1.086367251110809693e-04 9.341701431899397863e-05 7.724937155758551265e-05 6.111598533302605460e-05 4.694396218413383529e-05
6.856276691436640489e-04 7.882766856539681448e-04 7.944548604727425314e-04 7.257827186162214448e-04 6.188216799159900220e-04 5.143001444584303309e-04 4.216711580093131890e-04 3.496001561793972011e-04 2.875279469933377918e-04 2.411739080698123948e-04 2.060251525712509418e-04 1.791038132977551610e-04 1.617152216770613026e-04 1.429139322863397536e-04 1.236809035160115551e-04 1.083468076670870148e-04 9.340452554820493269e-05 7.758988681198981420e-05 6.138093496879595964e-05 4.703330176460287739e-05
6.852401674680456620e-04 7.880503994796818562e-04 7.937210329540261714e-04 7.246911922441516595e-04 6.181658228878308481e-04 5.139420863409419711e-04 4.220201539212268399e-04 3.496141551655901109e-04 2.881734289819478582e-04 2.418349496539352308e-04 2.070017330821729337e-04 1.791042827800892734e-04 1.611955741636870716e-04 1.423576435053528649e-04 1.232935526054220474e-04 1.081954527377814991e-04 9.318412779276272131e-05 7.694284339175863575e-05 6.111664171999608671e-05 4.696613634842892321e-05
6.858094408761204481e-04 7.887837852402804998e-04 7.941645052664008568e-04 7.253151145736395607e-04 6.183067114883613897e-04 5.135693137628467202e-04 4.215178264922100622e-04 3.501206493119721251e-04 2.881431287628036784e-04 2.416358190592562635e-04 2.066478863694784539e-04 1.791324689084120231e-04 1.616418665916068977e-04 1.428518525101090471e-04 1.236038266201624179e-04 1.085446089155290384e-04 9.370223091345550326e-05 7.764358711578628770e-05 6.132761188362105943e-05 4.701607899017330098e-05
6.853354683213580632e-04 7.888652796228044339e-04 7.941360710019328226e-04 7.255684254102004503e-04 6.187040758309755905e-04 5.141280916235409833e-04 4.219151295470195706e-04 3.504267246043982751e-04 2.887581739624131213e-04 2.421414035044789053e-04 2.070493574359579230e-04 1.795988807275156543e-04 1.617507065649944481e-04 1.428505583452381567e-04 1.239021807289220425e-04 1.085026740556448090e-04 9.313660112740025513e-05 7.708035361720825618e-05 6.098460955007047041e-05 4.643093546765794091e-05
6.855200016829198720e-04 7.879952998474816896e-04 7.936474324989340997e-04 7.250327632679032198e-04 6.182710134624101045e-04 5.139989541275789137e-04 4.218481958098814965e-04 3.501446611852902075e-04 2.878732221112634770e-04 2.416264097091462147e-04 2.069669488696556964e-04 1.796251958657285998e-04 1.613086320043007353e-04 1.424159054833599612e-04 1.234008551793088957e-04 1.081487398711312347e-04 9.312079076666714280e-05 7.715979529517229903e-05 6.096758561734650034e-05 4.659981424556283952e-05
6.850309620492138311e-04 7.880535447167979655e-04 7.939274563165658492e-04 7.251078002561223363e-04 6.185959903677189274e-04 5.142707974821383171e-04 4.221601183692004922e-04 3.501530329173386342e-04 2.879317047885309811e-04 2.416962336990141993e-04 2.064722576773728722e-04 1.787664540094259632e-04 1.612773623690123544e-04 1.423744328281818946e-04 1.235289271706349189e-04 1.085238328537142620e-04 9.379870919417674486e-05 7.757651662565104951e-05 6.109667438968562829e-05 4.646881045401625172e-05
6.839856814342787058e-04 7.870693592726197337e-04 7.925694569703544811e-04 7.241052824024025222e-04 6.167574243045292328e-04 5.129130852758462126e-04 4.208799392258362991e-04 3.491902153743444803e-04 2.870962320324376739e-04 2.415051013666500584e-04 2.069614542539359252e-04 1.792381475161648047e-04 1.614586447814435539e-04 1.427238015362970605e-04 1.238723708738695883e-04 1.086114213895702856e-04 9.371005626304842854e-05 7.760040227383411908e-05 6.129830966278595453e-05 4.689064833093943091e-05
6.851176652646173270e-04 7.885249797005740042e-04 7.943218178595809085e-04 7.254164828134218330e-04 6.187529968684134197e-04 5.141149507783405841e-04 4.219099106006891876e-04 3.496181575818017189e-04 2.877841146884345521e-04 2.416349031771842842e-04 2.067032625410065430e-04 1.793557602891986970e-04 1.618068538940770442e-04 1.430023025983062862e-04 1.239548536590966848e-04 1.088230450373011841e-04 9.364455131794940945e-05 7.752209542974407058e-05 6.125672169990624145e-05 4.681916685580835182e-05
6.851353787733247902e-04 7.885212774533429964e-04 7.935929778044883932e-04 7.251920979315463816e-04 6.184136810105544295e-04 5.140003589800549088e-04 4.219071944088949723e-04 3.501494950450811114e-04 2.882930222872673678e-04 2.420099401241157695e-04 2.068055434388594335e-04 1.793833376597347539e-04 1.615340045297769598e-04 1.425068008563608356e-04 1.235043870429287959e-04 1.084612384357360436e-04 9.372658720163631765e-05 7.764879948427171248e-05 6.136727358434347710e-05 4.696307783118598548e-05
6.850756086938589303e-04 7.883186076293621737e-04 7.938390549943996188e-04 7.249014534686141304e-04 6.177351588696856433e-04 5.134402405914078975e-04 4.210430992913424689e-04 3.491574704593109987e-04 2.875241690756590116e-04 2.414068964046322706e-04 2.063769341633062571e-04 1.790114042053319362e-04 1.614522889187150955e-04 1.429559072817350137e-04 1.236971651602279741e-04 1.081113943667818069e-04 9.284444826266688845e-05 7.644592722478996735e-05 6.069554015295021442e-05 4.657093502571299363e-05
6.858361746193557566e-04 7.887263288392523880e-04 7.942249471309626926e-04 7.257411246739365555e-04 6.190568970804174271e-04 5.145041546444773916e-04 4.225143314810870187e-04 3.504444504367001403e-04 2.880375039391632874e-04 2.417651409532257760e-04 2.065340044985606476e-04 1.790456774232679165e-04 1.614208162865571295e-04 1.427641155437679981e-04 1.237135661813258485e-04 1.085827742117314389e-04 9.367532960389403720e-05 7.770652666471570874e-05 6.110426519179559606e-05 4.672028955380693637e-05
6.841809882279851736e-04 7.868048110072137485e-04 7.924126497139701670e-04 7.237796263888255982e-04 6.167491441019284015e-04 5.123730351595407470e-04 4.206123964935319670e-04 3.491054276396253161e-04 2.872596633200675967e-04 2.412471124314423464e-04 2.065587994253392367e-04 1.788687134915088717e-04 1.610623489654671294e-04 1.420788340790939499e-04 1.230751392931488976e-04 1.079191814711128573e-04 9.291682788259081273e-05 7.691819253395740285e-05 6.118398307807151719e-05 4.722372571781382404e-05
6.847741745650660428e-04 7.878396236663354028e-04 7.928426241674674767e-04 7.243395318942094001e-04 6.168144981196539570e-04 5.125066984490023311e-04 4.202663315490099034e-04 3.485209853957042738e-04 2.867348981004358400e-04 2.408865185875770393e-04 2.065164530776115201e-04 1.791131483051538608e-04 1.615543126218227756e-04 1.428373690558026432e-04 1.237259146925624004e-04 1.089915348441930910e-04 9.410033385514167620e-05 7.792970556708925679e-05 6.152589135233823029e-05 4.709919426136955441e-05
6.856103953815811166e-04 7.881646579099132327e-04 7.933947880009360959e-04 7.247174131934177883e-04 6.177691506820372691e-04 5.134525963025505938e-04 4.214121803954161850e-04 3.499729100394384355e-04 2.878579431020130211e-04 2.413432948323168822e-04 2.063109381054449912e-04 1.787039049180031336e-04 1.608706121460714861e-04 1.421308288816821458e-04 1.233844175610276483e-04 1.084119735463888662e-04 9.310695153617228330e-05 7.656433819685198709e-05 6.056937850954490361e-05 4.611824182453078569e-05
6.845503590478700185e-04 7.872101578399858662e-04 7.930593792438894772e-04 7.241032239158779480e-04 6.175018969600472611e-04 5.131715215051845056e-04 4.211039323433826025e-04 3.495164396513964172e-04 2.876128693213562981e-04 2.417719682909470161e-04 2.066427895847286185e-04 1.790324585614980484e-04 1.612479115108858096e-04 1.419654976542408689e-04 1.234108335795995376e-04 1.084386730512419987e-04 9.323333058627179717e-05 7.700581563543566863e-05 6.113686758304229208e-05 4.736099431744611514e-05
6.841950493332340762e-04 7.879467732793213070e-04 7.936016199947918412e-04 7.247281387788714283e-04 6.181756343557734184e-04 5.135942401843228726e-04 4.211445364183072121e-04 3.491876099023625440e-04 2.872591170414106297e-04 2.410376673332338823e-04 2.060974861385600195e-04 1.790806927338757688e-04 1.609589827870573555e-04 1.422122297990305393e-04 1.234524505801277571e-04 1.084830456055751411e-04 9.352034271012340833e-05 7.730353064408570791e-05 6.089468030937121172e-05 4.678278735058492415e-05
6.846703824102255177e-04 7.879521315882683516e-04 7.929406843869866517e-04 7.246047421924390209e-04 6.177141436777800702e-04 5.133410652792074445e-04 4.212380886782725645e-04 3.495567382214584623e-04 2.876168064306807294e-04 2.418908791839842714e-04 2.067529578307742105e-04 1.790994524427607206e-04 1.610564856010267265e-04 1.424032665287891498e-04 1.235977022979034014e-04 1.083673482609777151e-04 9.304301211220325908e-05 7.720373146510217850e-05 6.130764221713777410e-05 4.718315240320213109e-05
