# gt_boosted (sum of gt_boosted from all patches except for one, different each time)
6.854465520225913036e-04 7.879536967676023648e-04 7.940183491026518020e-04 7.242056949756143927e-04 6.178375682121207881e-04 5.133936748614027724e-04 4.214952427081014759e-04 3.497818733736761322e-04 2.877254239262131037e-04 2.414122224123111012e-04 2.062987481666590469e-04 1.789279703829968872e-04 1.612127653245957039e-04 1.423579388830466860e-04 1.235023969083713473e-04 1.083919425860559464e-04 9.340632210943570200e-05 7.724262037672749112e-05 6.126441696130062551e-05 4.755927490838581304e-05
6.857483183754256540e-04 7.888155353689078452e-04 7.940773186339482401e-04 7.252730103157087023e-04 6.192075904255181376e-04 5.143546194134885610e-04 4.219097084461457571e-04 3.504623903281146717e-04 2.880942695636379823e-04 2.414037327715181660e-04 2.066188950632616731e-04 1.792356661994503155e-04 1.615399207890416797e-04 1.427872821619530772e-04 1.240156884449194509e-04 1.087886175266333062e-04 9.379145627860437388e-05 7.797962399008135964e-05 6.186072051665822587e-05 4.742361105486187119e-05
6.858747713785501732e-04 7.886593487353005510e-04 7.942174198639094301e-04 7.252530432480066604e-04 6.191071181580477248e-04 5.143032411409517420e-04 4.222836613406163531e-04 3.505640656534285892e-04 2.886241093329256001e-04 2.419902672840329113e-04 2.066745758143763304e-04 1.793593997825131939e-04 1.617607231014470701e-04 1.429771787251691553e-04 1.240894813517251049e-04 1.088339639294326586e-04 9.375336647485359176e-05 7.767772637695428083e-05 6.157179022604144668e-05 4.728084344210228807e-05
6.849002065779558101e-04 7.877080061775953556e-04 7.931213995315606518e-04 7.239405005310565544e-04 6.176142390104228351e-04 5.127358161321609329e-04 4.206744389510102015e-04 3.488976699396991246e-04 2.873566352628266138e-04 2.410653308312001052e-04 2.058492863982045232e-04 1.787672877037295785e-04 1.611100392885812121e-04 1.424901992661713798e-04 1.234872892677357737e-04 1.085711329308597888e-04 9.345927144302200473e-05 7.776726685347863449e-05 6.146771944327355066e-05 4.652224273937067688e-05
6.853408106463257767e-04 7.892266608918967327e-04 7.945702500649933202e-04 7.249270830556215099e-04 6.183244907466238505e-04 5.135059609753500056e-04 4.212882922584170343e-04 3.495443734551423255e-04 2.879073748352839121e-04 2.418445743858699596e-04 2.070711807256814599e-04 1.794637627260945627e-04 1.613592919435789016e-04 1.425775676060846522e-04 1.235729718482791138e-04 1.086045398258636763e-04 9.364744349069305566e-05 7.745017368602087312e-05 6.119921169446932189e-05 4.675239900657058407e-05
6.855230996104410461e-04 7.889272517734265740e-04 7.941383007485418527e-04 7.252118048359781563e-04 6.191150345203321739e-04 5.145130155270249495e-04 4.223305055656863239e-04 3.505290045620233709e-04 2.883903669317829403e-04 2.419941600004613537e-04 2.068398633957964025e-04 1.794459923244652751e-04 1.618234221958870687e-04 1.427713340891606389e-04 1.240599364432411601e-04 1.087871656682321036e-04 9.383912634455769393e-05 7.812209924794391049e-05 6.216734249909248533e-05 4.760388337573630074e-05
6.852568202340077489e-04 7.885186956952220131e-04 7.934093829694525025e-04 7.247221231558443732e-04 6.183475632351843974e-04 5.136859210549729040e-04 4.218483433425939430e-04 3.502968369237565295e-04 2.881704516445093628e-04 2.416382348520720543e-04 2.065565645867590368e-04 1.794486467654069037e-04 1.618611467753819019e-04 1.427086308134795935e-04 1.241277825760527334e-04 1.088146201339576589e-04 9.322173483449771540e-05 7.706490700504196076e-05 6.050689757544328474e-05 4.624245305631935070e-05
6.859488072152758768e-04 7.889268070178464447e-04 7.938159655761724189e-04 7.245031804257987982e-04 6.180082551560922956e-04 5.134619007759430890e-04 4.216963811628073673e-04 3.503740821100428081e-04 2.884636508416491083e-04 2.419114375890666887e-04 2.065743720488322579e-04 1.793105324940556745e-04 1.614018618445290472e-04 1.426577919291245448e-04 1.236416380798567105e-04 1.086139029860706942e-04 9.345900595650026782e-05 7.728038901596199996e-05 6.128119772942578066e-05 4.676492289268858245e-05
6.849903622154078541e-04 7.885418725235744664e-04 7.933892917353176826e-04 7.237048867638946632e-04 6.178587111880841105e-04 5.133268042565905086e-04 4.208248737283980440e-04 3.492433467912244840e-04 2.876681817548931838e-04 2.415298381704468781e-04 2.060490884358967404e-04 1.788519767360017296e-04 1.614338446072851501e-04 1.426336007232768691e-04 1.235342899411368412e-04 1.083558235386978906e-04 9.321465852138102618e-05 7.689524159447310705e-05 6.041645719441731993e-05 4.568199536291250667e-05
6.852656334557216938e-04 7.877753098487289213e-04 7.927346030697061691e-04 7.237728638375260553e-04 6.173389238612481816e-04 5.126908664803917761e-04 4.208580394460048136e-04 3.497017151428562340e-04 2.878084687292983422e-04 2.414262885029001067e-04 2.070046512394175078e-04 1.796074773673887585e-04 1.617719518488665786e-04 1.433648755307393168e-04 1.244749657202363241e-04 1.090397165059514507e-04 9.407846391904891767e-05 7.775535119242002425e-05 6.158994078758456400e-05 4.728785403551678183e-05
6.850711038449695030e-04 7.882557716642431050e-04 7.932637873318661506e-04 7.240724012361790226e-04 6.179062197304769667e-04 5.136684258693582266e-04 4.217891810815359386e-04 3.501907833262137416e-04 2.882293779373319102e-04 2.417243288967096363e-04 2.063737220367541818e-04 1.789290490110962957e-04 1.614418728819488110e-04 1.425946145006575091e-04 1.235603811851511955e-04 1.082245374536973230e-04 9.329294270970389267e-05 7.754263440325070034e-05 6.115498659281328234e-05 4.687529421452793141e-05
6.858342200477319552e-04 7.877790756561555557e-04 7.935899037667581892e-04 7.246136390477038967e-04 6.184271484767450656e-04 5.135610716775072977e-04 4.213909601550994729e-04 3.497853485303905555e-04 2.875919182859737553e-04 2.414610887852443452e-04 2.069528979829162363e-04 1.792146015827678356e-04 1.614497121419409631e-04 1.424080888786478320e-04 1.237533568905804218e-04 1.087000335448105783e-04 9.344276118862232387e-05 7.739086827084498221e-05 6.134258237245863055e-05 4.712838686508505164e-05
6.843690568822302558e-04 7.882591816756365872e-04 7.926598998744743352e-04 7.242588085987329777e-04 6.181893713457182809e-04 5.136823431305602124e-04 4.212287057899827725e-04 3.495347521965438530e-04 2.876603701844684404e-04 2.414569152353905949e-04 2.064316375366348694e-04 1.790328982798075554e-04 1.616578464721634952e-04 1.428523217012214145e-04 1.241822903784131258e-04 1.087963714712513895e-04 9.357624584488696904e-05 7.772103752984583201e-05 6.153578144291737293e-05 4.701200589078973776e-05
6.855792427151759369e-04 7.889387210151273646e-04 7.940546170472782741e-04 7.247952861927601121e-04 6.187093256960485288e-04 5.147226559534964991e-04 4.224051912046233067e-04 3.501777483151833291e-04 2.884942378262972634e-04 2.416516017329864170e-04 2.064769778412980927e-04 1.794447728923032027e-04 1.616394335406049886e-04 1.427836107167829226e-04 1.239221357157691862e-04 1.086559472804263503e-04 9.331479351098441336e-05 7.724834857899497674e-05 6.096638403065276286e-05 4.641956546325139512e-05
6.862186739262413591e-04 7.894413599846612133e-04 7.944019654287954191e-04 7.251003707199096381e-04 6.184731646130454431e-04 5.138868365851872663e-04 4.218630718517997610e-04 3.501226012345088679e-04 2.883688148252848285e-04 2.419678146795529539e-04 2.072344211408808372e-04 1.798320133159716117e-04 1.621607175056808520e-04 1.435671208167006545e-04 1.244235649820735743e-04 1.091428353156595845e-04 9.420193726684017747e-05 7.806378425626194330e-05 6.191145529698527774e-05 4.752951559514842928e-05
6.852252881089446060e-04 7.887602914547675505e-04 7.939194827119493234e-04 7.247869458291515948e-04 6.184725901086297233e-04 5.135023381291727636e-04 4.213502177017326949e-04 3.497519741016662242e-04 2.879839835801116282e-04 2.416196477058812442e-04 2.067430018191161289e-04 1.793108379166799050e-04 1.615881773794243797e-04 1.425769686853809847e-04 1.236869926188636994e-04 1.081260213824500381e-04 9.330685128774020114e-05 7.722381121299050127e-05 6.117799939351607774e-05 4.675946824260042515e-05
6.845157613698042405e-04 7.878754842143383856e-04 7.930657477565509301e-04 7.234091627700027158e-04 6.174162949162879770e-04 5.131959993738433728e-04 4.211934740381401664e-04 3.496002206142441991e-04 2.878306429603001682e-04 2.413060438890176609e-04 2.060079194805306631e-04 1.785452213370072676e-04 1.607061265672111278e-04 1.417033827960844034e-04 1.230633855743123843e-04 1.073924241367442444e-04 9.219564222428767379e-05 7.609547221389227894e-05 6.029663007263461689e-05 4.655841230357350219e-05
6.856632257267787243e-04 7.893881730897739845e-04 7.947609766835851772e-04 7.256329240209468149e-04 6.190009801231960125e-04 5.143410736466850781e-04 4.221001872800842500e-04 3.498652084442242685e-04 2.877789709607756299e-04 2.415526950929534856e-04 2.063339002306114418e-04 1.788614036608997032e-04 1.609615950532089295e-04 1.420195811147758030e-04 1.232007337670730485e-04 1.079158133372271977e-04 9.279048689313150965e-05 7.722690826152846916e-05 6.115131415863295727e-05 4.705288712118532480e-05
6.852692361926970887e-04 7.888633420542366052e-04 7.937042976848231917e-04 7.247575043220353319e-04 6.183913248782944416e-04 5.141931305503563612e-04 4.218481182467980991e-04 3.499620339760433274e-04 2.880595971260546174e-04 2.417657225938786808e-04 2.070173179066610791e-04 1.800894549404666767e-04 1.621467239896714390e-04 1.433664659565211117e-04 1.240105823716639412e-04 1.085962069130950579e-04 9.368351910471257491e-05 7.767190953878004838e-05 6.156724115249367370e-05 4.712681445346759502e-05
6.849925677791766920e-04 7.885069959139346697e-04 7.937731503575251547e-04 7.248157819202269902e-04 6.183833647328442059e-04 5.135054723953352352e-04 4.219180772408993537e-04 3.503921546978658883e-04 2.884884667818942718e-04 2.418705130364246360e-04 2.065954319501240352e-04 1.790174212371533778e-04 1.613750429181599172e-04 1.426408107828437525e-04 1.237432169628364205e-04 1.087175287507057046e-04 9.375077749529266396e-05 7.781445955395330618e-05 6.152540648561954212e-05 4.699910205039882033e-05
6.857974384863257337e-04 7.883675924723001658e-04 7.933668271917586595e-04 7.242324255312806774e-04 6.177419011437491328e-04 5.132479162950248685e-04 4.213133720186049234e-04 3.498371251792262832e-04 2.881461423866620063e-04 2.415013932552399810e-04 2.067312183468340858e-04 1.792046921904404100e-04 1.613822319113805150e-04 1.423238355243188120e-04 1.235789067914795799e-04 1.083730060550881265e-04 9.312763588503502113e-05 7.676685697592200517e-05 6.027140839430813031e-05 4.638403322905361827e-05
6.853759531958890849e-04 7.888454302599003402e-04 7.936634886604360161e-04 7.250237075472943955e-04 6.184175628979782409e-04 5.143751374003330485e-04 4.221542740297670824e-04 3.507767085498330814e-04 2.887908170302570668e-04 2.421808184811363165e-04 2.068619894058836624e-04 1.794048830199188548e-04 1.615088411181673980e-04 1.424083251353138368e-04 1.230423194602654161e-04 1.078909944416072249e-04 9.277220410063774308e-05 7.653317005475450581e-05 6.039908927261288424e-05 4.621314933745673402e-05
6.863020441673005302e-04 7.882733611086808600e-04 7.928088269216320696e-04 7.239901834554305195e-04 6.175336234681040462e-04 5.125131311777264814e-04 4.206905319649485850e-04 3.494416481342753930e-04 2.877263863558050176e-04 2.412107634757158379e-04 2.063544276879656736e-04 1.786714450524851648e-04 1.612149727484642084e-04 1.427170049207202669e-04 1.238450566850218338e-04 1.083188572573969070e-04 9.287014071395188058e-05 7.682043495718504221e-05 6.047124880419312698e-05 4.651364142000781259e-05
6.854498498576156807e-04 7.883172000714261905e-04 7.938492692608894183e-04 7.246100111222124069e-04 6.183593514967988640e-04 5.134812794783826960e-04 4.213772583450376514e-04 3.494649927853039038e-04 2.882156075320982283e-04 2.420315405797806468e-04 2.069976035426491232e-04 1.793375667495991632e-04 1.617091524681250458e-04 1.426021535572166124e-04 1.236427509593266034e-04 1.084994582093328278e-04 9.364142224558827312e-05 7.750846525828693830e-05 6.140000434282884615e-05 4.704427108878298506e-05
6.852444216250789264e-04 7.882063230904595057e-04 7.930352809009567775e-04 7.243865973702430473e-04 6.179532393074830881e-04 5.131365258647302072e-04 4.211828082224419148e-04 3.493893483270733738e-04 2.874389795123546846e-04 2.410853525944070541e-04 2.057400186593658466e-04 1.786162375339930841e-04 1.614675511282307710e-04 1.424090895011603873e-04 1.235641759522443904e-04 1.088755059230610712e-04 9.377275353723224180e-05 7.739849808154473823e-05 6.173983787302634457e-05 4.740798813603789381e-05
6.847784684398656009e-04 7.884548329194303231e-04 7.929359096227054293e-04 7.238909694305607117e-04 6.178476321891628173e-04 5.132982805214576566e-04 4.211111606616427358e-04 3.495114011353540407e-04 2.879863973737612870e-04 2.416198490365212021e-04 2.066684461999173403e-04 1.792025983079040036e-04 1.615410382543058549e-04 1.426964947229020936e-04 1.236938821865572269e-04 1.084129330394538633e-04 9.302594365025870717e-05 7.656441332022520746e-05 6.073192386411919758e-05 4.657245983739227870e-05
6.852514778928578843e-04 7.885283605196203791e-04 7.936699570408248380e-04 7.241716944233611694e-04 6.177411648884096685e-04 5.131254923665321118e-04 4.212240447574947932e-04 3.498200215524857972e-04 2.881891100967993546e-04 2.418336339942422778e-04 2.068373653845728027e-04 1.794055696943249660e-04 1.609250776274107877e-04 1.420113795062596354e-04 1.233609671245686462e-04 1.082587948528932544e-04 9.343301497470287223e-05 7.774626960125390301e-05 6.193727114104307600e-05 4.717082710084842669e-05
6.856794954718671131e-04 7.885557199939788537e-04 7.939731408600194046e-04 7.243188044797020924e-04 6.179246722467723017e-04 5.126783738913145289e-04 4.211269898212929288e-04 3.497420376048487054e-04 2.879367040845842306e-04 2.414044524641451115e-04 2.065156860061406166e-04 1.796369099115500772e-04 1.613590528969121630e-04 1.428273523826556815e-04 1.231316588019808341e-04 1.079177230010395887e-04 9.271421011712528476e-05 7.688641865841958642e-05 6.100567592712007774e-05 4.686198476331357530e-05
6.851834793616230030e-04 7.883762030104362901e-04 7.940244182114568382e-04 7.241944995684385360e-04 6.183204574903114785e-04 5.138927910244339486e-04 4.216264471583004909e-04 3.499784091253623614e-04 2.885190310528721810e-04 2.419757196559475321e-04 2.068236250492837833e-04 1.793014192318237183e-04 1.616000332124109551e-04 1.425549920961249558e-04 1.232632431851184748e-04 1.081602198566601207e-04 9.324773508839955753e-05 7.778124712057754749e-05 6.200271816286437570e-05 4.764914767853935712e-05
6.846868861837981067e-04 7.888713654487021325e-04 7.941437674362728178e-04 7.244585578321012390e-04 6.180229316766442261e-04 5.139826759760414854e-04 4.219392066748307055e-04 3.499241271913193182e-04 2.880097295288390176e-04 2.419553395144513803e-04 2.072381382485249295e-04 1.798095587471303092e-04 1.620822704435197356e-04 1.431422640149351778e-04 1.241378383205108500e-04 1.089245397324949740e-04 9.343156185044636979e-05 7.768535449726708425e-05 6.182464140893751509e-05 4.733776139946771678e-05
6.852335554471376561e-04 7.888267301551185086e-04 7.939813147199278800e-04 7.248978382624245978e-04 6.190803085970244960e-04 5.143617101611954378e-04 4.222703189185591848e-04 3.506727247560354659e-04 2.883986873551232168e-04 2.419798957093713062e-04 2.071022753234154031e-04 1.797338678945556022e-04 1.619937096312377837e-04 1.430981547132527930e-04 1.238127490926559874e-04 1.085091032289514429e-04 9.350524696997140374e-05 7.705510690957762627e-05 6.086618411253052222e-05 4.661181606927155749e-05
6.860971461546452313e-04 7.883581858421173736e-04 7.942699866591419831e-04 7.255144404441648837e-04 6.189716443985141025e-04 5.139226237391161193e-04 4.219106371879214083e-04 3.502316871025419110e-04 2.878259064731827736e-04 2.412667802175158017e-04 2.063343074127454264e-04 1.788954124058191714e-04 1.611757041371336653e-04 1.423084296832927511e-04 1.230805172450447223e-04 1.080029796273561908e-04 9.337768629404725096e-05 7.748961525378883692e-05 6.135031940988779455e-05 4.735275264779856730e-05
6.850469592954263253e-04 7.873027312444441520e-04 7.927964088338326906e-04 7.238221139061819546e-04 6.174447832659681230e-04 5.129048725758283316e-04 4.208646488791695402e-04 3.496951822942149526e-04 2.878171644108362356e-04 2.409875556287313268e-04 2.060772850811055446e-04 1.794185462135956300e-04 1.614554711834737129e-04 1.426440175268294192e-04 1.237778946234244584e-04 1.088556677302350778e-04 9.352810008881432837e-05 7.760686032059505317e-05 6.101345746690133541e-05 4.686764320977057841e-05
6.861239309847697075e-04 7.894145231090478332e-04 7.942682717919376896e-04 7.249436096529612806e-04 6.186854537954050107e-04 5.141696044364823951e-04 4.219810198706411405e-04 3.501769659681914517e-04 2.881739456582853146e-04 2.415749304784113496e-04 2.065798440830047200e-04 1.792868342794394683e-04 1.618846845920763841e-04 1.429035468495028520e-04 1.237828311931660414e-04 1.085111744098335044e-04 9.332207588284770639e-05 7.713326892687284448e-05 6.096300073103249554e-05 4.671368286980889453e-05
6.852608416254905811e-04 7.877946714266658660e-04 7.926492495417971447e-04 7.238685456003382535e-04 6.176131683485486809e-04 5.134427937266180901e-04 4.212577653232399714e-04 3.494529733767045296e-04 2.867070496105597784e-04 2.408215305269987465e-04 2.065128358139838103e-04 1.794893200182115175e-04 1.614898085539278163e-04 1.425681667165972410e-04 1.237364240242597104e-04 1.088757476807518691e-04 9.375507722796859412e-05 7.797718309399168481e-05 6.182274691649517092e-05 4.720542312795601909e-05
6.856234913894195026e-04 7.893663500712914038e-04 7.951157094177422084e-04 7.254906149291366580e-04 6.188374643695406614e-04 5.140334271903860414e-04 4.217814888916618875e-04 3.499852000111394637e-04 2.880663557391688790e-04 2.417827034188758646e-04 2.068816145983502536e-04 1.795490788443679223e-04 1.618794118611223821e-04 1.435451516408787771e-04 1.242315312087019280e-04 1.088599056091915689e-04 9.367840602774542193e-05 7.713335938599966016e-05 6.120263566917963501e-05 4.697933940563898877e-05
6.849179918352159020e-04 7.880241901783408649e-04 7.930710679602241556e-04 7.233578898160511299e-04 6.175981560832731693e-04 5.126545829249030918e-04 4.202648927943746708e-04 3.488108218602057210e-04 2.871405118057621239e-04 2.411396963198766735e-04 2.063473639676779720e-04 1.790162139214097697e-04 1.614716062072544785e-04 1.424978954773795862e-04 1.237407327627781668e-04 1.084120073707662066e-04 9.388665149601165471e-05 7.825545573347971037e-05 6.204602015166627374e-05 4.714343112777228897e-05
6.852376757718578503e-04 7.883123932336240456e-04 7.939669418749320052e-04 7.246284581771784365e-04 6.186448019053730589e-04 5.142498082850406127e-04 4.220807269285768194e-04 3.501329107748394048e-04 2.881481467012474563e-04 2.418979949439306338e-04 2.067473131556172054e-04 1.793163190997612111e-04 1.617305270515203858e-04 1.430000727369765503e-04 1.239253949784453670e-04 1.085325203577683730e-04 9.341337886801842801e-05 7.725443140217243764e-05 6.131566880629921981e-05 4.726854740383290354e-05
6.848911090267044118e-04 7.885247601700027652e-04 7.931814231507814577e-04 7.241858313180323361e-04 6.173992748949800723e-04 5.129806718921933696e-04 4.211474265393782244e-04 3.498443196369631445e-04 2.877305146263612039e-04 2.411222159553800160e-04 2.060749177634972444e-04 1.787811418507062112e-04 1.610891547574180914e-04 1.425271505732141476e-04 1.237121909651480974e-04 1.087168997776615247e-04 9.400591569644677428e-05 7.771103615279686321e-05 6.128736587391644789e-05 4.691356473895997870e-05
6.861893277732665627e-04 7.896922671138757645e-04 7.945140159275952511e-04 7.253679189706246228e-04 6.190094214567126371e-04 5.140242544658284781e-04 4.219680903957397176e-04 3.503349782814548104e-04 2.885456738176909574e-04 2.421509278649882160e-04 2.073560025509968332e-04 1.797098973334969600e-04 1.618092008372964009e-04 1.429937844125937221e-04 1.238042724891619945e-04 1.087320111859479759e-04 9.359134894621867328e-05 7.767526442596271122e-05 6.179302295234362146e-05 4.748238780053883686e-05
6.850724974936876332e-04 7.886528394808499983e-04 7.940500864654525572e-04 7.247168224872475037e-04 6.187464664992503496e-04 5.140796958811133348e-04 4.217131646112391285e-04 3.500125566445217861e-04 2.878662494713130852e-04 2.417999681160581656e-04 2.071327430014699010e-04 1.796190425932656684e-04 1.618801243584650016e-04 1.428736980684074261e-04 1.241573268601543778e-04 1.089682180616726592e-04 9.375063407234260685e-05 7.738426692099828745e-05 6.126132563559118650e-05 4.702861031993491481e-05
6.849812186153929122e-04 7.886698695686411402e-04 7.934380026748462812e-04 7.242011105871024642e-04 6.182142078860590213e-04 5.136526518327450821e-04 4.218588691279891406e-04 3.497555505819904148e-04 2.878422078704686812e-04 2.412146396848988399e-04 2.065800029174488252e-04 1.791221129473285838e-04 1.614890887409023608e-04 1.423337488802739221e-04 1.233326208070497873e-04 1.080942551077282080e-04 9.302134276916383096e-05 7.693969218871609739e-05 6.113062525376585551e-05 4.649296148232684212e-05
6.853819151585028961e-04 7.885472042361497047e-04 7.940481258425335486e-04 7.246643141779014405e-04 6.182167353854191088e-04 5.140187182637592170e-04 4.219544199741468685e-04 3.498633370622848291e-04 2.875600905051871846e-04 2.412224677091579720e-04 2.065186369126844755e-04 1.791955713704205080e-04 1.612060647323697749e-04 1.420280963066732646e-04 1.230234827707405571e-04 1.079091882820015211e-04 9.330376452081225571e-05 7.766236864244304469e-05 6.167306018218785045e-05 4.713326741587676625e-05
6.863128950819156072e-04 7.891058795462221106e-04 7.943724228488976101e-04 7.251612519477906383e-04 6.187827973233051568e-04 5.139206896243818639e-04 4.217726735368051050e-04 3.504200771366451032e-04 2.881767138397985377e-04 2.416417014127816289e-04 2.067653699515939122e-04 1.796888583664108593e-04 1.616369220886522005e-04 1.428376932482577238e-04 1.236953511168643438e-04 1.084644113184998055e-04 9.338621912374126357e-05 7.741697381604354257e-05 6.123802289395829370e-05 4.684311095164901705e-05
6.858493487689922962e-04 7.894033393920120434e-04 7.941149484794163792e-04 7.250029758690444085e-04 6.186712920085886414e-04 5.137419044914115236e-04 4.218958703593832368e-04 3.497877411792975734e-04 2.880411710762848681e-04 2.419122334566469964e-04 2.066359723894031178e-04 1.793109031233193636e-04 1.613693506659932245e-04 1.422682256500884589e-04 1.234468771200753390e-04 1.086928191725679765e-04 9.362248933533396408e-05 7.771723443131920719e-05 6.154176394345622317e-05 4.737619459705045042e-05
6.856768703887486773e-04 7.888290949935018942e-04 7.938353236758491490e-04 7.241796141787851205e-04 6.181224241653681143e-04 5.135686193433100901e-04 4.215278900233286282e-04 3.498127941846916611e-04 2.877557543537723173e-04 2.414447391148305110e-04 2.063427900973394526e-04 1.790560484440522108e-04 1.615181635267408486e-04 1.425149201928605739e-04 1.238233016143722143e-04 1.088444688091974664e-04 9.396088876452714472e-05 7.790777083533524368e-05 6.165492792713758361e-05 4.744813422200950756e-05
6.858192194850739427e-04 7.890882185895967994e-04 7.946967554983312221e-04 7.252869718538042547e-04 6.182515864648524843e-04 5.138223380332829389e-04 4.213078968414084801e-04 3.491208706841931650e-04 2.872163194213500160e-04 2.408590307939998429e-04 2.057438629261544810e-04 1.780570624544657455e-04 1.602413684799504497e-04 1.418199649345652260e-04 1.230027398863807995e-04 1.079281994427380280e-04 9.281201107775988971e-05 7.705371071496857564e-05 6.140509851637605918e-05 4.745236557632532117e-05
6.850878665216332238e-04 7.877837798526041678e-04 7.937330667466826421e-04 7.248918095725156562e-04 6.186109285327115632e-04 5.139124144584787625e-04 4.215328441305848917e-04 3.498982934881856481e-04 2.874400908085024539e-04 2.411026419604567813e-04 2.063252522401212740e-04 1.789799737672142783e-04 1.612886914058545441e-04 1.424008118481184543e-04 1.233062829027394849e-04 1.082536959068742898e-04 9.329193038318134312e-05 7.721891515398817199e-05 6.118382019278535266e-05 4.689543713633105690e-05
6.850763382739516677e-04 7.885685392859453436e-04 7.938741166593124956e-04 7.245622399963646794e-04 6.181619068899737003e-04 5.140789381662444046e-04 4.219460728787201233e-04 3.503691805569998045e-04 2.883114673515333121e-04 2.420056299496603860e-04 2.072204898244877312e-04 1.793769909748359345e-04 1.611188496959162187e-04 1.421236133060538320e-04 1.234537752315544457e-04 1.083050207055717793e-04 9.356768037881866759e-05 7.785893207336691926e-05 6.160902435488959132e-05 4.753288429203251462e-05
6.851993523782252829e-04 7.876155270470178724e-04 7.934423106842370147e-04 7.237751306320551557e-04 6.177516735574090003e-04 5.133213692496511058e-04 4.214668182519388682e-04 3.497271575710731947e-04 2.881471986181666635e-04 2.418494299232747504e-04 2.066041495799767304e-04 1.789197912088493186e-04 1.611545284132506241e-04 1.424892683796838303e-04 1.233683808110436165e-04 1.084644370115664305e-04 9.367870397194191746e-05 7.752811964471489187e-05 6.100927228736748313e-05 4.689206082671547467e-05
6.862783264984914557e-04 7.890600151951431690e-04 7.942227738694960723e-04 7.246647535474333001e-04 6.184270520527742612e-04 5.137657495539066929e-04 4.214771056951595644e-04 3.498545617017574552e-04 2.879349246477634649e-04 2.414497526871290127e-04 2.065503829100837736e-04 1.791829635594595772e-04 1.613154394060415373e-04 1.423064005625073738e-04 1.235378098259761685e-04 1.083286115052388849e-04 9.312456130899392551e-05 7.724985440412345233e-05 6.137401738599415960e-05 4.694472665486238371e-05
6.854162554595917382e-04 7.886491240525610744e-04 7.941449027126705560e-04 7.254247194000505022e-04 6.195574218264343147e-04 5.146530604103839506e-04 4.223719695430185137e-04 3.506216649001246124e-04 2.883601481899187614e-04 2.420164090408021603e-04 2.069957667553914851e-04 1.797800444778839578e-04 1.621918009168119902e-04 1.432149847352434224e-04 1.240767482932091169e-04 1.087651800397698015e-04 9.369319068671457277e-05 7.745743533552446557e-05 6.107319394731839984e-05 4.668415257138574409e-05
6.858550123164987040e-04 7.890667627893982114e-04 7.944114470523718679e-04 7.252896998109847155e-04 6.192871963693268814e-04 5.146260722323476146e-04 4.221234680423171398e-04 3.503326851950320261e-04 2.883590390546240858e-04 2.417505256175139176e-04 2.070778353280160774e-04 1.799325966629918255e-04 1.620590430360603802e-04 1.429969708154683774e-04 1.242182782169698300e-04 1.089592462162106666e-04 9.384499183651746239e-05 7.780918803518301866e-05 6.179585151202124035e-05 4.741947006862054482e-05
6.850551749651899664e-04 7.884840632468778903e-04 7.933024762804547067e-04 7.241664730727832497e-04 6.180326919367481542e-04 5.134016661480036471e-04 4.212297932995537212e-04 3.496271468515941769e-04 2.882219695317488474e-04 2.419367209684449612e-04 2.063437134932157892e-04 1.787107320023043403e-04 1.610000738055140110e-04 1.423066282406940618e-04 1.233260746964435475e-04 1.081548752988955063e-04 9.300072505607954478e-05 7.709626586605433250e-05 6.094746948500985334e-05 4.632843896008943568e-05
6.858229031841445470e-04 7.893066743700776107e-04 7.945353969792231163e-04 7.256154291172943081e-04 6.189543321573211894e-04 5.143207128668139411e-04 4.219271249724012435e-04 3.506328834189539022e-04 2.883754288871708980e-04 2.420104358129438339e-04 2.071146896832950623e-04 1.796832801195905082e-04 1.621207386179157985e-04 1.430910267391815097e-04 1.241882872515604125e-04 1.087068580869851060e-04 9.358968536747116487e-05 7.724320556131549300e-05 6.097253335159297114e-05 4.652771612110798019e-05
6.844385279333892744e-04 7.887433868195250402e-04 7.935051466592151674e-04 7.241551491518459114e-04 6.182246464962960677e-04 5.138918587000081703e-04 4.216583201563258148e-04 3.499281634376045429e-04 2.878433823652867059e-04 2.409553198722317019e-04 2.061562106605200164e-04 1.792801851401334533e-04 1.614965533231146357e-04 1.424315636281774610e-04 1.238034372248847631e-04 1.084963068785451442e-04 9.363111212127069461e-05 7.751987246627002083e-05 6.149611984400067189e-05 4.717473129268173065e-05
6.854947606448160476e-04 7.889482529404587621e-04 7.944370293131421340e-04 7.252193045982915053e-04 6.191955666673491223e-04 5.141706966212787741e-04 4.218710305677218970e-04 3.502000728103349652e-04 2.882302974192688973e-04 2.420944707921115569e-04 2.071130639391211762e-04 1.797066860617052932e-04 1.618449606316386524e-04 1.432024163840764309e-04 1.240703065888062865e-04 1.089190911591914204e-04 9.377999428750543568e-05 7.754749529292294852e-05 6.105587778942014778e-05 4.662174837288315390e-05
6.844364944620717284e-04 7.884880046288613711e-04 7.936885233741182086e-04 7.245326943478445827e-04 6.181097989907931647e-04 5.135288215125429628e-04 4.216137388670016428e-04 3.498474932962682810e-04 2.880111408219673320e-04 2.415125949315496772e-04 2.065070377813894604e-04 1.791411154231140306e-04 1.613834091282926014e-04 1.425218520261849566e-04 1.235363775797543729e-04 1.081521568858301909e-04 9.321306818271788449e-05 7.715433278456935138e-05 6.082787632767400633e-05 4.669263603129982502e-05
6.854511683326312615e-04 7.888680205490552653e-04 7.940627417756685597e-04 7.240974801476677625e-04 6.181504145776052462e-04 5.133237002321314928e-04 4.212037732101787035e-04 3.495084627366887580e-04 2.878553534243785228e-04 2.417870408879690979e-04 2.070109092192472667e-04 1.797953207430520815e-04 1.616836935071604207e-04 1.426625213842469173e-04 1.239678268665096435e-04 1.088823613817982574e-04 9.387660407863690503e-05 7.757312768013620947e-05 6.130415169734410670e-05 4.698270383819994013e-05
6.843893383204016244e-04 7.876790560626977834e-04 7.923759217417258079e-04 7.237281762662284811e-04 6.176212947867440071e-04 5.127373900196342989e-04 4.208196372233073343e-04 3.495726790934890497e-04 2.879285226144742780e-04 2.417456104663920878e-04 2.065895831833558245e-04 1.794522827641668200e-04 1.616170680436962144e-04 1.429886250758901712e-04 1.239817607442437813e-04 1.088833703821615127e-04 9.359501133954428113e-05 7.729951852481377740e-05 6.138476145887043843e-05 4.712313762212167525e-05
6.848526956913083890e-04 7.882123799940383459e-04 7.930237461780775647e-04 7.242181863736557633e-04 6.182913010721660923e-04 5.137655211396020783e-04 4.211085493387675704e-04 3.495159663876053592e-04 2.874621306003442259e-04 2.412734786524206425e-04 2.066618970624025157e-04 1.791594142877192260e-04 1.615995865989184287e-04 1.426086682401709216e-04 1.231973022194188358e-04 1.081526501116619499e-04 9.311522605534445205e-05 7.712517623767146068e-05 6.106615262034385426e-05 4.692156514153445439e-05
6.864494417109804009e-04 7.895124516576867545e-04 7.939138396174620768e-04 7.250741730751190462e-04 6.185792602906440337e-04 5.140725866536269024e-04 4.218359836285863126e-04 3.502334642064225748e-04 2.883529548630097534e-04 2.417766168712312308e-04 2.068560378799677709e-04 1.795645244398323312e-04 1.617490749300371227e-04 1.429131742939695755e-04 1.239810737802202190e-04 1.088581095334991805e-04 9.367560269039886271e-05 7.763394161283278358e-05 6.152377461073121683e-05 4.696318559803552037e-05
6.857941990108604039e-04 7.889749572927365210e-04 7.943382454260302034e-04 7.249339911736901948e-04 6.188543981360308246e-04 5.140733554324716315e-04 4.218490396714348308e-04 3.501180954632061447e-04 2.878489519771805700e-04 2.417670210685396990e-04 2.069772136545450995e-04 1.795426144302243743e-04 1.619400352627239047e-04 1.431499867573253395e-04 1.240599014383025423e-04 1.088410505443200283e-04 9.363025328098620076e-05 7.759926838613334535e-05 6.155804621906330813e-05 4.722343732971413457e-05
6.858189339295034338e-04 7.893289077688505967e-04 7.943024175398261588e-04 7.253406366965564709e-04 6.189419458298213873e-04 5.142470275388374328e-04 4.217991901896831126e-04 3.501523399373486197e-04 2.882045179837310154e-04 2.415800726357468107e-04 2.063943324115924090e-04 1.790746561037073205e-04 1.611463150878843372e-04 1.425416425890464972e-04 1.232510062451757120e-04 1.079497062195192039e-04 9.293240885746075635e-05 7.689323765085111662e-05 6.089436908427241869e-05 4.694582207652706242e-05
6.851910962656000172e-04 7.881419730615449835e-04 7.925583269213327346e-04 7.240035275051073848e-04 6.176967288702452357e-04 5.134348219915849370e-04 4.213322045732691428e-04 3.497064956430399863e-04 2.878848707989707699e-04 2.417700402036835738e-04 2.061878860776105186e-04 1.788230843260420178e-04 1.612273102869910674e-04 1.424442717702496764e-04 1.242468491723075334e-04 1.088200856644269731e-04 9.332606800814488579e-05 7.748099831033162849e-05 6.164681093481078327e-05 4.719475063427994892e-05
6.849968302965164357e-04 7.885245063401283283e-04 7.937847844904899995e-04 7.239870149342048523e-04 6.171056434553997020e-04 5.125882626324971495e-04 4.206451884487133757e-04 3.492748626349781015e-04 2.873563281251634381e-04 2.413340003697515422e-04 2.065384305688528497e-04 1.791188979155875882e-04 1.614457294358338617e-04 1.425863106652893310e-04 1.235887666357263334e-04 1.085808038608271131e-04 9.348115821398331833e-05 7.739566601279322851e-05 6.148929955876348966e-05 4.735095239937372037e-05
6.853136482453280791e-04 7.887219629079964336e-04 7.938676849816314954e-04 7.245815797432121706e-04 6.175487330647554812e-04 5.129589714634520984e-04 4.209050959297376874e-04 3.498803312725282393e-04 2.883143084464497691e-04 2.414735673038639571e-04 2.063003061930755060e-04 1.791480815900604591e-04 1.614005667418217597e-04 1.425230172517291292e-04 1.235110217843574164e-04 1.081890183553185303e-04 9.305738205776721865e-05 7.692706123304778390e-05 6.088870466217956301e-05 4.655781396514598503e-05
6.856064364277899116e-04 7.888571372746614862e-04 7.940533788093481152e-04 7.247736437787929238e-04 6.185954078875001384e-04 5.136716386282621930e-04 4.213972912661029832e-04 3.495789154950769569e-04 2.877573626794621220e-04 2.418076246424249131e-04 2.066230453291170504e-04 1.794140757156627980e-04 1.616047333953032341e-04 1.427047722747406655e-04 1.238137804529364509e-04 1.084832409030291717e-04 9.336946588929764704e-05 7.731059469891462849e-05 6.098529246391259142e-05 4.655246929293676363e-05
6.851336686529922292e-04 7.880026294377686117e-04 7.932289244761783244e-04 7.242038489145933297e-04 6.183014142386606543e-04 5.136158533734203578e-04 4.211619569740496206e-04 3.493755148165286761e-04 2.876053780496750289e-04 2.411656720297284957e-04 2.064325880086620977e-04 1.790942945730777936e-04 1.613543564277689730e-04 1.427021723840231023e-04 1.237623341476967070e-04 1.083295932326808463e-04 9.380170296851870083e-05 7.782985533771127906e-05 6.146351175599014155e-05 4.681862769263027234e-05
6.852539783110423452e-04 7.883456457128708425e-04 7.936730135300216690e-04 7.239761239198620919e-04 6.175456386830052973e-04 5.127170579743301881e-04 4.201763362243554015e-04 3.484526767972051563e-04 2.868274072197654189e-04 2.412327600614138420e-04 2.062578738858623288e-04 1.790219127900951018e-04 1.616960983486152945e-04 1.428798117351465734e-04 1.241056703487163472e-04 1.086039510021166726e-04 9.362175703837888774e-05 7.760418254545228963e-05 6.144619765184807533e-05 4.706011613261596821e-05
6.852326868688316973e-04 7.885416419977015531e-04 7.938630818488037885e-04 7.242861560411000552e-04 6.176086318186092177e-04 5.126727809771577677e-04 4.207096816218320700e-04 3.490055637267902339e-04 2.873494724484326464e-04 2.412626254304371849e-04 2.061540370193685600e-04 1.790184466607009381e-04 1.614046687152852417e-04 1.425166369003725317e-04 1.234119192605066112e-04 1.082764951911012772e-04 9.327822353123649995e-05 7.732527616066391259e-05 6.117500504851455399e-05 4.687590474046601828e-05
6.864589830136030597e-04 7.889285482835448060e-04 7.945427472912296261e-04 7.251679547087679653e-04 6.184821445548126240e-04 5.135729986067955706e-04 4.215817843201140379e-04 3.501041013949934833e-04 2.881316858673375436e-04 2.415704835180532931e-04 2.064419830625628292e-04 1.792421672174412039e-04 1.615657515996779916e-04 1.427409975271527363e-04 1.239224605087103990e-04 1.086892384553092523e-04 9.372774860399923024e-05 7.776649820399186906e-05 6.121847476715506944e-05 4.711026382629077125e-05
6.853129096347335180e-04 7.893791227978591129e-04 7.937494530058546768e-04 7.250527458160155097e-04 6.183375800251819090e-04 5.136166335351830241e-04 4.215301319352842964e-04 3.497816728667755529e-04 2.879739439591954392e-04 2.416702079579817627e-04 2.069322721029390882e-04 1.798499737171297861e-04 1.619607899653680504e-04 1.430779363227109330e-04 1.240462237468569504e-04 1.087659298856403372e-04 9.376076815133076170e-05 7.774455625520976048e-05 6.152594556357442483e-05 4.723688515422527279e-05
6.854372648488929291e-04 7.887813280708374326e-04 7.941542193726790254e-04 7.253753775230723736e-04 6.189996716734597580e-04 5.145947456502831087e-04 4.222244709167682691e-04 3.502152555882076827e-04 2.880107531124946781e-04 2.417713036513103946e-04 2.070723403099184411e-04 1.797222972999641861e-04 1.618059930852860700e-04 1.426855287827403119e-04 1.236610681955149435e-04 1.085570448348606616e-04 9.353454576449485183e-05 7.744816015554162791e-05 6.100169121203758603e-05 4.650623639667577204e-05
6.851929459406292614e-04 7.882569884826484729e-04 7.929976544989338202e-04 7.239594632047777418e-04 6.172130253364456432e-04 5.127240604700708916e-04 4.208281635729168115e-04 3.496726005316625743e-04 2.877060812987024567e-04 2.410807039018766083e-04 2.063485626716036428e-04 1.791546519277871443e-04 1.609570636057227775e-04 1.424699977626191292e-04 1.238334620117578495e-04 1.085082144788927880e-04 9.369521282724007413e-05 7.797981554013545759e-05 6.180153724127678851e-05 4.723086025790767427e-05
6.859240899723487725e-04 7.886253516758823636e-04 7.940020213388997551e-04 7.244210629923435955e-04 6.179602445603422185e-04 5.130757228931472416e-04 4.208299519880976248e-04 3.492830951320247991e-04 2.875292127378947554e-04 2.410341081925461459e-04 2.064163256573844788e-04 1.793720736594720390e-04 1.617356520468175092e-04 1.429326484192753515e-04 1.236908670489841270e-04 1.083236146990829211e-04 9.307522097848058959e-05 7.673713663075938044e-05 6.075344997180328645e-05 4.678994235050676581e-05
6.862683315445343088e-04 7.891701481808926404e-04 7.939938326344466325e-04 7.248867836310705134e-04 6.188569322875601790e-04 5.137651393300349343e-04 4.217392587902054333e-04 3.501353099737780443e-04 2.879674086023165081e-04 2.418585353722107979e-04 2.066253939710353685e-04 1.790755839960458875e-04 1.612452954044037298e-04 1.424712227663917303e-04 1.236936496874287974e-04 1.087032975030402889e-04 9.348693985393409164e-05 7.732742994691448317e-05 6.109434928892773205e-05 4.680220624471453407e-05
6.841956665846732734e-04 7.877288169912746718e-04 7.930730872013196662e-04 7.238403300329941063e-04 6.175034869080553651e-04 5.125677546550643643e-04 4.207048572189265277e-04 3.490258832120063381e-04 2.868831135572822138e-04 2.404209000994794395e-04 2.058080960983441857e-04 1.783189626726003091e-04 1.607163325876993082e-04 1.420296837510304363e-04 1.232636949354254234e-04 1.084299295780904348e-04 9.327013917806561754e-05 7.716037144131065182e-05 6.103849534184820785e-05 4.698953312435108238e-05
6.849645760630075544e-04 7.875066241040149873e-04 7.920842312579731400e-04 7.234811411888239724e-04 6.173814602830803846e-04 5.128554494192898638e-04 4.206826137659315469e-04 3.494867714880097419e-04 2.876072481861747360e-04 2.415973457253513669e-04 2.065597622364538448e-04 1.788454826945675162e-04 1.611903565219658329e-04 1.421701741840201017e-04 1.234554683907086140e-04 1.084215676214020542e-04 9.335056731578242426e-05 7.738791575331055331e-05 6.146001066751100744e-05 4.735609520007854538e-05
6.852775312243794591e-04 7.889206030087628522e-04 7.938721309419136075e-04 7.246084067387314120e-04 6.177949903772722313e-04 5.132526754822857315e-04 4.212161506905519695e-04 3.494097583807597362e-04 2.874350042488695413e-04 2.412796358603170959e-04 2.065538174161301980e-04 1.795218221429598353e-04 1.619122764620386774e-04 1.428543175098264935e-04 1.239785839078065034e-04 1.086990792640488943e-04 9.383266253347265608e-05 7.780685094704062159e-05 6.139616550358119676e-05 4.701144968162276352e-05
6.855313094539052833e-04 7.881086751650209343e-04 7.936948527112800116e-04 7.244905328908961750e-04 6.186061913477189800e-04 5.136639799971359907e-04 4.215405954757978275e-04 3.500077357080984991e-04 2.880850899943736515e-04 2.416881791904495276e-04 2.066897870887817910e-04 1.795027527328328285e-04 1.617282412799279836e-04 1.429955611913282258e-04 1.242300271554944819e-04 1.087347419775553303e-04 9.378679495346291988e-05 7.763288005226071174e-05 6.141400605346382000e-05 4.709280386767934724e-05
6.851858272360149792e-04 7.888275593669643974e-04 7.939776504124551951e-04 7.248529804698713129e-04 6.179200888644724140e-04 5.136453075682657432e-04 4.216992189355162979e-04 3.497706760714285024e-04 2.878648354206190564e-04 2.411175513943065996e-04 2.056349252507555460e-04 1.783065301338079020e-04 1.604155159015304680e-04 1.415061285815082982e-04 1.230916608068986253e-04 1.078710077389896904e-04 9.256951151726229099e-05 7.681270761951775950e-05 6.107815282265050363e-05 4.695647289919537085e-05
6.852672512355855415e-04 7.888832537679011042e-04 7.944151709660504830e-04 7.251367830677201819e-04 6.190170056071524641e-04 5.141685169822938486e-04 4.221734072025685102e-04 3.502606259734076816e-04 2.883208380498327675e-04 2.419608871942132170e-04 2.071283969205515475e-04 1.796018708132922608e-04 1.620204066598042436e-04 1.430235773875571884e-04 1.240955653830950068e-04 1.085815210481064582e-04 9.370734890212954814e-05 7.762335757996453834e-05 6.175675171833407411e-05 4.744895739735505630e-05
6.848120180674284420e-04 7.878074750662659087e-04 7.931848207193088664e-04 7.241314143004274435e-04 6.175886495683761621e-04 5.132284971639467430e-04 4.213702041533110227e-04 3.498303825134948673e-04 2.880248515859079703e-04 2.416972309041900285e-04 2.065646627602001648e-04 1.791968729523770614e-04 1.614842755895789768e-04 1.425347967043757720e-04 1.230436436345029615e-04 1.077475773060870059e-04 9.283621440931710020e-05 7.709047642370438376e-05 6.099331700810825757e-05 4.671460030334757899e-05
6.854313915840070997e-04 7.885974386146776035e-04 7.935516298580710601e-04 7.242656019191401600e-04 6.184623247257874535e-04 5.137616281861262209e-04 4.217778373428373445e-04 3.501548902668434626e-04 2.884830859670892643e-04 2.420355803671792104e-04 2.069129729234009017e-04 1.792333689899764824e-04 1.611960276430057565e-04 1.422113652022385650e-04 1.233025051625659862e-04 1.080676651895622531e-04 9.296196391944763109e-05 7.697325594476993164e-05 6.095470079197502067e-05 4.695144287580103963e-05
6.847395079061614287e-04 7.884592835157444449e-04 7.932954523507349540e-04 7.238257306221090263e-04 6.175799325703514985e-04 5.131955784443724064e-04 4.211800154140841286e-04 3.496121172411167303e-04 2.869433764468644105e-04 2.405429226515067389e-04 2.057911724237619904e-04 1.785232465153919058e-04 1.605970184636103140e-04 1.418694131564374270e-04 1.227983763998754597e-04 1.081735968478230321e-04 9.357054292092612587e-05 7.794274334278913051e-05 6.152278301777212009e-05 4.693454550188549918e-05
6.856583745606398966e-04 7.885251516635970355e-04 7.940410847221392393e-04 7.249428756631312110e-04 6.183068956764570462e-04 5.139461248810067284e-04 4.217992928815512510e-04 3.501200789052633881e-04 2.880623298598741235e-04 2.415560578952473554e-04 2.065364846689625726e-04 1.789131451497658228e-04 1.611327218291772425e-04 1.424947491868854433e-04 1.234045334840705584e-04 1.083231040402821805e-04 9.322669101375498336e-05 7.729116030981158408e-05 6.121523961364906110e-05 4.678129351424335135e-05
6.852693508856332267e-04 7.876792374250439314e-04 7.926345148567050811e-04 7.234943691944250134e-04 6.174194408609120317e-04 5.133467546081625513e-04 4.214884914576014761e-04 3.499964493983552137e-04 2.882052731143706741e-04 2.417919365273361128e-04 2.068027887670501996e-04 1.799641917634490736e-04 1.617221709393847388e-04 1.429014947933287790e-04 1.238529942786793607e-04 1.086322166454393263e-04 9.352090456831117771e-05 7.743159703639015924e-05 6.085608913134637511e-05 4.640652249298716538e-05
6.855024659274774239e-04 7.889291519384138444e-04 7.935722405713021210e-04 7.241991006202209459e-04 6.180450061398915559e-04 5.136085253837034811e-04 4.211881289830593338e-04 3.497462713613247497e-04 2.883313970935990657e-04 2.422605982537855964e-04 2.072405904165199020e-04 1.796499044354334346e-04 1.616005447308693234e-04 1.429760863411030849e-04 1.243419981324451660e-04 1.088893125709793877e-04 9.393618070624029854e-05 7.791872552133899236e-05 6.141155325909091031e-05 4.702025991570037237e-05
6.852487831008623230e-04 7.884395352234183649e-04 7.941518832635530026e-04 7.246655142266228596e-04 6.183157818560712374e-04 5.135384656066011412e-04 4.217856804282647722e-04 3.494052424300653952e-04 2.877423431022134805e-04 2.414448939136379639e-04 2.065212633677210069e-04 1.794302487473741880e-04 1.618634887574712817e-04 1.430302047328956125e-04 1.239022231575807192e-04 1.086573780729168862e-04 9.358173986817534926e-05 7.737257189888198795e-05 6.132087255907222592e-05 4.710722314686988007e-05
6.845435202646160244e-04 7.875246301834102876e-04 7.929620791297094327e-04 7.239518064180157191e-04 6.181895475960567151e-04 5.138861189069369962e-04 4.215743622604719177e-04 3.497108917988252003e-04 2.879600714777399875e-04 2.418102725083380426e-04 2.069758934786067501e-04 1.794089206654358299e-04 1.616836684839366661e-04 1.429120207217935605e-04 1.239859725399506578e-04 1.086974837745921697e-04 9.368749981700554561e-05 7.758933392594523652e-05 6.128031786856893265e-05 4.689649922390891557e-05
6.856087199794513691e-04 7.886870357860307611e-04 7.944509090995874236e-04 7.254353912836891205e-04 6.192946365597974375e-04 5.149539839133267499e-04 4.225393536894359080e-04 3.506790009017636978e-04 2.882485498858948568e-04 2.420841057219930311e-04 2.068692856987460068e-04 1.792716199797625681e-04 1.617509071334459166e-04 1.428792051123221180e-04 1.237480865340332705e-04 1.083829326803032085e-04 9.326537967372287667e-05 7.721630451302653015e-05 6.106167202781056017e-05 4.685294745641833193e-05
6.853840877625179927e-04 7.880416591024593095e-04 7.932473082636541488e-04 7.240155560289556792e-04 6.178408438577561671e-04 5.135715267279986670e-04 4.216520602419441448e-04 3.497254121266659137e-04 2.879915301138434212e-04 2.411579366281386906e-04 2.060597028730467661e-04 1.783942993842869604e-04 1.608773646183520023e-04 1.424385191601497869e-04 1.236363720338714222e-04 1.084111187891582950e-04 9.346167041242943365e-05 7.770770156834686708e-05 6.162580468988270062e-05 4.711301580649318002e-05
6.857656197863237898e-04 7.889138355811058535e-04 7.937672979568177658e-04 7.246186464913936288e-04 6.182880574831847026e-04 5.137817795544790669e-04 4.214002577254539312e-04 3.495553501826582986e-04 2.877004498183066803e-04 2.413964519939219768e-04 2.066878056053612781e-04 1.794693052994754238e-04 1.616075559193363618e-04 1.425650651968602409e-04 1.237855274387507506e-04 1.083158623658405571e-04 9.298335195010211938e-05 7.666339868330510022e-05 6.080111009047870115e-05 4.676960875792998939e-05
6.862680492654439071e-04 7.889535454738007920e-04 7.945163896334990700e-04 7.250324331743592497e-04 6.184742589348280481e-04 5.140789526495165166e-04 4.215672925070153244e-04 3.501095218524753814e-04 2.881799592786890964e-04 2.418221288221428570e-04 2.066054235060750760e-04 1.794048711472480938e-04 1.617375698593568191e-04 1.426815512956237334e-04 1.237995801912299782e-04 1.087837016779892227e-04 9.368906251502346217e-05 7.772089991777329733e-05 6.176277943752078801e-05 4.730821820533510946e-05
6.856763531493077291e-04 7.888040479264712143e-04 7.941298008084379800e-04 7.251434402681369764e-04 6.186394949418971834e-04 5.137678105648300344e-04 4.216524124247446998e-04 3.497272575615030304e-04 2.873133802690579740e-04 2.407997605156781394e-04 2.060672112910207489e-04 1.789841554762062429e-04 1.610649565343268044e-04 1.424389271946617812e-04 1.230494254011951663e-04 1.078880804327326935e-04 9.283892526345218139e-05 7.716713563504326470e-05 6.103050361700600488e-05 4.725004553175567623e-05
6.851858828116333053e-04 7.881292493637006300e-04 7.938087683340388752e-04 7.244538656507009799e-04 6.187475681329306781e-04 5.139508074867126918e-04 4.220298952339296113e-04 3.500110905138916362e-04 2.874507064555992275e-04 2.406612946170036502e-04 2.058543828404181921e-04 1.787886750684856323e-04 1.612419690089714620e-04 1.425996149852173814e-04 1.238226505454406723e-04 1.082187812550419417e-04 9.338430330676884632e-05 7.801342085755921091e-05 6.202204568779855253e-05 4.753841915393650579e-05
6.846157178992433789e-04 7.878253869615894260e-04 7.927939633734136732e-04 7.234931119107391052e-04 6.172018956118526401e-04 5.130741194930020553e-04 4.213957225098046702e-04 3.500449413327454606e-04 2.878899708377402719e-04 2.412773588640607829e-04 2.068132818718501338e-04 1.793799846361570510e-04 1.615395257772893952e-04 1.422561742376864818e-04 1.235964716484352736e-04 1.082901759600715951e-04 9.351421943651981703e-05 7.789350738712791248e-05 6.138485866979358750e-05 4.643310270910382988e-05
6.859552752037320102e-04 7.889699452465673670e-04 7.948807323519125993e-04 7.251601873052111388e-04 6.186281292574987746e-04 5.133727786745663447e-04 4.216203522501498304e-04 3.499872555776715024e-04 2.882435584002861185e-04 2.417193438244398605e-04 2.062186957219491637e-04 1.791716096750257112e-04 1.612709776549002387e-04 1.423434675850818350e-04 1.235234020900321985e-04 1.083570053572550782e-04 9.271336335280347082e-05 7.672583553529096058e-05 6.108807495419479644e-05 4.699212590574400122e-05
6.851815802278236715e-04 7.876824664117502029e-04 7.932101826056112180e-04 7.243579648695511360e-04 6.180912792537248280e-04 5.137137340678885663e-04 4.213636458787117984e-04 3.497677735447427601e-04 2.880214795177248564e-04 2.413723811671239928e-04 2.059033194111751456e-04 1.789156607713460634e-04 1.611446601854928627e-04 1.423220945058700456e-04 1.233131486201967191e-04 1.077884881344590064e-04 9.313088336390850850e-05 7.748025606653388621e-05 6.126736011957147326e-05 4.708120301470994075e-05
6.857549707541088328e-04 7.879177428512933483e-04 7.942700010607760567e-04 7.250669107172568297e-04 6.186353628046412307e-04 5.137272093356809064e-04 4.216171572619486878e-04 3.497936080734660269e-04 2.879236794970545309e-04 2.413421590797883989e-04 2.059634306004314843e-04 1.786206394318738450e-04 1.607281934920728246e-04 1.417787996043490793e-04 1.225627098969089672e-04 1.075918288257614075e-04 9.270745413892736973e-05 7.717592272643482992e-05 6.129818243474517551e-05 4.683833372316929198e-05
6.854798334267236991e-04 7.889414660619749635e-04 7.937218119244551307e-04 7.251890405307094296e-04 6.190089107475816189e-04 5.139577184542857549e-04 4.217817985597529704e-04 3.501250259605820044e-04 2.885401457318876564e-04 2.424619363372627651e-04 2.071127849368403437e-04 1.796859034374697576e-04 1.618319211589411743e-04 1.430176312114074457e-04 1.239150693314293190e-04 1.088344809455662045e-04 9.382381823450742456e-05 7.793171923915455856e-05 6.191386200416841817e-05 4.739830469240331593e-05
6.851948357078062064e-04 7.889650042224001861e-04 7.940280500014769254e-04 7.247822094514474924e-04 6.181496625832198647e-04 5.138988910864946769e-04 4.218917817487700234e-04 3.501820391243481187e-04 2.879549765197063392e-04 2.415888678598560469e-04 2.066858206549315876e-04 1.792659074145253680e-04 1.615403774433822419e-04 1.427896230207759923e-04 1.240279272862728020e-04 1.087086086718218916e-04 9.327765630432056346e-05 7.704056974638010089e-05 6.059436953175844698e-05 4.636815726532243542e-05
6.854766929673111048e-04 7.884108300752177851e-04 7.931551675437976609e-04 7.247224433346750871e-04 6.187844714198858110e-04 5.140767133147820540e-04 4.218018347183239434e-04 3.494509167435459946e-04 2.877360191395440868e-04 2.414280528886257366e-04 2.067095982702538560e-04 1.794186982922720778e-04 1.617700752969709064e-04 1.428358014905878846e-04 1.238585774697125840e-04 1.085308155238103131e-04 9.352935784841460206e-05 7.744670215794485519e-05 6.166089596939638810e-05 4.721804273015645700e-05
6.869228484774055976e-04 7.892237734449613186e-04 7.945342906935082793e-04 7.243634821326447922e-04 6.180312268530950169e-04 5.134972796808500058e-04 4.212767970184922708e-04 3.491279758880876452e-04 2.870992677008334213e-04 2.406520695889601631e-04 2.058770374194227384e-04 1.791970456531084626e-04 1.614624487795773768e-04 1.421251459485046911e-04 1.235370774337747580e-04 1.080300583545335338e-04 9.309059310654374140e-05 7.682993983494232554e-05 6.092763611451003283e-05 4.669299492147743828e-05
6.856706190870891964e-04 7.885565214687732631e-04 7.941114269902034084e-04 7.250392900030550123e-04 6.183704721573708490e-04 5.137528425848384046e-04 4.213181214310963052e-04 3.497716214494853192e-04 2.878875792912155454e-04 2.417726704530182057e-04 2.064880543183871420e-04 1.793323382545735040e-04 1.615547913287451037e-04 1.425626901673704872e-04 1.236741107377571213e-04 1.081845311596165679e-04 9.311395970033564088e-05 7.704458150790889940e-05 6.109530552015912262e-05 4.673211391615005809e-05
6.854481730831915110e-04 7.882456662960541640e-04 7.930928932897772336e-04 7.243716403477291812e-04 6.180067179421299458e-04 5.133438100282618948e-04 4.209025040981739731e-04 3.491055806788549883e-04 2.872012166174189927e-04 2.411309511787182447e-04 2.062735899624905172e-04 1.787618764643465394e-04 1.611230273460731010e-04 1.426312668219455030e-04 1.241697338289070199e-04 1.087141719421475346e-04 9.337520633655109589e-05 7.723051112447524094e-05 6.134586759492328869e-05 4.686232183539499680e-05
6.864788313863928043e-04 7.891157055007310328e-04 7.946130198747892092e-04 7.252676792650651280e-04 6.197429709845069402e-04 5.149189986196246608e-04 4.227902863451045109e-04 3.508036361654322992e-04 2.885413592963513118e-04 2.413397318806729565e-04 2.063730992047230336e-04 1.789705003796039650e-04 1.608437811687915228e-04 1.423255888655579901e-04 1.241169080583338642e-04 1.089546356383372134e-04 9.373804925743279789e-05 7.749678486934160227e-05 6.192057832860305513e-05 4.749030057634829016e-05
6.854801478996449269e-04 7.883939399270745120e-04 7.929625465745943156e-04 7.242071360693758597e-04 6.181971787753490341e-04 5.134606294761656165e-04 4.209896242085413862e-04 3.492082634032351446e-04 2.873980685239368657e-04 2.415305849665677791e-04 2.064868193366021197e-04 1.788854546539143898e-04 1.607768953010750373e-04 1.419337558868707667e-04 1.229237431781451245e-04 1.073626137164590338e-04 9.225657802295430838e-05 7.627467216691054611e-05 6.003606024355514549e-05 4.660461496485988138e-05
6.851313574836328212e-04 7.884200786868064909e-04 7.937352439136856385e-04 7.246970460408976066e-04 6.184379178886230746e-04 5.136720307621507045e-04 4.215589666303129479e-04 3.498346446618422309e-04 2.877904566744196417e-04 2.414366541081196759e-04 2.064367293617599530e-04 1.796607725670079235e-04 1.617132460567248151e-04 1.427920581122224834e-04 1.238750392810233285e-04 1.089056295450881401e-04 9.386269817282478709e-05 7.817021170146259935e-05 6.208118184877360591e-05 4.730806321716140650e-05
6.851242235641097789e-04 7.882610820424183849e-04 7.938089603487514904e-04 7.243846023064481063e-04 6.176130811235892209e-04 5.128583457912786825e-04 4.203719180166497356e-04 3.489103336269239034e-04 2.871593484644074414e-04 2.410035574475464257e-04 2.058849186314294253e-04 1.787789586705163588e-04 1.612449587886000579e-04 1.422827065923685770e-04 1.233295118839001603e-04 1.081056651360775048e-04 9.251777810906643249e-05 7.656988135695434261e-05 6.080756155423473530e-05 4.649573637164252374e-05
6.853626406042029459e-04 7.894659171056060210e-04 7.936873173030498888e-04 7.246134846589224066e-04 6.186668879250835319e-04 5.132051704701226947e-04 4.213453299393377853e-04 3.498304006670656906e-04 2.877132297797372717e-04 2.414628829322265581e-04 2.065592701241048457e-04 1.790507099420272463e-04 1.618997547267705440e-04 1.426839654772634066e-04 1.237051743092492675e-04 1.083924961808537435e-04 9.347375709850646414e-05 7.757027671715369848e-05 6.159710837055326735e-05 4.738275061347162122e-05
6.836105343010620214e-04 7.873311641779962315e-04 7.930636531655320702e-04 7.232186551913872283e-04 6.168579113496029404e-04 5.122868793811445436e-04 4.201202975852357056e-04 3.485487390024602028e-04 2.871472169344210768e-04 2.413797308972621004e-04 2.060862949298347777e-04 1.783375932389569924e-04 1.606525572588909478e-04 1.420173562869617991e-04 1.232175747322938842e-04 1.081262318447612453e-04 9.333282783949772431e-05 7.773773342238333637e-05 6.126841052262278276e-05 4.628442871911865651e-05
6.859056715189587117e-04 7.885163144979931427e-04 7.938676191056721855e-04 7.245291748097539269e-04 6.179703700733538184e-04 5.133089892691281757e-04 4.213655992007036373e-04 3.496597480982606876e-04 2.876286307512705004e-04 2.413500892573329276e-04 2.064394249927893263e-04 1.790662362826303121e-04 1.615931356056585612e-04 1.427914495014382366e-04 1.239855177580847915e-04 1.084627844731863948e-04 9.326204370711290977e-05 7.729600306374822963e-05 6.113096148808858836e-05 4.682684769802245603e-05
6.851431472385147116e-04 7.885371764432005069e-04 7.940114350308837780e-04 7.248188287013375983e-04 6.182724678726514347e-04 5.135444065578972667e-04 4.213175106336140515e-04 3.495484187708552677e-04 2.877605300361194560e-04 2.415949896210189257e-04 2.065714204896080695e-04 1.795482676028800910e-04 1.617018075412781665e-04 1.428944809222690130e-04 1.241180671589157643e-04 1.085194233146113464e-04 9.360846926949000879e-05 7.755678772067952492e-05 6.134081048836484982e-05 4.689950051591828867e-05
6.859344059889021334e-04 7.894813979278720488e-04 7.945731161802889377e-04 7.247717520572204575e-04 6.180030478409897403e-04 5.133901766768676506e-04 4.209842097760535767e-04 3.494510254760769489e-04 2.876546413993239871e-04 2.409635122113164827e-04 2.059840282031469966e-04 1.786456511845956746e-04 1.610517378934600390e-04 1.418231445702818397e-04 1.229614738863406948e-04 1.075736797919557130e-04 9.229359478642829928e-05 7.639269791325429789e-05 6.083990866094687156e-05 4.657929189231086147e-05
6.842202295900146752e-04 7.876329116833814814e-04 7.928284552322080285e-04 7.238881174563434849e-04 6.178112037614993295e-04 5.132499307141325179e-04 4.211578228537804676e-04 3.496002114630701314e-04 2.880530655102679204e-04 2.419070977178631250e-04 2.066905687744940978e-04 1.791420199604134764e-04 1.615029855459599727e-04 1.428187655861890763e-04 1.238672544327233151e-04 1.083944458261262801e-04 9.339705933595665360e-05 7.763646565737341925e-05 6.091004155286870129e-05 4.679182695363047760e-05
6.858316029799527798e-04 7.888031313675327675e-04 7.939990663714684193e-04 7.249938905088698258e-04 6.185500475504873566e-04 5.139714340445331736e-04 4.221526933698197502e-04 3.501488954218349818e-04 2.881191573756524240e-04 2.415949828184997387e-04 2.063155573188363095e-04 1.790264250804052455e-04 1.613519733354303552e-04 1.425129871893167225e-04 1.235014475956768671e-04 1.079686230247308662e-04 9.286522087231644830e-05 7.706059844607683021e-05 6.111974532421129318e-05 4.638885170073467524e-05
6.850629597734059955e-04 7.880239587820153701e-04 7.938932083927642503e-04 7.245599764169831283e-04 6.183721363133234299e-04 5.137506725524240096e-04 4.217452651960804902e-04 3.497143806559296214e-04 2.883389993460818150e-04 2.417301184796379976e-04 2.065294912693430506e-04 1.794007172714157073e-04 1.615950680593852221e-04 1.427633691529128974e-04 1.235349493858305711e-04 1.083745275788323764e-04 9.343061583286821239e-05 7.754503107503423257e-05 6.148226330120170203e-05 4.703416347730733128e-05
6.856402356544870824e-04 7.878795387647708707e-04 7.937435712378786883e-04 7.238314719417608201e-04 6.172886386568637385e-04 5.125056472686436446e-04 4.203436245893112035e-04 3.488335003203004879e-04 2.868998340319468777e-04 2.405113433163787726e-04 2.062377652156450103e-04 1.786396330473513237e-04 1.609793230352251476e-04 1.423078667186789957e-04 1.237714236260873118e-04 1.085019522901196004e-04 9.334284523073944548e-05 7.732769944056808599e-05 6.118455334659395756e-05 4.681662300254546739e-05
6.856124733853572210e-04 7.889777853924489440e-04 7.938426640915993183e-04 7.251926166770905147e-04 6.190069921429401396e-04 5.143238376043142651e-04 4.216177358073160629e-04 3.498290604107831612e-04 2.881936481698980815e-04 2.418916948003833976e-04 2.069940449601859146e-04 1.796592641202427213e-04 1.614230958125615549e-04 1.425748139948828307e-04 1.233251939662441377e-04 1.081258412309263616e-04 9.303503788196448507e-05 7.739353113487093018e-05 6.174284153007604406e-05 4.733234072060594480e-05
6.849740482736979509e-04 7.883879919503809786e-04 7.931089126286723374e-04 7.244018043985196416e-04 6.177602947446229897e-04 5.133457824510343154e-04 4.213653182768940320e-04 3.497614648306385265e-04 2.878551177557910133e-04 2.416929939232566348e-04 2.063211043931410013e-04 1.783192823757831003e-04 1.610281560956838679e-04 1.423565804541696781e-04 1.236600494381738698e-04 1.085147210828281574e-04 9.362128131431479629e-05 7.741191603788630010e-05 6.129589105426427040e-05 4.730689267461302535e-05
6.860051411533480727e-04 7.889691591953460750e-04 7.939694588941149283e-04 7.251690074241197046e-04 6.187471930579910382e-04 5.139762962726046212e-04 4.214783490301459638e-04 3.498074258181205578e-04 2.881382034302279699e-04 2.417512693496892641e-04 2.068911688540182598e-04 1.794082608066420307e-04 1.617998690694257588e-04 1.429652536255940213e-04 1.241757891169235754e-04 1.087874292592290199e-04 9.363761290349237451e-05 7.741714909907268201e-05 6.096438029454111191e-05 4.693063217797430918e-05
6.847578304652597418e-04 7.888886357164523119e-04 7.932143494832323777e-04 7.241412703165309639e-04 6.178738540728059793e-04 5.135101028854096184e-04 4.218235884198777538e-04 3.500895631376890835e-04 2.882599577298800681e-04 2.417902427928100004e-04 2.063033588380289998e-04 1.785482713365829752e-04 1.609626537474903140e-04 1.421396546597753668e-04 1.230698551005864321e-04 1.074353684358164056e-04 9.261264070242874731e-05 7.708993056238926415e-05 6.116313606193385214e-05 4.703224477480420535e-05
6.863715628227893151e-04 7.891567707551576730e-04 7.941899081774400930e-04 7.243705410879355301e-04 6.185426553323724892e-04 5.140524972078107076e-04 4.218504350968713275e-04 3.502807657722803447e-04 2.883081754055027090e-04 2.417439929683915586e-04 2.067868160950986258e-04 1.793057852177761273e-04 1.616384825079078416e-04 1.428341747517520720e-04 1.239303593651542126e-04 1.087246808748588246e-04 9.345172278221504380e-05 7.711402782269348379e-05 6.069383697182077178e-05 4.659997942644952877e-05
6.859669453183803080e-04 7.887980671971742087e-04 7.940499590027231668e-04 7.247352951525114868e-04 6.185695260984647257e-04 5.138750490965003116e-04 4.219917712491730657e-04 3.500379261295387097e-04 2.878779187240339374e-04 2.415849933734454417e-04 2.068228923181144783e-04 1.792430457585995646e-04 1.617352580079672679e-04 1.428565488458111816e-04 1.240103610564046365e-04 1.087743633864136239e-04 9.367441012261764092e-05 7.758112000119435337e-05 6.153804134505092417e-05 4.703428285800118574e-05
6.861031891252886454e-04 7.889743657931364614e-04 7.946218307704602584e-04 7.251366783377852796e-04 6.190549367520418881e-04 5.140653501245484591e-04 4.220279299627290601e-04 3.501266529196512623e-04 2.879872037419166949e-04 2.413357959833972971e-04 2.065697573621707065e-04 1.793397381359633611e-04 1.616184735379165983e-04 1.426255369636335074e-04 1.238641354814942199e-04 1.086788206197104276e-04 9.352481776104553291e-05 7.756695744843272050e-05 6.116966417180104963e-05 4.718071001709408824e-05
6.859188047504066006e-04 7.891006465873139000e-04 7.944650774262356201e-04 7.252547554776498859e-04 6.187735263766638068e-04 5.144529535936544391e-04 4.224259879691775869e-04 3.504740169845268279e-04 2.882058076712649746e-04 2.418234088941236166e-04 2.068742936775349391e-04 1.793970481033426020e-04 1.616185290219089988e-04 1.428443297989456838e-04 1.239893922782218092e-04 1.085560214043932949e-04 9.347491321978747627e-05 7.729018057540029533e-05 6.104715536127070994e-05 4.654880770008945786e-05
6.851152052662706987e-04 7.878778757063496438e-04 7.932988557500810466e-04 7.247276666204722443e-04 6.185620133208290499e-04 5.142205968414282962e-04 4.219698609113322523e-04 3.502115639064845077e-04 2.881621048842347168e-04 2.419363682785060483e-04 2.069042128812470234e-04 1.792634832909100124e-04 1.612018111696187565e-04 1.421457755440324114e-04 1.231144147893313415e-04 1.077734541570583821e-04 9.297461428090456612e-05 7.725687615192243680e-05 6.125157176802901418e-05 4.700081336510652619e-05
6.856288859238995372e-04 7.894337755098567192e-04 7.944457741815096584e-04 7.251641407636949012e-04 6.191196188927460854e-04 5.143167288214103546e-04 4.222780888671783710e-04 3.503231731960000628e-04 2.882632974686671857e-04 2.418062089713147891e-04 2.068027527888500984e-04 1.790348450219939546e-04 1.615732577000298059e-04 1.424375735873685794e-04 1.234048164461851540e-04 1.083920448724958981e-04 9.315399008981797326e-05 7.707151379918545655e-05 6.087659813155247060e-05 4.687575928380879447e-05
6.855181601915931499e-04 7.884681343472635254e-04 7.934148107982487343e-04 7.240615622608505275e-04 6.180217102047257148e-04 5.135280043055079563e-04 4.215009600578155271e-04 3.496475523266621304e-04 2.874747657346118056e-04 2.411437713765669018e-04 2.065380585873845438e-04 1.791997591118368155e-04 1.609623792439796258e-04 1.422089806221349579e-04 1.235330046753381581e-04 1.082596699391713123e-04 9.345421316532090167e-05 7.731726915322223036e-05 6.094546162742272975e-05 4.645747789457718854e-05
6.848949071027711716e-04 7.883837846632937895e-04 7.931959942483559657e-04 7.243036287587313127e-04 6.187255991020151587e-04 5.142299381768011650e-04 4.218059594192654737e-04 3.501642574939895945e-04 2.881057094253977472e-04 2.413120996686184475e-04 2.061398430576248631e-04 1.791091964599042757e-04 1.615257152898438853e-04 1.430462180403164595e-04 1.240424913339434364e-04 1.087167957642082923e-04 9.369122849945107153e-05 7.759611893625909624e-05 6.128058631225944048e-05 4.721532128257040044e-05
6.849072338545536759e-04 7.877168975107114125e-04 7.928997347839817191e-04 7.233761959002852184e-04 6.172748554598879445e-04 5.131821989269418072e-04 4.212446773540083666e-04 3.500146231861018978e-04 2.878808410922960325e-04 2.415879669935373298e-04 2.066708540261785775e-04 1.793899924165222380e-04 1.614542527296225786e-04 1.427704855667048355e-04 1.238308541204210763e-04 1.087436513891350129e-04 9.351484207335449938e-05 7.733817785016209841e-05 6.118949945207273066e-05 4.700431904674379631e-05
6.862827099878926690e-04 7.889434169091972269e-04 7.948478898697910284e-04 7.256142602723862937e-04 6.191894243791803672e-04 5.144419544990025449e-04 4.217526264620954793e-04 3.497042964512504272e-04 2.876751493751346974e-04 2.412830437852932219e-04 2.061642424740013808e-04 1.792082536572653405e-04 1.618107587219930264e-04 1.430252291441772320e-04 1.237876727365595059e-04 1.084565136192339153e-04 9.350584889779474385e-05 7.768328649867407680e-05 6.146033754721404098e-05 4.710050732712081054e-05
6.858607167483287076e-04 7.886818221718476995e-04 7.941521463339146127e-04 7.245265785119415526e-04 6.185118452072291577e-04 5.141018755767767616e-04 4.221014610584250299e-04 3.497133247543683936e-04 2.883213954173606585e-04 2.419467130449939982e-04 2.071403404554058095e-04 1.792067667359592607e-04 1.612873552213812023e-04 1.424659138277441738e-04 1.233970046649107352e-04 1.083023496963724799e-04 9.328267556832588235e-05 7.703411523066754530e-05 6.119586278549745111e-05 4.703499176842828450e-05
6.864997804387588942e-04 7.894177123077662046e-04 7.945142087412827934e-04 7.251273771813290282e-04 6.186644740094157007e-04 5.137032479886982726e-04 4.215834053558862324e-04 3.502141550392954801e-04 2.882728506847075794e-04 2.417333355061589313e-04 2.067753800276614915e-04 1.792192216339435042e-04 1.617183938018871897e-04 1.429440946780917746e-04 1.236920498660026922e-04 1.086372049770408036e-04 9.378673375018544778e-05 7.772118826480145016e-05 6.139333026024769760e-05 4.707252793804734983e-05
6.859739363013011258e-04 7.895344918568739621e-04 7.945817417713207324e-04 7.253757987377443478e-04 6.190654253721103884e-04 5.142831288145830598e-04 4.220049768712489519e-04 3.505317787846588947e-04 2.889035741833304613e-04 2.422551159965511812e-04 2.071901883399025388e-04 1.797038978339687084e-04 1.618460125190590267e-04 1.429612947795337520e-04 1.240088532818484947e-04 1.086144771509791696e-04 9.324040823554466124e-05 7.717753902697637065e-05 6.106923254589955016e-05 4.650478405535369653e-05
6.860669827623202405e-04 7.886587464748662105e-04 7.940389067018951540e-04 7.248824090602305021e-04 6.186615882799763322e-04 5.141456096655379207e-04 4.219166249499077862e-04 3.502365049441955860e-04 2.880086300625172668e-04 2.417276436747135306e-04 2.070974303361367062e-04 1.797168725101740399e-04 1.613900924789140917e-04 1.425133186610812283e-04 1.234927624321147869e-04 1.082427102415971004e-04 9.320609538714665586e-05 7.723700783701984394e-05 6.103137128605248644e-05 4.665237742120207249e-05
6.855644493220777519e-04 7.886477516938518711e-04 7.943088252369932952e-04 7.249139356111040976e-04 6.189251319265366312e-04 5.144148211676500843e-04 4.222479580198968633e-04 3.502498470731053035e-04 2.880786562926532950e-04 2.418053124482151073e-04 2.066119711187326745e-04 1.788668283647941221e-04 1.613697140715115487e-04 1.424841844087737465e-04 1.236347201005067191e-04 1.086342674238135526e-04 9.390084195110442219e-05 7.766988600631501843e-05 6.117598615611032715e-05 4.653558184366173934e-05
6.846238184926090650e-04 7.876940419592754882e-04 7.929555912027151741e-04 7.239149897971915637e-04 6.171010693041838104e-04 5.130779438224417717e-04 4.209745629222639359e-04 3.492951232328731339e-04 2.872484317469350089e-04 2.416186352882831101e-04 2.071018741895328636e-04 1.793422847887125014e-04 1.615544642992566534e-04 1.428347867461456837e-04 1.239799637857331332e-04 1.087245114719164536e-04 9.381621035475151877e-05 7.770013845694013176e-05 6.138463958596957490e-05 4.696505826046849319e-05
6.857047622205356911e-04 7.890941876454313697e-04 7.946868631817211558e-04 7.252266271575756942e-04 6.191043850020490000e-04 5.142635391993468936e-04 4.219939240113962159e-04 3.497159660222572586e-04 2.879288720998020540e-04 2.417460478927200489e-04 2.068402516594434115e-04 1.794574834756653998e-04 1.619006989381560006e-04 1.431120446991393904e-04 1.240602021238354112e-04 1.089324221862848806e-04 9.374523383337970636e-05 7.761465052315669698e-05 6.133481354951720178e-05 4.688461912180486279e-05
6.857990047627306402e-04 7.891450875604285198e-04 7.939476372569505844e-04 7.250112198205708319e-04 6.187668150776979127e-04 5.141616282289414828e-04 4.219972892617519940e-04 3.502433631291286824e-04 2.884375615865890840e-04 2.421227219905147340e-04 2.069456351209698593e-04 1.794861256474426954e-04 1.616269039965700113e-04 1.426174826369368655e-04 1.236099388993924797e-04 1.085710680059472018e-04 9.382819683061606605e-05 7.774289618749784410e-05 6.144735508221497024e-05 4.703051492834780666e-05
6.857038248064432689e-04 7.889408735617426012e-04 7.942405035644355777e-04 7.247310260824964571e-04 6.181099821966684399e-04 5.135981113490550691e-04 4.211319891843418495e-04 3.492620483470641767e-04 2.876670167547542905e-04 2.415149991270722197e-04 2.065172992878079171e-04 1.791119394163396400e-04 1.615457757312477370e-04 1.430664592045011543e-04 1.238022317987775786e-04 1.082199339648446193e-04 9.294377915611814545e-05 7.653597170429748161e-05 6.077026527204031211e-05 4.663188523589947084e-05
6.864641073010909920e-04 7.893739985879705658e-04 7.946415308116461674e-04 7.255846031107867191e-04 6.193980706496129583e-04 5.146651269151401604e-04 4.226066225133062694e-04 3.505481818209707739e-04 2.881869534463350757e-04 2.418768120937114232e-04 2.066746520774774705e-04 1.791489813214994426e-04 1.615179556914042342e-04 1.428763556206078640e-04 1.238223875953618877e-04 1.086962986759634552e-04 9.378042370333217171e-05 7.780415860449698361e-05 6.118720320410617924e-05 4.679185004471009702e-05
6.847821803161908971e-04 7.874070059980058621e-04 7.927740643407019247e-04 7.236049499227889537e-04 6.171111908645372226e-04 5.125170996556628307e-04 4.206925521293507198e-04 3.492080519495376566e-04 2.874043744702336318e-04 2.413549218808031069e-04 2.066985548740353962e-04 1.789689838629936777e-04 1.611530572926309871e-04 1.421859004530900430e-04 1.231788247260336600e-04 1.080267849056393026e-04 9.301633920334946885e-05 7.701031328095060235e-05 6.126196208107189507e-05 4.728909706735633719e-05
6.853705122528890113e-04 7.885188025071361443e-04 7.932421889105384632e-04 7.241810057443971022e-04 6.171472210870839348e-04 5.126655025027897434e-04 4.203573243948365685e-04 3.486218644443060894e-04 2.868793648805925125e-04 2.409933310807306766e-04 2.066532649451752841e-04 1.792151502980528503e-04 1.616461498227109769e-04 1.429463766240269651e-04 1.238298649331209442e-04 1.091000522753675698e-04 9.419959120541104001e-05 7.802095494470051974e-05 6.160204526692377878e-05 4.716087081441233523e-05
6.861861261101313229e-04 7.888277347113712519e-04 7.938127572219561131e-04 7.245373499728688599e-04 6.181157697909014058e-04 5.135975423379071907e-04 4.214983859516470205e-04 3.500675231098169865e-04 2.879996096466741723e-04 2.414518532855648486e-04 2.064488179233366170e-04 1.788050581548170147e-04 1.609621560336481957e-04 1.422384220978086260e-04 1.234880414917923636e-04 1.085195848195371260e-04 9.320500424561255519e-05 7.665355883987536219e-05 6.064565676134897886e-05 4.618308249264729712e-05
6.851311682750889148e-04 7.878810068951652527e-04 7.934286792834255092e-04 7.239177342798241467e-04 6.178469608257131747e-04 5.133240180917096693e-04 4.211781952477001404e-04 3.496132568738225346e-04 2.877545635210648637e-04 2.418782325520221852e-04 2.067810275754973981e-04 1.791333239424265883e-04 1.613380690187780442e-04 1.420737255970337849e-04 1.235146487654050558e-04 1.085464552548416514e-04 9.333205212903229893e-05 7.709609200798220145e-05 6.121358748261616868e-05 4.742602940835294632e-05
6.848616200826729674e-04 7.886083608858484358e-04 7.939543487112988044e-04 7.245884982077506302e-04 6.185131157043394527e-04 5.137429218332585732e-04 4.212298744727656992e-04 3.492934878522773248e-04 2.874057907515189148e-04 2.411488210019614861e-04 2.062344745942682270e-04 1.791809437083656867e-04 1.610496533941664589e-04 1.423176959440721867e-04 1.235527612528437738e-04 1.085873728363353954e-04 9.361670600418273418e-05 7.739257141579709203e-05 6.097046694038543984e-05 4.684610034074193250e-05
6.853153090436318656e-04 7.885753138920397658e-04 7.933755928875045257e-04 7.244316789237452295e-04 6.180865800409478944e-04 5.134793360334226125e-04 4.213203894361522558e-04 3.496512178598357255e-04 2.877573600102659320e-04 2.419979205444982477e-04 2.068905296239598884e-04 1.792000020760892110e-04 1.611474858171943014e-04 1.425107094944359017e-04 1.237021976236583800e-04 1.084750259344322758e-04 9.314278059693395788e-05 7.729696961841226713e-05 6.138836474009648589e-05 4.725186542578491421e-05
