# th, boost_factor, err_boost_factor
2.805046135754908576e+00 1.047082943901419982e+00 7.985837790295009092e-04
3.531343861556885511e+00 1.039417717895930293e+00 7.710565513942390769e-04
4.445698525097307119e+00 1.033901663471309629e+00 6.756612516627978409e-04
5.596802846420849242e+00 1.029526231369514377e+00 6.305714948522654108e-04
7.045957328161136068e+00 1.025327883867168888e+00 6.110890493860078598e-04
8.870334730839386950e+00 1.021955372603018386e+00 5.909271102784949834e-04
1.116708980377407912e+01 1.018513267809571854e+00 5.634583152017768682e-04
1.405853312975872704e+01 1.015742350398554095e+00 5.480097937903872802e-04
1.769864460960344488e+01 1.013499932726990682e+00 5.175566943371040507e-04
2.228127345334364406e+01 1.010980539399630729e+00 5.043073631146735916e-04
2.805046135754909287e+01 1.008867323281281037e+00 4.691334948831869973e-04
3.531343861556886310e+01 1.007144743518356034e+00 4.629864491230479173e-04
4.445698525097307652e+01 1.005436183078787682e+00 4.462551642277835556e-04
5.596802846420851552e+01 1.004030743015422944e+00 4.426155501701942228e-04
7.045957328161136957e+01 1.003017658552091351e+00 4.536775329836154535e-04
8.870334730839388726e+01 1.002296172327531654e+00 4.916414421831669448e-04
1.116708980377408125e+02 1.001922529331159772e+00 5.501592137215266303e-04
1.405853312975872882e+02 1.001598371804244936e+00 6.284499808541394459e-04
1.769864460960346548e+02 1.001527294177124938e+00 6.994756124194819553e-04
2.228127345334363838e+02 1.001296475597139413e+00 7.661764683452601749e-04
