# gt (sum of gt from all patches except for one, different each time)
3.692659417515472111e-05 3.815362021517668708e-05 3.691678405144751564e-05 3.743960948555241224e-05 3.067262194110448651e-05 2.679729044413926378e-05 2.786908240286916255e-05 2.419922910168251364e-05 2.054260513410759842e-05 1.516517850053789940e-05 1.539698322579367639e-05 1.100087123851851890e-05 7.488263555482083705e-06 9.069183104368136653e-06 8.270717865496027759e-06 7.732850210546618865e-06 8.722861176871672860e-06 8.046331869322588082e-06 6.769623357189694167e-06 6.475642257339585426e-06
3.681952386138550551e-05 3.791143656841292070e-05 3.628941458978008651e-05 3.683276694742155518e-05 3.041570913138054162e-05 2.656745998619365425e-05 2.725654864735153034e-05 2.374803531818726193e-05 2.028698733461874816e-05 1.477190480167104568e-05 1.527923951201451766e-05 1.115659632964363722e-05 7.795479082927928279e-06 9.283042621920038949e-06 8.240748717590185607e-06 7.713585393574071489e-06 8.793700840449861586e-06 8.337986542569700949e-06 6.550280182984846154e-06 6.118820412207914090e-06
3.736699150508163858e-05 3.827929321300874756e-05 3.678163869320606955e-05 3.706791542766718476e-05 3.061605258924044354e-05 2.652741099392405945e-05 2.719218860486347390e-05 2.348505135902749733e-05 2.043351621665405731e-05 1.529916965121884802e-05 1.548056761443079344e-05 1.108263529147883005e-05 7.913613521174604144e-06 9.540835576932745561e-06 8.519057080672173631e-06 8.016885248867514327e-06 8.901673125921740051e-06 8.476588387123215119e-06 6.697145242852922590e-06 6.088858199476941318e-06
3.719056562145961687e-05 3.852053467414365436e-05 3.697545991669221835e-05 3.738658017236174926e-05 3.112625283048630346e-05 2.698377449687040737e-05 2.746953949826473769e-05 2.354644965793633777e-05 2.038623162860490488e-05 1.522109171489534946e-05 1.537128516827058477e-05 1.118214989618976227e-05 8.080370464508134399e-06 9.744585473347159820e-06 8.657660434705964238e-06 8.155492986759112475e-06 8.909304763913735096e-06 8.214836199836967888e-06 6.533591133276802243e-06 6.155484836135295963e-06
3.677561738142470332e-05 3.798554682863931843e-05 3.641387941680891764e-05 3.736190605676426729e-05 3.097992335606637357e-05 2.707725676712620231e-05 2.742967790893184810e-05 2.366559696076656993e-05 2.036387424664717376e-05 1.510021279047745457e-05 1.542415766700002067e-05 1.126271669739808227e-05 7.551709677288991021e-06 9.071009302332557123e-06 7.953496845799648706e-06 7.699552423529826563e-06 8.793219608451534545e-06 8.223581418006322742e-06 6.325722741400287936e-06 5.665672732081252906e-06
3.745569004550061145e-05 3.801189257682360188e-05 3.646657941142399074e-05 3.726529073128065334e-05 3.109608200709986344e-05 2.717504428778869026e-05 2.782520204241636539e-05 2.388048163494439215e-05 2.050458705756880222e-05 1.513369096299154236e-05 1.556600556465854269e-05 1.130476433770588028e-05 7.655069797974671715e-06 9.468672633162667396e-06 8.600712375133409574e-06 8.157043099784503872e-06 8.907019622080429000e-06 8.455550959350926246e-06 6.860378153162921118e-06 6.271821255081051260e-06
3.744643327807868524e-05 3.866892653299961846e-05 3.698982657890605077e-05 3.729893463820450520e-05 3.075482949098991037e-05 2.678898869447299711e-05 2.751785319284852884e-05 2.361569773670200666e-05 2.039435472650978108e-05 1.537528684501962450e-05 1.574520219533925031e-05 1.144436205645395933e-05 7.992332775050099141e-06 9.616244360339990893e-06 8.665709399693452105e-06 8.050838998248951742e-06 8.963128466194236009e-06 8.453345675876325685e-06 6.548388322840245298e-06 5.980023168519148716e-06
3.673595284203427108e-05 3.836479767133953780e-05 3.673453136123325014e-05 3.745225361295805396e-05 3.121323389453993345e-05 2.722820836141688991e-05 2.804238159088002545e-05 2.425172864970103357e-05 2.082728920559140281e-05 1.509971357613497612e-05 1.516610108424750605e-05 1.045261428963604905e-05 7.264252625264556812e-06 8.926112018273538434e-06 8.263734223100455058e-06 8.024699349984605159e-06 8.818036234422579699e-06 8.200899702015777357e-06 6.402466651989492399e-06 6.106211321145466861e-06
3.663178650412260786e-05 3.783607274144497632e-05 3.632968371028926180e-05 3.698491828971715178e-05 3.050650510287609564e-05 2.651318668823319971e-05 2.735738914453554041e-05 2.335840931210867068e-05 2.013323496057749221e-05 1.490243015525361442e-05 1.540166162318719310e-05 1.116384327763554060e-05 7.880485887161306759e-06 9.423973918778902215e-06 8.521429043572871102e-06 8.097961837747912054e-06 9.233673726565026860e-06 9.167114077522309316e-06 7.575752030561213759e-06 7.181915201572357302e-06
3.709460019685756072e-05 3.803116043641750364e-05 3.712014850533863173e-05 3.765839144674234797e-05 3.073535731117664824e-05 2.652994166128423982e-05 2.701569156762414212e-05 2.358688179178395353e-05 2.047339119568186477e-05 1.530561246122016402e-05 1.546960614915963717e-05 1.106287043553402802e-05 7.570781496797064999e-06 9.094585029057394038e-06 8.222479020387810824e-06 8.131567309789352645e-06 8.871248823151953102e-06 8.192705537265099715e-06 6.424240679682540115e-06 6.087169749260612756e-06
3.719558121957440761e-05 3.836866916895206409e-05 3.738543385912765598e-05 3.776512626831601561e-05 3.130637530038380968e-05 2.711030678039287749e-05 2.770846764832954524e-05 2.386852002618330455e-05 2.053896669235373120e-05 1.498375173283547205e-05 1.555207663019099224e-05 1.124412343003821656e-05 8.184168769942679091e-06 9.696596770831873152e-06 8.580675740512420572e-06 8.431633768464709777e-06 9.389283373814123784e-06 8.778905725210869954e-06 6.957529428516553204e-06 6.368239062752133810e-06
3.704002416983007552e-05 3.878501612657007935e-05 3.730079669639753908e-05 3.784896622763768203e-05 3.104120632487812484e-05 2.659524820110461594e-05 2.697483577401056930e-05 2.339058284661344578e-05 2.033450298542488867e-05 1.517193658302803403e-05 1.544224174372208505e-05 1.117998862476881700e-05 7.782338488883268883e-06 8.995969142941348382e-06 7.770780822906757547e-06 7.386214206133543824e-06 8.163697228662323836e-06 7.679857439853531625e-06 6.354342106926905128e-06 5.953436286935968183e-06
3.684239169251047518e-05 3.846851401620839323e-05 3.676525920800493186e-05 3.706188846455817321e-05 3.053604823926743257e-05 2.682014165448647790e-05 2.732022421042734687e-05 2.370292648023376332e-05 2.021418011274799214e-05 1.480244541707502408e-05 1.531408832581421502e-05 1.131402967493070231e-05 7.920255877004087923e-06 9.147027983015241741e-06 8.130657413440261813e-06 7.521737756870745289e-06 8.336559523340255427e-06 8.001052834219045412e-06 6.727374400353180182e-06 6.345405536436546401e-06
3.694658291259625220e-05 3.849546630574714510e-05 3.693844817875967284e-05 3.755883505699426461e-05 3.115105017500487806e-05 2.693128964687623684e-05 2.739316139125795962e-05 2.392649180746432566e-05 2.074036696558908177e-05 1.535365034955058015e-05 1.550119007303254196e-05 1.074489240614861279e-05 7.531348561046318804e-06 9.092348826931678692e-06 7.916989698019836954e-06 7.403014033803346879e-06 8.245581416145160076e-06 7.811416649145288190e-06 6.180967219116669870e-06 6.116728542301162364e-06
3.738238123771905577e-05 3.885825484053039843e-05 3.721244953416931765e-05 3.734155223353287595e-05 3.058618797969200816e-05 2.655621108196428668e-05 2.747527217843632430e-05 2.371198774574173241e-05 2.017513852093804933e-05 1.493649830436928672e-05 1.542668691613972360e-05 1.129060847328266980e-05 8.116536442095210715e-06 9.795636177391426751e-06 8.502921545582163264e-06 8.002419975402696366e-06 8.823503516416000684e-06 8.406300369639995492e-06 6.682710867872172162e-06 6.258351259178000150e-06
3.696469032515889392e-05 3.838671928488005843e-05 3.620381415233518132e-05 3.735963033509619771e-05 3.037588223080933501e-05 2.661486203487685364e-05 2.703647610756812117e-05 2.330071730290355104e-05 2.036902142739225083e-05 1.524268054841144365e-05 1.543905573955862477e-05 1.091732681521271203e-05 7.530619695190519232e-06 8.995148676659975499e-06 8.268623430123966226e-06 7.890658913810069314e-06 8.788183360723168542e-06 8.441242445340905651e-06 6.789342652861212786e-06 6.360013333276679149e-06
3.661331610210566900e-05 3.818552522180170022e-05 3.662600027787898867e-05 3.768580167389758357e-05 3.123822302514589228e-05 2.679831606225510320e-05 2.764394876771388796e-05 2.393216721638377606e-05 2.064701335628985681e-05 1.512526930792410913e-05 1.534885666346554004e-05 1.092639479639744594e-05 7.542197204122057442e-06 9.068482977131560367e-06 8.190634825288395655e-06 7.830404647164874163e-06 8.762127651450951838e-06 8.188120276141118095e-06 6.797667154385633151e-06 6.059709079473083344e-06
3.769251942449741640e-05 3.810018871208497817e-05 3.681406162465548931e-05 3.727856735842607319e-05 3.076582880328913622e-05 2.698502969716544886e-05 2.739295089924376339e-05 2.353444311006540983e-05 2.041726135562404375e-05 1.511364422698202177e-05 1.529755856885886973e-05 1.080430213931856430e-05 7.674589313355052340e-06 9.688347580699593594e-06 8.840537852734643514e-06 8.197181324493149851e-06 8.945117594098153541e-06 8.659623517135679995e-06 7.178526442016898264e-06 6.669539691852464476e-06
3.697148193026320224e-05 3.870136710553150105e-05 3.668937232965821456e-05 3.754763069768424861e-05 3.119370427733908865e-05 2.702464056768460324e-05 2.776923178690542902e-05 2.381978935649135462e-05 2.068661027863991103e-05 1.529488880051792498e-05 1.544733809143531024e-05 1.106421047732949548e-05 7.625721099136511308e-06 9.397155628935294604e-06 8.643251332444407657e-06 8.274166194213656748e-06 8.945727271054698947e-06 8.611359683405590517e-06 6.795547312036799436e-06 5.986128040524778653e-06
3.764098937168561026e-05 3.862295956522126443e-05 3.715101600084117926e-05 3.774260907624894172e-05 3.125345626293058831e-05 2.725860159312106171e-05 2.763851655633205986e-05 2.375180951717028736e-05 2.011917147201935837e-05 1.481230708760489717e-05 1.514520737671814495e-05 1.079181819770949047e-05 7.565272083451122831e-06 9.206609518861846796e-06 8.089602507042324865e-06 7.731364616331985851e-06 8.661243111432387001e-06 8.129851449633837546e-06 6.679127414969700103e-06 6.533501165509799581e-06
3.685267840640633376e-05 3.809970081615267096e-05 3.642385736968826613e-05 3.722016102475593361e-05 3.097613922680821975e-05 2.696003761459188426e-05 2.783021248364207344e-05 2.389068249413958599e-05 2.027731485325459207e-05 1.487148679225424392e-05 1.529742544153883294e-05 1.123872157524397650e-05 7.970723865945882796e-06 9.212362874178655226e-06 8.139841124977524378e-06 7.800062531235814610e-06 9.001241799356301875e-06 8.345513441884966390e-06 6.893832882770766547e-06 6.575090677342025032e-06
3.730700646603942171e-05 3.839843099598927152e-05 3.694953116089979759e-05 3.762547102387994740e-05 3.106421103929376686e-05 2.721812056735371089e-05 2.774684212860071446e-05 2.391586346562100891e-05 2.065630457403467391e-05 1.514206527285431961e-05 1.536101700315251159e-05 1.123849636984866085e-05 7.829051801211766811e-06 9.373478681647322248e-06 8.618858684116288541e-06 7.972845887058116032e-06 8.788634985892525579e-06 8.359079285109851986e-06 6.499730241682892900e-06 5.768316338878261440e-06
3.644719940902283481e-05 3.817739083044714504e-05 3.683243569450474187e-05 3.763352397260320424e-05 3.095259915686433849e-05 2.673848328408495552e-05 2.717759488720295188e-05 2.361949817744772831e-05 2.041232266290599707e-05 1.497400340800053171e-05 1.535497456645326322e-05 1.106585948765719963e-05 8.094398109128759784e-06 9.626381743537973720e-06 8.538457120938326115e-06 8.248020293424350251e-06 9.360408033822274185e-06 8.947812672402423158e-06 7.467656022987676432e-06 6.583714963716469939e-06
3.745948742029274806e-05 3.849793289308059614e-05 3.694437212374232661e-05 3.731729764116182093e-05 3.101803857908254212e-05 2.680242447821717532e-05 2.749962823913199711e-05 2.361771792580833853e-05 2.040217565290898522e-05 1.492201287793414906e-05 1.528142382805334652e-05 1.112321007899798184e-05 8.071447555770047130e-06 9.495663017340651645e-06 8.520177879734172670e-06 7.963739647497732670e-06 8.899560247456437886e-06 8.475873294061103612e-06 6.602756440751225979e-06 5.997468280182842958e-06
3.718525569886215289e-05 3.840370905145326462e-05 3.669806051631927099e-05 3.728345098830219956e-05 3.055093329424802721e-05 2.647433728310749756e-05 2.675725752356796926e-05 2.374131023531757720e-05 2.049054124463777076e-05 1.491001624311839162e-05 1.515193521537499513e-05 1.080196962690836217e-05 8.151786790659025695e-06 9.724116043271741362e-06 8.757339771016813977e-06 8.371275955404953667e-06 9.135994502482906219e-06 8.453525877887624665e-06 6.667159495275320027e-06 6.151387291011246739e-06
3.599886711643219509e-05 3.831102848560542817e-05 3.692433759638441516e-05 3.744116891469461913e-05 3.118012954301802568e-05 2.684826391178275176e-05 2.746286778466838874e-05 2.386914635988991062e-05 2.060923375388405243e-05 1.543966402764069637e-05 1.576609560430227076e-05 1.124919015468618846e-05 7.738078723107923515e-06 9.158823696028999727e-06 8.513967320205894404e-06 8.032872582262100429e-06 8.837321061210508998e-06 8.476642914532646401e-06 7.009488479701864844e-06 6.456022497222930894e-06
3.710092892547012168e-05 3.875421621971577880e-05 3.731859600359201719e-05 3.781855681053642907e-05 3.093457286105468694e-05 2.688052735697368903e-05 2.738262238360822279e-05 2.333937000669666632e-05 2.028218785211133142e-05 1.539660422918194023e-05 1.576968469986091376e-05 1.147398772541416609e-05 7.912091926291597613e-06 9.893312204075998775e-06 8.924690433194494641e-06 8.257982790486911810e-06 8.866075320623616952e-06 8.419908926783158229e-06 6.742823754604997977e-06 6.238295647106584738e-06
3.712746289873482454e-05 3.827111451625201088e-05 3.667681939828576048e-05 3.766403794581337232e-05 3.115007874600854562e-05 2.719860050640350349e-05 2.792864082750852778e-05 2.427630546438208333e-05 2.078614907823913717e-05 1.515973152386320280e-05 1.514004546136156739e-05 1.082175434101826939e-05 7.243542494419601028e-06 8.923001651439162134e-06 8.139006430212268310e-06 7.631450017899647209e-06 8.725581094257693862e-06 8.442949589230855739e-06 6.944568146668981366e-06 6.660481013027322382e-06
3.686134607692756422e-05 3.881085981694326652e-05 3.690400209095618327e-05 3.743892541259118519e-05 3.106971922263871078e-05 2.691888124047606430e-05 2.757997258570868385e-05 2.388404826486403300e-05 2.079731951129318697e-05 1.554940791025288745e-05 1.556665501536306495e-05 1.086030930413031506e-05 7.599896063974433987e-06 9.039204588550091906e-06 7.981216897370849357e-06 7.443080052990255206e-06 8.335574293147881891e-06 8.235651384606482812e-06 6.838010955377135108e-06 6.184625128606994538e-06
3.680331693293025782e-05 3.828691719835699734e-05 3.704886846788525484e-05 3.732916793826359785e-05 3.072672470217422379e-05 2.657058946888241234e-05 2.721236087805870138e-05 2.384603709471067349e-05 2.043161673805164499e-05 1.533141327858366030e-05 1.569612203740999672e-05 1.113452157908806973e-05 8.046213092320611066e-06 9.833219087381258456e-06 8.707326090277005219e-06 8.159179599252036304e-06 9.107408875104180333e-06 8.765865099496175734e-06 7.065629306326860655e-06 6.391482723136528827e-06
3.699612796366069379e-05 3.831870259634605371e-05 3.684774378531448843e-05 3.751974034035831135e-05 3.113169192842418813e-05 2.711629386427896233e-05 2.758931303703462758e-05 2.391139749249304781e-05 2.042842800886484256e-05 1.494838276421746348e-05 1.514384778746844266e-05 1.103861759090837267e-05 7.845510161307743595e-06 9.296276186085893431e-06 8.516188437908090651e-06 8.103164971598102531e-06 8.733088928062031551e-06 8.282073132146646204e-06 6.711433319859022779e-06 6.172227282848047304e-06
3.725423861252370749e-05 3.867470591726134802e-05 3.757083111866010118e-05 3.794931370164471047e-05 3.135954907800143205e-05 2.750020596712763842e-05 2.768227740012334942e-05 2.409330939906816508e-05 2.064797558877512354e-05 1.540181359160497924e-05 1.549165519084942807e-05 1.106815604241522039e-05 8.206922654915430385e-06 9.648938764187974047e-06 8.293259764204814280e-06 7.943832079411801241e-06 9.236389728073900445e-06 8.424703680334947957e-06 6.681261981814188325e-06 6.023484705696548978e-06
3.693688735532981294e-05 3.867775500436220729e-05 3.700718644685236893e-05 3.759616844243722126e-05 3.084530911803537499e-05 2.688802263396570665e-05 2.754972308310150571e-05 2.373025871121147562e-05 2.052564017229772453e-05 1.558733179438229790e-05 1.580832850281132983e-05 1.142569933336775010e-05 8.159568761366491098e-06 9.502374419660099893e-06 8.370185437350922714e-06 7.767022636096307516e-06 8.204432257045520585e-06 7.704969124479818057e-06 6.259719230928194008e-06 6.086307024853048291e-06
3.670633805032855152e-05 3.850524657974859491e-05 3.721293038771047952e-05 3.747584107037131096e-05 3.075254551370967739e-05 2.680599894758936317e-05 2.730573090702777307e-05 2.368405909353726930e-05 2.035404311256881817e-05 1.481064946828538785e-05 1.500404518296995907e-05 1.087156033930428689e-05 7.796190387261614556e-06 9.337420316218189928e-06 8.261386176940009260e-06 7.821580722540430686e-06 8.898562803372716182e-06 8.648435209802955254e-06 6.999553466447422542e-06 6.125874245929404931e-06
3.695607690658402327e-05 3.777103395683841403e-05 3.669440220002833926e-05 3.743297511682513258e-05 3.113216782275166658e-05 2.695076896924379465e-05 2.752686975256050733e-05 2.395208731746902779e-05 2.062461133549777585e-05 1.519793434139377350e-05 1.534071335928920013e-05 1.080017326233018630e-05 7.448568762534687969e-06 9.099952880317458922e-06 8.270052657783272037e-06 7.954518423433356718e-06 8.609506520373872131e-06 8.270605662693938156e-06 6.697465606709776976e-06 6.266754211375052529e-06
3.727778326984076078e-05 3.817345389091456764e-05 3.709400519604988335e-05 3.791522537488932265e-05 3.138626323465420158e-05 2.727827905036416087e-05 2.753897372956170988e-05 2.400998241763382601e-05 2.080836578664583370e-05 1.528768969210448115e-05 1.543507415926943758e-05 1.096849665092494941e-05 7.562391491589164306e-06 9.261471851062035666e-06 8.876711395624562292e-06 8.490822009448815430e-06 8.803852370247204360e-06 8.312067732718723392e-06 6.852120010213608540e-06 6.339336402792386760e-06
3.724979878708279269e-05 3.865334711988535025e-05 3.674549941232093395e-05 3.789573040449567705e-05 3.092306609358096142e-05 2.686852608610827483e-05 2.701411820158024690e-05 2.336929151615083810e-05 2.011506991026848512e-05 1.489805181245315229e-05 1.515684751990940463e-05 1.079711306729288578e-05 7.693337192398700015e-06 9.285565760782234050e-06 8.167808629200564515e-06 8.002896404713656750e-06 8.960406375947282416e-06 8.353349283087029538e-06 6.225447044707323029e-06 6.103767787768368198e-06
3.723962933843415641e-05 3.856761655467179069e-05 3.693788512641748862e-05 3.751625713658454485e-05 3.083715076514182226e-05 2.689851780910505470e-05 2.760290786698198136e-05 2.383447309751743248e-05 2.053320747979990647e-05 1.493890821940661783e-05 1.538531700919775432e-05 1.102418293956239546e-05 7.948874580427627910e-06 9.470076081799284984e-06 8.526140819444949306e-06 8.141370747219947742e-06 8.760859675104743028e-06 7.797475553721251130e-06 5.991134515415339284e-06 5.822051950050151230e-06
3.665211098904215607e-05 3.828826895087803102e-05 3.704893273640082663e-05 3.754504180274699445e-05 3.105679243147613233e-05 2.673116042107438249e-05 2.708295307052059487e-05 2.346185091505572685e-05 2.034282555502346104e-05 1.528914228779110638e-05 1.540201586838343281e-05 1.100476183289638416e-05 8.032195438537141405e-06 9.570699317274190146e-06 8.291313336261338271e-06 7.756822391302230265e-06 8.663199872120763053e-06 8.296512426293510542e-06 6.702927135884129270e-06 6.315249064580308420e-06
3.666817735869566403e-05 3.817660432464033967e-05 3.689768267497097885e-05 3.746787473981295170e-05 3.130124612860149237e-05 2.696176021177149171e-05 2.757894319560672336e-05 2.385046432606000990e-05 2.080609935205162065e-05 1.556063614748762636e-05 1.564750170327509982e-05 1.126483644767242631e-05 7.986948032633922305e-06 9.303734919363033768e-06 8.470784811675116945e-06 7.796645915982446234e-06 8.804447787989870398e-06 8.433038582339251907e-06 6.846407673742482389e-06 5.891506647504737105e-06
3.712784453631019392e-05 3.821792878865089174e-05 3.702445179281740097e-05 3.731361853613068022e-05 3.102766296135413520e-05 2.655446933344795006e-05 2.702886955764245342e-05 2.350363973834286167e-05 2.061817645975492792e-05 1.525677341478861446e-05 1.549958390323092697e-05 1.151940713920629312e-05 8.233742639818536033e-06 9.605966806743758551e-06 8.588247017167125507e-06 7.820467468080842587e-06 8.604657089043772598e-06 8.179570576455863384e-06 6.779770125047018611e-06 6.409533797255172796e-06
3.714191597016156497e-05 3.911104912711385438e-05 3.757791412901520989e-05 3.805234251045072077e-05 3.119220791626921887e-05 2.690140844166801515e-05 2.724536962699455368e-05 2.384186184328455492e-05 2.043158136413417587e-05 1.503059775449318476e-05 1.522869669789809185e-05 1.081564882436110573e-05 7.503481951295118657e-06 9.392457967157224517e-06 8.534748296795431345e-06 7.895221520554010741e-06 8.889208417244340090e-06 8.322595408503497577e-06 6.728673420616622394e-06 6.106842372971907300e-06
3.691795724486500436e-05 3.816424181697429763e-05 3.654120239211614967e-05 3.709744125513102009e-05 3.079724763034169126e-05 2.677245703232829376e-05 2.734097445766752425e-05 2.345734429380698133e-05 2.026119284951036602e-05 1.499166189288133716e-05 1.510905750159131518e-05 1.072053945316759221e-05 7.663742965153828697e-06 9.336983932285856973e-06 8.722501977407961347e-06 8.420207647192921678e-06 8.725009535172514215e-06 8.129455803320535611e-06 6.601093085654832283e-06 6.345874698735710796e-06
3.720344352158520411e-05 3.909878460748756625e-05 3.688035883695271164e-05 3.760852371358874797e-05 3.087812136477587966e-05 2.708705429950216745e-05 2.785035498852123694e-05 2.442243280010540025e-05 2.125428851599304861e-05 1.542855824711862169e-05 1.555129571326273913e-05 1.116315533642411944e-05 7.788151731892030468e-06 9.613142716387215042e-06 8.582309002064136719e-06 8.042890360015353610e-06 8.821389172240297365e-06 8.285341671125487264e-06 6.758553065766725191e-06 6.259289707655451436e-06
3.746988119852589475e-05 3.793847988544294910e-05 3.743230541701767541e-05 3.742350685863898065e-05 3.068260752001887202e-05 2.662008815860228777e-05 2.744018801979173031e-05 2.382805803936981852e-05 2.029870560647422786e-05 1.518562990132818447e-05 1.550925339989327919e-05 1.122902949063196749e-05 8.388801810143648791e-06 9.967297031585991136e-06 8.970025567742192059e-06 8.546926130424095831e-06 9.241054585054060425e-06 8.880764641279634920e-06 7.023687206481172894e-06 6.100448927434603494e-06
3.707797803787801869e-05 3.794310797727656025e-05 3.669272536156013717e-05 3.693743882743546483e-05 3.082184461385986484e-05 2.671101647917175192e-05 2.737352163525196813e-05 2.356362749507226494e-05 2.094721033383482642e-05 1.575579475517551679e-05 1.577684306382873568e-05 1.118104664666526665e-05 8.157019072508568471e-06 9.721744090491369827e-06 8.748878790908955853e-06 8.207992963406663067e-06 8.982354243779385402e-06 8.610096011707702785e-06 6.973570336537950198e-06 6.149622941267839077e-06
3.672727644620063010e-05 3.897767594545584755e-05 3.654694597709755711e-05 3.731205332286293477e-05 3.067454997423294866e-05 2.670346115719490125e-05 2.731207768271906144e-05 2.342398931796645930e-05 2.055017226222743994e-05 1.554593761961678216e-05 1.540699517492671641e-05 1.065050160585386822e-05 7.413805792730573442e-06 8.572703418835032614e-06 7.896967851641996240e-06 7.659194983395505504e-06 8.558347461638613691e-06 8.306141509784181081e-06 7.143196370983322058e-06 6.230616522205864276e-06
3.715756424686693897e-05 3.790270295776499961e-05 3.624758723610674045e-05 3.675674741376148166e-05 3.037332019243653175e-05 2.641582148064043270e-05 2.748084227573786872e-05 2.387013431624160760e-05 2.059422774044703810e-05 1.529874960062457169e-05 1.525684449427808348e-05 1.108909641768328398e-05 7.700368159399487218e-06 9.355038664228641161e-06 8.405003553389519608e-06 7.858301493489001457e-06 8.690717662160028643e-06 8.318963407774672853e-06 7.016134624246226408e-06 6.482996507493810625e-06
3.712156882483177284e-05 3.847097448641622583e-05 3.703004679481184346e-05 3.723055941125584463e-05 3.094011704586867583e-05 2.670888323906694278e-05 2.745248260630169022e-05 2.396527581860890071e-05 2.075921295986368764e-05 1.515800277877907813e-05 1.527541599307424857e-05 1.120368657234097478e-05 7.862366896375133610e-06 9.406710421222081532e-06 8.585186190238956961e-06 8.230285819277602464e-06 8.945356737489607086e-06 8.393714400050754563e-06 6.582745451361396251e-06 6.377924620548057748e-06
3.694113499046335108e-05 3.799667197028958586e-05 3.632400740635256288e-05 3.728993118642258181e-05 3.083649103814980558e-05 2.674953594759936086e-05 2.738080634147439064e-05 2.364426047989764002e-05 2.044542390886674749e-05 1.500174255762156631e-05 1.516962824770824921e-05 1.057822346186233383e-05 7.355399331884598993e-06 9.263942257631590770e-06 8.249779636857570476e-06 7.715468084976945698e-06 8.479551811184312559e-06 8.208583944487474079e-06 6.456130854849420961e-06 6.078476743896064650e-06
3.635489606691252868e-05 3.827185831845043948e-05 3.697445939864222388e-05 3.729638761544578637e-05 3.102865993207491057e-05 2.683853060770452934e-05 2.766755067309833557e-05 2.369569922303114563e-05 2.024238550993062260e-05 1.483031905585010800e-05 1.510542813678005025e-05 1.078926371359513144e-05 7.638292389101823966e-06 9.521439007709527898e-06 8.643949452224637133e-06 8.140236947606975223e-06 8.783865394745108963e-06 8.267017847544784326e-06 6.949328089753851105e-06 6.297461100283421649e-06
3.752950565788937959e-05 3.861397642201574228e-05 3.682194621770656272e-05 3.755933457749459955e-05 3.121383651497523662e-05 2.694558303915072525e-05 2.749376893162019174e-05 2.389935580920928102e-05 2.042361920242192192e-05 1.517886442288731229e-05 1.545485826700102952e-05 1.096393194712345772e-05 7.814431338651867297e-06 9.637312726516821215e-06 8.551212118655502373e-06 8.018637953612347760e-06 8.583865447619684020e-06 8.170652285855772628e-06 6.478995481177891477e-06 5.942879092154300879e-06
3.695103484025563889e-05 3.819173208378170574e-05 3.694136852612686905e-05 3.746294405328523379e-05 3.085391835165403107e-05 2.711471834708657221e-05 2.726755787186489242e-05 2.346850500686627712e-05 2.062920138205675367e-05 1.526032334645143046e-05 1.553628679347293372e-05 1.092666306525822063e-05 7.716174484185618060e-06 9.310788568653246105e-06 8.490715706076575894e-06 7.867268675454932100e-06 8.566195484914563879e-06 8.215171085365718083e-06 6.463430117973758085e-06 5.964958338080333370e-06
3.743930621772084282e-05 3.845720845715535399e-05 3.720632122870263690e-05 3.764468998454333082e-05 3.146187074155432876e-05 2.722205709651572534e-05 2.766635372149588281e-05 2.384322053395944999e-05 2.042429796364364654e-05 1.458953261625302777e-05 1.497549418520598105e-05 1.070491692157516720e-05 7.305638324890248236e-06 9.295128747657620651e-06 8.410058854949377597e-06 7.759233984106566701e-06 8.109636616062647493e-06 7.897022640061208206e-06 6.386451089944856460e-06 6.126200154038408948e-06
3.642716536295835457e-05 3.827321144804774871e-05 3.682480052657575179e-05 3.734235112328820292e-05 3.101173092427746158e-05 2.659903470752626199e-05 2.704102856543381229e-05 2.346468030189018038e-05 2.038204452463068548e-05 1.488579752396963363e-05 1.518094678816157206e-05 1.100623883274683235e-05 7.891750919870536339e-06 9.381311662012080835e-06 8.583388328380575996e-06 8.122292347108304615e-06 9.048814651871630332e-06 8.636909754463030422e-06 7.031062113649584913e-06 6.458783523216988186e-06
3.686519322229174359e-05 3.843009939487829695e-05 3.654260561513794387e-05 3.714065354965931685e-05 3.141572420914501523e-05 2.708600985475616909e-05 2.745598004543458437e-05 2.338353127333481018e-05 2.028167568477964684e-05 1.508830793430038860e-05 1.533298785460258408e-05 1.122924739292152268e-05 8.182696957993442906e-06 9.650519581964274969e-06 8.643403906179717198e-06 8.177309047422259407e-06 9.157850687282998334e-06 8.537670839867369577e-06 6.761510336732373262e-06 6.119965179065444158e-06
3.696096560522113946e-05 3.768401506289460333e-05 3.639557308418705231e-05 3.742390201929559154e-05 3.132545584892628993e-05 2.697771688951451050e-05 2.765402325990158996e-05 2.387589691850244513e-05 2.054440642232090942e-05 1.532976040915551866e-05 1.556648596018396185e-05 1.086245863168717172e-05 7.666143417806018357e-06 9.226872755653909512e-06 8.313788419594506535e-06 7.971448781093391583e-06 8.392350819164956177e-06 8.071333402010729319e-06 6.251837379089554436e-06 5.841260947707240519e-06
3.728609360447213660e-05 3.832709813316319709e-05 3.675224387527772289e-05 3.751255007118194567e-05 3.109135312939106905e-05 2.651720310974047635e-05 2.725337906958788493e-05 2.371014003723186306e-05 2.086959930790561224e-05 1.534871405325192046e-05 1.537740722924704331e-05 1.113569019803316407e-05 8.087112353111376638e-06 9.432106741676252122e-06 8.386742467096193818e-06 8.124302858202535181e-06 9.258949936659129139e-06 8.769450914620738024e-06 7.226286351477253828e-06 6.500040157109274347e-06
3.705056451161733489e-05 3.858128462767625465e-05 3.705668037931483084e-05 3.743580872663904532e-05 3.068470941844926412e-05 2.655520259934153140e-05 2.716985049999947496e-05 2.358262325805083345e-05 2.045669738382412546e-05 1.485424837353453713e-05 1.536073092697240558e-05 1.097482094076475607e-05 7.820310060337097062e-06 9.632544206936732200e-06 8.895739681060275356e-06 8.624425659193997622e-06 9.187810887973089810e-06 8.764930374693543798e-06 6.989072371358921284e-06 6.368458997624754892e-06
3.708413626851262714e-05 3.870335012049741903e-05 3.699679454440299805e-05 3.736348421058443740e-05 3.093084735169968129e-05 2.670278783128902624e-05 2.736866662205585129e-05 2.389783369984967704e-05 2.063948298431832136e-05 1.559688920577251208e-05 1.601212066268326692e-05 1.147388580676273530e-05 8.216640181274974201e-06 9.517815784072193713e-06 8.707118425661012926e-06 8.404474547192834522e-06 8.874352641810233334e-06 8.406583267073977826e-06 6.776491663722150834e-06 6.301060710550770996e-06
3.696791206814419538e-05 3.837310788995030360e-05 3.743480173757791885e-05 3.787857989030999782e-05 3.175934102431665385e-05 2.734779521721089176e-05 2.792205960095774594e-05 2.412795602084299025e-05 2.054441432936118328e-05 1.525986824794165999e-05 1.542385789469714346e-05 1.124492133308418226e-05 8.070455612720967746e-06 9.491842015363925121e-06 8.628794197023127699e-06 8.045190528503776248e-06 8.692565457431613215e-06 8.447932367326938869e-06 6.979351167701679588e-06 6.334034756526423480e-06
3.717592176401164487e-05 3.884893236168872755e-05 3.689155876030591742e-05 3.779001211653160316e-05 3.114966776496379014e-05 2.719210614421121140e-05 2.776108913249681449e-05 2.368983696767375935e-05 2.064293809886441416e-05 1.548988030641159792e-05 1.560920216826469590e-05 1.117751471074762042e-05 7.908379938811644996e-06 9.529351968620250907e-06 8.471127127728775210e-06 7.950244495255672520e-06 8.815467223205319863e-06 8.488146238511272800e-06 6.930992921121150542e-06 6.455944158512506371e-06
3.710955782041617385e-05 3.844649924673773888e-05 3.687608059837767352e-05 3.760267074240430317e-05 3.097401722694799573e-05 2.692927938617124402e-05 2.759696599177144139e-05 2.385640786294155073e-05 2.060540007015014140e-05 1.527861652332944715e-05 1.529018044275258173e-05 1.067168760843867135e-05 7.608857509826509370e-06 9.227487365408841596e-06 8.207413462972387361e-06 7.931510576263135477e-06 8.789916252550114428e-06 8.306728403189201994e-06 6.675545355671235669e-06 6.263759042416360249e-06
3.686129982742386639e-05 3.850260728851592079e-05 3.704074372640945542e-05 3.765535706908955122e-05 3.112803208625784243e-05 2.690308781777646084e-05 2.724740083314841304e-05 2.339619994102966249e-05 2.015573602377164014e-05 1.474458276902572429e-05 1.476535842911924190e-05 1.052307610257804325e-05 7.279717904191472314e-06 9.138688289390436062e-06 8.282718692529138896e-06 7.703525734852432344e-06 8.600685248990851879e-06 7.683470756192273523e-06 6.314833319588793284e-06 5.864056021143900654e-06
3.656674543937502410e-05 3.836510244053454644e-05 3.694337738875517639e-05 3.762396317642581229e-05 3.110983440083564641e-05 2.703073010908807288e-05 2.768625356115696361e-05 2.386310213302148697e-05 2.044578200103055186e-05 1.514484203560213915e-05 1.525083310740213448e-05 1.062681529090702388e-05 7.783902333792640745e-06 9.547427795420815693e-06 8.659595581849940834e-06 8.118177004182392938e-06 9.132623689065877442e-06 8.646765124924428111e-06 6.703727179456598503e-06 6.066315257051793121e-06
3.713561510767036104e-05 3.856266515144279622e-05 3.677600536782031881e-05 3.759144895051645853e-05 3.099477859549495658e-05 2.672471879963285920e-05 2.729386196398642480e-05 2.355782679841284726e-05 2.047500899601472108e-05 1.480735845000455083e-05 1.476613837031484217e-05 1.082174359573818999e-05 7.683239872916759199e-06 9.413467247370773471e-06 8.370129728590501364e-06 7.906248634554871618e-06 8.662128236999767363e-06 8.172947194632160188e-06 6.641392211810565076e-06 6.425879159224765340e-06
3.714422238501864599e-05 3.823581597325419727e-05 3.691879635671349775e-05 3.740865864372959503e-05 3.107055047083101258e-05 2.700448587706237707e-05 2.747352129892302749e-05 2.383478729594216345e-05 2.083093517694917371e-05 1.547662349857287939e-05 1.578824335989320994e-05 1.130817484408028878e-05 7.923240788721701665e-06 9.318148548579703542e-06 8.625789983114591958e-06 8.158788207821965666e-06 8.803776758137659016e-06 8.180472962979928850e-06 6.799946344376631803e-06 6.735243472079053214e-06
3.693299828038154088e-05 3.816870400361600763e-05 3.705484252995409634e-05 3.762860691240192614e-05 3.137110696047766057e-05 2.742676922957783974e-05 2.794643422650261417e-05 2.392944306359858379e-05 2.045840695481924190e-05 1.506601919129854194e-05 1.526651157104248464e-05 1.080656905927470263e-05 7.467768220031904570e-06 8.947349891354892094e-06 8.084812870095662597e-06 7.689024088637138731e-06 8.502641036003388887e-06 8.304316908896357559e-06 6.634427595495133746e-06 6.223325187561793100e-06
3.725009448277405286e-05 3.897177586041503453e-05 3.713225014196062143e-05 3.772584626522079791e-05 3.158007799784831869e-05 2.761136750512678791e-05 2.794068625532660638e-05 2.397211202231732245e-05 2.028159869332577835e-05 1.502135336019787546e-05 1.544200260138756261e-05 1.132580702924575394e-05 7.910154852612817544e-06 9.598153202632998869e-06 8.714062083763802561e-06 8.287187801009102367e-06 9.073244916411081707e-06 8.333797184905674410e-06 6.458698290479641759e-06 5.891920902770678099e-06
3.722576834400879536e-05 3.873244302745495988e-05 3.701106116943074894e-05 3.729054067219856483e-05 3.115929326015096296e-05 2.686497443397192983e-05 2.759126097268978201e-05 2.390267104663097101e-05 2.084055687778287375e-05 1.536700720121838179e-05 1.568933628558680165e-05 1.120955554283792405e-05 7.788864026076169257e-06 9.333295813111114651e-06 8.379728264839989482e-06 8.065513267445160769e-06 8.713117674361533154e-06 8.295579206754694488e-06 6.753943754399982449e-06 6.335247081955750400e-06
3.698673068561775267e-05 3.847549376421691175e-05 3.704229819811466777e-05 3.785040146271517508e-05 3.143748230733226689e-05 2.718253497770157148e-05 2.779563108329202275e-05 2.387247753302893915e-05 2.032387370774569048e-05 1.476748861078548630e-05 1.503253350116725930e-05 1.083017806030183904e-05 7.736169798777425119e-06 9.647149363925976368e-06 8.865004028230803388e-06 8.135178662090988646e-06 9.139185011502711978e-06 8.635427458543473933e-06 6.577309691887048699e-06 5.799786818577707149e-06
3.782920681210077659e-05 3.847488624575308582e-05 3.692607768714349376e-05 3.745706499510548633e-05 3.122062805426556605e-05 2.702342893058364638e-05 2.762344404128859140e-05 2.397879896588867078e-05 2.058917410574551238e-05 1.518813602503031280e-05 1.526775452890966677e-05 1.111334462866049392e-05 8.189829931039062800e-06 9.881387317274378964e-06 8.418593340090199843e-06 7.891326936713087000e-06 8.630543194814708881e-06 8.185606492608120814e-06 6.895276948622496047e-06 6.425971366131803906e-06
3.705907621664885596e-05 3.858861222380801026e-05 3.666431628447029386e-05 3.731042962293411845e-05 3.052086039454265291e-05 2.652925778880314820e-05 2.729540168168084261e-05 2.353457515671736325e-05 2.021431711319092745e-05 1.507065569976997402e-05 1.525692852616182302e-05 1.099211474495622172e-05 7.671056972084617218e-06 9.455682983624603524e-06 8.556709812725419532e-06 8.027112131231945406e-06 8.731141602121705999e-06 8.202718166182373265e-06 6.660976545045132655e-06 6.282569507018472333e-06
3.695246974128662079e-05 3.847362470427251953e-05 3.698241012894543919e-05 3.725830921211195098e-05 3.092284448790302766e-05 2.658040770619717177e-05 2.728317923849377045e-05 2.387664539110688310e-05 2.039290938903326139e-05 1.499565483005449736e-05 1.544616445142897002e-05 1.113492717210567477e-05 8.105584364080055181e-06 9.862837205736804319e-06 8.577402500759128285e-06 8.295507217645505018e-06 9.055103225619958739e-06 8.684200653274935401e-06 7.281641272406781308e-06 7.130620609862250398e-06
3.712465719604485698e-05 3.859840120534243220e-05 3.712068437260102646e-05 3.762490611985040776e-05 3.117629892491179528e-05 2.693264689450211978e-05 2.802444584981037708e-05 2.400018025217187583e-05 2.077347990926324439e-05 1.545701439966470976e-05 1.548478820580050357e-05 1.098100952942191106e-05 7.714717594125808207e-06 9.629225015781574945e-06 8.915296979995332487e-06 8.595718686137785946e-06 8.921418041338926203e-06 8.469053301567003696e-06 7.012690366206475923e-06 6.900208433920718896e-06
3.731113932744106629e-05 3.831631156777672281e-05 3.665526819310152334e-05 3.744380951944454070e-05 3.084168568739799972e-05 2.639265328440091435e-05 2.714907951280014632e-05 2.364605930595373680e-05 2.067476683565713653e-05 1.511155981001217015e-05 1.551079762721261943e-05 1.177929384454674975e-05 8.176644664076310057e-06 9.931357451772235945e-06 8.870895069651620605e-06 8.326066614772388184e-06 9.180546595579799305e-06 8.448262942939039895e-06 6.924440558211932822e-06 6.260271367285895658e-06
3.658046463550185219e-05 3.837018421938588733e-05 3.657511159258495967e-05 3.725501244734947463e-05 3.096514939562464098e-05 2.717691437675888504e-05 2.765810917273393813e-05 2.408592193730103840e-05 2.073140770811803473e-05 1.501663581902282495e-05 1.534778529904362471e-05 1.078843174611298793e-05 7.515758855985021851e-06 8.981706339593406862e-06 8.147943104125226230e-06 7.961559825060151612e-06 8.729769322811539871e-06 8.050672181136500678e-06 6.393640749602034153e-06 6.182208148049764231e-06
3.668033553064508511e-05 3.780656543415239777e-05 3.647932609452170694e-05 3.744530962184651083e-05 3.068791104892977788e-05 2.705168186420816171e-05 2.767907909913645142e-05 2.389420896070135447e-05 2.044599187908714303e-05 1.507254605316976000e-05 1.550396256014330003e-05 1.093805374005436241e-05 7.819274696961657197e-06 9.363657257345167707e-06 8.439960479778009056e-06 7.903402680287831945e-06 8.788775135239848115e-06 8.335481649789922484e-06 6.862385805081322579e-06 6.418631524505039424e-06
3.741050481031438202e-05 3.803581533394956348e-05 3.689470921278737060e-05 3.717296764484751876e-05 3.086076239913722937e-05 2.693905804163320697e-05 2.733676927182807949e-05 2.356834010406096768e-05 2.064518376445982550e-05 1.494040540179971825e-05 1.481506657253577302e-05 1.076711608932636606e-05 7.691383220105740492e-06 9.409877296998992474e-06 8.216630747593451685e-06 7.492606028111779028e-06 8.411192044073607563e-06 8.116870670595159089e-06 6.481209749669079360e-06 5.891877739973259603e-06
3.680225387070672845e-05 3.828632050305553829e-05 3.697003275301874209e-05 3.735977494752866631e-05 3.087214709254291735e-05 2.699927360127953469e-05 2.758909918943273237e-05 2.391867674377198691e-05 2.073003762123705121e-05 1.534899886404935749e-05 1.556641821121450584e-05 1.116057612303268469e-05 7.775479203619477944e-06 9.259587977852316891e-06 8.303239619010932876e-06 8.077419261407540839e-06 9.002498057158852385e-06 8.599035690205651805e-06 7.045968605423415151e-06 6.320124626763632418e-06
3.687335313709569416e-05 3.814509956083329340e-05 3.712784653502331248e-05 3.781307792145295973e-05 3.099195665979748355e-05 2.658712801990874527e-05 2.733300287569914039e-05 2.396722705278796101e-05 2.058429892147234391e-05 1.494520228824137084e-05 1.506022210706737562e-05 1.085677231579098861e-05 7.396295565236921602e-06 9.182956508663028797e-06 8.510242821632773918e-06 7.800001214335138989e-06 8.648953646293678496e-06 8.211250175508266194e-06 6.340684851346526597e-06 5.957970531461231781e-06
3.684829782713457396e-05 3.897923011918217386e-05 3.707803413329131982e-05 3.779694097165732492e-05 3.092942763723039048e-05 2.663017703744537335e-05 2.700705209461248552e-05 2.345920577846949702e-05 2.032663919067256405e-05 1.507624603218459122e-05 1.520336983212992367e-05 1.071126566284385192e-05 7.150285797400381468e-06 9.078342264155690554e-06 8.355758441297576249e-06 8.020861597305194515e-06 8.958635285255217874e-06 8.676504559547323870e-06 7.252475164095545028e-06 6.591869227515257567e-06
3.730371398306286972e-05 3.828475480079713606e-05 3.689640598709708382e-05 3.733998136730223724e-05 3.081114739040244127e-05 2.671701396887894239e-05 2.725986775251209622e-05 2.364920906157186013e-05 2.046098863440276450e-05 1.491095965033397154e-05 1.508975734973711359e-05 1.078640746655729045e-05 7.872408513877588888e-06 9.615635206977010910e-06 8.765270145892363796e-06 8.483633641625221202e-06 9.318345145393591616e-06 8.600892871630493391e-06 6.897783573186352192e-06 6.470549047943193916e-06
3.714450575771129369e-05 3.813341595496327202e-05 3.655036719109684468e-05 3.692068470766222401e-05 3.060472360027009623e-05 2.638219023784806343e-05 2.747695586339228571e-05 2.393632440228471070e-05 2.080672272529161433e-05 1.514256011109926921e-05 1.521569489845859188e-05 1.076003180163315369e-05 7.453872512525722997e-06 9.334689327998591386e-06 8.455036272111461716e-06 7.824884493277553009e-06 8.858404033200995291e-06 8.256535418692409627e-06 6.280932355198577585e-06 5.906913901180126282e-06
3.676214397810762571e-05 3.865336772562575116e-05 3.705746411161130584e-05 3.744950863777733675e-05 3.109465658516520885e-05 2.691332211830501262e-05 2.734980700870766075e-05 2.367063981479713318e-05 2.036182814370143533e-05 1.522240937881652035e-05 1.520278600617150025e-05 1.076578642351466558e-05 7.653745357575315135e-06 9.122217874522200814e-06 8.134520769438565769e-06 7.794647706128654064e-06 8.915871840333766525e-06 8.378285641306191194e-06 6.675165003053233746e-06 5.915162163336744506e-06
3.685575765124068123e-05 3.819341718088677844e-05 3.698157494011046438e-05 3.708034040094870457e-05 3.056547276093326187e-05 2.652656852435897512e-05 2.726279391328261629e-05 2.337475126224778830e-05 2.046421541829730465e-05 1.523714183963054745e-05 1.525119760699711594e-05 1.070574732905435146e-05 7.470892445903945441e-06 9.139025200159753818e-06 8.211971791940692085e-06 7.637940268980441616e-06 8.670375778469417233e-06 8.333100368426484006e-06 6.673679098928931224e-06 5.966185493591516505e-06
3.731525872525133085e-05 3.872677502017969419e-05 3.714155230746812733e-05 3.783204132682715969e-05 3.109868351097112220e-05 2.684881168428889493e-05 2.743889483037670443e-05 2.348627793552951590e-05 2.045806461314528490e-05 1.527646970095161268e-05 1.551995389678514036e-05 1.113876746262276393e-05 8.108510379604672274e-06 9.682850244542084574e-06 8.665302411684177550e-06 8.270862258470479340e-06 9.096745806353914094e-06 8.344394014142114116e-06 6.895764342676962856e-06 6.871789220301365292e-06
3.701021880672697532e-05 3.845253263453683539e-05 3.727081495202962737e-05 3.738560727449281298e-05 3.081142796951587146e-05 2.662537710567142049e-05 2.730168295501767499e-05 2.384456814602682788e-05 2.093805213226152895e-05 1.505401335775350384e-05 1.517986773768481374e-05 1.081453453351608974e-05 7.431777822183327530e-06 9.212478863854028991e-06 8.029848859308047319e-06 7.640052630712660729e-06 8.424987945646385680e-06 7.700522068015270535e-06 6.069439941905001139e-06 5.784950311716159951e-06
3.712033143875571693e-05 3.816097919719635667e-05 3.657801017340491884e-05 3.730879614015181298e-05 3.113824499006978135e-05 2.705949939232025827e-05 2.797116026727594209e-05 2.423322726473464960e-05 2.074172213554910553e-05 1.501810590960469215e-05 1.526752635122970636e-05 1.092601219573774490e-05 7.714776999301758365e-06 9.516178185055736889e-06 8.702307073263529128e-06 8.217731350088199543e-06 8.829705321868088134e-06 8.065299458028459497e-06 6.642607638674471699e-06 6.316215008670773013e-06
3.666823693405730285e-05 3.799776497373395713e-05 3.666199283516336660e-05 3.693985405147994118e-05 3.037446720060391916e-05 2.667831212408329421e-05 2.762699154973122034e-05 2.377932963556379312e-05 2.056261251408133267e-05 1.510651405626646076e-05 1.503722023874878108e-05 1.050767055529465843e-05 7.400027426921926380e-06 9.295508406973689342e-06 8.055655226233736848e-06 7.878010785403957055e-06 9.006631082745292615e-06 8.301381311159411087e-06 6.564019670123769041e-06 6.277839353411665828e-06
3.695869238347503799e-05 3.778266883961036950e-05 3.703409889558896144e-05 3.654407056916498078e-05 3.017043967466429886e-05 2.625359902668755459e-05 2.719126172710392903e-05 2.342627599357062420e-05 2.036166878037502304e-05 1.490322376215101952e-05 1.550008321372738958e-05 1.132669251728025882e-05 7.798661022835419102e-06 9.304897066083687488e-06 8.240831219060674456e-06 7.869086124670517877e-06 8.817538418737837788e-06 8.422259192146859432e-06 6.800779072717339990e-06 6.270635121263971435e-06
3.671223442327979598e-05 3.818140214589277071e-05 3.616870313877581779e-05 3.682716396619365492e-05 3.048851957654632466e-05 2.640155433976553424e-05 2.741217539658778496e-05 2.346890502211235944e-05 2.000133239943470889e-05 1.466836753025445440e-05 1.505004627055461455e-05 1.089432369793378767e-05 7.814428436579818100e-06 9.574924129053315829e-06 8.756492219617897596e-06 7.991908124384690089e-06 8.850671047682758029e-06 8.251681508704546296e-06 6.544451731840431286e-06 6.168828097157292201e-06
3.740133223543258887e-05 3.883517318865732740e-05 3.706420838807554296e-05 3.806697245187099302e-05 3.117809734123612410e-05 2.695317428549883837e-05 2.742607204026229994e-05 2.386308805393340239e-05 2.086222405386332714e-05 1.540774550783449167e-05 1.560287031590643043e-05 1.134748763845866711e-05 8.083182651829140883e-06 9.754003572667930324e-06 8.893371745974019860e-06 8.493892293010373612e-06 9.637928888947059334e-06 8.672751073231060499e-06 7.007262961808683976e-06 6.683162681422884867e-06
3.727142283369465554e-05 3.839487061447433095e-05 3.678808719152785653e-05 3.712530528121054963e-05 3.090684506092279395e-05 2.676338483744130354e-05 2.750059759187469452e-05 2.392858113895087398e-05 2.044351557377918610e-05 1.504089973107140344e-05 1.546021189169025377e-05 1.110704221585946406e-05 7.850719415732401312e-06 9.529523402205875555e-06 8.785457935643830143e-06 8.020019413466368175e-06 8.595959775952994900e-06 7.922190231365205845e-06 6.392697732794954437e-06 6.071929933285137864e-06
3.683485587504774770e-05 3.824999373849674296e-05 3.689466143529571796e-05 3.763475684371877215e-05 3.121852773675633182e-05 2.729092606822953492e-05 2.774911744658509899e-05 2.390945818472305643e-05 2.082208100586085113e-05 1.546351977484754307e-05 1.575236631515852903e-05 1.097976393170418171e-05 7.812380632318999374e-06 9.267307070382782452e-06 8.602043976281934323e-06 8.220291426966713530e-06 8.966994184369564655e-06 8.593523931063619438e-06 6.677485062789444277e-06 6.058877181380187184e-06
3.712240502518252927e-05 3.819011016547905303e-05 3.671371063245918093e-05 3.738453972974879546e-05 3.086365853263225306e-05 2.663836715097926098e-05 2.705291741635872297e-05 2.339415074893694046e-05 2.036826022555234458e-05 1.495985019827867351e-05 1.525532379779029794e-05 1.099258081049762853e-05 7.873131863468922647e-06 9.337862409781722792e-06 8.266632433873634010e-06 7.712271581807254563e-06 8.681237515896391064e-06 8.261221629227974889e-06 6.565809366548434542e-06 6.217892816262813563e-06
3.722518221202055416e-05 3.795763918743413120e-05 3.669720703455432021e-05 3.734372098427099496e-05 3.113815948841180189e-05 2.681674890373759659e-05 2.722581885863889310e-05 2.349787246046994700e-05 2.032995494710262345e-05 1.469376844957096716e-05 1.477424286720581260e-05 1.039079677181434927e-05 7.215797137051128290e-06 9.135840796187020662e-06 8.419302895383906703e-06 7.510769971325603451e-06 8.363725170950570548e-06 8.024124110725656907e-06 6.545376204638753175e-06 6.309133602930049799e-06
3.745592066847894713e-05 3.855133725653126599e-05 3.726181462610552581e-05 3.774569504761107801e-05 3.119296213292990880e-05 2.691676529046819452e-05 2.740319196545751217e-05 2.369804481204616952e-05 2.037352695216887739e-05 1.478552446614129585e-05 1.503119024059118107e-05 1.072584128567830443e-05 7.467050213569089855e-06 8.916381999746393904e-06 7.855629615746353102e-06 7.674099559823220016e-06 8.671062524433900126e-06 8.604967712729003529e-06 6.779785791169872135e-06 6.328815137990122683e-06
3.708394852072056225e-05 3.862725561011541163e-05 3.638167378609728569e-05 3.687353371868870805e-05 3.044655050789597212e-05 2.650428238448710675e-05 2.725540254893989010e-05 2.373245797281456088e-05 2.025096375841030084e-05 1.462182955504091262e-05 1.500104227933832929e-05 1.052968715251320301e-05 7.554064064681293480e-06 9.426628514312962979e-06 8.546463202276925102e-06 8.058712651448285270e-06 8.817234463833807605e-06 8.335392731825393641e-06 6.770874141196871580e-06 6.418878022904002445e-06
3.693666147265628529e-05 3.787705989404638421e-05 3.680437765173604354e-05 3.799204996498182997e-05 3.111123973603285864e-05 2.732073883361633309e-05 2.743642641733286364e-05 2.367617345182368950e-05 2.054378053499119673e-05 1.510853623724877983e-05 1.552071017723909567e-05 1.122599525516027982e-05 7.957700760859438868e-06 9.180982055051537378e-06 8.484233261588423910e-06 8.236631692097810521e-06 9.116720403854853495e-06 8.407495563465403599e-06 6.952916419501332026e-06 6.406621219661297037e-06
3.734614866217490076e-05 3.862716151278857096e-05 3.708492151112144445e-05 3.729774345631382446e-05 3.090241215536633761e-05 2.693766602503436871e-05 2.760983987965255656e-05 2.410937497642531960e-05 2.090802997968453051e-05 1.551945830248280196e-05 1.568284574422599509e-05 1.100372131166175307e-05 7.465248533704339964e-06 8.965614836338749020e-06 8.054716049263434261e-06 7.472255877882515523e-06 8.358550628135135585e-06 8.034924434138594334e-06 6.838986148815903024e-06 6.595861491937488435e-06
3.690203491955401058e-05 3.815563881110698840e-05 3.658345710121978196e-05 3.732290267509317383e-05 3.121444337056837105e-05 2.754376743988373719e-05 2.790478427244434646e-05 2.383693975207407451e-05 2.074852418691981078e-05 1.538287171245351882e-05 1.549894216233595805e-05 1.124474381093318254e-05 8.191061955380174193e-06 9.313211018532128107e-06 8.015234337596508000e-06 7.436630744377049741e-06 8.573880569995112421e-06 8.498200662682644474e-06 6.964499123786300978e-06 6.341149816301353592e-06
3.697396420317414429e-05 3.869051909300802954e-05 3.733111981773792421e-05 3.782496894646345849e-05 3.097492665883890781e-05 2.683954327958852382e-05 2.754797293291449657e-05 2.392328453528433588e-05 2.075103554818045256e-05 1.537077465310458541e-05 1.547853136454882056e-05 1.120403381003892565e-05 7.888847998034867701e-06 9.368370072057842843e-06 8.385357176263953134e-06 7.974342784806795722e-06 8.661906529094384345e-06 7.680590839316156856e-06 5.943276510110836000e-06 5.792990882517446516e-06
3.742859516947347361e-05 3.821943337571359899e-05 3.655040385382553125e-05 3.730138885228742010e-05 3.103878574225934643e-05 2.714714207677197422e-05 2.725806104834175165e-05 2.342497571947878271e-05 2.023804304292617219e-05 1.508085225651998455e-05 1.510272014170844433e-05 1.075080832363941444e-05 7.573077560310974896e-06 9.569436363652503467e-06 8.574531492550203080e-06 7.844572481283791453e-06 8.691766549802903421e-06 8.237014480265276409e-06 6.600821869550014067e-06 6.358970166793459811e-06
3.758003807574659212e-05 3.894157187774413998e-05 3.659079389833066142e-05 3.696835858463327538e-05 3.060422758166124642e-05 2.635997714398926738e-05 2.707986494672170449e-05 2.332867711560263942e-05 1.999915341482011983e-05 1.475457109470467690e-05 1.516030623079023291e-05 1.084666259517383467e-05 8.022919545714963512e-06 9.256577158177201796e-06 8.345737263526906748e-06 8.251062437175724271e-06 9.004344810658431789e-06 7.791098620458938870e-06 5.791333980343951231e-06 5.428096009282644719e-06
3.733743353689023740e-05 3.835829181407712167e-05 3.736233521337523164e-05 3.759373872019251746e-05 3.121244156388036162e-05 2.689786112689489562e-05 2.763622600609488917e-05 2.403512139193761873e-05 2.095469836043618414e-05 1.559923095653246072e-05 1.560491617914255629e-05 1.122581083598234622e-05 7.815275393265843352e-06 9.265368686605147827e-06 8.374015897698433892e-06 8.174751359423897124e-06 9.239942296493680815e-06 8.801829014344035725e-06 6.821773200894537771e-06 6.304491042697679714e-06
3.732663717679440802e-05 3.872414459820940026e-05 3.689272918928646560e-05 3.749490916394284447e-05 3.069189162766016078e-05 2.686047280078051477e-05 2.748633718109986162e-05 2.421865750336379768e-05 2.070875942474570327e-05 1.560677489879570319e-05 1.584323533348783883e-05 1.131844321993630016e-05 7.692456300242203057e-06 8.896281141277094065e-06 8.117659279729518557e-06 7.448342155412921825e-06 8.309915913799479953e-06 7.369172867227239075e-06 6.352424405597999186e-06 6.022042240230226966e-06
3.688113954288737846e-05 3.830827061435736571e-05 3.633445537890953606e-05 3.745874399288582588e-05 3.107537033331306389e-05 2.693010895678265058e-05 2.768231607661089238e-05 2.400906834081774610e-05 2.097949315608641917e-05 1.568391144262602902e-05 1.598125480112601101e-05 1.165873731383494325e-05 8.214326881018007773e-06 9.915387992055907170e-06 8.995320888730608740e-06 8.192354351548595937e-06 8.686983735197981225e-06 8.624853924932389664e-06 7.308690890011388140e-06 6.712294476448623336e-06
3.704746020901542676e-05 3.864294062549889825e-05 3.684857172056402885e-05 3.767880379422775867e-05 3.136244804059256432e-05 2.725501942121433065e-05 2.778300805906410887e-05 2.403444035970290287e-05 2.051593808373679471e-05 1.518699410434996546e-05 1.536917072459673329e-05 1.131499198232769842e-05 8.178073015186977169e-06 9.680546171597097016e-06 8.857555103709279122e-06 8.105747493930760855e-06 9.148289010042637824e-06 8.779485309801228303e-06 6.942920917527476652e-06 6.523354949250886113e-06
3.683836024153477217e-05 3.910309456089621063e-05 3.695579350172916187e-05 3.754428161102354089e-05 3.088302411198643729e-05 2.677946667503084251e-05 2.751109980679658393e-05 2.377866915453930968e-05 2.081447080561712895e-05 1.554994498838066096e-05 1.563490644807092006e-05 1.156233625351697929e-05 7.959587476068808598e-06 9.787504101480998082e-06 8.829657555847045453e-06 8.139373393843952174e-06 9.073147908378056362e-06 8.414298895362678300e-06 6.975452935056766893e-06 6.403757897907701310e-06
3.734444014055502488e-05 3.836829699248088348e-05 3.723575768194834260e-05 3.737903789328294885e-05 3.117118725094533699e-05 2.697182977397879586e-05 2.769430775020905076e-05 2.398448235167009677e-05 2.059946301197412903e-05 1.475141289069740953e-05 1.511030878703658906e-05 1.066256692416742884e-05 7.479605908107032114e-06 9.345625112979416969e-06 8.407749303996943171e-06 7.843220164140269943e-06 8.674622588405145297e-06 8.309113984915842199e-06 6.855423502418155136e-06 6.139496595828855489e-06
3.687917626671800202e-05 3.870235327574111554e-05 3.656162064795812126e-05 3.737996910433896832e-05 3.097344459951526739e-05 2.652600807562967622e-05 2.715057055859143044e-05 2.369994520223607501e-05 2.044411831496105184e-05 1.497939439064107464e-05 1.511720577261168236e-05 1.084456853020609273e-05 7.636888094040770981e-06 9.326820310120208785e-06 8.488039092120989993e-06 7.984217984594921798e-06 8.991643763620029022e-06 8.646487021684569026e-06 6.833358025140594097e-06 6.355498070185027949e-06
3.680069540003645727e-05 3.787785168402316209e-05 3.661152341161976338e-05 3.730921849855653298e-05 3.067088518218982470e-05 2.669054541529247940e-05 2.723173781623358929e-05 2.377527369555589587e-05 2.037601908262486701e-05 1.494306362702100769e-05 1.514751821545849293e-05 1.077871001551140402e-05 8.123085154033045645e-06 9.316820359595809906e-06 8.709578718804224427e-06 8.257607701500370548e-06 8.845666457407889188e-06 8.464447552580135753e-06 6.721026570836903423e-06 6.351231308865571033e-06
3.707210073907847651e-05 3.797462582680141181e-05 3.665273188495646941e-05 3.732189319024616146e-05 3.065156101410530397e-05 2.674802167968174372e-05 2.755681141191047249e-05 2.371874441355933109e-05 2.059498128891381393e-05 1.523933524198696975e-05 1.550631977849608226e-05 1.091531222829159640e-05 7.700854712768108402e-06 9.276149442089839277e-06 8.299093059817426818e-06 7.865205025443503496e-06 8.750370008987900191e-06 8.109848037598565496e-06 6.450737320364797381e-06 6.136886546408699923e-06
3.726795044966264549e-05 3.847300897456312665e-05 3.647233229053849506e-05 3.680265134643400055e-05 3.032495151623779695e-05 2.646415486035339144e-05 2.710082361630323516e-05 2.371960807218913603e-05 2.054739431784544012e-05 1.535323906273964638e-05 1.569888190360025143e-05 1.145524220150424561e-05 8.327679747386594543e-06 9.742702978835618668e-06 8.897914566787925797e-06 8.202170300182420670e-06 8.762202167813155511e-06 8.180423768644356057e-06 6.692332443879978632e-06 6.195014244197790220e-06
3.701996905317307923e-05 3.827410448345688648e-05 3.650926790609992516e-05 3.778979831992576360e-05 3.070851644773087851e-05 2.658803119879421292e-05 2.730168762821875416e-05 2.373698389745412172e-05 2.056438857762880884e-05 1.507609443854076945e-05 1.514024386770760571e-05 1.083909922702482819e-05 7.517328910315816292e-06 8.967074882987969303e-06 8.340527951261469204e-06 8.161335091002112953e-06 8.823638943886929914e-06 8.118731805233747156e-06 6.505010617712782727e-06 6.253307466631187455e-06
3.707938039271193318e-05 3.840412177365797069e-05 3.708178133677053791e-05 3.760866991652266945e-05 3.104396495224637004e-05 2.675800163707588503e-05 2.718841168223099037e-05 2.385025870080750431e-05 2.083949710101054014e-05 1.530294522184065488e-05 1.567785542035548356e-05 1.110398599060894481e-05 7.830799416553000761e-06 9.536649281401841569e-06 8.242676579953436101e-06 7.749114153861403755e-06 8.621090199535438379e-06 8.026088983366357489e-06 6.684632259642891805e-06 6.228893046007173692e-06
3.711378234500429965e-05 3.841422430098828016e-05 3.714378685400084024e-05 3.777850399037059251e-05 3.120008763841719329e-05 2.700616228252393484e-05 2.757070872045613022e-05 2.396613050786028032e-05 2.074907215403090622e-05 1.555012783491000768e-05 1.562792259946834086e-05 1.099219419439078149e-05 7.787712254072150030e-06 9.467016469020421622e-06 8.747048205272282676e-06 8.274143525150895031e-06 8.911647747216502497e-06 8.238872465338696683e-06 6.362053248767396033e-06 5.885388780394527588e-06
3.693011200999186510e-05 3.855642498074221542e-05 3.688963491293015186e-05 3.721543908482266826e-05 3.090709521065075198e-05 2.656077714314834985e-05 2.731411375455908289e-05 2.367418690569144876e-05 2.117221227604089176e-05 1.570160595995541151e-05 1.577143118685941629e-05 1.153942388561504008e-05 8.170990699740269977e-06 9.941956233300426290e-06 8.861293235842549915e-06 8.494371186037456454e-06 8.925181822088691156e-06 8.373438169938396487e-06 6.575463504101153248e-06 6.473056823813429124e-06
3.656091673220630947e-05 3.785921439736849534e-05 3.655724909421324901e-05 3.707895639488724269e-05 3.101810180961864455e-05 2.722419816068050061e-05 2.758415853381362547e-05 2.321186692136123099e-05 1.978552055797475160e-05 1.466005702921158409e-05 1.480420267875787705e-05 1.058290024718692967e-05 7.534664046812957935e-06 9.123272319691533397e-06 8.352439630805408730e-06 7.911383026713788118e-06 9.112878100379564141e-06 8.885763790564797179e-06 6.996308688147246094e-06 6.094178260292467289e-06
3.684931196261200556e-05 3.785030651184288964e-05 3.654569073463026984e-05 3.726387444711783679e-05 3.098871711965654649e-05 2.678548873787059374e-05 2.719219047013197603e-05 2.363144635348335716e-05 2.046501509632287145e-05 1.513775025438604321e-05 1.549417873956537574e-05 1.090246443714583437e-05 7.748397986588711938e-06 9.433380634454921934e-06 8.347560869422528576e-06 7.899011693300590873e-06 8.724438920727413686e-06 8.259318460810737906e-06 6.583692075289932082e-06 6.305178780674790384e-06
3.751688754497480238e-05 3.794167761209004313e-05 3.691051040155229174e-05 3.782912377271228048e-05 3.124586184689612614e-05 2.676749836155590712e-05 2.731331417466447854e-05 2.349447608193721491e-05 2.043196649954552810e-05 1.496921696153292749e-05 1.538061460146780411e-05 1.092530091544800702e-05 7.694432878967913460e-06 9.441096217007363526e-06 8.682759388237875405e-06 7.691303496439368199e-06 8.308124747717114404e-06 8.322284073585192258e-06 6.803311815022831691e-06 6.461999343726731372e-06
3.685117484471284204e-05 3.842483761402356148e-05 3.694054776149414434e-05 3.775274599123560210e-05 3.114587228770178732e-05 2.686732733415731316e-05 2.744251312639234801e-05 2.370662819294074692e-05 2.059036125757094065e-05 1.526740377086845319e-05 1.535037554590790935e-05 1.078050888688479855e-05 7.551009340211248109e-06 9.340070569819880475e-06 8.340979814952624176e-06 7.889230287375489771e-06 8.872977239497629022e-06 8.528082431843222186e-06 6.913197926556623928e-06 6.553550912553107482e-06
3.650342012438565148e-05 3.776453274331899573e-05 3.699340291005966195e-05 3.728924940513033201e-05 3.079916183763371551e-05 2.666365350175824693e-05 2.756107527936985446e-05 2.403388905211380403e-05 2.071335849143713089e-05 1.529674589311866672e-05 1.582408164508927224e-05 1.182443436272309567e-05 8.515887590305028579e-06 9.832609432455140458e-06 8.765669805762437480e-06 8.379870400333548237e-06 8.995085248020918671e-06 8.497097080675939838e-06 6.998308874828888001e-06 6.569316338161502623e-06
3.717521854009955281e-05 3.902024923219871079e-05 3.708709389333579348e-05 3.758678571659978331e-05 3.107902739219695499e-05 2.683452939768111287e-05 2.698563177948761548e-05 2.334770184520003521e-05 2.027037327524475999e-05 1.522585757560152906e-05 1.522831222947573580e-05 1.119996193002744735e-05 7.952581623809111953e-06 9.321771802151300668e-06 8.582062510246545159e-06 8.278840772016433634e-06 8.962059287183344030e-06 8.337129293270693559e-06 6.510318040795481209e-06 5.777492963018554412e-06
3.708050170924853840e-05 3.800379347235155285e-05 3.663481243836891495e-05 3.725332929952471835e-05 3.064994462912078545e-05 2.691877405633556438e-05 2.750906361842327054e-05 2.384879465438685152e-05 2.042691185359080098e-05 1.511232308787126288e-05 1.541149384265518344e-05 1.113563214023050717e-05 8.048729533127684283e-06 9.785085924517235480e-06 8.861435120218275207e-06 8.292886125591460454e-06 9.182313152843340318e-06 8.697746566739582904e-06 6.924061325434929090e-06 6.248751401088446751e-06
3.741548558592206484e-05 3.905172771404842694e-05 3.721254653837873124e-05 3.760354564952512817e-05 3.073866400171055169e-05 2.670635977683023671e-05 2.740806026296297763e-05 2.367245264050373905e-05 2.025941611744464345e-05 1.488215221278377682e-05 1.528060219509803675e-05 1.109158587573866306e-05 7.974726919790320692e-06 9.477012559341598636e-06 8.531111863995343214e-06 7.973764909266554783e-06 8.593731609030504388e-06 8.061860120621359673e-06 6.719844820466080700e-06 6.421788584297882177e-06
3.730119241492766731e-05 3.860922875284221218e-05 3.728452058618583748e-05 3.741416629154304025e-05 3.100741957383709594e-05 2.701447324504865750e-05 2.770634766138687399e-05 2.392495897312213007e-05 2.047006569445548960e-05 1.505577367148631445e-05 1.539239594891456976e-05 1.112522987554512062e-05 7.848494532863659753e-06 9.629905104841214464e-06 8.665119150689209174e-06 8.060555108816629287e-06 8.934025714539941396e-06 8.280944746624083810e-06 6.629768787702562155e-06 6.364012876211309401e-06
3.691933899823259874e-05 3.796558243115957576e-05 3.687516775902386452e-05 3.737484752612750370e-05 3.106001606093253601e-05 2.657344708704833318e-05 2.703812307674855839e-05 2.337797496766148866e-05 2.007648214669029480e-05 1.480921493457166146e-05 1.518209155974453207e-05 1.122232695186912964e-05 7.774942185423869596e-06 9.236012672043022049e-06 8.276257192263569972e-06 7.734378486128838903e-06 8.884252801301187127e-06 8.565207935398148100e-06 7.059551744978026171e-06 6.491192613563654675e-06
3.688272011830974007e-05 3.879198973615227599e-05 3.740326772942307091e-05 3.795905229531149375e-05 3.123968359914291944e-05 2.711697806560170351e-05 2.754437224680450299e-05 2.377133156883057838e-05 2.058284363256361867e-05 1.518971571371294525e-05 1.535651406952967464e-05 1.080955391688181713e-05 7.410409338983179956e-06 9.076213757337313353e-06 8.306003176297617152e-06 7.926315888610254058e-06 8.809753996841430149e-06 8.452216151583546387e-06 6.740356497149818885e-06 6.321086866316528515e-06
3.745167994255866857e-05 3.766457137654343401e-05 3.670019380837497231e-05 3.717544606589614348e-05 3.061410603365553813e-05 2.638313780984844422e-05 2.680762515227271112e-05 2.323286962150733267e-05 2.069386637149947105e-05 1.560110768316057758e-05 1.581999943134027123e-05 1.145996942572310008e-05 8.326403718252086065e-06 9.650097326893000561e-06 8.560123979195593730e-06 7.972199930146854386e-06 8.770926564604856454e-06 8.139905432398762778e-06 6.140216785942345646e-06 5.474987147308450601e-06
3.691688280123720596e-05 3.831101008435164085e-05 3.689330629429725839e-05 3.731036642511641188e-05 3.106172565993312311e-05 2.701178645214987980e-05 2.767464181951937889e-05 2.388333103853196955e-05 2.067248095957460082e-05 1.474184921296051783e-05 1.524642850273434421e-05 1.079780358580674463e-05 8.037072790984534630e-06 1.014358297093683497e-05 8.733049561630099942e-06 8.104060639244147179e-06 9.029633292734370764e-06 8.455353497279787423e-06 6.924568112177880413e-06 6.373662647692375093e-06
3.635513722289333344e-05 3.832580320430904259e-05 3.652416284090178510e-05 3.767737285872941130e-05 3.094088797629247040e-05 2.719127153094909690e-05 2.759573450294345825e-05 2.374098703729597500e-05 2.049515202390036808e-05 1.515036189301498780e-05 1.571277160429729634e-05 1.111867911346352935e-05 7.963253355039342081e-06 9.323693186157048208e-06 8.113469639450657096e-06 7.745250110714190926e-06 8.531735670739453827e-06 8.121927931201684370e-06 6.710363795333689700e-06 6.327736419362349334e-06
3.703261093440360547e-05 3.818295938521761940e-05 3.647695893452259584e-05 3.715080723817074608e-05 3.103158270486894342e-05 2.703926059220010796e-05 2.749044272223345585e-05 2.348989483638404610e-05 2.035613720182728476e-05 1.498663161320513954e-05 1.528768805190128979e-05 1.121928395947581338e-05 7.870453958822109348e-06 9.549295907177802242e-06 8.466919387743792664e-06 8.041271855282087024e-06 8.685273612214010580e-06 8.312835040893017840e-06 6.909721528557031153e-06 6.614421166155273480e-06
3.712848913723471814e-05 3.821844008600833799e-05 3.688863059779107651e-05 3.748998331195532474e-05 3.055359823992624923e-05 2.688217096610000221e-05 2.743205397050450215e-05 2.347422339636975129e-05 2.024122988570958422e-05 1.458895784725703096e-05 1.513158756965192421e-05 1.114154815077626709e-05 7.831621696249695615e-06 9.572916158573009133e-06 8.180708025014888377e-06 7.416162928819458236e-06 8.100603626966984056e-06 7.747366571454655633e-06 6.128846254995627887e-06 5.600520631365378651e-06
3.708725278155027531e-05 3.764131698164092146e-05 3.646045423492624317e-05 3.693899973707887919e-05 3.077764596012189964e-05 2.704308994861906066e-05 2.735882591042261086e-05 2.351873560896176548e-05 2.019187706917249095e-05 1.492326134522444402e-05 1.518176272699748099e-05 1.057134784926962260e-05 7.210554255890658340e-06 8.968252811747716845e-06 8.025654688046402201e-06 7.617364406386336769e-06 8.545320451693838481e-06 8.180375160572346256e-06 6.620758280617992335e-06 6.502610581511377886e-06
3.682418587712337041e-05 3.852676492639493355e-05 3.746766731340624623e-05 3.789015451412528141e-05 3.125545141183589450e-05 2.727928041262366735e-05 2.768699925174682993e-05 2.398682257864116497e-05 2.066887300558350980e-05 1.512933502976103289e-05 1.532474922343863468e-05 1.112149218670228558e-05 7.929698064652490906e-06 9.349316122393705399e-06 8.417318136880838460e-06 8.080078046798967349e-06 9.079194349855798017e-06 8.466853598474291664e-06 6.841731620763454513e-06 6.387121112135864659e-06
3.761253962035484118e-05 3.900102645805688403e-05 3.729287735738161198e-05 3.788986416448922377e-05 3.135139915289510175e-05 2.708457142120909372e-05 2.759121494577688983e-05 2.384772646473075209e-05 2.042505246869295285e-05 1.488263193882049038e-05 1.510313805003610990e-05 1.092094295431711270e-05 7.846478887894766993e-06 9.268923163133488744e-06 8.502690287541500488e-06 8.149531847848301460e-06 9.081472420788125731e-06 8.537127942218144760e-06 6.887466419867730163e-06 6.454797327876763546e-06
3.704002403540385292e-05 3.820159526371600685e-05 3.719871341315821852e-05 3.772890552987950288e-05 3.117311806138910993e-05 2.722094261731205247e-05 2.743904618354999175e-05 2.367103510687572037e-05 2.041925195433283004e-05 1.486548427724415285e-05 1.506862929009954943e-05 1.084353672764610017e-05 7.569710446647410696e-06 9.448053989816030773e-06 8.446704156071615146e-06 7.936683389560316907e-06 8.592059997470899411e-06 7.976896714938988073e-06 6.459908758951033751e-06 6.324542031921260001e-06
3.707582603525169467e-05 3.846749119704984777e-05 3.735726559798647681e-05 3.798008767951926323e-05 3.180392287995664600e-05 2.727169479664839726e-05 2.744958291807442013e-05 2.362327325099971212e-05 2.042052710697505292e-05 1.531941657443450038e-05 1.559299056905870661e-05 1.106063756046020180e-05 7.483010508214689579e-06 9.210260894901382348e-06 8.339872945330024348e-06 7.908882913184886066e-06 9.097593984647491604e-06 8.557439704743326933e-06 6.854261222253562602e-06 6.393891771048787192e-06
3.712255479525148212e-05 3.871699001950683821e-05 3.666262082675167676e-05 3.753360608159067124e-05 3.077125703762928656e-05 2.688115059797300841e-05 2.756716136751168438e-05 2.392840274084105510e-05 2.073348447917411092e-05 1.530041527711836980e-05 1.539246624699384426e-05 1.103064813295258046e-05 7.835150379765672531e-06 9.303940524989294690e-06 8.574779831142909540e-06 7.978166079354762381e-06 8.862158240229148421e-06 8.464198498962522131e-06 7.082348064412687805e-06 6.290190541405324565e-06
3.738451664680208825e-05 3.861259180095121647e-05 3.687324506036114774e-05 3.717315108319411689e-05 3.059811490258582600e-05 2.664151585282241067e-05 2.723466543600677698e-05 2.395537269883438004e-05 2.088333845486035971e-05 1.532767416043544448e-05 1.563740803643576491e-05 1.136926063650137878e-05 7.785062962761344886e-06 9.213784405708872404e-06 8.278681910688449593e-06 7.929894357409121838e-06 8.719418624570871102e-06 8.118872968071994922e-06 6.299908414519766363e-06 5.941423250800993151e-06
3.743553988453352611e-05 3.795544496523209842e-05 3.686175912349888892e-05 3.737608710220895913e-05 3.103222621622980023e-05 2.699987239983126625e-05 2.725369229979177142e-05 2.347723595861495743e-05 2.022237623343973821e-05 1.489955958652973798e-05 1.545842432963546840e-05 1.129439005107873535e-05 8.062312310701226235e-06 9.646822393944866873e-06 8.578865542747890154e-06 8.030708970070101472e-06 8.868988021091116794e-06 8.243213183869427843e-06 6.577984960537677911e-06 5.828944656713369028e-06
3.771134910350793434e-05 3.807438364690120264e-05 3.683259353363095790e-05 3.713214766719267205e-05 3.039547867504875566e-05 2.600065234587651072e-05 2.701827737180173650e-05 2.343269400965272348e-05 2.046768159143345933e-05 1.518224303886923679e-05 1.522452273160333571e-05 1.093470828417576323e-05 7.849697652079087412e-06 9.460145372054017102e-06 8.525343422885822502e-06 7.948133235889012473e-06 8.942581715941789249e-06 8.217715068408820589e-06 6.574992766220523291e-06 6.195246277617898298e-06
3.719401068191400877e-05 3.835957896043794421e-05 3.697991091432706079e-05 3.743998605877945398e-05 3.090897362204641174e-05 2.701800301895083351e-05 2.754996843223755327e-05 2.376257682152056847e-05 2.078670457962904664e-05 1.526963378502588060e-05 1.537039397941264535e-05 1.107565345693816378e-05 7.787431097066851030e-06 9.448906669670179050e-06 8.506635946356572663e-06 8.061599967308489840e-06 8.893704704233434857e-06 8.318082305787443867e-06 6.741397480454288882e-06 6.352505873337063397e-06
3.653229141917187011e-05 3.767628711652917692e-05 3.646911420317547337e-05 3.681329570628344249e-05 3.106286474440731480e-05 2.676651123712947775e-05 2.746862792979854273e-05 2.415344900912363469e-05 2.108421154288546984e-05 1.541967633243887154e-05 1.547210120400599126e-05 1.092498460757266306e-05 7.607799722551158278e-06 9.417438204216510857e-06 8.219863311263440230e-06 7.727117016464269761e-06 8.670539890776140420e-06 8.168085303203921841e-06 6.600805250871585639e-06 6.161559090227439410e-06
3.765767537879659863e-05 3.760432981834913984e-05 3.673059873477508614e-05 3.710617149969876047e-05 3.041670419128607452e-05 2.630390408785771483e-05 2.675601971526679227e-05 2.316580684367756254e-05 2.062866894043746959e-05 1.529595079583175087e-05 1.519008434604642526e-05 1.068009054531895485e-05 7.249641716485992918e-06 8.483111035074230203e-06 7.667658103271537203e-06 7.447435976015822685e-06 8.550814295276276119e-06 7.740428642707659570e-06 6.082995147435245663e-06 5.620866681700887143e-06
3.740594969761582830e-05 3.852459317030538079e-05 3.728627594284515434e-05 3.747448806270715921e-05 3.112636034557390917e-05 2.716000548210705160e-05 2.762634492055894474e-05 2.338824447266806540e-05 2.021938446924020097e-05 1.500169247650549328e-05 1.547826670896875628e-05 1.106762357920233903e-05 7.850054872257346619e-06 9.402638332187396840e-06 8.804821479787384520e-06 8.503643145698813521e-06 9.177330122053656145e-06 8.510577776794467933e-06 6.856178738199989828e-06 6.445918579419771885e-06
3.698453993487283011e-05 3.783821271701116640e-05 3.655862551992159051e-05 3.739806303225700929e-05 3.076790052664165139e-05 2.665595500971169402e-05 2.717548257550679008e-05 2.317568423188859003e-05 2.002113925267078924e-05 1.483616375807832044e-05 1.501203332559207019e-05 1.084361718902607530e-05 7.555660572312233337e-06 9.249690788055862429e-06 8.723912668719495435e-06 8.449008707215400742e-06 9.316944446454490962e-06 8.623599587465826820e-06 6.594495397255981253e-06 6.124996538729163815e-06
3.673103689609655449e-05 3.868161979702367930e-05 3.667121935187141912e-05 3.727534816168104250e-05 3.043837248934449621e-05 2.653354279503975852e-05 2.732679389675731662e-05 2.390229353056916027e-05 2.068884163126607587e-05 1.540632349096361821e-05 1.575319056831932368e-05 1.120823800751666132e-05 7.618182814243925039e-06 9.161605652414204454e-06 8.467477846556789622e-06 7.937412846045717574e-06 9.040636926980080443e-06 8.553424665987394067e-06 6.822466793928032629e-06 6.233442210708038143e-06
