0.000000000000000000e+00
0.000000000000000000e+00
0.000000000000000000e+00
0.000000000000000000e+00
0.000000000000000000e+00
0.000000000000000000e+00
0.000000000000000000e+00
0.000000000000000000e+00
0.000000000000000000e+00
0.000000000000000000e+00
0.000000000000000000e+00
0.000000000000000000e+00
0.000000000000000000e+00
0.000000000000000000e+00
6.856208783574402332e-04
1.710759010165929794e-03
1.360265305265784264e-03
1.449616160243749619e-03
1.621947973035275936e-03
1.780482358299195766e-03
1.932194107212126255e-03
2.154171233996748924e-03
2.359611215069890022e-03
2.608373528346419334e-03
2.836829517036676407e-03
3.193681361153721809e-03
3.669678932055830956e-03
3.955531399697065353e-03
4.624362569302320480e-03
5.029560998082160950e-03
5.822564475238323212e-03
5.520912352949380875e-03
6.653957534581422806e-03
6.786048877984285355e-03
7.810464128851890564e-03
7.716577965766191483e-03
8.562554605305194855e-03
8.578421548008918762e-03
9.125599637627601624e-03
9.385161101818084717e-03
9.869935922324657440e-03
9.972878731787204742e-03
1.043811440467834473e-02
1.049459911882877350e-02
1.100218575447797775e-02
1.118450425565242767e-02
1.165186148136854172e-02
1.127368211746215820e-02
1.137171406298875809e-02
1.194475591182708740e-02
1.177759841084480286e-02
1.206026319414377213e-02
1.217344589531421661e-02
1.230069343000650406e-02
1.290515996515750885e-02
1.281474158167839050e-02
1.337017305195331573e-02
1.376437395811080933e-02
1.334060821682214737e-02
1.368995849043130875e-02
1.281228102743625641e-02
1.250714249908924103e-02
1.170134264975786209e-02
1.182270050048828125e-02
1.162008848041296005e-02
1.213586051017045975e-02
1.221633981913328171e-02
1.202031411230564117e-02
1.242829021066427231e-02
1.237338501960039139e-02
1.274466607719659805e-02
1.272606756538152695e-02
1.309827901422977448e-02
1.311854459345340729e-02
1.343166548758745193e-02
1.346305105835199356e-02
1.367225125432014465e-02
1.378775853663682938e-02
1.389144733548164368e-02
1.398668903857469559e-02
1.427047885954380035e-02
1.425931882113218307e-02
1.496305782347917557e-02
1.532414834946393967e-02
1.494767423719167709e-02
1.499641966074705124e-02
1.377625018358230591e-02
1.409281976521015167e-02
1.279686018824577332e-02
1.230662222951650620e-02
1.165775116533041000e-02
1.133381947875022888e-02
1.101104915142059326e-02
1.085388846695423126e-02
1.050120592117309570e-02
1.048500929027795792e-02
9.956953115761280060e-03
9.787470102310180664e-03
9.351015090942382812e-03
9.212297387421131134e-03
8.707180619239807129e-03
8.776461705565452576e-03
8.870929479598999023e-03
8.740581572055816650e-03
8.620617911219596863e-03
8.299166336655616760e-03
7.557067554444074631e-03
7.189738098531961441e-03
6.289470940828323364e-03
6.016531027853488922e-03
5.191357340663671494e-03
4.950655624270439148e-03
4.264586605131626129e-03
4.119902383536100388e-03
3.457081736996769905e-03
3.343783086165785789e-03
2.738541923463344574e-03
2.601064508780837059e-03
2.135005779564380646e-03
2.022946951910853386e-03
1.698472537100315094e-03
1.608500140719115734e-03
1.382832764647901058e-03
1.329980674199759960e-03
1.158715225756168365e-03
1.126399496570229530e-03
9.821801213547587395e-04
9.440522408112883568e-04
8.274987339973449707e-04
7.897583418525755405e-04
6.755297654308378696e-04
6.551484111696481705e-04
5.699031753465533257e-04
5.534740630537271500e-04
4.919425118714570999e-04
4.709411878138780594e-04
4.011175769846886396e-04
3.781013656407594681e-04
3.400509885977953672e-04
3.274191985838115215e-04
2.967309264931827784e-04
2.855715283658355474e-04
2.816192572936415672e-04
2.741021744441241026e-04
2.494585642125457525e-04
2.455062640365213156e-04
2.300071500940248370e-04
2.175303379772230983e-04
1.879269984783604741e-04
1.841297053033486009e-04
1.642133283894509077e-04
1.539838995086029172e-04
1.466992980567738414e-04
1.387172524118795991e-04
1.238380791619420052e-04
1.175609286292456090e-04
1.110512966988608241e-04
1.132986653828993440e-04
1.150810712715610862e-04
1.156235375674441457e-04
1.001244017970748246e-04
9.562965715304017067e-05
8.873254409991204739e-05
8.826756675262004137e-05
8.819007052807137370e-05
8.369531860807910562e-05
7.098603236954659224e-05
7.261343853315338492e-05
7.168349111452698708e-05
7.238095713546499610e-05
7.873559661675244570e-05
7.749567157588899136e-05
8.237789734266698360e-05
7.920057396404445171e-05
7.548078428953886032e-05
7.641073170816525817e-05
7.641073170816525817e-05
7.912307773949578404e-05
7.393086707452312112e-05
7.408585952362045646e-05
7.455082959495484829e-05
6.672376912320032716e-05
5.579688149737194180e-05
4.905475725536234677e-05
4.053023440064862370e-05
3.983277201768942177e-05
3.898032082361169159e-05
3.967778320657089353e-05
3.998776446678675711e-05
3.626797115430235863e-05
3.510553870000876486e-05
3.665545227704569697e-05
4.293259917176328599e-05
4.502498268266208470e-05
5.393698666011914611e-05
4.820230606128461659e-05
4.448251274880021811e-05
5.052717460785061121e-05
5.928418613621033728e-05
6.455388938775286078e-05
6.811869388911873102e-05
7.586825813632458448e-05
8.137045369949191809e-05
8.547772449674084783e-05
9.113490523304790258e-05
9.206485265167430043e-05
8.788008562987670302e-05
9.159988258033990860e-05
9.369226609123870730e-05
1.023717777570709586e-04
1.080289584933780134e-04
1.232181093655526638e-04
1.263179437955841422e-04
1.283328310819342732e-04
1.316651469096541405e-04
1.303477183682844043e-04
1.387172524118795991e-04
1.458468468626961112e-04
1.587886217748746276e-04
1.587886217748746276e-04
1.582461554789915681e-04
1.590211177244782448e-04
1.618884562049061060e-04
1.708004565443843603e-04
1.727378403302282095e-04
1.775425771484151483e-04
1.881594798760488629e-04
1.931966980919241905e-04
2.031161420745775104e-04
2.065259614028036594e-04
2.122606383636593819e-04
2.276822779094800353e-04
2.404690603725612164e-04
2.382991806371137500e-04
2.327194961253553629e-04
2.166778867831453681e-04
2.004812995437532663e-04
1.745202462188899517e-04
1.370123354718089104e-04
1.140736276283860207e-04
8.966249151853844523e-05
7.331090455409139395e-05
5.354950553737580776e-05
4.649740003515034914e-05
3.704292976181022823e-05
3.735291102202609181e-05
3.820536585408262908e-05
3.409809505683369935e-05
3.107576412730850279e-05
3.270317392889410257e-05
3.502804247546009719e-05
3.448557254159823060e-05
3.301315518910996616e-05
2.921586747106630355e-05
2.898338061640970409e-05
2.774345011857803911e-05
2.549607415858190507e-05
2.526358730392530560e-05
2.487610981916077435e-05
2.301621316291857511e-05
2.278372630826197565e-05
1.983889160328544676e-05
1.743652501318138093e-05
1.697155130386818200e-05
1.704904752841684967e-05
1.805649117159191519e-05
1.960640474862884730e-05
2.154379581043031067e-05
2.084633524646051228e-05
2.394616240053437650e-05
2.340369246667250991e-05
2.340369246667250991e-05
2.394616240053437650e-05
2.534108352847397327e-05
2.673600647540297359e-05
2.572856283222790807e-05
2.650351780175697058e-05
2.324870001757517457e-05
2.216376196884084493e-05
2.402365680609364063e-05
2.518609289836604148e-05
3.223819658160209656e-05
3.092077167821116745e-05
0.000000000000000000e+00
0.000000000000000000e+00
0.000000000000000000e+00
0.000000000000000000e+00
0.000000000000000000e+00
0.000000000000000000e+00
0.000000000000000000e+00
0.000000000000000000e+00
0.000000000000000000e+00
0.000000000000000000e+00
0.000000000000000000e+00
0.000000000000000000e+00
0.000000000000000000e+00
0.000000000000000000e+00
0.000000000000000000e+00
0.000000000000000000e+00
0.000000000000000000e+00
0.000000000000000000e+00
0.000000000000000000e+00
0.000000000000000000e+00
0.000000000000000000e+00
0.000000000000000000e+00
0.000000000000000000e+00
0.000000000000000000e+00
0.000000000000000000e+00
0.000000000000000000e+00
0.000000000000000000e+00
0.000000000000000000e+00
0.000000000000000000e+00
0.000000000000000000e+00
0.000000000000000000e+00
0.000000000000000000e+00
0.000000000000000000e+00
0.000000000000000000e+00
0.000000000000000000e+00
0.000000000000000000e+00
0.000000000000000000e+00
0.000000000000000000e+00
0.000000000000000000e+00
0.000000000000000000e+00
0.000000000000000000e+00
0.000000000000000000e+00
0.000000000000000000e+00
0.000000000000000000e+00
0.000000000000000000e+00
0.000000000000000000e+00
0.000000000000000000e+00
0.000000000000000000e+00
0.000000000000000000e+00
0.000000000000000000e+00
0.000000000000000000e+00
0.000000000000000000e+00
0.000000000000000000e+00
0.000000000000000000e+00
0.000000000000000000e+00
0.000000000000000000e+00
0.000000000000000000e+00
0.000000000000000000e+00
0.000000000000000000e+00
0.000000000000000000e+00
0.000000000000000000e+00
0.000000000000000000e+00
0.000000000000000000e+00
0.000000000000000000e+00
0.000000000000000000e+00
0.000000000000000000e+00
0.000000000000000000e+00
0.000000000000000000e+00
0.000000000000000000e+00
0.000000000000000000e+00
0.000000000000000000e+00
0.000000000000000000e+00
0.000000000000000000e+00
0.000000000000000000e+00
0.000000000000000000e+00
0.000000000000000000e+00
0.000000000000000000e+00
0.000000000000000000e+00
0.000000000000000000e+00
0.000000000000000000e+00
0.000000000000000000e+00
0.000000000000000000e+00
0.000000000000000000e+00
0.000000000000000000e+00
0.000000000000000000e+00
0.000000000000000000e+00
0.000000000000000000e+00
0.000000000000000000e+00
0.000000000000000000e+00
0.000000000000000000e+00
0.000000000000000000e+00
0.000000000000000000e+00
0.000000000000000000e+00
0.000000000000000000e+00
0.000000000000000000e+00
0.000000000000000000e+00
0.000000000000000000e+00
0.000000000000000000e+00
0.000000000000000000e+00
0.000000000000000000e+00
0.000000000000000000e+00
0.000000000000000000e+00
0.000000000000000000e+00
0.000000000000000000e+00
0.000000000000000000e+00
0.000000000000000000e+00
0.000000000000000000e+00
0.000000000000000000e+00
0.000000000000000000e+00
0.000000000000000000e+00
0.000000000000000000e+00
0.000000000000000000e+00
0.000000000000000000e+00
0.000000000000000000e+00
0.000000000000000000e+00
0.000000000000000000e+00
0.000000000000000000e+00
0.000000000000000000e+00
0.000000000000000000e+00
0.000000000000000000e+00
0.000000000000000000e+00
0.000000000000000000e+00
0.000000000000000000e+00
0.000000000000000000e+00
0.000000000000000000e+00
0.000000000000000000e+00
0.000000000000000000e+00
0.000000000000000000e+00
0.000000000000000000e+00
0.000000000000000000e+00
0.000000000000000000e+00
0.000000000000000000e+00
0.000000000000000000e+00
0.000000000000000000e+00
0.000000000000000000e+00
0.000000000000000000e+00
0.000000000000000000e+00
0.000000000000000000e+00
0.000000000000000000e+00
0.000000000000000000e+00
0.000000000000000000e+00
0.000000000000000000e+00
0.000000000000000000e+00
0.000000000000000000e+00
0.000000000000000000e+00
0.000000000000000000e+00
0.000000000000000000e+00
0.000000000000000000e+00
0.000000000000000000e+00
0.000000000000000000e+00
0.000000000000000000e+00
0.000000000000000000e+00
0.000000000000000000e+00
0.000000000000000000e+00
0.000000000000000000e+00
0.000000000000000000e+00
0.000000000000000000e+00
0.000000000000000000e+00
0.000000000000000000e+00
0.000000000000000000e+00
0.000000000000000000e+00
0.000000000000000000e+00
0.000000000000000000e+00
0.000000000000000000e+00
0.000000000000000000e+00
0.000000000000000000e+00
0.000000000000000000e+00
0.000000000000000000e+00
0.000000000000000000e+00
0.000000000000000000e+00
0.000000000000000000e+00
0.000000000000000000e+00
0.000000000000000000e+00
0.000000000000000000e+00
0.000000000000000000e+00
0.000000000000000000e+00
0.000000000000000000e+00
0.000000000000000000e+00
0.000000000000000000e+00
0.000000000000000000e+00
0.000000000000000000e+00
0.000000000000000000e+00
0.000000000000000000e+00
0.000000000000000000e+00
0.000000000000000000e+00
0.000000000000000000e+00
0.000000000000000000e+00
0.000000000000000000e+00
0.000000000000000000e+00
0.000000000000000000e+00
0.000000000000000000e+00
0.000000000000000000e+00
0.000000000000000000e+00
0.000000000000000000e+00
0.000000000000000000e+00
0.000000000000000000e+00
0.000000000000000000e+00
0.000000000000000000e+00
0.000000000000000000e+00
0.000000000000000000e+00
0.000000000000000000e+00
0.000000000000000000e+00
0.000000000000000000e+00
0.000000000000000000e+00
0.000000000000000000e+00
0.000000000000000000e+00
0.000000000000000000e+00
0.000000000000000000e+00
0.000000000000000000e+00
0.000000000000000000e+00
0.000000000000000000e+00
0.000000000000000000e+00
0.000000000000000000e+00
0.000000000000000000e+00
0.000000000000000000e+00
0.000000000000000000e+00
