0.000000000000000000e+00
0.000000000000000000e+00
0.000000000000000000e+00
0.000000000000000000e+00
0.000000000000000000e+00
0.000000000000000000e+00
0.000000000000000000e+00
0.000000000000000000e+00
0.000000000000000000e+00
0.000000000000000000e+00
0.000000000000000000e+00
0.000000000000000000e+00
0.000000000000000000e+00
0.000000000000000000e+00
3.537124430295079947e-04
8.712950511835515499e-04
6.993805873207747936e-04
7.454620790667831898e-04
7.881802739575505257e-04
8.582088048569858074e-04
9.613300208002328873e-04
1.044522272422909737e-03
1.037981477566063404e-03
1.115944003686308861e-03
1.023464254103600979e-03
1.140532665885984898e-03
9.772051125764846802e-04
1.036095549352467060e-03
9.693343890830874443e-04
1.035092282108962536e-03
1.069404301233589649e-03
9.955591522157192230e-04
1.003674580715596676e-03
1.010046340525150299e-03
1.019469927996397018e-03
1.006834208965301514e-03
9.955604327842593193e-04
1.003003213554620743e-03
9.809322655200958252e-04
1.011605607345700264e-03
9.840688435360789299e-04
9.794280631467700005e-04
9.659236529842019081e-04
9.557402227073907852e-04
9.486907511018216610e-04
9.441679576411843300e-04
9.360499097965657711e-04
8.993085939437150955e-04
8.946704328991472721e-04
9.451032383367419243e-04
8.844229741953313351e-04
8.943398715928196907e-04
8.918183739297091961e-04
9.065349004231393337e-04
8.795516332611441612e-04
8.687839726917445660e-04
8.786983089521527290e-04
9.228939888998866081e-04
9.067065548151731491e-04
9.351812186650931835e-04
9.437169646844267845e-04
9.219150524586439133e-04
8.457879885099828243e-04
8.568221237510442734e-04
7.972488529048860073e-04
8.196862181648612022e-04
7.536195334978401661e-04
7.399049354717135429e-04
7.405097130686044693e-04
7.360150339081883430e-04
7.196560036391019821e-04
7.101695518940687180e-04
7.000117329880595207e-04
6.979156169109046459e-04
6.976285949349403381e-04
6.936874706298112869e-04
6.797525566071271896e-04
6.822074064984917641e-04
6.619840860366821289e-04
6.570999394170939922e-04
6.529383827000856400e-04
6.403872394002974033e-04
6.334940553642809391e-04
6.599648040719330311e-04
6.569512770511209965e-04
6.773745408281683922e-04
7.443534559570252895e-04
7.813664269633591175e-04
8.046135189943015575e-04
8.115681703202426434e-04
8.680305909365415573e-04
8.486887090839445591e-04
8.412830648012459278e-04
8.330778800882399082e-04
8.264102507382631302e-04
8.268714882433414459e-04
7.748883799649775028e-04
7.775482372380793095e-04
7.882083300501108170e-04
7.850871770642697811e-04
7.903198129497468472e-04
8.015179773792624474e-04
8.030811441130936146e-04
7.862249040044844151e-04
7.339547737501561642e-04
7.308951462619006634e-04
7.305722683668136597e-04
7.229923503473401070e-04
7.275177631527185440e-04
7.418934837915003300e-04
7.857585442252457142e-04
7.905914681032299995e-04
8.210135856643319130e-04
8.443170809186995029e-04
8.803101372905075550e-04
9.249439463019371033e-04
9.596711606718599796e-04
9.880944853648543358e-04
1.073262188583612442e-03
1.090000499971210957e-03
1.128356205299496651e-03
1.154329860582947731e-03
1.274521928280591965e-03
1.278396463021636009e-03
1.342530944384634495e-03
1.390439691022038460e-03
1.477339654229581356e-03
1.496179262176156044e-03
1.488850452005863190e-03
1.510488335043191910e-03
1.587640377692878246e-03
1.623812830075621605e-03
1.675606356002390385e-03
1.749252900481224060e-03
1.846536179073154926e-03
1.903782715089619160e-03
2.108189277350902557e-03
2.190814819186925888e-03
2.379979472607374191e-03
2.589500742033123970e-03
3.016292350366711617e-03
3.148702438920736313e-03
3.593790344893932343e-03
3.768451279029250145e-03
4.259459208697080612e-03
4.395661875605583191e-03
4.678368568420410156e-03
4.761353135108947754e-03
5.081800278276205063e-03
5.237150005996227264e-03
5.520943086594343185e-03
5.707698874175548553e-03
6.001588422805070877e-03
6.221575196832418442e-03
6.550765596330165863e-03
6.696562282741069794e-03
7.102361880242824554e-03
7.310048211365938187e-03
7.572141941636800766e-03
7.750185672193765640e-03
8.093910291790962219e-03
8.147907443344593048e-03
8.480644784867763519e-03
8.565146476030349731e-03
8.833472616970539093e-03
8.966107852756977081e-03
9.173261001706123352e-03
9.275843389332294464e-03
9.566514752805233002e-03
9.516330435872077942e-03
9.764422662556171417e-03
9.781048633158206940e-03
9.925164282321929932e-03
1.007764413952827454e-02
1.030999142676591873e-02
1.038317754864692688e-02
1.042954809963703156e-02
1.055086776614189148e-02
1.072950568050146103e-02
1.086927577853202820e-02
1.111170928925275803e-02
1.112929917871952057e-02
1.124926563352346420e-02
1.120900362730026245e-02
1.148764044046401978e-02
1.143335644155740738e-02
1.147329062223434448e-02
1.144569739699363708e-02
1.146386004984378815e-02
1.131064258515834808e-02
1.124040968716144562e-02
1.121457945555448532e-02
1.123175863176584244e-02
1.113565359264612198e-02
1.096333004534244537e-02
1.076837442815303802e-02
1.074057631194591522e-02
1.056751422584056854e-02
1.044562086462974548e-02
1.032647397369146347e-02
1.008342485874891281e-02
9.957841597497463226e-03
9.826599620282649994e-03
9.611717425286769867e-03
9.436769410967826843e-03
9.222338907420635223e-03
8.946735411882400513e-03
8.724760264158248901e-03
8.436283096671104431e-03
8.275725878775119781e-03
7.935014553368091583e-03
7.720173336565494537e-03
7.351253647357225418e-03
7.118946406990289688e-03
6.927065551280975342e-03
6.710994523018598557e-03
6.556915584951639175e-03
6.409642752259969711e-03
6.173481699079275131e-03
6.020551081746816635e-03
5.868030246347188950e-03
5.732811521738767624e-03
5.493862554430961609e-03
5.382259842008352280e-03
5.254585295915603638e-03
5.091814789921045303e-03
4.959793761372566223e-03
4.813259467482566833e-03
4.676728509366512299e-03
4.588004201650619507e-03
4.393007140606641769e-03
4.299608990550041199e-03
4.224824253469705582e-03
4.199568182229995728e-03
4.106743726879358292e-03
4.075993783771991730e-03
4.056887701153755188e-03
4.052131436765193939e-03
4.047703463584184647e-03
4.118470009416341782e-03
4.174394067376852036e-03
4.093787632882595062e-03
4.001455381512641907e-03
3.920685034245252609e-03
3.781448351219296455e-03
3.626139601692557335e-03
3.508222987875342369e-03
3.405804513022303581e-03
3.291413886472582817e-03
3.201295388862490654e-03
3.070012899115681648e-03
2.972760470584034920e-03
2.870341762900352478e-03
2.791703445836901665e-03
2.702077152207493782e-03
2.591458614915609360e-03
2.504210220649838448e-03
2.361201448366045952e-03
2.226802753284573555e-03
2.120858291164040565e-03
2.043039770796895027e-03
1.942425384186208248e-03
1.860096934251487255e-03
1.790724694728851318e-03
1.772192539647221565e-03
1.739966450259089470e-03
1.706920214928686619e-03
1.675432082265615463e-03
1.622377894818782806e-03
1.624509808607399464e-03
1.599909737706184387e-03
1.560303498990833759e-03
1.546855433844029903e-03
1.506265252828598022e-03
1.485191169194877148e-03
1.447060960344970226e-03
1.421804889105260372e-03
1.384002738632261753e-03
1.347922487184405327e-03
1.323404372669756413e-03
1.300526317209005356e-03
1.553661539219319820e-03
1.496507204137742519e-03
0.000000000000000000e+00
0.000000000000000000e+00
0.000000000000000000e+00
0.000000000000000000e+00
0.000000000000000000e+00
0.000000000000000000e+00
0.000000000000000000e+00
0.000000000000000000e+00
0.000000000000000000e+00
0.000000000000000000e+00
0.000000000000000000e+00
0.000000000000000000e+00
0.000000000000000000e+00
0.000000000000000000e+00
0.000000000000000000e+00
0.000000000000000000e+00
0.000000000000000000e+00
0.000000000000000000e+00
0.000000000000000000e+00
0.000000000000000000e+00
0.000000000000000000e+00
0.000000000000000000e+00
0.000000000000000000e+00
0.000000000000000000e+00
0.000000000000000000e+00
0.000000000000000000e+00
0.000000000000000000e+00
0.000000000000000000e+00
0.000000000000000000e+00
0.000000000000000000e+00
0.000000000000000000e+00
0.000000000000000000e+00
0.000000000000000000e+00
0.000000000000000000e+00
0.000000000000000000e+00
0.000000000000000000e+00
0.000000000000000000e+00
0.000000000000000000e+00
0.000000000000000000e+00
0.000000000000000000e+00
0.000000000000000000e+00
0.000000000000000000e+00
0.000000000000000000e+00
0.000000000000000000e+00
0.000000000000000000e+00
0.000000000000000000e+00
0.000000000000000000e+00
0.000000000000000000e+00
0.000000000000000000e+00
0.000000000000000000e+00
0.000000000000000000e+00
0.000000000000000000e+00
0.000000000000000000e+00
0.000000000000000000e+00
0.000000000000000000e+00
0.000000000000000000e+00
0.000000000000000000e+00
0.000000000000000000e+00
0.000000000000000000e+00
0.000000000000000000e+00
0.000000000000000000e+00
0.000000000000000000e+00
0.000000000000000000e+00
0.000000000000000000e+00
0.000000000000000000e+00
0.000000000000000000e+00
0.000000000000000000e+00
0.000000000000000000e+00
0.000000000000000000e+00
0.000000000000000000e+00
0.000000000000000000e+00
0.000000000000000000e+00
0.000000000000000000e+00
0.000000000000000000e+00
0.000000000000000000e+00
0.000000000000000000e+00
0.000000000000000000e+00
0.000000000000000000e+00
0.000000000000000000e+00
0.000000000000000000e+00
0.000000000000000000e+00
0.000000000000000000e+00
0.000000000000000000e+00
0.000000000000000000e+00
0.000000000000000000e+00
0.000000000000000000e+00
0.000000000000000000e+00
0.000000000000000000e+00
0.000000000000000000e+00
0.000000000000000000e+00
0.000000000000000000e+00
0.000000000000000000e+00
0.000000000000000000e+00
0.000000000000000000e+00
0.000000000000000000e+00
0.000000000000000000e+00
0.000000000000000000e+00
0.000000000000000000e+00
0.000000000000000000e+00
0.000000000000000000e+00
0.000000000000000000e+00
0.000000000000000000e+00
0.000000000000000000e+00
0.000000000000000000e+00
0.000000000000000000e+00
0.000000000000000000e+00
0.000000000000000000e+00
0.000000000000000000e+00
0.000000000000000000e+00
0.000000000000000000e+00
0.000000000000000000e+00
0.000000000000000000e+00
0.000000000000000000e+00
0.000000000000000000e+00
0.000000000000000000e+00
0.000000000000000000e+00
0.000000000000000000e+00
0.000000000000000000e+00
0.000000000000000000e+00
0.000000000000000000e+00
0.000000000000000000e+00
0.000000000000000000e+00
0.000000000000000000e+00
0.000000000000000000e+00
0.000000000000000000e+00
0.000000000000000000e+00
0.000000000000000000e+00
0.000000000000000000e+00
0.000000000000000000e+00
0.000000000000000000e+00
0.000000000000000000e+00
0.000000000000000000e+00
0.000000000000000000e+00
0.000000000000000000e+00
0.000000000000000000e+00
0.000000000000000000e+00
0.000000000000000000e+00
0.000000000000000000e+00
0.000000000000000000e+00
0.000000000000000000e+00
0.000000000000000000e+00
0.000000000000000000e+00
0.000000000000000000e+00
0.000000000000000000e+00
0.000000000000000000e+00
0.000000000000000000e+00
0.000000000000000000e+00
0.000000000000000000e+00
0.000000000000000000e+00
0.000000000000000000e+00
0.000000000000000000e+00
0.000000000000000000e+00
0.000000000000000000e+00
0.000000000000000000e+00
0.000000000000000000e+00
0.000000000000000000e+00
0.000000000000000000e+00
0.000000000000000000e+00
0.000000000000000000e+00
0.000000000000000000e+00
0.000000000000000000e+00
0.000000000000000000e+00
0.000000000000000000e+00
0.000000000000000000e+00
0.000000000000000000e+00
0.000000000000000000e+00
0.000000000000000000e+00
0.000000000000000000e+00
0.000000000000000000e+00
0.000000000000000000e+00
0.000000000000000000e+00
0.000000000000000000e+00
0.000000000000000000e+00
0.000000000000000000e+00
0.000000000000000000e+00
0.000000000000000000e+00
0.000000000000000000e+00
0.000000000000000000e+00
0.000000000000000000e+00
0.000000000000000000e+00
0.000000000000000000e+00
0.000000000000000000e+00
0.000000000000000000e+00
0.000000000000000000e+00
0.000000000000000000e+00
0.000000000000000000e+00
0.000000000000000000e+00
0.000000000000000000e+00
0.000000000000000000e+00
0.000000000000000000e+00
0.000000000000000000e+00
0.000000000000000000e+00
0.000000000000000000e+00
0.000000000000000000e+00
0.000000000000000000e+00
0.000000000000000000e+00
0.000000000000000000e+00
0.000000000000000000e+00
0.000000000000000000e+00
0.000000000000000000e+00
0.000000000000000000e+00
0.000000000000000000e+00
0.000000000000000000e+00
0.000000000000000000e+00
0.000000000000000000e+00
0.000000000000000000e+00
0.000000000000000000e+00
0.000000000000000000e+00
0.000000000000000000e+00
0.000000000000000000e+00
0.000000000000000000e+00
0.000000000000000000e+00
0.000000000000000000e+00
0.000000000000000000e+00
0.000000000000000000e+00
0.000000000000000000e+00
