# gt (sum of gt from all patches except for one, different each time)
1.009162438556714027e-03 8.596398302740739265e-04 7.067949473914802170e-04 5.818870760212734852e-04 4.757142098144183547e-04 3.840712218343737762e-04 3.065922197988327344e-04 2.522718207403319636e-04 2.051575027926237800e-04 1.718342869256721272e-04 1.437200075476804842e-04 1.250116158766766562e-04 1.099545032590893475e-04 9.561686517075211166e-05 8.149257584619658485e-05 7.225050593030094383e-05 6.092939936909493579e-05 4.922222461499282172e-05 4.177517485491804639e-05 3.208488880566712654e-05
1.008628864435733193e-03 8.586815857673335377e-04 7.060673997978728685e-04 5.809949032434951225e-04 4.755624713742527391e-04 3.837796449991004617e-04 3.066275640422130183e-04 2.517682925162746362e-04 2.044682236092421740e-04 1.712735197030901312e-04 1.435293995521915041e-04 1.252530460581441981e-04 1.098778405195144272e-04 9.539551333868307522e-05 8.149554911976076188e-05 7.179943978534241529e-05 6.092179585172461840e-05 4.973172914468369966e-05 4.232589964423349809e-05 3.232384658644627267e-05
1.007304860201538787e-03 8.580654900429839256e-04 7.059300057601257871e-04 5.813780663719793265e-04 4.756843180441811957e-04 3.837855428149478695e-04 3.061954729849699209e-04 2.521983999872558007e-04 2.048571524373619078e-04 1.712017481896432457e-04 1.438558372043063937e-04 1.254319820606820013e-04 1.101355082812368984e-04 9.595522993714783900e-05 8.209574701963879358e-05 7.248331486768218345e-05 6.115798246981598945e-05 4.938835667294085203e-05 4.198379272547443674e-05 3.227018742551896038e-05
1.009305980482714171e-03 8.596556849973305270e-04 7.072272102935407700e-04 5.822525577615780346e-04 4.764785367210008825e-04 3.842904266663034387e-04 3.069831851143711905e-04 2.526971442594962451e-04 2.052253779319791022e-04 1.717489669129245605e-04 1.437882620072860110e-04 1.254140282544818322e-04 1.101069743152797477e-04 9.595429343357437797e-05 8.184759402299060440e-05 7.207368094359807044e-05 6.061180155876968908e-05 4.909703755932530022e-05 4.166075367188519973e-05 3.186788955258478272e-05
1.009152936434965951e-03 8.596865734357618961e-04 7.065662253960253549e-04 5.821151573735814169e-04 4.760795672970635122e-04 3.841460252668041429e-04 3.071960413645957537e-04 2.525482844696478246e-04 2.052658232467438539e-04 1.715733894309827195e-04 1.440470204611111972e-04 1.256045833012308288e-04 1.101261049300846228e-04 9.588556520884837357e-05 8.194957406071829754e-05 7.242409614204604873e-05 6.113472161035625485e-05 4.968656461969987633e-05 4.190978674176831889e-05 3.214291932108414792e-05
1.009454614213032555e-03 8.596735107106597776e-04 7.071862497303075612e-04 5.816946947509964291e-04 4.761478223934991730e-04 3.844073009199734767e-04 3.069414555146345578e-04 2.524780583292534188e-04 2.050779524750601286e-04 1.713282081771086863e-04 1.433327791455031369e-04 1.248952360638197804e-04 1.097787635935116007e-04 9.542481056151061133e-05 8.134878922825804497e-05 7.176716157885896824e-05 6.065265916828576568e-05 4.967906515909732538e-05 4.236315941036815981e-05 3.247115398447150345e-05
1.008985626010841042e-03 8.595239359242736864e-04 7.069741684510334745e-04 5.823968019728960766e-04 4.762227615113198719e-04 3.842574639504236968e-04 3.068432718120451511e-04 2.526477792571053447e-04 2.049822452948057722e-04 1.712422208509053784e-04 1.433352939400111615e-04 1.249170952448522309e-04 1.097515603666551233e-04 9.557470991873388258e-05 8.144188437353789753e-05 7.183752596581140129e-05 6.051274186058066971e-05 4.907669893303017469e-05 4.153792562726023638e-05 3.162209929781397951e-05
1.008111290263228937e-03 8.583825839253600865e-04 7.067461594739386788e-04 5.813855976277511241e-04 4.754233965516897514e-04 3.840761582655175129e-04 3.064692386214808335e-04 2.522529866412107991e-04 2.050349978106277588e-04 1.713731007884477381e-04 1.436949664459505132e-04 1.249705620427001864e-04 1.097061811756329099e-04 9.552572342660309095e-05 8.163604267826165683e-05 7.209703724407656776e-05 6.078256403779025088e-05 4.929433194559943181e-05 4.169762037906360187e-05 3.191984601183364462e-05
1.008384232674322490e-03 8.583091689984334366e-04 7.058591556142609306e-04 5.805777848070321680e-04 4.751491399698019305e-04 3.835790217884449036e-04 3.063931226026127058e-04 2.522009193753491844e-04 2.047955223244650317e-04 1.716664403158105656e-04 1.440000298153200299e-04 1.250822033652406828e-04 1.098954259534498841e-04 9.577595983441608693e-05 8.163870735044490706e-05 7.191548270700040698e-05 6.083225846213681422e-05 4.958314380376412648e-05 4.203274326844067118e-05 3.215904156061106048e-05
1.008858852784496078e-03 8.597889727307250719e-04 7.068191669777217122e-04 5.821835484210030609e-04 4.761502749053309210e-04 3.842740327356043077e-04 3.067647497257183623e-04 2.521825484441656169e-04 2.047358418482890204e-04 1.713475398820750244e-04 1.437356224174415669e-04 1.251689701577733357e-04 1.098919368050495584e-04 9.575386537680263615e-05 8.177991351373609585e-05 7.218308513149557237e-05 6.107234560228901586e-05 4.961395097148658294e-05 4.201717253425820309e-05 3.210837080937116922e-05
1.009930310470152220e-03 8.596968267367053164e-04 7.072503001201314171e-04 5.821533435331439563e-04 4.760940445621492578e-04 3.842719776058667498e-04 3.068693991068861902e-04 2.524597184671055418e-04 2.049318031808724442e-04 1.711505428730663648e-04 1.432698386611628552e-04 1.250906396909500689e-04 1.100822123729229931e-04 9.585360759766938074e-05 8.178365517564943697e-05 7.209933225169915070e-05 6.057890624916198533e-05 4.920761528420716774e-05 4.168760077240749853e-05 3.169834829927091523e-05
1.008497818353444597e-03 8.580729090757186536e-04 7.054890403865114170e-04 5.806384856544421916e-04 4.746230725396248322e-04 3.826564722841982306e-04 3.056229086266969630e-04 2.512733921226322073e-04 2.040685415356311013e-04 1.705835693806022400e-04 1.426914211146567291e-04 1.243366836601303893e-04 1.092889186789824702e-04 9.519152791470194739e-05 8.107656180071526352e-05 7.193739356599087220e-05 6.079629235463344104e-05 4.952302973866216218e-05 4.203294095179968586e-05 3.195918810171600338e-05
1.008367769429798768e-03 8.588223314008634280e-04 7.063736996886739103e-04 5.814867356082936613e-04 4.754539754040774707e-04 3.838399734798913924e-04 3.070785604995285344e-04 2.525104328187025970e-04 2.049309348132687364e-04 1.713892519657636375e-04 1.436725674022365398e-04 1.251321505382868809e-04 1.101426262865292191e-04 9.606405567817110594e-05 8.190808350118803575e-05 7.230262414578564616e-05 6.129394067264762910e-05 5.017153404766158036e-05 4.240606252296828213e-05 3.204581993660431924e-05
1.009858549053677720e-03 8.597429696530005079e-04 7.069583921367122515e-04 5.823479528763266574e-04 4.764209694754070940e-04 3.846475938793664250e-04 3.071096807638261329e-04 2.527103550115034417e-04 2.052739494841119509e-04 1.715378986009642899e-04 1.436103462659778479e-04 1.252403471687013527e-04 1.101956267275338544e-04 9.614390714200492314e-05 8.199343438986084567e-05 7.245000856340599209e-05 6.116923290276742172e-05 4.978419286628654310e-05 4.214690928807510498e-05 3.213012064911243082e-05
1.008528358574903132e-03 8.593319030914484818e-04 7.068350587886578114e-04 5.821318312749694870e-04 4.759431287008061904e-04 3.838268460732180854e-04 3.065358694187876468e-04 2.522324182603899933e-04 2.050755593861685819e-04 1.714633045237376149e-04 1.435405939347516929e-04 1.251442849954492167e-04 1.099270353794859278e-04 9.576361458722072620e-05 8.156854116760897775e-05 7.194144606510249277e-05 6.070553976925078935e-05 4.913378024190625940e-05 4.148012570830004786e-05 3.134604381270113526e-05
1.009668998291596764e-03 8.598759747802330565e-04 7.075808398394939271e-04 5.822652133452299334e-04 4.765482988011808790e-04 3.843141320991241405e-04 3.069741864154582707e-04 2.520534600514985450e-04 2.044721791292625332e-04 1.709607418164173513e-04 1.436586496285426225e-04 1.252613811947423219e-04 1.096436582908960985e-04 9.545942057753226866e-05 8.162814415339879738e-05 7.216215341995862672e-05 6.075880546637417109e-05 4.937765843351091185e-05 4.199221957765906810e-05 3.233000642490346658e-05
1.009385590794032415e-03 8.593093381747513807e-04 7.066828353117890656e-04 5.823910137049918140e-04 4.763882392682087684e-04 3.842440226963585756e-04 3.070923111014915935e-04 2.523917012923733785e-04 2.048488701822917708e-04 1.713520462564464494e-04 1.434083484561698768e-04 1.253481679038052866e-04 1.098592071150282187e-04 9.593745465609104155e-05 8.158289922553785527e-05 7.182576959292123471e-05 6.047251241399399400e-05 4.915925842915805919e-05 4.152105036963470326e-05 3.175701585418901573e-05
1.009182820502229272e-03 8.597299200277849079e-04 7.068859023440233732e-04 5.819541008180048559e-04 4.754582318424851518e-04 3.833444694456491098e-04 3.059928427250777571e-04 2.518958698426782732e-04 2.047380156600753318e-04 1.712498776394652522e-04 1.434038819665389274e-04 1.251797696580872921e-04 1.099331867707659056e-04 9.580508090920530169e-05 8.202739692134869995e-05 7.241795058274593520e-05 6.118315898290763589e-05 4.973091389666765909e-05 4.212301292998419419e-05 3.207733507417359208e-05
1.009342472685546615e-03 8.592699125591444229e-04 7.067270799567989788e-04 5.822251850859324913e-04 4.760863406562334957e-04 3.841503231521860404e-04 3.068438287612944575e-04 2.524057062738287345e-04 2.052473522987390182e-04 1.715256584574375632e-04 1.436318533541255569e-04 1.251603373976800269e-04 1.100895580042453450e-04 9.597646156631895592e-05 8.177804016127693471e-05 7.216503326981237205e-05 6.076388941677547304e-05 4.922355250683418796e-05 4.159330676400883447e-05 3.176929997394290932e-05
1.008901936172024215e-03 8.592482110165522782e-04 7.067894715636776314e-04 5.816474059863271538e-04 4.755724541048885184e-04 3.838412308740801618e-04 3.063477418750758024e-04 2.519129039810751860e-04 2.050353798065511501e-04 1.711727950924642324e-04 1.437355534887152335e-04 1.252738032121038887e-04 1.099745934956075866e-04 9.583222165347890997e-05 8.172362920091648343e-05 7.205121248239511453e-05 6.054039226485853447e-05 4.897869372159016638e-05 4.158582974755671709e-05 3.182349538373170622e-05
1.008410506520701199e-03 8.587668412738055663e-04 7.062563098993708630e-04 5.814754152190889551e-04 4.754268307965677019e-04 3.836401005738383535e-04 3.065045348164130846e-04 2.524946958686481030e-04 2.049942658225219357e-04 1.715602145238658656e-04 1.438107828100208731e-04 1.253481528772611500e-04 1.101730597225242117e-04 9.596791698422743979e-05 8.196709591849892927e-05 7.238992030611788090e-05 6.096073601588367612e-05 4.958219601810197850e-05 4.214155204108968199e-05 3.232381607754766968e-05
1.010025580264294195e-03 8.601652503280885279e-04 7.070748865515623328e-04 5.819000365567085021e-04 4.760019547828875570e-04 3.841834275476655835e-04 3.065252026916769567e-04 2.525009760714737664e-04 2.052582246863851850e-04 1.716144798623980546e-04 1.432881829887757579e-04 1.249933968557665116e-04 1.095627835399128216e-04 9.533179758611840633e-05 8.134502849620345863e-05 7.201452546944918127e-05 6.099754086906512406e-05 4.983276779542111361e-05 4.200264782111815573e-05 3.199101612632012027e-05
1.009024151940787067e-03 8.598002640491114344e-04 7.070733086083398492e-04 5.822557872911635242e-04 4.759361965956801022e-04 3.839984231168319683e-04 3.073143994989275293e-04 2.528412294971594089e-04 2.053063000908395095e-04 1.717635670164645583e-04 1.440060248273546258e-04 1.256373783654850783e-04 1.100270624169326475e-04 9.592057886497439012e-05 8.171527445178977168e-05 7.214286355933675204e-05 6.078837020940294333e-05 4.934590735789227462e-05 4.183568449878352944e-05 3.183128276529785121e-05
1.007828146303478990e-03 8.579454681494338639e-04 7.056866283640053248e-04 5.803079370939920973e-04 4.746791155424456604e-04 3.827432045940595265e-04 3.052293115682772149e-04 2.512769496303072624e-04 2.046081772129194182e-04 1.700682856985780210e-04 1.424382451125187361e-04 1.243446224821970821e-04 1.091481626974793556e-04 9.489912368410943658e-05 8.073735313088671107e-05 7.068688297892353255e-05 5.943938713148042826e-05 4.806932931375754793e-05 4.071820514254613071e-05 3.139095466801948526e-05
1.007735925820251030e-03 8.582261156683198850e-04 7.055783790518274689e-04 5.810777936783766487e-04 4.754654653091452748e-04 3.837449877445987768e-04 3.067013028008062285e-04 2.523612409062089270e-04 2.047990203622038956e-04 1.713094295496407800e-04 1.432703809383243439e-04 1.247235472689924712e-04 1.094630982597282810e-04 9.550635244129234054e-05 8.149274377709817766e-05 7.186832055967821834e-05 6.089734241447281678e-05 4.959019065739274406e-05 4.168174620290944309e-05 3.196538462142368904e-05
1.008671997104232344e-03 8.591688736037076009e-04 7.071610848445065165e-04 5.823283347669113612e-04 4.762686454947360191e-04 3.840464769843521644e-04 3.070057335699990218e-04 2.524771988513756617e-04 2.052857207706749532e-04 1.717157419735343079e-04 1.436411420925172661e-04 1.252726429790230545e-04 1.099877396987110719e-04 9.584025840099776017e-05 8.166976295225922484e-05 7.229035802674299181e-05 6.088418389287018510e-05 4.917745669921015422e-05 4.136656094106335737e-05 3.141543695493146938e-05
1.008806908918916155e-03 8.591276986477497900e-04 7.069715479966114449e-04 5.821305600914141506e-04 4.760853476508185669e-04 3.838762044364200043e-04 3.068337509116574068e-04 2.524276565239627992e-04 2.052998394013852467e-04 1.714131773558871179e-04 1.434115869086421285e-04 1.252719677205035712e-04 1.099518311447592094e-04 9.582215200102262714e-05 8.172500363544732481e-05 7.224304467432423682e-05 6.097885171758004051e-05 4.947598657776677085e-05 4.185927332723402201e-05 3.181766945423005144e-05
1.008634121431504181e-03 8.595734554049309743e-04 7.074319398925924766e-04 5.822041771559313206e-04 4.762840420957884392e-04 3.844276955459583508e-04 3.069534365481980899e-04 2.520596131653174638e-04 2.048847652928699405e-04 1.713767293482076090e-04 1.436158840370361340e-04 1.250913380080470876e-04 1.098085926183983675e-04 9.570153270939957941e-05 8.182564036242153294e-05 7.235703513030556418e-05 6.094649076719514121e-05 4.964658208927283156e-05 4.193958634455096225e-05 3.196384117023771780e-05
1.009132587577981537e-03 8.590969079541659016e-04 7.069298950111504998e-04 5.818560191296812990e-04 4.762821975038658193e-04 3.843231595045700335e-04 3.069216056306687548e-04 2.522132574930243450e-04 2.053501352100861057e-04 1.717532530846388786e-04 1.439035016772153620e-04 1.254106841508342992e-04 1.101596197619710867e-04 9.611588351577055132e-05 8.186828572427529041e-05 7.230142115057187956e-05 6.111058429290631088e-05 5.002565472203922118e-05 4.225804752823848694e-05 3.210367594515979708e-05
1.009106436195062557e-03 8.597583503451975860e-04 7.069339757401685428e-04 5.819455409480427067e-04 4.760377287720755739e-04 3.844023144494001631e-04 3.070311121232239897e-04 2.524723984069924599e-04 2.048682056054155099e-04 1.710061249125699207e-04 1.433975468033320201e-04 1.251252199274116962e-04 1.100876921773116747e-04 9.575542032047735109e-05 8.183844865645440705e-05 7.205266505337513038e-05 6.069484000112236924e-05 4.913911276012012779e-05 4.180743545175131875e-05 3.230766188759564986e-05
1.008521030933747387e-03 8.598652624116619745e-04 7.067953900584778926e-04 5.817272106246305658e-04 4.756046361385706076e-04 3.840000813345438731e-04 3.066443794321874520e-04 2.523988660635207359e-04 2.050325874462914655e-04 1.716761539701521129e-04 1.441432709249434009e-04 1.256031747176111302e-04 1.102472479500990547e-04 9.594843870821732033e-05 8.185114057460715718e-05 7.236174496051618783e-05 6.119641753113118517e-05 4.957865075015109759e-05 4.196986281160433954e-05 3.200149448051325837e-05
1.008569464975400155e-03 8.587452561523651121e-04 7.061352371019073227e-04 5.809717117710885793e-04 4.754553367950933407e-04 3.838741175634561263e-04 3.066171384674035269e-04 2.517814113402375544e-04 2.047896384873565802e-04 1.716422053109984617e-04 1.438406724624603143e-04 1.253698313993796651e-04 1.101163889100552161e-04 9.622132398444453684e-05 8.179903957604492263e-05 7.199014350206252126e-05 6.078702477005440825e-05 4.914289587817165347e-05 4.160094943008464912e-05 3.198362977971041881e-05
1.009003412105146085e-03 8.598252132131756729e-04 7.072759623016104061e-04 5.820507076580532218e-04 4.762408089355268069e-04 3.840808256010512511e-04 3.066705286903964101e-04 2.523619164586495206e-04 2.050291489309671595e-04 1.716882355097077101e-04 1.435775074369285335e-04 1.253241567920381286e-04 1.103055517010109477e-04 9.597011042548745686e-05 8.186287129802047790e-05 7.215925479554064848e-05 6.102465247113130663e-05 4.946072764119739467e-05 4.197773914242021763e-05 3.219448963167000392e-05
1.008372811296203396e-03 8.596124748452763217e-04 7.072281911430585875e-04 5.822808268696551184e-04 4.759500005357782853e-04 3.839690092685384202e-04 3.066683711137503654e-04 2.520041866130852902e-04 2.046667185264285365e-04 1.712349245436527981e-04 1.434611053627133195e-04 1.248865932826904144e-04 1.099491716885282901e-04 9.576393158496293665e-05 8.169765880947537143e-05 7.213041103223879211e-05 6.093052165356074189e-05 4.964158894103492533e-05 4.228290107544590637e-05 3.235224712169029645e-05
1.009557636324909117e-03 8.600528043556453879e-04 7.073026310729886102e-04 5.824946564584040443e-04 4.764654620639039839e-04 3.842979409682545106e-04 3.068458794629183237e-04 2.523894558024074265e-04 2.050976961898315647e-04 1.715778106560439343e-04 1.438317751301424439e-04 1.255151987223982444e-04 1.101964161904043376e-04 9.583226635599068955e-05 8.172652176927564969e-05 7.214511739937077759e-05 6.085894583867940409e-05 4.969904891817434088e-05 4.208947397102946031e-05 3.225615381490810738e-05
1.008631873958406363e-03 8.593973470496474006e-04 7.069453175159529307e-04 5.816372532218695539e-04 4.751776292465167300e-04 3.836633989800913858e-04 3.063867504271748448e-04 2.518359481744020072e-04 2.048021045190192213e-04 1.714655745101731712e-04 1.439985708177423838e-04 1.256123335866447875e-04 1.098264232421294830e-04 9.547982765275924658e-05 8.166091974756721137e-05 7.192708473185064992e-05 6.065106907870075978e-05 4.889249462396724424e-05 4.111701240158113145e-05 3.108198906716276854e-05
1.008570101093125707e-03 8.591841953570826486e-04 7.065724373396361146e-04 5.818140954631608646e-04 4.760701919005315853e-04 3.838995923329167567e-04 3.068027382660127840e-04 2.521984766091724573e-04 2.049772412497394909e-04 1.713728692372310609e-04 1.438764598451046242e-04 1.251030210480250017e-04 1.099071531937359525e-04 9.580423835641052957e-05 8.180764341408851260e-05 7.231973372407694844e-05 6.134073744867499364e-05 4.994139599954037112e-05 4.220844441436361955e-05 3.234259352782468998e-05
1.008650696838599018e-03 8.592567820955604885e-04 7.064501240476664130e-04 5.816654592783435281e-04 4.758749349843880805e-04 3.839794506722649190e-04 3.065537688366329122e-04 2.521057000637408362e-04 2.045725203658406736e-04 1.712192987334734933e-04 1.435573469666414476e-04 1.251304647551175725e-04 1.099622603076086814e-04 9.565159490646645165e-05 8.152188946399232194e-05 7.212059605771835411e-05 6.096853119629591693e-05 4.962740883115393276e-05 4.207368660330080071e-05 3.215382796914325410e-05
1.008531071886391815e-03 8.591689371161934530e-04 7.062265280684295980e-04 5.818299116917851786e-04 4.759028142790759685e-04 3.842369279934517074e-04 3.069559179130697496e-04 2.523878053763458761e-04 2.049882726560431931e-04 1.709860506646044350e-04 1.432317786329357539e-04 1.248067949460291532e-04 1.096076356261547200e-04 9.505211926792288702e-05 8.120136900865170297e-05 7.169881597904278786e-05 6.043283957314981263e-05 4.941932122135993846e-05 4.195182186083310400e-05 3.208997653440110316e-05
1.008118907753888021e-03 8.593124565391136848e-04 7.066521956078753797e-04 5.816829204631399856e-04 4.756065403376065807e-04 3.839251786169240615e-04 3.066634642526231487e-04 2.519462597508324592e-04 2.050556871521373498e-04 1.714256687449873713e-04 1.430809167846704697e-04 1.248716189238745851e-04 1.099985195583505791e-04 9.588768900355527176e-05 8.162156074085368971e-05 7.221034398830461205e-05 6.073503176586106015e-05 4.915312968548836317e-05 4.130968927341713130e-05 3.116712154441195399e-05
1.007177807004751161e-03 8.579679807033741478e-04 7.059119805774235513e-04 5.804825354085159199e-04 4.745984563428690497e-04 3.830137181389131097e-04 3.057446264069502823e-04 2.515856415097770193e-04 2.043897377168834553e-04 1.708816509826227396e-04 1.431278805052301698e-04 1.249229363227789618e-04 1.098204781806633488e-04 9.577226711900698483e-05 8.175219930730923546e-05 7.224032568776936922e-05 6.089423043255516143e-05 4.953719016542734043e-05 4.220476037151412260e-05 3.246677745675724758e-05
1.009262018360050162e-03 8.593915035171841499e-04 7.066738863189216862e-04 5.818777891216923197e-04 4.757382756089641629e-04 3.835268458318031172e-04 3.064247620730420059e-04 2.519030986915236935e-04 2.047947854478009610e-04 1.709052103401541257e-04 1.431459565045864859e-04 1.251965128043054469e-04 1.101264667037761796e-04 9.569053013548999107e-05 8.172750088964715425e-05 7.234171348666134445e-05 6.114838779109881147e-05 4.953018714221101102e-05 4.167971928442153288e-05 3.169612434381346034e-05
1.008602195946370177e-03 8.593065125593930429e-04 7.068109798508684025e-04 5.820072310219327576e-04 4.760141660680197685e-04 3.835056454398870517e-04 3.063727951692085953e-04 2.519918125782824050e-04 2.047173567185715229e-04 1.711063598486387049e-04 1.433186961252520591e-04 1.248197404142594163e-04 1.095746117523177667e-04 9.559550974434796408e-05 8.145813284060654839e-05 7.199209000173083803e-05 6.092278160519180023e-05 4.968078781721117185e-05 4.202185452171241278e-05 3.236733910285924024e-05
1.009488390909583791e-03 8.597227691643396889e-04 7.069827133175557270e-04 5.823655753185697469e-04 4.763588993547599577e-04 3.841538788808300715e-04 3.070936108194935454e-04 2.525663507268189733e-04 2.051527883944195222e-04 1.713956096435675566e-04 1.434772984259785177e-04 1.250461953974954066e-04 1.098306551574314093e-04 9.560099099411289438e-05 8.163101009118069011e-05 7.227853952090206328e-05 6.093449327490810561e-05 4.956705523335893092e-05 4.204109358779704387e-05 3.223146530310869602e-05
1.008950271979110885e-03 8.596469554989196122e-04 7.069168675905935844e-04 5.820930384566018337e-04 4.759969120436710697e-04 3.838834373479639529e-04 3.069298917852095361e-04 2.523178636769838842e-04 2.050210880337689149e-04 1.712476864380871398e-04 1.434638340664566396e-04 1.249481395886983175e-04 1.094202175071307207e-04 9.549598757308951514e-05 8.148717965952366850e-05 7.217233302836128931e-05 6.095879005659105303e-05 4.946988764157846845e-05 4.201530492000235046e-05 3.220520924050182472e-05
1.008880793156856142e-03 8.595195162079682927e-04 7.069397512417872724e-04 5.818284066365648610e-04 4.758190466343253000e-04 3.841367189571237985e-04 3.067169015523656486e-04 2.524394049319627709e-04 2.052485598678392069e-04 1.715747773294209045e-04 1.437106969590197579e-04 1.254902379503533159e-04 1.101756553712340017e-04 9.610885604681464731e-05 8.185311845992484310e-05 7.207959836812329176e-05 6.099517668596478331e-05 4.964157144236687664e-05 4.209082734502690498e-05 3.209524788578930484e-05
1.009213155720637030e-03 8.593645767072102468e-04 7.069041167586347226e-04 5.818507661268372847e-04 4.759262716036624630e-04 3.838225353363466214e-04 3.066724168956790780e-04 2.523043392291508076e-04 2.051913109542695434e-04 1.712721545391907528e-04 1.435315112269847277e-04 1.249346258602970121e-04 1.098869752798024586e-04 9.604376942800042761e-05 8.211778755014467323e-05 7.222918559656337542e-05 6.109453349494217407e-05 4.953554835126675022e-05 4.219862559119013653e-05 3.253321133128126596e-05
1.009113941204631010e-03 8.600070714113121741e-04 7.075787016610935332e-04 5.825280991997857727e-04 4.761642571637656005e-04 3.839832412004597377e-04 3.070236354289437473e-04 2.526475686105126737e-04 2.051099553739420712e-04 1.713625325554818813e-04 1.434145068212029455e-04 1.251973524773206472e-04 1.098755077866698908e-04 9.580936649961704920e-05 8.173110370448473144e-05 7.212414851068926324e-05 6.106036407085904661e-05 4.992079397335480505e-05 4.215615511474494950e-05 3.233356662028996430e-05
1.009319851335959903e-03 8.597230867439401101e-04 7.069590530465937614e-04 5.818759117534216038e-04 4.761865857079231588e-04 3.843990796530380753e-04 3.072815656445287893e-04 2.527532232459397303e-04 2.052288935231000539e-04 1.715917675665428680e-04 1.437794985586287547e-04 1.254513007945237311e-04 1.101501483513191382e-04 9.602261777207880963e-05 8.165766418434612021e-05 7.215745357857252212e-05 6.104310277421094017e-05 4.967695552656362459e-05 4.216427220099471358e-05 3.203098574624285472e-05
1.008569849745333952e-03 8.594376716271350967e-04 7.069145821463036035e-04 5.819719384985098378e-04 4.758886459215906227e-04 3.840916607426985438e-04 3.070735325027711452e-04 2.526745602145624974e-04 2.050869187571392098e-04 1.712473435819718422e-04 1.434733452563319333e-04 1.250743930453311202e-04 1.100061588902733649e-04 9.582458658855918902e-05 8.158739240112139240e-05 7.194015152910135185e-05 6.084332620795609412e-05 4.954722356254313051e-05 4.203771156426302141e-05 3.219542558943733462e-05
1.007988764940977774e-03 8.587853453825087646e-04 7.065077661122215035e-04 5.818123683006437997e-04 4.757147845422350163e-04 3.839054166095005102e-04 3.066298541265159282e-04 2.523050957962656997e-04 2.052685226689135076e-04 1.720097621320492418e-04 1.439302654347444823e-04 1.254314758591361519e-04 1.102930097169588821e-04 9.612907763195716493e-05 8.178169365288107378e-05 7.219454682055591083e-05 6.074410018200896929e-05 4.958055347832448828e-05 4.191644031401897289e-05 3.187168539102656738e-05
1.007853421892950223e-03 8.583926985213525531e-04 7.065121458396699449e-04 5.820599583284361434e-04 4.761396288529319565e-04 3.844023021507709257e-04 3.070989576403066325e-04 2.522771765989241478e-04 2.052449553660406340e-04 1.715585410002543466e-04 1.437150991531911800e-04 1.254614556389341588e-04 1.099853142741734964e-04 9.576649513381160024e-05 8.156596771233078275e-05 7.204028535520996921e-05 6.099215494302455122e-05 4.972536518764280315e-05 4.216540572478445791e-05 3.224871013045158057e-05
1.008889261226692414e-03 8.594932134200393642e-04 7.069122974783291578e-04 5.818950331141676830e-04 4.763309365702653674e-04 3.840249619665181153e-04 3.066767314620412487e-04 2.522438037113651781e-04 2.050198531554979053e-04 1.714322948722353610e-04 1.434336680861869248e-04 1.248840762023815281e-04 1.097686710107572089e-04 9.552887054649583610e-05 8.150008906544977413e-05 7.176023767248094337e-05 6.052707510762945120e-05 4.927346296314363193e-05 4.170300390610160151e-05 3.189310832947092372e-05
1.007975595839961068e-03 8.590250275925538073e-04 7.067240159103917565e-04 5.818657887951945128e-04 4.760187868274350022e-04 3.841012518882720955e-04 3.069251302279563413e-04 2.523600932357801833e-04 2.049475264222439864e-04 1.714789259943154062e-04 1.437159555595723210e-04 1.252393665184157946e-04 1.099713321574055923e-04 9.561435400222274123e-05 8.168482937662695936e-05 7.229699171392656924e-05 6.101925477538833360e-05 4.960239678125991092e-05 4.203207462089901888e-05 3.223659727097460232e-05
1.009780958022631981e-03 8.592707952130148805e-04 7.067611296099230323e-04 5.820225449086716433e-04 4.761291459189837590e-04 3.841051053075620236e-04 3.066781636682195549e-04 2.522468275866114606e-04 2.048217634587935223e-04 1.711229697161569614e-04 1.434919438872993877e-04 1.251424929920680828e-04 1.100051311331825339e-04 9.609522373053749466e-05 8.203920690858205621e-05 7.218421241512127122e-05 6.094411928504835563e-05 4.963020580189843577e-05 4.204605057094053239e-05 3.246367258799973045e-05
1.009170446694838009e-03 8.591292706632638627e-04 7.069111476680148146e-04 5.820534398694859066e-04 4.759691173212130975e-04 3.838232320951612199e-04 3.067368071312055657e-04 2.524116321628761027e-04 2.050477292674657824e-04 1.714192771488070167e-04 1.437009253433906128e-04 1.251472432194416975e-04 1.096806229293583850e-04 9.551167860104224877e-05 8.144727820308866667e-05 7.191372836144175782e-05 6.095553450532098690e-05 4.960297638014878003e-05 4.190480350249466644e-05 3.174850664796543149e-05
1.009345705746898239e-03 8.592630331390473629e-04 7.062042456957635288e-04 5.813147629860861880e-04 4.753662397811278030e-04 3.834827891897851760e-04 3.063299610982402055e-04 2.513016429674313026e-04 2.040309277387441546e-04 1.705018974874788790e-04 1.429937826148389331e-04 1.247065634443779414e-04 1.096397060902980453e-04 9.538389145341559354e-05 8.154284917178070287e-05 7.165246563215521319e-05 6.060616997363200715e-05 4.913978531641458421e-05 4.159548483992761613e-05 3.169857080326245159e-05
1.008810288472973982e-03 8.588572187292865074e-04 7.064778549182209114e-04 5.816811336758952395e-04 4.757243353065444802e-04 3.840895359175218958e-04 3.067302965851370503e-04 2.521043290530605805e-04 2.047581367271442891e-04 1.712223325022003419e-04 1.431969444902271875e-04 1.248524686281622664e-04 1.101722106565068883e-04 9.596905963041906721e-05 8.185623898822932260e-05 7.231765357954102527e-05 6.109283477492202916e-05 4.973687591594117788e-05 4.234693667133862001e-05 3.234154727872900234e-05
1.009053452819524271e-03 8.595074981282885317e-04 7.073148515833244847e-04 5.822869421754359783e-04 4.762378968254553304e-04 3.844074471002424838e-04 3.070234292232874645e-04 2.524613444247227859e-04 2.050094192510941297e-04 1.713798103752885887e-04 1.436406840360782687e-04 1.251109229890867171e-04 1.099252918525053948e-04 9.575928798984254724e-05 8.160720418255419878e-05 7.210669287131067683e-05 6.099432575814628708e-05 4.971597448847433115e-05 4.202040763929292043e-05 3.224795999585041692e-05
1.008382137602952845e-03 8.586069220725383710e-04 7.064124391767384993e-04 5.814221290167937263e-04 4.756440696687806746e-04 3.837365335231761863e-04 3.065997375364404591e-04 2.525147863231187208e-04 2.052550875905479865e-04 1.715885952132682106e-04 1.438194143635831046e-04 1.251886792984152153e-04 1.098482863598790289e-04 9.579695391702160178e-05 8.185546540154406642e-05 7.238028626063412892e-05 6.102595491001905819e-05 4.944986305578910114e-05 4.164299931072905429e-05 3.155910414154286981e-05
1.008936803303191534e-03 8.596059335321653552e-04 7.070573860729103795e-04 5.822845562656024524e-04 4.760830370145084037e-04 3.837785733266852644e-04 3.064916668090996799e-04 2.522176954573329992e-04 2.052175734451341482e-04 1.715374493920829616e-04 1.437580043928018926e-04 1.253839419907144782e-04 1.101907683782399550e-04 9.616901677433815118e-05 8.199173961646568287e-05 7.245576565785985057e-05 6.121760552830887096e-05 4.971192949299405316e-05 4.217580859269944520e-05 3.209793655378378639e-05
1.008792465594597274e-03 8.588996612458117859e-04 7.065412858993764221e-04 5.818445484319685482e-04 4.759877501699812910e-04 3.839112838877159245e-04 3.065867480925474581e-04 2.520724170395227562e-04 2.045512885749462743e-04 1.709124139030426511e-04 1.427981831958874935e-04 1.245474860729598756e-04 1.094323117889398051e-04 9.523642145929307778e-05 8.136716748095250949e-05 7.197808684146332235e-05 6.068699053113912754e-05 4.936469876818927032e-05 4.230006998207440068e-05 3.237794746735045138e-05
1.008602002388671662e-03 8.586507950511081469e-04 7.063700473389004876e-04 5.816502231838434388e-04 4.760823340875164540e-04 3.844411561648739071e-04 3.067932149203500460e-04 2.525533471439457295e-04 2.054453188950014248e-04 1.718385022315536037e-04 1.436370509753108937e-04 1.248054841657113159e-04 1.097653625033000050e-04 9.554292871278629521e-05 8.160339325054930958e-05 7.205637659586960387e-05 6.068943931434460143e-05 4.943971310154469755e-05 4.211737580168167425e-05 3.227371878991794753e-05
1.008711653040555902e-03 8.595342701667171370e-04 7.063707040057570124e-04 5.819660104106954765e-04 4.757417247776077871e-04 3.841701797958526612e-04 3.066068344226636263e-04 2.520103741071236378e-04 2.046031879192424289e-04 1.710884225125343578e-04 1.432923516366947474e-04 1.248129015306819725e-04 1.098987647702291025e-04 9.571249774926082927e-05 8.200542998596779603e-05 7.233850182478300593e-05 6.101125541059140140e-05 4.983233101851860549e-05 4.227843069599238383e-05 3.213106751223580003e-05
1.009064580982516274e-03 8.594460285396925657e-04 7.067118546703179743e-04 5.819738135811611604e-04 4.761826246029527082e-04 3.842522438726356476e-04 3.067147383457460657e-04 2.522675304376159524e-04 2.050049782275987283e-04 1.714097517470530331e-04 1.435770848527002084e-04 1.248747740390589200e-04 1.097669847466382833e-04 9.569453616846774677e-05 8.171331824908037705e-05 7.202333750462377462e-05 6.085891268849239513e-05 4.948714288470109615e-05 4.186822954452352531e-05 3.195404035115087321e-05
1.008766140382067866e-03 8.591202181997426718e-04 7.066587644936662711e-04 5.812966302284211257e-04 4.748747165525907211e-04 3.825704989247775685e-04 3.057844353129110146e-04 2.516049023879008383e-04 2.042985407028167502e-04 1.712241766615971205e-04 1.435866258860453199e-04 1.245866402913839758e-04 1.093620080104749746e-04 9.547713162964687362e-05 8.112188744490106494e-05 7.174142664012172609e-05 6.076826734251286496e-05 4.934293488857964007e-05 4.176688058401144314e-05 3.208771293150123498e-05
1.007970013604322489e-03 8.584259999480643548e-04 7.062257102220310294e-04 5.813841242883313653e-04 4.755265593106272051e-04 3.834284020544365666e-04 3.062302837789267901e-04 2.519726014520660951e-04 2.046248368785831811e-04 1.711738430936361873e-04 1.431876179106404299e-04 1.247396810140936820e-04 1.097840627506775700e-04 9.574371079032695459e-05 8.194492977928370279e-05 7.238345667175703822e-05 6.100851586311909034e-05 4.956577542594977969e-05 4.213172954724512528e-05 3.207481010470283422e-05
1.008827868753792763e-03 8.591474321274008034e-04 7.068988425506379488e-04 5.816400518548494290e-04 4.755490148437991737e-04 3.831564643262519833e-04 3.057724587941253571e-04 2.512642491172414417e-04 2.041120791356906762e-04 1.708253448800984837e-04 1.432290462228706987e-04 1.248146005568564977e-04 1.100777866578001355e-04 9.594692736210520432e-05 8.204653051713478671e-05 7.237285332538117200e-05 6.115760803200131872e-05 4.973631676703812294e-05 4.220215853841124032e-05 3.218628118448349994e-05
1.009412735923987444e-03 8.591015105049814140e-04 7.067577561413471501e-04 5.818120689427961527e-04 4.760599390993654678e-04 3.844851542247568828e-04 3.070751909097964045e-04 2.524672307284994374e-04 2.049767574914599082e-04 1.711635977381574200e-04 1.434884248990316957e-04 1.252056354951685917e-04 1.101483943632016843e-04 9.610718667351176518e-05 8.201282620579998311e-05 7.228916075700748999e-05 6.107753666185170179e-05 4.966273384623232323e-05 4.196114470841185920e-05 3.209202966236973897e-05
1.008995507303548722e-03 8.590902783440340900e-04 7.063396847868672404e-04 5.815663401064778606e-04 4.757546447243398867e-04 3.835949332940509970e-04 3.062125703944804968e-04 2.518950280140291116e-04 2.049404346091217755e-04 1.715647995637664322e-04 1.439021491033451547e-04 1.254288443851096226e-04 1.101908232598785631e-04 9.619590429507832261e-05 8.217434575474870091e-05 7.233109775756608952e-05 6.085110156806197549e-05 4.960086385201682154e-05 4.197935525389989134e-05 3.196665554768504962e-05
1.008789832407898856e-03 8.589648444220599833e-04 7.071152398970887614e-04 5.820182604582351763e-04 4.762412763924139163e-04 3.842021822574708803e-04 3.068907381778012040e-04 2.521505007826330027e-04 2.047620597222485383e-04 1.710787631191107807e-04 1.433623717519277039e-04 1.249511556107087162e-04 1.099694293682408082e-04 9.581027480339346630e-05 8.204059387724942738e-05 7.259696265282746832e-05 6.128851891598792456e-05 4.982149464519519509e-05 4.185289455089460687e-05 3.215772591594464810e-05
1.009180665439336809e-03 8.599973402293191503e-04 7.070486551710489752e-04 5.823458924617343517e-04 4.762520782716421854e-04 3.842948089255774865e-04 3.071975583263241859e-04 2.528483467428676700e-04 2.051860388217894757e-04 1.712965466881507571e-04 1.433670835602375712e-04 1.251721646030918450e-04 1.098595289279529023e-04 9.571331503209150164e-05 8.170715517603099648e-05 7.187274662897191085e-05 6.060843228262982385e-05 4.943759015671938617e-05 4.194002682766404075e-05 3.211767689901051437e-05
1.008220100978221654e-03 8.592519913033660030e-04 7.064965973070890231e-04 5.825619738504343162e-04 4.763082998705137766e-04 3.843147126727956896e-04 3.068367686964782164e-04 2.526411206624321493e-04 2.052728071163871482e-04 1.714207862232389472e-04 1.436351304626059719e-04 1.255042775607454343e-04 1.102081918553071124e-04 9.566813719444266172e-05 8.177774371893249445e-05 7.244940673617379114e-05 6.117369114114761420e-05 4.990188038558116392e-05 4.228575640150229118e-05 3.207636816002740296e-05
1.009444094893438126e-03 8.597992249962464186e-04 7.071167727061102894e-04 5.818771955451785324e-04 4.756862561616049070e-04 3.842709468304206320e-04 3.066654668697891585e-04 2.520713305984082202e-04 2.047733794175930191e-04 1.711375640436133547e-04 1.430791780647799655e-04 1.246269375356698892e-04 1.094592154623063728e-04 9.523529162019773553e-05 8.104283373167087449e-05 7.151199107041205771e-05 6.018605668095612150e-05 4.896731004413533130e-05 4.182983037518679225e-05 3.185416938150564445e-05
1.007903311603859783e-03 8.585863357781297429e-04 7.059924263745470099e-04 5.814981751336390989e-04 4.753691808624143549e-04 3.834021766917290915e-04 3.063722848662827031e-04 2.519999202291472074e-04 2.044281952806092711e-04 1.708128309615589786e-04 1.430595436736685716e-04 1.249513270789656542e-04 1.098186851885405877e-04 9.562222296469810991e-05 8.146789912637888477e-05 7.167155825994709836e-05 6.055343026829238434e-05 4.911729044909982051e-05 4.130934437827906775e-05 3.132188027729069011e-05
1.009370111563926819e-03 8.591941225366999443e-04 7.066695918053903305e-04 5.818147771396689656e-04 4.753540369178596006e-04 3.839756482664582506e-04 3.066692299195057712e-04 2.523951860709392403e-04 2.049654922366966480e-04 1.715723234978725224e-04 1.436581525090114273e-04 1.253254667671110164e-04 1.100730693583914138e-04 9.613289185474628454e-05 8.238313604428986121e-05 7.254527159787012053e-05 6.116164941930044647e-05 4.982879945613497751e-05 4.204788224720294558e-05 3.210091851728987048e-05
1.007486947383576248e-03 8.583987508486148540e-04 7.061544463661128699e-04 5.808298397993558616e-04 4.751349170197070718e-04 3.835303082713956970e-04 3.066609500834288084e-04 2.522748123817592251e-04 2.048417516501881488e-04 1.711878222452813288e-04 1.436034852395599729e-04 1.253519886519418886e-04 1.100407278589542572e-04 9.561917190950633145e-05 8.174029638614193401e-05 7.235522814452697324e-05 6.105742491820550209e-05 4.976755050645264509e-05 4.206519720600203485e-05 3.191665440348191474e-05
1.009097561238176842e-03 8.598915610764554761e-04 7.071156394478909273e-04 5.810733320863769365e-04 4.757063830353466609e-04 3.838284470886671527e-04 3.063914587892095729e-04 2.520632623867863592e-04 2.048736496410697274e-04 1.710094718540500160e-04 1.434211681093150101e-04 1.248461108661575261e-04 1.094099666573317717e-04 9.571928057523193512e-05 8.166346083514693262e-05 7.187884678499365161e-05 6.093432826484157505e-05 4.967219511928558476e-05 4.197968556411050509e-05 3.233182703168246258e-05
1.008141134611271290e-03 8.587928859907197413e-04 7.068671860710354447e-04 5.820841329015390229e-04 4.760138208499673277e-04 3.840541941344956353e-04 3.068684495040283631e-04 2.525120803711783379e-04 2.051825783745037687e-04 1.715377969389091594e-04 1.434796677770576760e-04 1.251778924492699186e-04 1.098672383426398650e-04 9.582627142948094254e-05 8.193604289388253380e-05 7.243632728789506402e-05 6.110203674678204829e-05 4.964177537395024812e-05 4.210971985639507334e-05 3.219729121963825166e-05
1.008327576249126376e-03 8.589675865705244428e-04 7.063101806720132984e-04 5.816839732469915097e-04 4.757333737554484050e-04 3.835298118733882541e-04 3.063507269564665872e-04 2.518426091845236861e-04 2.049711834162537560e-04 1.713763010982047395e-04 1.430942286790212715e-04 1.246444205532585127e-04 1.097770276424189963e-04 9.565836127954351086e-05 8.161905149172697150e-05 7.204486932703959765e-05 6.055449480752072503e-05 4.952238062840432864e-05 4.186937831806617324e-05 3.192665827433708404e-05
1.009507417052274642e-03 8.594199176636909592e-04 7.066788754907141852e-04 5.819137278606244029e-04 4.757012342294225649e-04 3.841933279677747499e-04 3.072080686242529310e-04 2.527032317522375274e-04 2.053398891049939136e-04 1.714765716514656620e-04 1.435130471217497053e-04 1.248475712272282580e-04 1.096393782097754944e-04 9.570366240058044696e-05 8.198790403130952844e-05 7.245389312947245729e-05 6.128643424677442597e-05 4.982261582898600300e-05 4.238923949986932182e-05 3.227290818498799346e-05
1.008673657850002849e-03 8.593682613582770370e-04 7.069412711741136475e-04 5.821291488690823407e-04 4.756304198454774468e-04 3.838911930155153827e-04 3.067345694855672859e-04 2.524714537024518447e-04 2.053723416588929072e-04 1.717863178845178875e-04 1.437524111547973848e-04 1.251492581182891029e-04 1.099853899691902794e-04 9.591685903614726415e-05 8.163869770370883326e-05 7.206306525828749354e-05 6.090762754485945236e-05 4.969451997197799325e-05 4.218772495544166005e-05 3.219574875137870106e-05
1.009511412922632981e-03 8.596908304919308446e-04 7.075159858849949844e-04 5.820481841897705809e-04 4.761846789179899082e-04 3.834664546083297178e-04 3.068695955752049633e-04 2.526370307134231247e-04 2.053883261744817443e-04 1.715614406098646806e-04 1.442943945779014646e-04 1.258315255063879932e-04 1.108209163803377682e-04 9.689575293182020350e-05 8.256258574323057091e-05 7.262580476841429278e-05 6.134184678976490257e-05 4.970997725813100081e-05 4.218327290865432638e-05 3.210741416486657609e-05
1.009103908805110287e-03 8.598730187288904396e-04 7.070453705891702493e-04 5.822243225368381675e-04 4.760876781916634562e-04 3.845388937521296746e-04 3.070744063224595190e-04 2.525102934723979196e-04 2.053432046437865652e-04 1.714054814041937331e-04 1.438892206281690723e-04 1.251879561655466343e-04 1.101285432554655963e-04 9.577427875391034357e-05 8.173376577092686510e-05 7.219439888307577365e-05 6.066910508560875796e-05 4.907336780320658149e-05 4.140722568167312271e-05 3.162046056882584019e-05
1.010217001941289029e-03 8.603357235896266341e-04 7.075661725192025587e-04 5.826749929847233490e-04 4.762431891236680614e-04 3.844012278017461433e-04 3.069638266048918432e-04 2.525695535298625306e-04 2.054809207098775518e-04 1.720764545637094921e-04 1.441261624380469090e-04 1.255604761479254335e-04 1.102532408392335283e-04 9.623237874955424445e-05 8.203536192828359062e-05 7.250174097279169871e-05 6.125991613915134830e-05 4.985755959003725199e-05 4.235503158043021649e-05 3.223500307098163244e-05
1.008904469143420647e-03 8.593700814888275471e-04 7.071373914146844531e-04 5.817959967848926588e-04 4.756091701444026287e-04 3.836783441940142003e-04 3.068060157402555783e-04 2.519114911668718848e-04 2.044837310318707937e-04 1.708813216480351710e-04 1.433796631322131060e-04 1.251313692239449619e-04 1.101193651515746882e-04 9.591713348003692949e-05 8.159513407824440471e-05 7.186037590481066269e-05 6.048913861951609670e-05 4.896776483833202543e-05 4.164649328014118123e-05 3.201067030410899181e-05
1.008642324601219300e-03 8.587849228608251083e-04 7.064954848692803777e-04 5.814810377598599207e-04 4.756698965627266908e-04 3.839534107834571917e-04 3.065499088059126138e-04 2.521319503283384858e-04 2.048795904583989051e-04 1.712743228591290939e-04 1.434268246726625340e-04 1.249392994788674227e-04 1.099651179159559657e-04 9.579493877963414657e-05 8.190614096636305165e-05 7.235375461944117017e-05 6.114296034343443258e-05 4.976437748356046868e-05 4.213197985429016125e-05 3.220533991801627485e-05
1.008562859580217725e-03 8.594544936130429653e-04 7.069021231279313828e-04 5.822230060856213585e-04 4.762284465277479180e-04 3.842125268426992276e-04 3.069753498507590069e-04 2.525283981240945288e-04 2.050086416652547162e-04 1.712611170130300966e-04 1.435822436318273947e-04 1.250068253983896264e-04 1.098328805477400983e-04 9.586248435033204297e-05 8.177811313186451490e-05 7.233392113062919705e-05 6.089683847450802652e-05 4.951835857917618781e-05 4.197416767166367119e-05 3.212597923814816453e-05
1.009591505746419357e-03 8.598956221595428035e-04 7.072266239917187908e-04 5.826691523700300735e-04 4.761985552532798749e-04 3.843036463596180737e-04 3.069074837532857281e-04 2.525454000489937845e-04 2.050888124532495053e-04 1.712340371253223009e-04 1.432725831153589023e-04 1.246878567884848938e-04 1.096742341908104825e-04 9.569291353573645574e-05 8.163979531345610604e-05 7.199963423513477468e-05 6.084103256608880514e-05 4.963076914936533025e-05 4.196978378743529512e-05 3.194054035792820494e-05
1.008664153871519954e-03 8.594017230886378828e-04 7.062285756779063204e-04 5.809199671806758794e-04 4.750509267655445424e-04 3.834579741140512203e-04 3.063545466837645022e-04 2.519492329754059582e-04 2.043999447056549777e-04 1.709935795498253742e-04 1.432243919123652007e-04 1.247654056549559040e-04 1.095968172587978123e-04 9.550907280748159773e-05 8.181422981375344910e-05 7.223186371429872465e-05 6.079214402250276918e-05 4.933235887392419753e-05 4.206844426726856029e-05 3.214016674354247668e-05
1.007401030469400440e-03 8.577473534472467975e-04 7.057382393151177694e-04 5.807859946839250736e-04 4.749687622765332191e-04 3.836373367739152190e-04 3.063624306910359141e-04 2.517584697312571845e-04 2.043559267742154533e-04 1.710473840519338002e-04 1.431246552891352172e-04 1.246727868145932575e-04 1.098164486887411435e-04 9.559405485019440720e-05 8.161515322935953632e-05 7.202206412768728707e-05 6.074477280706602116e-05 4.949631571738614207e-05 4.154506297360814252e-05 3.195232747540707692e-05
1.008521952392755225e-03 8.594017080078188023e-04 7.073842064503233374e-04 5.822611650771977211e-04 4.759183477548469790e-04 3.839632424504793671e-04 3.069551219056752562e-04 2.522056535029883521e-04 2.044115594357511607e-04 1.706718001001239374e-04 1.432024981458641737e-04 1.248068913275334662e-04 1.095743764006632063e-04 9.596309205676497775e-05 8.160301303283113263e-05 7.192832109263020638e-05 6.071418455783989193e-05 4.951530757994553836e-05 4.194954908857182580e-05 3.240607476762309702e-05
1.006898214105759375e-03 8.581433194497673249e-04 7.065331317641606376e-04 5.811981032650619756e-04 4.756148036192197432e-04 3.837474396949020535e-04 3.068066237296521452e-04 2.524793609959570919e-04 2.047210409999470021e-04 1.708183593955614780e-04 1.432382150424189166e-04 1.246277752843032659e-04 1.093590883263994114e-04 9.519661981921675922e-05 8.148560522328241644e-05 7.210253658222684763e-05 6.099730353610139717e-05 4.985645657084726258e-05 4.216639582111925122e-05 3.223858131707071185e-05
1.009341977102597588e-03 8.595584363818957463e-04 7.073711380050469932e-04 5.824532176707526536e-04 4.762105753043284506e-04 3.845445815804551912e-04 3.073328630613586586e-04 2.527711533003096714e-04 2.052278272273442064e-04 1.715413652469551203e-04 1.435426562839368383e-04 1.250903284621537534e-04 1.100687376667043219e-04 9.591226249389050106e-05 8.180210199947635693e-05 7.230068309206011195e-05 6.091579687420553329e-05 4.968668820523668655e-05 4.228526036238888113e-05 3.220047960080681240e-05
1.009165217941543086e-03 8.598605655287523512e-04 7.075782870463349916e-04 5.824119995280357693e-04 4.754776571192971557e-04 3.829982115546526561e-04 3.057843743081287884e-04 2.515231902977973469e-04 2.042150175719053792e-04 1.709570728112949536e-04 1.428682715823866944e-04 1.248698615170905227e-04 1.101578975931089390e-04 9.570762240717747078e-05 8.154123766477595903e-05 7.210298003592111819e-05 6.030387703936055803e-05 4.913903846113036985e-05 4.151093980922030817e-05 3.160742402983435435e-05
1.009155800852671583e-03 8.591425480218118716e-04 7.067882424174593394e-04 5.824200619430884053e-04 4.762232359390025042e-04 3.841445242763303573e-04 3.071493482367785481e-04 2.527318379488081228e-04 2.053021247118335594e-04 1.714016081131497960e-04 1.434851566307653232e-04 1.250238129956304106e-04 1.098066247857958929e-04 9.583782351424099564e-05 8.174090542052607023e-05 7.189146262072814992e-05 6.080807981921744303e-05 4.951301534312398654e-05 4.204603784397326587e-05 3.207605503943269693e-05
1.009569119159491176e-03 8.596400254388579997e-04 7.071610160726081841e-04 5.825548213546770816e-04 4.762395103918108381e-04 3.844341636554614826e-04 3.070740814302560465e-04 2.524369340456855573e-04 2.052412176592803518e-04 1.715295600097764702e-04 1.437519700717844158e-04 1.251873539354120583e-04 1.101881666102942419e-04 9.598140913498212038e-05 8.190774029625512442e-05 7.237195783793532551e-05 6.114431859078326738e-05 4.976132653737268935e-05 4.201538744954161722e-05 3.217996177141206854e-05
1.009624646069511673e-03 8.599888497514507433e-04 7.071231929060507650e-04 5.821607646289321883e-04 4.760479526144779732e-04 3.838256053176731207e-04 3.064400665452943402e-04 2.520117807334105488e-04 2.048855947515970666e-04 1.714074344977344435e-04 1.436119824650431353e-04 1.250321488533211265e-04 1.097304848983674387e-04 9.589877515352761078e-05 8.156756756958032366e-05 7.196791510217622942e-05 6.082010711486192633e-05 4.925005271017041396e-05 4.159228069066721962e-05 3.167815761788376209e-05
1.009206889673701802e-03 8.593284318743381811e-04 7.072309738661434250e-04 5.821867220375479685e-04 4.764482583008484051e-04 3.845149201335788932e-04 3.070808477222513851e-04 2.527055550182238041e-04 2.054584237894839982e-04 1.716486421632404369e-04 1.441232491763158813e-04 1.254662749871535122e-04 1.100568511796383062e-04 9.590710109671964773e-05 8.181174593336911600e-05 7.227418167643349283e-05 6.119720753920410139e-05 4.976178340697650395e-05 4.230709420917912021e-05 3.234174305295578835e-05
1.008987282308990022e-03 8.596435861177185913e-04 7.070852334841850944e-04 5.818993305823428382e-04 4.760635051623286740e-04 3.841419567908308701e-04 3.070281355524155263e-04 2.526670194724315731e-04 2.050544747550850225e-04 1.713229400166279973e-04 1.432820791504899830e-04 1.246628006026562121e-04 1.095306885891378612e-04 9.560838641409124595e-05 8.151148400496201728e-05 7.191364943881303090e-05 6.058348344290995067e-05 4.923623489800413165e-05 4.149963239185621751e-05 3.154361042516734223e-05
1.008952736119901822e-03 8.596937998330663388e-04 7.072180150732455123e-04 5.823424185364263440e-04 4.763332131445520922e-04 3.844431308590927051e-04 3.071633867623690928e-04 2.528408365615752735e-04 2.053291904831486758e-04 1.715776114498192035e-04 1.434841386943467082e-04 1.249063123676683116e-04 1.099523180249623695e-04 9.595679690608548726e-05 8.193214619228465149e-05 7.222887062059570420e-05 6.098018874325036740e-05 4.972937149179365747e-05 4.225737087468013409e-05 3.223094887972259955e-05
1.007906878852431187e-03 8.590671158703390735e-04 7.069604828554747547e-04 5.816208492704289705e-04 4.756387441716710242e-04 3.839341251822332322e-04 3.061744503227155725e-04 2.515506128268575809e-04 2.041652474931859602e-04 1.706324619031556594e-04 1.426729340889523647e-04 1.249032166304744028e-04 1.100593511377136841e-04 9.623420387920927845e-05 8.215286391652758540e-05 7.214027493237087972e-05 6.080421941175641895e-05 4.970170928906262096e-05 4.216325090945670037e-05 3.217360843777208721e-05
1.008915746380004228e-03 8.590354733014508382e-04 7.068991596143119841e-04 5.822438462610600093e-04 4.763200819460079965e-04 3.845018477150484231e-04 3.071691408404690475e-04 2.526491236270754005e-04 2.050757700073507794e-04 1.714779082761704867e-04 1.436382787687990020e-04 1.254488879898640224e-04 1.102282810850365694e-04 9.601502948275824332e-05 8.177344819701166771e-05 7.226081391225560224e-05 6.094027746838867458e-05 4.939923341639363455e-05 4.182890644623443093e-05 3.190705511719756744e-05
1.007850330642628967e-03 8.581350805193700302e-04 7.064789009586703748e-04 5.817579582153075768e-04 4.761199574967650344e-04 3.839041273697784773e-04 3.068196021141060287e-04 2.520910447179735962e-04 2.046051500243617591e-04 1.709068460278744049e-04 1.431775108028701096e-04 1.249450525138887493e-04 1.099971176008226049e-04 9.611520362058169657e-05 8.204307272992626210e-05 7.244909976738745012e-05 6.115343556578104974e-05 4.974357477239274762e-05 4.208517432560968054e-05 3.217724303428558144e-05
1.009001974119041762e-03 8.594657538416788705e-04 7.067838467363379449e-04 5.822341835405768842e-04 4.760915284185283816e-04 3.841286418379340033e-04 3.066783987591721735e-04 2.520979743837473619e-04 2.049458213818235836e-04 1.717647367636209821e-04 1.437870649034946990e-04 1.252164658923853686e-04 1.102949751735199358e-04 9.608365813130399281e-05 8.193563560616048491e-05 7.254625696066530375e-05 6.119759467022615139e-05 4.966707959851329767e-05 4.198763407257731061e-05 3.215780791289030589e-05
1.009879769946074547e-03 8.601386412515302660e-04 7.074549917107851539e-04 5.824649229828547355e-04 4.764719239169302252e-04 3.844338195220812159e-04 3.070777195014810193e-04 2.525046757659667510e-04 2.051902167573618752e-04 1.715033833654823047e-04 1.436583717000123890e-04 1.251729600419618628e-04 1.102522271263402649e-04 9.603319774916965312e-05 8.191771661728731579e-05 7.232514328159810307e-05 6.084327533732122759e-05 4.920555370809572541e-05 4.142057335830767669e-05 3.137994102145250498e-05
1.008052159407534431e-03 8.593420316683483091e-04 7.071269653435911752e-04 5.820280559397268683e-04 4.760661412038408617e-04 3.835863762520524056e-04 3.058611753904328539e-04 2.518142130452610101e-04 2.043984360326016846e-04 1.708566632688988344e-04 1.437589041839596534e-04 1.251935033360465134e-04 1.101118028274380365e-04 9.599780095065399540e-05 8.140670618088368001e-05 7.214389543396372909e-05 6.084007004626513447e-05 4.945881281992560360e-05 4.207004218236037640e-05 3.209045555914031683e-05
1.008325946889369667e-03 8.583791017578692095e-04 7.060156970563826080e-04 5.811196495964084064e-04 4.754708685153550933e-04 3.840762790546218175e-04 3.067077200670295244e-04 2.523476103831549778e-04 2.051376050187179978e-04 1.713515740654097171e-04 1.435610409112986034e-04 1.250594316411228382e-04 1.101596266015961851e-04 9.648625160838727999e-05 8.210537785098545919e-05 7.278092848135200149e-05 6.140548138527277499e-05 4.933774267651186760e-05 4.175770110766023667e-05 3.198144412440084107e-05
1.008688424895966490e-03 8.593701306409297488e-04 7.064707764992753103e-04 5.812437386145192153e-04 4.755226335669927927e-04 3.840539909631356368e-04 3.069205812936873072e-04 2.526857227515045840e-04 2.053373581359557221e-04 1.716066154415521417e-04 1.436737378947218653e-04 1.251905394661421533e-04 1.100302142338134846e-04 9.584128701728078449e-05 8.187861311567693953e-05 7.217921967028611294e-05 6.083016867563089547e-05 4.942819325355152991e-05 4.206359192082809439e-05 3.214704657766415233e-05
1.008699222549818038e-03 8.590365568469836505e-04 7.065837541302641975e-04 5.813066868800694995e-04 4.755490342488287859e-04 3.836081926533590493e-04 3.060784994812340890e-04 2.514423017897198377e-04 2.040855146696288365e-04 1.709650284399951510e-04 1.431514772097692580e-04 1.246341242102351010e-04 1.095564394515907236e-04 9.569204278457752128e-05 8.160724018340160288e-05 7.211693119131355040e-05 6.112723425346336034e-05 4.997597366192867911e-05 4.219490281037020047e-05 3.194362389218106355e-05
1.008569073893128120e-03 8.583513337619511638e-04 7.065218468196536724e-04 5.812933294071357705e-04 4.758786230458027212e-04 3.835369523632792439e-04 3.065200291110382457e-04 2.525012016956839993e-04 2.048955640074403292e-04 1.711740593777865262e-04 1.433982802121741952e-04 1.251495174278418829e-04 1.100924357998168089e-04 9.601689657153643788e-05 8.190376431357083975e-05 7.252475650251404623e-05 6.108698946753467153e-05 4.971366532294507610e-05 4.203241865029939121e-05 3.210839946298014828e-05
1.008936806299043148e-03 8.597407372975613337e-04 7.070540604717466798e-04 5.823364143103651252e-04 4.761759162763286963e-04 3.843782916480719563e-04 3.070018110656021551e-04 2.526217857457988491e-04 2.052492747808510806e-04 1.715977479539974068e-04 1.436783974166953664e-04 1.253000412107328342e-04 1.103203028945787907e-04 9.607801802444990407e-05 8.187220439298817582e-05 7.225991466798455543e-05 6.092104053712361342e-05 4.955425667642508264e-05 4.190198612037518742e-05 3.208015332799148226e-05
1.008373479292514439e-03 8.591641146187583211e-04 7.069553060130736016e-04 5.817357536387991529e-04 4.760028188150817107e-04 3.842935644318037198e-04 3.070410180290391211e-04 2.522220412333835409e-04 2.046341018070727067e-04 1.709794426891793719e-04 1.430926447040640516e-04 1.246166272748692550e-04 1.092460853386105583e-04 9.517657360511537620e-05 8.123669904883283675e-05 7.172009772074148994e-05 6.067880224165271764e-05 4.959330569264475206e-05 4.198683308461623279e-05 3.204338221181683417e-05
1.009163444622799503e-03 8.592780015406838081e-04 7.068356389281890608e-04 5.821401533893320315e-04 4.758225624922890061e-04 3.838852509998485520e-04 3.065837483711661730e-04 2.521980369588987508e-04 2.050568805753300299e-04 1.712145075148017136e-04 1.435301879351605467e-04 1.250989070191864025e-04 1.097866457271692674e-04 9.551389111185118431e-05 8.155124185126823896e-05 7.206994354419921079e-05 6.071968521799288689e-05 4.943132452199545262e-05 4.201527667738799433e-05 3.213672935623488426e-05
1.009200944645079201e-03 8.595001544784079510e-04 7.066667624584855624e-04 5.815154085200565466e-04 4.757026680810695174e-04 3.837837335055366999e-04 3.066822618679995228e-04 2.525078049938358723e-04 2.053754741106530448e-04 1.718257238891911730e-04 1.440870983430124084e-04 1.252272497494384413e-04 1.098612183592168680e-04 9.552660370258475554e-05 8.157519449009533830e-05 7.205549659633893409e-05 6.086728047247492827e-05 4.961315663429754705e-05 4.192522473301488781e-05 3.203874934929886007e-05
1.009031122116509690e-03 8.594340685523996085e-04 7.068781200766253775e-04 5.822060006234578170e-04 4.761341904147269738e-04 3.837849820302399739e-04 3.063019375075980632e-04 2.519243992330116085e-04 2.045970615443368939e-04 1.712329128919335721e-04 1.433477853585778344e-04 1.252427145392598373e-04 1.100192804595980146e-04 9.568976223396812096e-05 8.172272830660344935e-05 7.223195341590715691e-05 6.094721352044885776e-05 4.961249839556785001e-05 4.188067702790702928e-05 3.193091254835293038e-05
1.008250661510155929e-03 8.593044182863713307e-04 7.071430386550068507e-04 5.820823076675912073e-04 4.759234195217238415e-04 3.837782267476994849e-04 3.067216364508222539e-04 2.525613186129643502e-04 2.052462277861383602e-04 1.714844785677507356e-04 1.435206650689717454e-04 1.248648510193701023e-04 1.099854617214507033e-04 9.554629855102107316e-05 8.151832713987652282e-05 7.170291381421438782e-05 6.077116501337153596e-05 4.967690807671437870e-05 4.192331958957923880e-05 3.196391006423593081e-05
1.007971790074273016e-03 8.585707939762085789e-04 7.063036419708643024e-04 5.811247185720018428e-04 4.747996652532693340e-04 3.832711476688248917e-04 3.063227873572646042e-04 2.515718286491916574e-04 2.047700347490388848e-04 1.711353070452861357e-04 1.436957638368237603e-04 1.253092654599624860e-04 1.100116455011680889e-04 9.570359800932375669e-05 8.145783998309583194e-05 7.158943094306383526e-05 6.008354316730814249e-05 4.891080691269144724e-05 4.176129792871365021e-05 3.185804356351778902e-05
1.009203150021170800e-03 8.594081344136188889e-04 7.070784806894829912e-04 5.820063708993897982e-04 4.760075238702154076e-04 3.838596504124753553e-04 3.068969996746252760e-04 2.525101624960877185e-04 2.053700033601703172e-04 1.714822353887550193e-04 1.437004001548896075e-04 1.252177384597765407e-04 1.098594692495611031e-04 9.557347674411222017e-05 8.152086598052737769e-05 7.192061511999705517e-05 6.065657997381850627e-05 4.940043151402784651e-05 4.175466545238938002e-05 3.191640218492059118e-05
1.008794876489796247e-03 8.593663117945334138e-04 7.064099468058345453e-04 5.816111844868203503e-04 4.754971931600975813e-04 3.834826261034307506e-04 3.061096077704832932e-04 2.515134695823837492e-04 2.039921291915265168e-04 1.706758467488601167e-04 1.428690958951159620e-04 1.242003672674219157e-04 1.090804467722400321e-04 9.519958456648298245e-05 8.135047014574553492e-05 7.175237042233221206e-05 6.049660006955962578e-05 4.920044142626278102e-05 4.210282064232533225e-05 3.242124077128515905e-05
1.008169770956959680e-03 8.587693242247187997e-04 7.060390025065586481e-04 5.816289474324821268e-04 4.753691814764819082e-04 3.837463058219638037e-04 3.067251816140536993e-04 2.526665431268218065e-04 2.049481396833692179e-04 1.713242856590100520e-04 1.434748703618304205e-04 1.252471714984969243e-04 1.098097243160434686e-04 9.580363617989372184e-05 8.188396482619378076e-05 7.238703072461304946e-05 6.098222290626647001e-05 4.949273122393800761e-05 4.208361971810316553e-05 3.220475813036526085e-05
1.008359526342196945e-03 8.586734356169749022e-04 7.065213415150895307e-04 5.809105815298877410e-04 4.755792216493144164e-04 3.833139181035939442e-04 3.065533667952721514e-04 2.526575469011056100e-04 2.049899082009065275e-04 1.713904232801321333e-04 1.439277132868992917e-04 1.253757953035707193e-04 1.098613488348121076e-04 9.600004011835343884e-05 8.193911611287414687e-05 7.241833897885075031e-05 6.122302480391397491e-05 4.980820667908855860e-05 4.211792579593658640e-05 3.233946654999681359e-05
1.009007159199814922e-03 8.595703079682369971e-04 7.072998895370335428e-04 5.819153639393510012e-04 4.759189385768477316e-04 3.841329294823340101e-04 3.069358977132950186e-04 2.526552839976790106e-04 2.050986837755081321e-04 1.715273969600131590e-04 1.437751012526927654e-04 1.253422893957512800e-04 1.101493399376899410e-04 9.597121701594322693e-05 8.195467826014837158e-05 7.226268930163576960e-05 6.101790451224041857e-05 4.965528181815576461e-05 4.191125627729406296e-05 3.204708826669597455e-05
1.009451179029845821e-03 8.596091153490431451e-04 7.071378612482204619e-04 5.819493254904498135e-04 4.756875580629449504e-04 3.837691835624154895e-04 3.065873623100263652e-04 2.524290073235578623e-04 2.052573949970250820e-04 1.714874492173029295e-04 1.437176275946225855e-04 1.250927450325141853e-04 1.101598486488701583e-04 9.588456524959618557e-05 8.195667264862035583e-05 7.231027995654667768e-05 6.099323788900968288e-05 4.942548526268289639e-05 4.200829117958271893e-05 3.196357925207186457e-05
1.007245115427560017e-03 8.583709717250155666e-04 7.061940804308236173e-04 5.813648624972445359e-04 4.751032352552815043e-04 3.830653707365537400e-04 3.058142768894350555e-04 2.517135565704572368e-04 2.044985712058939784e-04 1.706951584666540288e-04 1.426305683452194740e-04 1.247321782467556101e-04 1.097245172687109731e-04 9.572700755130150317e-05 8.162661955358514613e-05 7.189135347795328108e-05 6.078788130157884641e-05 4.969674049710842147e-05 4.226729776031660704e-05 3.212745061511196884e-05
1.008527931204178602e-03 8.585665666264548010e-04 7.061047218088296537e-04 5.812914971068326416e-04 4.751739646187667118e-04 3.832033990248746489e-04 3.062824663370493860e-04 2.521760026521237524e-04 2.047151666452135324e-04 1.714421498929293974e-04 1.437336231264468183e-04 1.248209449647256239e-04 1.096703115190421010e-04 9.551558848002224950e-05 8.127768524033890558e-05 7.183721752059797963e-05 6.058150908867681494e-05 4.938619745721233538e-05 4.196213756377919758e-05 3.245498865122663863e-05
1.008704978878355134e-03 8.590986952300837688e-04 7.065961636192394498e-04 5.816946369074426975e-04 4.753158767425115700e-04 3.837262294711737032e-04 3.064580131064273058e-04 2.518567945824038432e-04 2.043175842343862678e-04 1.708596436004790483e-04 1.432149115117862311e-04 1.249454978346669677e-04 1.096973103242254401e-04 9.549841570820818558e-05 8.113356609049710737e-05 7.184647538623272834e-05 6.107823957909526457e-05 4.982981150455910061e-05 4.231602664011287847e-05 3.235451021874427726e-05
1.008929748274993822e-03 8.593393767122756112e-04 7.070827830015359410e-04 5.823464309707598093e-04 4.766863298827679488e-04 3.842069287918790195e-04 3.069235304987499792e-04 2.524809792727904841e-04 2.051846911234086579e-04 1.716731739337477294e-04 1.436985631644710493e-04 1.253127152686274307e-04 1.099587666104485901e-04 9.582993037255924682e-05 8.174411032960997238e-05 7.216108218793732584e-05 6.092941999603306805e-05 4.971814268965622715e-05 4.188347055346489822e-05 3.191001362804985820e-05
1.008346497917710777e-03 8.592831905214001623e-04 7.068318548152180631e-04 5.816717423177288461e-04 4.756011019417271703e-04 3.839947653785184540e-04 3.071314538358617245e-04 2.521615044600288577e-04 2.046023816872020984e-04 1.711272290809641352e-04 1.432236563691322441e-04 1.249863909112754624e-04 1.098963190677039995e-04 9.578274989097882006e-05 8.174178659521209064e-05 7.218445438739600785e-05 6.093276743319126718e-05 4.922798717896336546e-05 4.160417630283413129e-05 3.171987513492164127e-05
1.008346224616341394e-03 8.592839287768624587e-04 7.066686491718980178e-04 5.816145831511319213e-04 4.754538030921994342e-04 3.833931838216074516e-04 3.062363710730824583e-04 2.518762185622618749e-04 2.047346849276761890e-04 1.711418903195972689e-04 1.435175533136382766e-04 1.250403013240376164e-04 1.099943689535752154e-04 9.596459321939029526e-05 8.182720310884448219e-05 7.240898965158349028e-05 6.123347607084084513e-05 4.990457656724549398e-05 4.210628382576962899e-05 3.220419727860295066e-05
1.008963677744104418e-03 8.583460142719295154e-04 7.064320816248460984e-04 5.813231752126497452e-04 4.755786504862948125e-04 3.838839701006662038e-04 3.065304567706564082e-04 2.525383818846845875e-04 2.054269725866986586e-04 1.716921645681212106e-04 1.435413829007113954e-04 1.250550860080248408e-04 1.096345881048874354e-04 9.556547639508997279e-05 8.175662758393696140e-05 7.210514663272066997e-05 6.095592635476527050e-05 4.967315279127637270e-05 4.212104115856542583e-05 3.204978488202411775e-05
1.007013698068913400e-03 8.572873637421775253e-04 7.050782378727355479e-04 5.802829823761470078e-04 4.747062738470446820e-04 3.832061542789174172e-04 3.060253958239426042e-04 2.521140888152353910e-04 2.044662359136859291e-04 1.708707857160817107e-04 1.429395674297327798e-04 1.246631284146567113e-04 1.096159281358143251e-04 9.555021032824842096e-05 8.134197647393878218e-05 7.200423433304778192e-05 6.099232645329740658e-05 4.970652447041437198e-05 4.194542470558453582e-05 3.193326625503109859e-05
1.009441495597706347e-03 8.598521638045076437e-04 7.070411541339712610e-04 5.826269236508727339e-04 4.765180395375222299e-04 3.842109678908045144e-04 3.067712210061859616e-04 2.524584023390944961e-04 2.050476730355157507e-04 1.716589661041071843e-04 1.438387832862970440e-04 1.253829061231140959e-04 1.102247606335162084e-04 9.613425812184201390e-05 8.195154143114536239e-05 7.239091835300037866e-05 6.107205283349636767e-05 4.959628697479611037e-05 4.180827220474684459e-05 3.185585848003891392e-05
1.009026317015224942e-03 8.597236622712987365e-04 7.069166731808196064e-04 5.820002372614556515e-04 4.760221664728445600e-04 3.839766045116370483e-04 3.067645249846895155e-04 2.524774263446173542e-04 2.052245446202492611e-04 1.715438424208061213e-04 1.437590095830850346e-04 1.252846800261983584e-04 1.098739566478403680e-04 9.602437626591341980e-05 8.198263278285657877e-05 7.244241175101907208e-05 6.118819551645057492e-05 4.977100461018823656e-05 4.203647947576642503e-05 3.221520858956397235e-05
1.009391134469774616e-03 8.599751952681592999e-04 7.074157153872289230e-04 5.823751758193874712e-04 4.763162988616727257e-04 3.845143497890328877e-04 3.070492606272636881e-04 2.526580263330637736e-04 2.052394349629112203e-04 1.715057915819695607e-04 1.437370489179960200e-04 1.254274485165150018e-04 1.102464008759955808e-04 9.588140198527683809e-05 8.182729434657922958e-05 7.232703189279263373e-05 6.109196793480412783e-05 4.970074512319266815e-05 4.230153525516738502e-05 3.238402364502926032e-05
1.008675054135057224e-03 8.593702020738040129e-04 7.064982934893643870e-04 5.812754586395668839e-04 4.759245463674612216e-04 3.843577374817741012e-04 3.068563283206172118e-04 2.519013719363399754e-04 2.045105947871091916e-04 1.713672824848245005e-04 1.434932762225234952e-04 1.246830426396071487e-04 1.095734265173237002e-04 9.556939847409865341e-05 8.191167260340196570e-05 7.246679645632090553e-05 6.110556956866262501e-05 4.940527128201027544e-05 4.195108186048786259e-05 3.246928763570500529e-05
1.008557490589037479e-03 8.591009385868228574e-04 7.066913015558092545e-04 5.820616500412475374e-04 4.759398804750031666e-04 3.838281546418104368e-04 3.066038991728868828e-04 2.520183746030787118e-04 2.050273177430416089e-04 1.714569146447602460e-04 1.433455324659288694e-04 1.249081053616509266e-04 1.097500538491836142e-04 9.566676655836980133e-05 8.150225359563204931e-05 7.178988917915528659e-05 6.023460848922054437e-05 4.879643598310645408e-05 4.158118097942363402e-05 3.185174974892631094e-05
1.009222419263637637e-03 8.599568044203055855e-04 7.075683070696040097e-04 5.827029618395690837e-04 4.767010933000162065e-04 3.848381096499175948e-04 3.071357577832460302e-04 2.523560576346259884e-04 2.051035365221007994e-04 1.714319938838660415e-04 1.434419672792178343e-04 1.250493997107579157e-04 1.098680990655581782e-04 9.563267647924090543e-05 8.157526324701198884e-05 7.187639556763482818e-05 6.052532101944012999e-05 4.945397886833431239e-05 4.192771530124048747e-05 3.203317310014381394e-05
1.009168555900426993e-03 8.599429129792094187e-04 7.073216748229922040e-04 5.824890271329619465e-04 4.762307620486176890e-04 3.840825193218095680e-04 3.067727261946829698e-04 2.523658025288970158e-04 2.049835288681506069e-04 1.712632388350285263e-04 1.434901777668197344e-04 1.252575804546833798e-04 1.102502202783714946e-04 9.597411108644590910e-05 8.170093923251825106e-05 7.216708171705502690e-05 6.101598087850164279e-05 4.958438441654030557e-05 4.198406126360340580e-05 3.206991357845851006e-05
1.009787185969824013e-03 8.595155696954492755e-04 7.066424444791157868e-04 5.819416206552379149e-04 4.757445003704590465e-04 3.839039019808054213e-04 3.064624707755647659e-04 2.517450411811521260e-04 2.048453034785520702e-04 1.714672821711359747e-04 1.438579333189775517e-04 1.252112045964480643e-04 1.100583216828102405e-04 9.603923946806109638e-05 8.201221073712586999e-05 7.224214053078476688e-05 6.095425439152672362e-05 4.974861803108637608e-05 4.208022253568667267e-05 3.194791940579179911e-05
1.008581399282972935e-03 8.593849610574957757e-04 7.068761247162127798e-04 5.816506065087458576e-04 4.755880355283943956e-04 3.839068771559375043e-04 3.070824702631965732e-04 2.524518967928995427e-04 2.048965296738828093e-04 1.714260473556203151e-04 1.432645534739822378e-04 1.247050220200086662e-04 1.096634841644277713e-04 9.553141736142222774e-05 8.140874734927784466e-05 7.196172527212387707e-05 6.088455470504736621e-05 4.936496445895945670e-05 4.196913280445831195e-05 3.225833123445246591e-05
1.008949172788642422e-03 8.604046530791160117e-04 7.067925506489640668e-04 5.818929735276113678e-04 4.767473290787760235e-04 3.841459804808793370e-04 3.069785161746408047e-04 2.525681241032509488e-04 2.050462259671270238e-04 1.711389766588193432e-04 1.433907087114004593e-04 1.246382685761325743e-04 1.097874099944163580e-04 9.572576848383044059e-05 8.177779150729186440e-05 7.216218344145734146e-05 6.069973358204427456e-05 4.934508986934617303e-05 4.193336874713194328e-05 3.182330470992107626e-05
1.007496185735067386e-03 8.578569395077196083e-04 7.056142806810330190e-04 5.807580447431017054e-04 4.748531250857805620e-04 3.829444515689907217e-04 3.060040157719842160e-04 2.514601645489809487e-04 2.040750916245315434e-04 1.704648011960913231e-04 1.426231384042996107e-04 1.243255940490429752e-04 1.092971409190246121e-04 9.524004262030230986e-05 8.136177451399288036e-05 7.197778768604429830e-05 6.057470332478271117e-05 4.950548672028523821e-05 4.198126963871906412e-05 3.204985530154943124e-05
1.008953957343219823e-03 8.587311230295622882e-04 7.062246171981042360e-04 5.822061250391652627e-04 4.760882794020727666e-04 3.838994265948674953e-04 3.068451218507037151e-04 2.525164316615125708e-04 2.050302993329194067e-04 1.715108201407411980e-04 1.437286356349575683e-04 1.250107668875309337e-04 1.097664920455655122e-04 9.581486022280405500e-05 8.176931782466091291e-05 7.243531943612236301e-05 6.098601205806726089e-05 4.948599160665657296e-05 4.186110666379742125e-05 3.198079560611207433e-05
1.008950202090599024e-03 8.593073573079540754e-04 7.069353180230545123e-04 5.813188067921482190e-04 4.758384080767107897e-04 3.839751909545132107e-04 3.069682614901933417e-04 2.524011374068562091e-04 2.052655248256613852e-04 1.717914360905313574e-04 1.435957223238500894e-04 1.251357324020972359e-04 1.101316784841735138e-04 9.602842459184664952e-05 8.189248914176220447e-05 7.216621837865375600e-05 6.070987212277217037e-05 4.927930103399377374e-05 4.171968256445892455e-05 3.204287557533140449e-05
1.008067402223744189e-03 8.586539355110149206e-04 7.062789034805734122e-04 5.811888774258103458e-04 4.754947337061668652e-04 3.835043745475601282e-04 3.062922830583583288e-04 2.519533439936978030e-04 2.041988053207117538e-04 1.709372703548524036e-04 1.433712715191190305e-04 1.251692991141927316e-04 1.100210072076550279e-04 9.576840504763918255e-05 8.173111058814144846e-05 7.224998575630097353e-05 6.115966550928549929e-05 5.002483093801694851e-05 4.247658083354868196e-05 3.238962568288298406e-05
1.008886453742031649e-03 8.595976573449871753e-04 7.070843000799778696e-04 5.822461088587653402e-04 4.761051810050986551e-04 3.839573610438260583e-04 3.068860108303083051e-04 2.524084614892493483e-04 2.048575448688134189e-04 1.712715471278214495e-04 1.435506997346425628e-04 1.251817585535205946e-04 1.100858094467388714e-04 9.592354462197742249e-05 8.187968572620421949e-05 7.234089753977399095e-05 6.096519752709482910e-05 4.939034124227749043e-05 4.190999290831662973e-05 3.204307013927051531e-05
1.009447513160162489e-03 8.600818038713807642e-04 7.071831629348357710e-04 5.823646298601475825e-04 4.766098680808806328e-04 3.844844451012040904e-04 3.074600321864572354e-04 2.530457047081440805e-04 2.054067197243137212e-04 1.715900631509919519e-04 1.438211361702198252e-04 1.253948810556538077e-04 1.104650625055521464e-04 9.612076097726696686e-05 8.214172252758436467e-05 7.268146388036857001e-05 6.139070505938498722e-05 4.994035511051972463e-05 4.232911371242353165e-05 3.229503869661455855e-05
1.008574926226217180e-03 8.592686099483766915e-04 7.062615026787513999e-04 5.811177677685261909e-04 4.749610943881471276e-04 3.832573538516625641e-04 3.061545690612387199e-04 2.519786217774234180e-04 2.050066017708906951e-04 1.715468278313989309e-04 1.434358202237336305e-04 1.251034838664172278e-04 1.098833013944905873e-04 9.567838736997096710e-05 8.127749796462705389e-05 7.168103164477663636e-05 6.052390988164107664e-05 4.909361017864563288e-05 4.170283731354017330e-05 3.199409778222668446e-05
1.007894403580689548e-03 8.587572193668738729e-04 7.065561551852869325e-04 5.817595725775831636e-04 4.755464324173886022e-04 3.837105177864989498e-04 3.070198537766036240e-04 2.524826451454302415e-04 2.050018323917457386e-04 1.715156971827291508e-04 1.439406967306697748e-04 1.255785295232666478e-04 1.101258268733685159e-04 9.579458925415787625e-05 8.180912599673289252e-05 7.232219228753000446e-05 6.102259702110024729e-05 4.974030101885802799e-05 4.217411494420357585e-05 3.230025100351528061e-05
