5.695602440008395439e-11 4.122333780947252529e-11 2.792087662194841777e-11 2.905503621362148848e-11 2.373115454264326981e-11 1.872729700634582256e-11 1.459554445338531256e-11 1.136408997001126391e-11 1.260134981656594704e-11 1.106214850562320088e-11 9.519068104059844313e-12 7.214796336899273227e-12 6.167483580833490466e-12 6.037531522947487923e-12 5.134069844248475541e-12 3.190846019612898219e-12 2.136814929669515009e-12 4.367591691593370951e-13 4.830167046920925708e-13 -4.122851587456568529e-13
4.122333780947252529e-11 4.809419824958492718e-11 3.231485038307256747e-11 3.184691486805069618e-11 2.453157843773601655e-11 1.868757728926350855e-11 1.509713022827977279e-11 1.136347759033368468e-11 1.083094221197728037e-11 9.467787539072328356e-12 8.600511292338384188e-12 7.172792051683263015e-12 6.505279059474675149e-12 5.077571868078088025e-12 3.987916630573336885e-12 2.764331814632545968e-12 1.509256529959085689e-12 2.408264758218312314e-13 5.326406813632595544e-13 -5.707909007629387580e-13
2.792087662194841777e-11 3.231485038307256747e-11 3.207700267375923864e-11 2.812727801937057282e-11 2.214611593802287168e-11 1.595847986949292673e-11 1.353149355752964918e-11 1.039022444978534448e-11 9.625236207503020625e-12 7.381107565061895129e-12 7.145515360518673604e-12 7.010145021559490804e-12 6.473085669503588964e-12 5.808795642638348579e-12 4.152260662001172022e-12 3.208951992679628806e-12 1.933411635635509933e-12 1.422992799315728549e-12 9.260670680603410272e-13 1.468679402477656618e-13
2.905503621362148848e-11 3.184691486805069618e-11 2.812727801937057282e-11 3.805316963423811191e-11 2.811752639366676514e-11 2.054526464364381604e-11 1.743515775298294063e-11 1.396959810906234874e-11 1.247366386175165337e-11 9.626854994088096924e-12 7.775869810381144103e-12 8.315455045726171196e-12 7.822817211176744461e-12 6.391984411734803523e-12 4.943617974123346812e-12 5.172499736546330903e-12 3.085066887359008237e-12 2.586385415906849604e-12 1.414398775955724410e-12 -6.174333188972651322e-13
2.373115454264326981e-11 2.453157843773601655e-11 2.214611593802287168e-11 2.811752639366676514e-11 2.944698789796083371e-11 2.193009982204413867e-11 1.822990699470707735e-11 1.473016146962657088e-11 1.236601952762029854e-11 9.093187552382344131e-12 7.891509699396194094e-12 7.078299456608888272e-12 6.374612567215069544e-12 5.759616061669845695e-12 5.343705335434093591e-12 5.315772267494431892e-12 4.067672588045357243e-12 3.607999084352678595e-12 2.197853779366329539e-12 1.195279080267516032e-12
1.872729700634582256e-11 1.868757728926350855e-11 1.595847986949292673e-11 2.054526464364381604e-11 2.193009982204413867e-11 2.510754559806620952e-11 1.979942515061682613e-11 1.497373323939253563e-11 1.252624936260720743e-11 9.706683240628978532e-12 7.506856305419199131e-12 6.249636890506629705e-12 5.369964961098230480e-12 4.199072335666724148e-12 4.720071330413296169e-12 4.442605474651187066e-12 3.562665830732519789e-12 2.940020397453440126e-12 2.282262131836448264e-12 1.571521157670976752e-12
1.459554445338531256e-11 1.509713022827977279e-11 1.353149355752964918e-11 1.743515775298294063e-11 1.822990699470707735e-11 1.979942515061682613e-11 2.186114130119696814e-11 1.706659390086191625e-11 1.280928737834300232e-11 9.701865455407696826e-12 8.238002549552274856e-12 6.793165631318272213e-12 5.019971226181064842e-12 4.349764693240825823e-12 4.492877773552464689e-12 4.562712873375698083e-12 4.144452634784026860e-12 3.323037649978758060e-12 2.309270097735530036e-12 1.609639609717946004e-12
1.136408997001126391e-11 1.136347759033368468e-11 1.039022444978534448e-11 1.396959810906234874e-11 1.473016146962657088e-11 1.497373323939253563e-11 1.706659390086191625e-11 1.980770758434367996e-11 1.543495849076200314e-11 1.117233286052063833e-11 9.324725603350663775e-12 7.440038466997437327e-12 5.279699719860352495e-12 4.714705218265848600e-12 4.577263839099412300e-12 4.968064157411520224e-12 4.681048904125980836e-12 3.798785901078558972e-12 2.683077910387499785e-12 1.564921220645528860e-12
1.260134981656594704e-11 1.083094221197728037e-11 9.625236207503020625e-12 1.247366386175165337e-11 1.236601952762029854e-11 1.252624936260720743e-11 1.280928737834300232e-11 1.543495849076200314e-11 1.774552774353422170e-11 1.331935845008851016e-11 1.071502268070351175e-11 8.332663270842784547e-12 6.110694327202618554e-12 5.219454209732847750e-12 4.374293921342454292e-12 3.912935945278082458e-12 2.980951102510226551e-12 1.509458598034086642e-12 4.066147291996282538e-13 -7.948763706969691630e-13
1.106214850562320088e-11 9.467787539072328356e-12 7.381107565061895129e-12 9.626854994088096924e-12 9.093187552382344131e-12 9.706683240628978532e-12 9.701865455407696826e-12 1.117233286052063833e-11 1.331935845008851016e-11 1.528882047107190481e-11 1.225926711096472822e-11 8.744510486684212654e-12 6.624921064041256206e-12 5.885826168514536842e-12 4.727650584260948827e-12 5.079260327820632265e-12 4.325036347445698812e-12 2.738354496602238213e-12 1.302508144882785892e-12 -5.870468868294169390e-14
9.519068104059844313e-12 8.600511292338384188e-12 7.145515360518673604e-12 7.775869810381144103e-12 7.891509699396194094e-12 7.506856305419199131e-12 8.238002549552274856e-12 9.324725603350663775e-12 1.071502268070351175e-11 1.225926711096472822e-11 1.564167437649329853e-11 1.129767277838479303e-11 7.693342221961697033e-12 6.991473495641889786e-12 5.853861966089034675e-12 5.865160193838074876e-12 5.538518749974964657e-12 3.057299184910596561e-12 1.762517065440454176e-12 1.140010413597455761e-12
7.214796336899273227e-12 7.172792051683263015e-12 7.010145021559490804e-12 8.315455045726171196e-12 7.078299456608888272e-12 6.249636890506629705e-12 6.793165631318272213e-12 7.440038466997437327e-12 8.332663270842784547e-12 8.744510486684212654e-12 1.129767277838479303e-11 1.258663225778876632e-11 9.159784818061432853e-12 7.605293411995890114e-12 6.077094031766344892e-12 5.417285519789775997e-12 4.612595386001235283e-12 2.503711152950799520e-12 1.084831475252324394e-12 -1.677656717273820634e-13
6.167483580833490466e-12 6.505279059474675149e-12 6.473085669503588964e-12 7.822817211176744461e-12 6.374612567215069544e-12 5.369964961098230480e-12 5.019971226181064842e-12 5.279699719860352495e-12 6.110694327202618554e-12 6.624921064041256206e-12 7.693342221961697033e-12 9.159784818061432853e-12 1.074943662920352544e-11 9.070863191381477378e-12 7.221079614111731073e-12 6.349184668088995330e-12 4.688294255142297968e-12 2.685850668125728340e-12 1.512188418635656354e-12 -3.516820990626642744e-14
6.037531522947487923e-12 5.077571868078088025e-12 5.808795642638348579e-12 6.391984411734803523e-12 5.759616061669845695e-12 4.199072335666724148e-12 4.349764693240825823e-12 4.714705218265848600e-12 5.219454209732847750e-12 5.885826168514536842e-12 6.991473495641889786e-12 7.605293411995890114e-12 9.070863191381477378e-12 1.133579512896477991e-11 8.727208665157536594e-12 7.245168676188589431e-12 5.887006370410392311e-12 3.433164514995820461e-12 2.019056724882999391e-12 8.813886794917294507e-13
5.134069844248475541e-12 3.987916630573336885e-12 4.152260662001172022e-12 4.943617974123346812e-12 5.343705335434093591e-12 4.720071330413296169e-12 4.492877773552464689e-12 4.577263839099412300e-12 4.374293921342454292e-12 4.727650584260948827e-12 5.853861966089034675e-12 6.077094031766344892e-12 7.221079614111731073e-12 8.727208665157536594e-12 1.009128293533419586e-11 8.617718712201939746e-12 6.938402589436911138e-12 4.693348871277851777e-12 3.323477833699891326e-12 2.019407278423295666e-12
3.190846019612898219e-12 2.764331814632545968e-12 3.208951992679628806e-12 5.172499736546330903e-12 5.315772267494431892e-12 4.442605474651187066e-12 4.562712873375698083e-12 4.968064157411520224e-12 3.912935945278082458e-12 5.079260327820632265e-12 5.865160193838074876e-12 5.417285519789775997e-12 6.349184668088995330e-12 7.245168676188589431e-12 8.617718712201939746e-12 1.075009137873252031e-11 9.091893236339747315e-12 6.475634150605649605e-12 4.614878324963320582e-12 2.764004802604256869e-12
2.136814929669515009e-12 1.509256529959085689e-12 1.933411635635509933e-12 3.085066887359008237e-12 4.067672588045357243e-12 3.562665830732519789e-12 4.144452634784026860e-12 4.681048904125980836e-12 2.980951102510226551e-12 4.325036347445698812e-12 5.538518749974964657e-12 4.612595386001235283e-12 4.688294255142297968e-12 5.887006370410392311e-12 6.938402589436911138e-12 9.091893236339747315e-12 1.091865311066210516e-11 9.235730914098831060e-12 6.703383670862729504e-12 4.479704812314444100e-12
4.367591691593370951e-13 2.408264758218312314e-13 1.422992799315728549e-12 2.586385415906849604e-12 3.607999084352678595e-12 2.940020397453440126e-12 3.323037649978758060e-12 3.798785901078558972e-12 1.509458598034086642e-12 2.738354496602238213e-12 3.057299184910596561e-12 2.503711152950799520e-12 2.685850668125728340e-12 3.433164514995820461e-12 4.693348871277851777e-12 6.475634150605649605e-12 9.235730914098831060e-12 1.197413447920359430e-11 9.466590816754185063e-12 6.401066804099117434e-12
4.830167046920925708e-13 5.326406813632595544e-13 9.260670680603410272e-13 1.414398775955724410e-12 2.197853779366329539e-12 2.282262131836448264e-12 2.309270097735530036e-12 2.683077910387499785e-12 4.066147291996282538e-13 1.302508144882785892e-12 1.762517065440454176e-12 1.084831475252324394e-12 1.512188418635656354e-12 2.019056724882999391e-12 3.323477833699891326e-12 4.614878324963320582e-12 6.703383670862729504e-12 9.466590816754185063e-12 1.100947259618285089e-11 8.748498423622935355e-12
-4.122851587456568529e-13 -5.707909007629387580e-13 1.468679402477656618e-13 -6.174333188972651322e-13 1.195279080267516032e-12 1.571521157670976752e-12 1.609639609717946004e-12 1.564921220645528860e-12 -7.948763706969691630e-13 -5.870468868294169390e-14 1.140010413597455761e-12 -1.677656717273820634e-13 -3.516820990626642744e-14 8.813886794917294507e-13 2.019407278423295666e-12 2.764004802604256869e-12 4.479704812314444100e-12 6.401066804099117434e-12 8.748498423622935355e-12 1.041626178848252952e-11
