# gts for all jackknife regions
9.543841807954541985e-04 8.168112497879643705e-04 7.017311526994365715e-04 5.761609258098677197e-04 4.959063024390792654e-04 3.679720703613702064e-04 3.033671968315336271e-04 2.468047352139254836e-04 1.722366732865137902e-04 1.191681993845181814e-04 1.367890847813279078e-04 1.528068234565497065e-04 1.345288690680735246e-04 1.386243377254262445e-04 1.121316673619088998e-04 2.730368818114113793e-05 -2.066813099689575740e-05 -5.965106504297242740e-05 -1.187486416170567891e-04 -1.316298977649162506e-04
1.046088592526268858e-03 9.435039917019188765e-04 8.072351430283907859e-04 7.051496721462406506e-04 5.172688542874639929e-04 4.111096857065225929e-04 3.332006580366728078e-04 3.243990260259053439e-04 2.763361347143544365e-04 1.797635421711108697e-04 1.440632971757165634e-04 1.018589192451738087e-04 1.109489949441718186e-04 1.478539524362399652e-04 1.008343705774926869e-04 9.464552193003105405e-05 5.679465915269511192e-05 4.896121433509170208e-05 8.461770890471118469e-05 2.296642758656655724e-04
1.220551974502736376e-03 1.042888350430055478e-03 8.434434965443638214e-04 6.579483523863685623e-04 5.047095242788072122e-04 3.996781250845623276e-04 3.930476635085964200e-04 2.705799815592686646e-04 2.390805872949471793e-04 2.008744651349724235e-04 1.107250051077509137e-04 9.385693457855781682e-05 1.133754147710310970e-04 1.122791004974233717e-04 7.423322053036440196e-05 4.565969468890579701e-05 1.659390316335785469e-05 6.912956112911732801e-05 1.935469269427531655e-05 -3.533842689969248223e-05
9.272337703313825218e-04 8.037030904842217991e-04 6.261327445557362398e-04 5.068431159102015611e-04 3.851473159083384601e-04 3.326876075647230003e-04 2.542016175457808029e-04 1.866092029249746635e-04 1.477168563169925953e-04 1.020208856392640221e-04 1.010479852454273131e-04 6.904265899077704789e-05 6.022091992296816688e-05 2.711131044854350858e-05 -6.438718240448043969e-06 -2.551580446463000767e-05 -4.270279543528578652e-05 -7.978581154767458450e-05 -1.835623636184930785e-04 -2.982013056103682835e-04
9.543267924787057288e-04 8.051759458958683471e-04 7.237395670762565483e-04 5.537901206883017683e-04 4.517255136006844318e-04 3.626395420717728807e-04 2.551579351873074189e-04 2.304020115706680830e-04 1.718099650523933119e-04 1.523882569865480545e-04 9.941637027751719618e-05 7.997754681509652245e-05 1.047222108944580974e-04 1.002597285218488621e-04 5.436250355104530851e-05 4.089904337029155263e-05 2.734723310493874406e-05 1.531814673804555423e-07 1.158661167706261697e-05 -1.103190222249086661e-05
8.787901548172684417e-04 7.751004178480477499e-04 6.268493019939026106e-04 6.229776273505301760e-04 4.115807970210929364e-04 2.698346740277196977e-04 2.431002944209254924e-04 1.826930609962166164e-04 1.637625781356689990e-04 1.797572232487501954e-04 2.119583401295074777e-04 1.876698695135819398e-04 1.658629833765066272e-04 2.241171710732459512e-04 2.407129082601269885e-04 2.626138919626494939e-04 2.644479125434100967e-04 1.333947232347761080e-04 1.661275653848352462e-05 9.962997496461302156e-05
9.622213103202838756e-04 7.967856592711732933e-04 6.477300555478784786e-04 4.677619216414136008e-04 4.017273681097789303e-04 3.356425539693280204e-04 2.874845674372287834e-04 1.954111811687250040e-04 2.079996785364836450e-04 2.123815586506490544e-04 2.128532264964762136e-04 2.076264871684303055e-04 1.912639231804156323e-04 1.764736342830899071e-04 1.592809453692013580e-04 1.311157392869348730e-04 1.203757052169044571e-04 1.114897052728731322e-04 3.188438771742466870e-05 -2.469850393836030964e-05
1.118526326304062875e-03 1.000265650510108635e-03 7.036397557583706427e-04 6.592572177811374234e-04 5.539058825963506490e-04 3.750376172759967500e-04 3.406731502729854573e-04 2.695192163178397994e-04 1.948862132755605598e-04 1.650980674790613169e-04 1.310709033889474468e-04 1.615387693969312817e-04 1.642731325635368527e-04 1.588416285443583313e-04 1.412620659735225337e-04 1.166690515173885172e-04 1.386811194715292231e-04 1.954071292125772778e-04 2.541076525450942925e-04 3.659804345914195083e-04
1.034637060718599779e-03 9.564117309146920537e-04 8.025565477937841342e-04 7.325438706082503101e-04 5.525612483705199217e-04 4.302983404585786664e-04 3.615925665468228459e-04 2.791348309059090739e-04 2.404691981006410525e-04 1.370089101546958187e-04 9.265799164779982213e-05 1.276596446347226012e-04 1.154660272434409512e-04 7.506679504106565886e-05 3.956799488375916578e-05 2.765506746426141667e-05 -1.340720102976110438e-05 -2.326782947764535897e-05 -4.514347587663950226e-06 -1.669711521645554015e-05
9.754351326516508139e-04 7.545610575055279557e-04 6.778801543280489920e-04 5.209890366705724170e-04 4.251593291645030951e-04 3.115453282736890340e-04 2.853262992690853961e-04 2.567743578774504170e-04 2.182592830436345629e-04 1.480000391337764256e-04 8.840079154157533400e-05 9.288376424660717279e-05 8.389000531419749866e-05 7.202382328504439754e-05 4.966531433351241821e-05 5.835521953719834289e-05 1.354498089706402592e-05 -1.849107996902245183e-05 2.488847079724261445e-05 1.150491157848979344e-04
8.126152416089826424e-04 7.971732826394152148e-04 6.144766228708944868e-04 5.174691225264458055e-04 4.348897031173544220e-04 3.296660717437133984e-04 2.741843546584518199e-04 2.189258188075402119e-04 1.993665758886724445e-04 1.820538010812754518e-04 1.740030309882904596e-04 1.248081103962036143e-04 7.609700751303529213e-05 6.025521042990751954e-05 2.838479753504899637e-05 3.817115621937506643e-05 7.062047510489876669e-05 4.854162498905563428e-05 1.401382054962182159e-05 2.720649462524523190e-05
1.038381751577584352e-03 1.018710169156757540e-03 8.866005408656108455e-04 7.418110638991127700e-04 6.400592860086323646e-04 5.497737112134129609e-04 4.532606204897765101e-04 3.769293648022778724e-04 3.147449147061726158e-04 2.829883928863330812e-04 2.675162045502472150e-04 2.499140862385426263e-04 2.378671238658284603e-04 2.246892845852416871e-04 2.191267585640450087e-04 1.411534814105482071e-04 9.083997099081859484e-05 1.562643440770568516e-05 -5.236474803302932631e-05 -6.732251506448893371e-05
1.071340917982531189e-03 9.427340647382527125e-04 7.576740766243199093e-04 6.386387384449021976e-04 5.441038048074098342e-04 3.990069275419069229e-04 2.499303133425966484e-04 2.210301980401360375e-04 2.057180759194277247e-04 1.502343579369014304e-04 1.029573110338300227e-04 8.727735132651750452e-05 3.023649664465286949e-05 -1.431711447821500397e-05 -3.726791951195554419e-05 -2.719283953179161271e-05 -4.100580517477484709e-05 -2.980342383363040631e-06 6.854170863968906324e-05 1.118986514595615532e-04
8.418484963703543999e-04 7.599918197471576412e-04 6.701001920116848431e-04 5.101897486278266988e-04 3.934089561807108202e-04 2.682338037477240752e-04 2.427421542242068928e-04 1.752209959633703083e-04 1.334829578047022841e-04 1.374959771540682830e-04 1.338965551711390886e-04 1.087315466206510863e-04 6.744517045984990504e-05 4.066916706250535630e-05 4.434362055359342749e-05 4.552502926873905933e-05 4.554533201253536934e-05 3.539257510891963688e-05 1.964539275790118617e-05 -6.018658436262931975e-05
1.060127994496466415e-03 8.463087766070497616e-04 6.959724966581787731e-04 5.342412132905877435e-04 4.643508723972839002e-04 4.022705034674907160e-04 3.296319810641182247e-04 2.456805192742720387e-04 1.764445726409641271e-04 1.342993941884520581e-04 1.128253565755107002e-04 7.907411663957181647e-05 5.865391601474453432e-05 1.991890219561128378e-05 1.844688047728795240e-06 -2.849727278429509976e-05 -8.169895512646465686e-05 -1.066849653519452018e-04 -1.660380176992622744e-04 -2.430987196747417796e-04
9.073463690252120363e-04 7.851846540414881464e-04 5.931467526565728249e-04 5.200041591589197850e-04 3.772068946266499351e-04 3.338485207045754650e-04 2.667393409370734901e-04 2.644775053673643255e-04 2.606416338302166517e-04 2.232916609453209353e-04 1.308917247389014646e-04 1.154826435217337475e-04 1.676641130489645709e-04 1.656758548099067526e-04 1.345988230544967505e-04 1.263786270910632556e-04 1.460806211700986046e-04 1.295803746663907021e-04 9.676658830670595117e-05 6.961866288080283030e-05
9.446288409730107215e-04 8.491720234563967986e-04 7.125858347791488639e-04 5.041073447643309655e-04 3.989842767790875103e-04 3.412829222015612528e-04 2.536087148906461942e-04 2.260363467639432862e-04 2.167310695540103198e-04 1.592537024552995097e-04 1.467807759345804506e-04 8.786035417368700346e-05 9.895683931508144444e-05 7.489154061217947848e-05 1.135986072517013217e-04 1.373884803508197011e-04 1.380282079752123020e-04 1.453545327619473965e-04 1.685026257988753466e-04 1.735191295175679928e-04
9.326963850736023475e-04 7.857184751496224754e-04 6.912314502023538540e-04 5.620170933141979989e-04 5.443508735038181910e-04 4.977097173204067830e-04 4.408950393899171765e-04 3.323977708178121491e-04 2.580117607223018764e-04 1.851764208803478840e-04 1.737467563544060401e-04 1.102429225957316970e-04 1.258940642289662324e-04 1.303220583026752047e-04 9.131269270981818599e-05 1.211170588161252686e-04 1.714304688700099056e-04 2.523282614925759248e-04 3.093021106838827008e-04 2.912143693209086337e-04
9.369813604715427312e-04 8.531577180698091296e-04 6.853860609429309999e-04 5.104875805250397216e-04 4.431841215950376995e-04 3.553521205390860051e-04 2.994118488912524004e-04 2.412726021416442478e-04 1.509622985156471064e-04 1.379454706281772118e-04 1.191513122672291895e-04 1.064593437650345777e-04 4.979828235604190156e-05 6.555494922349263197e-06 3.897769347615497399e-06 -3.947397032635460135e-06 6.424909632715654636e-07 9.222945004104129592e-06 5.927160646778900527e-06 -4.353878393241307631e-06
1.013670707458668623e-03 8.707688688327076647e-04 7.059732828498641206e-04 6.079867592485193369e-04 5.042702142020709247e-04 3.942900861672699823e-04 3.497498469065485273e-04 2.949843620153031853e-04 2.018228918527508776e-04 1.946027257213178566e-04 1.425052203947089579e-04 1.425639265903253926e-04 1.538778869811128157e-04 1.439255686596476521e-04 1.294348270002082448e-04 1.433879070423760510e-04 1.738255279101393600e-04 1.885396726739987428e-04 1.353384172752699038e-04 9.264914510974128043e-05
1.064654370118690635e-03 9.219094130763626650e-04 7.749607834291814389e-04 6.300502097877181762e-04 5.235034123245283942e-04 4.255421166593034189e-04 3.356961475571527682e-04 2.229580575987851593e-04 2.025062260215260959e-04 1.476060766156615648e-04 1.218770175758628695e-04 1.061628365621521429e-04 8.614065915578249949e-05 1.017681513775222849e-04 1.056181784082390463e-04 1.520133996798006179e-04 2.043532782263210240e-04 2.501036127514049551e-04 2.834327948930252827e-04 2.945650104901412496e-04
8.690256897237328207e-04 7.603008798853725650e-04 6.638302660854216190e-04 5.549094456345649712e-04 4.523831867162863619e-04 3.555390632886807592e-04 3.220639705068987862e-04 2.378421971274822426e-04 1.877154914811495618e-04 1.660071447770199876e-04 1.991405679483732212e-04 1.724114470214546289e-04 1.902228688841870483e-04 1.819291834010199830e-04 1.384311790963244711e-04 6.154476733560196560e-05 -4.504735524690196781e-05 -1.671285075852613959e-04 -2.092239335791060834e-04 -2.221636899773302013e-04
9.424831341745046592e-04 7.641514394067347622e-04 6.395397955743733652e-04 5.048143174128995889e-04 4.688311708417612135e-04 3.802654666677788209e-04 2.195678177007977184e-04 1.763433000757629325e-04 1.729830014225769614e-04 1.179058854953223207e-04 9.086689446572446347e-05 5.745770108450142292e-05 1.260064935945419884e-04 1.129700943210340942e-04 9.478634345973550260e-05 6.104329868574916661e-05 3.021150064899908399e-05 -1.339229594642623290e-05 -6.623190932401026496e-05 -1.071693703797032426e-04
1.145868806113980879e-03 1.004952759481346665e-03 8.324552227236063336e-04 7.487696596466165587e-04 5.904437337966798437e-04 4.971219340367188455e-04 4.571835257274229703e-04 3.588960286031975971e-04 2.475345288099732328e-04 3.105337183450579603e-04 2.658242233080293569e-04 2.320328308895684558e-04 2.271849640331094022e-04 2.476566521146317864e-04 2.880221799844095119e-04 3.566818227977908064e-04 3.944834058561877388e-04 4.199737160988215967e-04 3.894459807691302258e-04 3.539284875900260705e-04
1.131104401146307975e-03 9.686590313997330438e-04 8.397432330541646167e-04 6.604313716152730111e-04 5.324494914810669419e-04 4.009593884836795187e-04 3.052692025312627507e-04 2.417656738434033987e-04 2.119460276050506983e-04 1.644511486742400485e-04 1.704045711466927425e-04 1.654262754639359071e-04 1.866882687063336718e-04 1.753650170927274331e-04 1.814682661639107947e-04 1.803731136292531989e-04 1.465387047621007142e-04 1.459312302492327888e-04 2.253837478024185465e-04 2.393723173965710597e-04
9.964737505650830655e-04 8.562672576374548471e-04 6.204561235761084630e-04 4.594256089961044269e-04 3.721562635615236316e-04 3.386208266278141390e-04 2.318899830101579622e-04 1.716157143080293546e-04 1.073397463785574801e-04 6.753740466854123061e-05 6.891858414860903444e-05 2.124259917622348974e-05 -2.830963209775179917e-06 -4.848073791649816608e-05 -5.035411291944659934e-05 -1.122861236436932135e-04 -1.451042966005627801e-04 -1.886314613236628678e-04 -1.788163937724217777e-04 -1.750184883669770773e-04
9.962906644732582532e-04 9.058913015367079605e-04 6.618131736992395901e-04 5.116881665734585288e-04 4.304601312385356320e-04 3.908216282273377904e-04 2.757240011150078576e-04 2.229469668019658940e-04 1.309057337648767750e-04 1.444656701920752370e-04 1.474273290139872480e-04 7.677327726585573349e-05 9.045075610376419677e-05 8.794740133114284191e-05 9.750259346289417278e-05 7.440367440337704156e-05 4.210682556835152141e-05 -1.816821748300603677e-05 -1.311508104316619003e-04 -2.835801210120425823e-04
1.033189695703871794e-03 8.045986286829584586e-04 6.068375988438563838e-04 5.305371464542700229e-04 4.181810792056141809e-04 3.268699080552075011e-04 2.624292354846523984e-04 2.724980162608851950e-04 2.035662013791919632e-04 1.467356625963058903e-04 9.352933938651565452e-05 6.200075252223356229e-05 3.805991196662529330e-05 3.078316916715177640e-06 -3.448419927537385506e-05 -4.724605570025656933e-05 3.149584456518992579e-06 -7.423694166516675675e-06 -1.035788064053932328e-05 -2.174538846358234232e-05
9.801674269820756687e-04 8.747308691972278602e-04 6.940520360210791469e-04 5.804107014104302334e-04 4.150125524150426680e-04 3.142693149047894692e-04 2.730554317225817500e-04 2.578325691520369630e-04 1.426865785970133683e-04 9.633595532831048277e-05 5.208341507094816183e-05 2.868617305059765137e-05 2.354054433276861596e-05 5.214397180452499546e-07 2.073545803418516390e-06 -4.002137514437898949e-05 -8.369266742068447206e-05 -7.673991052437846778e-05 1.666090778903878077e-05 1.161312671871203865e-04
9.555528721259242417e-04 7.736772956663330635e-04 6.852621130203165887e-04 5.682398409719069182e-04 4.442253671519462931e-04 3.206932097900489268e-04 2.693799325626559872e-04 2.249144689144738413e-04 2.038239571104950832e-04 1.991070239699118739e-04 1.439451148808460520e-04 1.201433946279043880e-04 8.330506389179962291e-05 1.030458190180002300e-04 8.225123998822254109e-05 9.892326137727884441e-05 6.170828943497776110e-05 -3.255674966050177096e-05 -1.540742676406694762e-04 -2.364371295059630143e-04
1.046249670195802031e-03 7.682266191160037980e-04 6.922707791605566419e-04 6.082857910181899358e-04 5.115237399128504461e-04 3.728629381634651629e-04 3.050225395511070342e-04 2.311137607269525627e-04 1.964571276337052604e-04 1.334676117462762362e-04 6.621797713888685972e-05 7.708723085822880331e-05 8.534487704656364452e-05 8.358606103002961770e-05 5.829352205438233448e-05 3.715237505855529974e-06 -4.439725997890881849e-05 -4.015525417261540681e-05 -8.810524283563385525e-05 -1.317206190198126148e-04
1.031166834649146049e-03 9.083987542163496787e-04 7.783918584018700067e-04 6.908368699722176485e-04 5.336565208751075599e-04 4.129922668163709646e-04 3.193035676883209414e-04 3.111715032837492089e-04 2.091841716922681585e-04 1.209411522387237903e-04 1.100204951505788032e-04 9.911508971743962938e-05 9.942716732919677195e-05 7.360869521040906086e-05 1.414790245112493316e-04 2.048186578250670725e-04 2.309254869750030628e-04 3.190454815079168775e-04 3.641363751347774470e-04 3.712793305299003999e-04
9.748313658350467228e-04 7.927407623074649847e-04 6.593728797884196085e-04 5.663426257855315275e-04 4.340193725379722653e-04 3.793977155145246503e-04 3.258339595860209226e-04 2.550042833903305977e-04 2.081577908398705252e-04 1.443102434157648452e-04 1.643673352944673822e-04 1.141590307770309643e-04 7.766875792084925280e-05 9.474966426171804257e-05 7.439968188390013750e-05 7.438749951801229879e-05 3.089012073828694313e-06 -5.822432542794554717e-05 -1.427767096827862005e-04 -2.635229275650625481e-04
1.085144395056609947e-03 7.852530371901464412e-04 6.211179483383718301e-04 5.081843665649298436e-04 4.518876931387928275e-04 3.680331457008122870e-04 3.056294200675282579e-04 2.828737422792701678e-04 2.404241345888520674e-04 1.738983005460462421e-04 1.492448223393537669e-04 1.622709054202153682e-04 1.100497248544945181e-04 1.280158585131722958e-04 1.360531375789458418e-04 1.343531588999354249e-04 1.046268274718629049e-04 7.238260254225813899e-05 -1.592672420840091854e-06 -7.929441448551827155e-05
9.003496151067352359e-04 7.283359192463686798e-04 6.235668076829591283e-04 4.755739159541413322e-04 3.836481363135860667e-04 3.184597192728261901e-04 2.635721897723169505e-04 2.161059571889011846e-04 1.644641915702459568e-04 1.081966355828604091e-04 4.669834860228851435e-05 -4.972810295626152830e-06 -2.405748173256814721e-06 3.139789615892797409e-05 7.626423412742601069e-05 1.405254294056771541e-04 1.940024282131710075e-04 1.770121413243680799e-04 1.692104494232241280e-04 1.461593998656529939e-04
1.050016424157279799e-03 8.648126809723286155e-04 6.883740602565836374e-04 6.162827152431874910e-04 5.513282561174707823e-04 4.169919600724191541e-04 3.372558994387058699e-04 2.923530713694495460e-04 2.222869946918353608e-04 1.698340435260700372e-04 1.089012129274917798e-04 8.136833708679053916e-05 1.419169783515283054e-04 1.660729622599526733e-04 1.306416438755511546e-04 1.508025043265456507e-04 1.880209188757055378e-04 2.662833299892677615e-04 3.330140136334442747e-04 3.865358441735125311e-04
1.041297784306293578e-03 8.712533897118154456e-04 7.258447901008315602e-04 5.631292215481116656e-04 4.393480853029234660e-04 3.937305129818117729e-04 3.117298574203252880e-04 3.004962434572497256e-04 2.439700332754488402e-04 2.159665884297518902e-04 1.270889148099737858e-04 1.546546886080038975e-04 1.136518860467773846e-04 1.049509755815697149e-04 9.088099089259091799e-05 6.889229246125022188e-05 -1.091351468172648490e-05 1.620833796334174144e-05 1.352060770388886887e-04 2.249769056565007169e-04
1.013104277489588079e-03 8.301049481957800506e-04 7.305934902545728081e-04 5.952612916189779129e-04 4.526976322624299176e-04 3.669287449484306138e-04 3.220140678098844136e-04 2.715763659352749102e-04 2.743354686343737201e-04 2.039732083950416002e-04 1.512798736818810053e-04 1.274005477956347877e-04 1.069161293711418960e-04 1.234312568467808954e-04 1.413940724326559646e-04 9.761950857781980624e-05 3.660827033309904492e-05 -1.415063269857240402e-05 -5.754220775312596725e-05 -6.074966772631439625e-05
1.056699044030821009e-03 8.711921689107302545e-04 7.760658898199184223e-04 5.879392569580975912e-04 4.852773304440172512e-04 3.386986181850028233e-04 2.506598450672194623e-04 2.098360338413243840e-04 1.813427610305346242e-04 2.230251880327432251e-04 1.909146362140176753e-04 1.638906094791950634e-04 1.603684322694246889e-04 2.110668938836967050e-04 1.634273014184384188e-04 1.314286533613495363e-04 1.195500388355409086e-04 7.731243793570757611e-05 6.889136126011131836e-05 9.318104001992132438e-05
1.096630423262137492e-03 8.531247852296080332e-04 7.049235140491294212e-04 5.923466115498217388e-04 5.019385701082514648e-04 3.761080649943718073e-04 3.067814829846853431e-04 2.868313656824596062e-04 1.686334853986944473e-04 1.499525736352261154e-04 2.018670118514571228e-04 1.828423643212666587e-04 1.681016078635177492e-04 1.967418520593562366e-04 2.584968281757720875e-04 2.795553975476221709e-04 3.774252993594129899e-04 4.962137025915475640e-04 6.208653983918158061e-04 7.773973004763831251e-04
1.258668208878455444e-03 1.056824992698506558e-03 8.401188866202980625e-04 7.824320557156982285e-04 6.574801797835366909e-04 5.122082977038804269e-04 4.469094600999230045e-04 3.581569610135624474e-04 2.839773280118905257e-04 2.399528619756041302e-04 2.114034184226763714e-04 1.781799590154578019e-04 1.612766438133079691e-04 1.413808317596040680e-04 1.440926225481617190e-04 1.682024066114218058e-04 1.867543760232585860e-04 1.874586837412417321e-04 1.498264118504081188e-04 1.505924124104742444e-04
9.627479861853555088e-04 8.517740129559925278e-04 7.164042323046339918e-04 5.866747362964460418e-04 5.039000816013198278e-04 4.322317808472630855e-04 3.339554794259194117e-04 2.905970435137739333e-04 2.210021771238595341e-04 2.209542395899129718e-04 1.934155192592853405e-04 1.349494155361678240e-04 1.065153695530530954e-04 1.385793287377223761e-04 1.290201833341711761e-04 1.172652357606768735e-04 1.414212085020329405e-04 2.069264977797471267e-04 2.627124826028962999e-04 2.960519500958284835e-04
1.034200079753804782e-03 8.469655189918208526e-04 6.938006134025360722e-04 5.606766107182699788e-04 4.540969840014336904e-04 4.510048826217796119e-04 3.508451480592004448e-04 2.914862608861369469e-04 2.196593494015032326e-04 2.015295144623152385e-04 1.506194220897400340e-04 1.300404883444364714e-04 1.078569383982573663e-04 7.483599014578534681e-05 9.199899395210446931e-05 7.757631290754303359e-05 3.826843648030193464e-05 -9.737901055975508035e-06 -3.025173811349170099e-06 -1.432516994100054950e-05
8.533624245129130823e-04 7.476138342259258055e-04 6.411241450403349631e-04 4.312496764400279917e-04 3.397259974932151198e-04 3.272396069929755786e-04 1.981982463100388954e-04 1.662992845988144465e-04 1.347562765557325064e-04 1.303174226269612247e-04 1.409880043375462855e-04 1.302835241180327463e-04 1.536919892673818146e-04 1.675089709281698906e-04 1.232045689615413140e-04 1.600803745245630406e-05 -2.741200221067354668e-05 -2.631817714704916017e-05 -3.858192688892734097e-05 -7.903256817188818455e-05
9.750836143480086241e-04 7.814239044389118417e-04 6.713119352074557039e-04 5.424552441872322389e-04 4.490097488341348339e-04 3.966150074495944995e-04 2.654721703470537867e-04 2.466895706263575491e-04 1.982480681718970180e-04 1.885812859767712105e-04 1.437025408256298591e-04 1.319154640830989898e-04 1.762912704655046170e-04 1.017374310159456231e-04 3.956357037903428063e-05 -5.259865364730713177e-05 -1.136718628498965432e-04 -1.336951426653374699e-04 -2.065884316436159863e-04 -2.940129635703481485e-04
1.003748308722420945e-03 8.192365286647346981e-04 6.856285855940299481e-04 5.939177345098627754e-04 4.738915032379060381e-04 3.256158887577420081e-04 2.801230549801932103e-04 1.994951990617058126e-04 1.385654354328700710e-04 1.105647173746006888e-04 7.828663647934352955e-05 1.402661867696567015e-05 1.036152192920544620e-05 -3.787096304997868021e-05 -4.664480263085412325e-05 -4.498584304657679317e-05 -1.157051228327602029e-04 -1.761315790206592711e-04 -2.880328639008322960e-04 -3.647619857834965120e-04
9.467537442506251521e-04 8.330324250853023962e-04 6.752524464241315945e-04 5.838011585646393949e-04 4.743936386032071898e-04 3.979929602215775508e-04 3.034357214953348962e-04 2.330934455969896986e-04 1.577153020471538122e-04 1.741740090388636006e-04 1.325366825959902492e-04 1.285883868154384679e-04 1.004711447428918063e-04 5.481467959536387804e-05 2.266780236377874541e-05 7.401440246264074198e-05 8.025996797579086303e-05 1.348975726346792099e-04 1.454463254675079009e-04 1.593872865443950204e-04
9.774874543476144099e-04 7.941718267444909923e-04 6.256541165880724316e-04 4.999139669957660629e-04 4.401658712943730335e-04 3.718250296204800038e-04 2.728622444327734103e-04 2.148881708773101246e-04 1.905380008044606894e-04 1.708889226485439455e-04 1.575766096283347218e-04 1.105298028032466350e-04 1.192557389476126765e-04 1.015095002124323406e-04 7.418226399803912999e-05 6.041622167559787326e-05 -1.173080268959321052e-05 -7.410287671600256033e-05 -1.195203790396905317e-05 7.030993366728941786e-05
9.346726165133095862e-04 8.140625268511737442e-04 6.792096306763601571e-04 5.727751030593834867e-04 4.228883518092415770e-04 3.167237522303154008e-04 2.201947490632836493e-04 1.936606717571222715e-04 1.717218510619005097e-04 1.471063782020556757e-04 1.205752324317674128e-04 9.353276658087905453e-05 1.028754801320191784e-04 1.043653700096568328e-04 1.398392117455266850e-04 1.388122318610387357e-04 1.236942722346975789e-04 1.176494258349732790e-04 9.589519503429476074e-05 6.394318010998685541e-05
1.081889678509135753e-03 8.274459093482241113e-04 6.900378262280348896e-04 5.683065951343658096e-04 4.694124913129965235e-04 3.565577289739166799e-04 2.274823392853942826e-04 1.789304652899154796e-04 1.787440362787047260e-04 2.026534536032480204e-04 1.563464343036792526e-04 1.416751773753870710e-04 1.019017956487156397e-04 9.983857777511943019e-05 1.400580750950253923e-04 1.417957668660225405e-04 5.205471669247160491e-05 -5.880294183139656104e-05 -1.450292333799517810e-04 -2.349357442467150915e-04
1.166373497884526204e-03 9.511718726112100737e-04 7.656794928202487064e-04 5.835835438466385533e-04 4.874406428715133562e-04 3.864069459346063063e-04 3.055689716318392077e-04 2.342123980096700350e-04 1.496147469036112601e-04 5.698505148011780055e-05 6.394627451028033881e-05 3.768168962545967075e-05 2.610907834559994935e-05 3.346745147114865682e-05 9.494217259169649553e-05 1.176513946442651995e-04 1.823012880882896080e-04 1.731779694978362587e-04 2.289746923818263046e-04 3.064423743219084079e-04
1.130127992772858581e-03 9.640935767332144222e-04 7.432599618151197567e-04 5.554712529708641811e-04 4.228269317391440706e-04 3.126031649963228673e-04 2.558269058941747376e-04 2.423943379690282488e-04 1.573886792825961059e-04 1.456462127407632460e-04 1.100729059161259006e-04 7.138408541052466071e-05 8.910174923815574258e-05 7.822529253421908833e-05 7.297714499214825470e-05 4.012571258056473773e-05 -1.615889769624104239e-05 -4.430356993576297123e-05 -1.208935322020514710e-05 2.287568902210359423e-05
9.767883892984200248e-04 8.229007785120623234e-04 6.897981274418367448e-04 5.835443265360705034e-04 4.356447676891706477e-04 3.914518655176544171e-04 3.218799844828746292e-04 2.631336985713914100e-04 2.019193818841039860e-04 1.686425799700043838e-04 1.683050254753363270e-04 1.527766389741248886e-04 1.224244540846088818e-04 1.063152762690482210e-04 7.191733691726419808e-05 5.363451616239495233e-05 3.114902200202489962e-05 -5.641011839214407048e-06 -1.880805306894383185e-05 -3.856795315478924580e-05
1.143315665863975936e-03 8.912698618982825430e-04 7.025196071686772882e-04 5.744614694633704824e-04 4.367714863708041149e-04 3.518112925235165824e-04 2.705855333421941381e-04 2.363245276837689095e-04 2.035580802429542676e-04 1.500845927495945606e-04 1.081975219467239406e-04 1.246958325314793275e-04 1.481669043341513232e-04 2.092109416607023059e-04 1.987257613404650022e-04 1.977920190497181759e-04 2.239018156343678084e-04 2.441948276779400064e-04 2.330002284065567960e-04 1.690660558453921370e-04
8.799937519837071039e-04 8.468048662377594118e-04 6.876543841681428265e-04 5.392551575666293265e-04 4.334640864442023778e-04 3.444199499614699440e-04 2.993221806281844794e-04 2.590941754511314572e-04 2.218234262227613835e-04 1.987842688184469941e-04 1.397869341775534349e-04 1.134948329812121044e-04 9.893600238864814708e-05 6.747142322497202743e-05 6.152770401799569750e-05 7.373852496326528617e-05 2.433718076669987495e-05 -2.645193621295418560e-06 1.906362433252046327e-05 -3.349865795460121946e-05
9.387505285015705463e-04 8.750098128834755355e-04 6.749505134324261394e-04 5.392650155227217065e-04 4.673389755404112867e-04 4.071940527856098046e-04 3.097356169625918565e-04 2.337501106942272387e-04 1.889542771670236197e-04 1.579264722492268848e-04 1.117326878251248800e-04 1.124248064507845355e-04 1.343697193141061771e-04 1.176264142612592090e-04 8.400334997653912468e-05 4.712763145902489168e-05 -4.381537051011757472e-05 -1.078903720808743429e-04 -8.447987574213423455e-05 -4.531290059301235843e-05
9.194922310408776712e-04 8.457623443014801326e-04 7.623168408196803443e-04 6.273721336541252663e-04 5.035656164510591247e-04 4.238208928547102959e-04 3.400513511492791021e-04 3.596202883080514261e-04 3.038426889248112099e-04 2.490275777362413066e-04 1.937611901383905232e-04 1.563266253594899479e-04 1.403387920374678081e-04 1.843070431496575488e-04 1.916555497238637271e-04 2.681564303224671388e-04 2.716278900524958235e-04 2.911279030412038463e-04 2.753181645410605004e-04 2.394854475809790086e-04
9.881151975260652962e-04 9.053741900129550456e-04 7.389353315907183422e-04 5.962727552392310844e-04 4.859037693574944192e-04 3.519351699271843544e-04 2.988250529754988378e-04 2.694084592033475539e-04 2.237507748285284500e-04 1.739530387525750079e-04 1.715369893941800746e-04 1.330498858618435628e-04 4.384983981326335796e-05 4.417811088505009369e-05 2.211952358130007373e-05 -4.998380448381133154e-06 -5.255614360300193602e-05 -1.583173360689796880e-04 -2.961906336407436023e-04 -3.535839899159402681e-04
9.106833435574082387e-04 7.802012390462803896e-04 5.547049384294954009e-04 4.604931130671801546e-04 3.433284670186744956e-04 2.395311044373998031e-04 1.895734302422172422e-04 1.761230898024340242e-04 1.427146562978248180e-04 1.180556839343897341e-04 6.326020141077729863e-05 5.796460228644650139e-05 2.275402488437731360e-05 -2.764724212184550996e-05 -1.753229988879137215e-05 -3.267150870924292208e-06 -4.528972440611725144e-05 -6.604006469375490833e-05 3.686624486081972547e-06 5.704588943857736861e-05
1.066603151429556780e-03 9.942038353935752065e-04 7.518317512075876766e-04 6.410907077397537141e-04 5.003311633636022861e-04 3.895293851489264815e-04 2.951357904860288741e-04 1.753654685014873599e-04 1.370786062721042204e-04 1.242490738329435796e-04 8.690597501515836881e-05 8.927594188148863040e-05 8.187589325724106758e-05 1.911304888549482563e-05 -3.568749618028661498e-05 -8.495353267344277388e-05 -1.209480921255189865e-04 -1.228154981938623530e-04 -9.255876649641580777e-05 -3.719087458704452450e-05
9.935456951295641281e-04 8.249848102459849579e-04 6.805687209664869168e-04 5.214993996238793733e-04 4.538752377912411390e-04 3.918056487986997763e-04 3.267535152116119194e-04 2.565966241139452518e-04 1.639314109803785265e-04 1.309389638641113675e-04 9.365304072944403415e-05 8.445353017673861080e-05 6.799535644936465558e-05 4.291323424569020800e-05 6.220224484233555923e-05 4.521402095853307708e-05 -1.521339368543815931e-06 -1.365754468520836660e-06 -8.258138580624266702e-05 -1.858618519129591506e-04
1.002212445024267592e-03 8.939172478063462301e-04 7.378095937327543369e-04 5.772146824115496249e-04 4.435876733185256703e-04 3.757199790197838607e-04 3.164765561782030448e-04 2.727088590900961316e-04 2.566348815971445665e-04 2.253491416039317462e-04 2.327501149534074354e-04 1.857326781180434919e-04 1.560390665363634022e-04 1.338871472466167693e-04 8.126834227024928793e-05 5.130876297772471862e-05 5.174104131888122339e-05 2.058159762481626392e-05 -1.152350934190540311e-04 -1.950935744036129686e-04
1.024116157677094734e-03 9.624270358945502101e-04 7.493620182516211878e-04 5.938459179814486316e-04 4.078636399226582740e-04 2.765616880934933003e-04 2.603034235914125747e-04 1.701375095587452971e-04 9.081367916533781941e-05 6.593939310098769467e-05 9.602015992899351590e-05 1.634533880208346827e-04 1.506203646549179875e-04 1.780000813300897068e-04 1.473602658584290744e-04 1.065528939060986436e-04 3.746671532381646663e-05 -9.630703751395739256e-05 -1.854496631097426996e-04 -1.941414342408804736e-04
1.012099486432867755e-03 8.104501903819751529e-04 7.465764320737387555e-04 5.467333597072203746e-04 4.597780593929335388e-04 3.252397642174534873e-04 2.972855780144975906e-04 2.626077911846443178e-04 2.160800500060676508e-04 1.816499714607844101e-04 1.603617363467538671e-04 1.476882577077709619e-04 1.026539771149740640e-04 8.069713007978802249e-05 1.901299048905462306e-05 3.933016683793976256e-05 6.640717635346033462e-05 6.839399350588993675e-05 9.370129516729726381e-05 1.339171575051632617e-04
9.637724906722732127e-04 8.377908130565634142e-04 7.314689903384542389e-04 5.801992742759565398e-04 4.352127922408331913e-04 3.441581490310215803e-04 3.207587198058701084e-04 2.769780087435049875e-04 2.449852251064513014e-04 2.142128893901079222e-04 1.782778205174978460e-04 1.957366835890732976e-04 1.862693095215472831e-04 1.610278256055515367e-04 1.181992692032737249e-04 1.193406828235483741e-04 6.152970121124333989e-05 2.155502425501361254e-05 3.851595596285446260e-05 3.926474922527192687e-05
1.035319483508366847e-03 8.825046221898104077e-04 7.290148508877709920e-04 6.538504539394274792e-04 6.007940170543969380e-04 5.612599252855718368e-04 4.307705726112743931e-04 3.356770263086364674e-04 2.850598998499538237e-04 1.749786507977935893e-04 1.284325424860072260e-04 1.694507454964194510e-04 1.474467442450221077e-04 1.068837087845706673e-04 1.310123459779011798e-04 1.175401222275433293e-04 8.625760298228909724e-05 9.582894447438089730e-05 1.025558133561871939e-04 8.992749846114778632e-05
1.129841152866838463e-03 9.703822469961949750e-04 7.791114959098875649e-04 6.386091350997758192e-04 5.207577104526897897e-04 4.486284900117381235e-04 3.762075806880844616e-04 3.146543113833998452e-04 2.596805189884590138e-04 1.973827554319765646e-04 1.866546725827770081e-04 1.515616415123805514e-04 8.777618260817174225e-05 5.182349690356263035e-05 -1.852374074073640046e-05 -1.768531787708902851e-05 -6.869855889185074626e-06 -1.409572687252920888e-05 -2.741723510272457603e-05 -7.392686531918198877e-06
9.943695741164168891e-04 8.657555059523925657e-04 6.871449369652055019e-04 6.017927306359042907e-04 5.142904616484544195e-04 4.825033124722416696e-04 4.284330244065601427e-04 3.832903988538062631e-04 3.122714181147878340e-04 2.373874614178981483e-04 1.834984232982815827e-04 1.658814145012221569e-04 9.635888579191160966e-05 8.089937796581274040e-05 4.120441646767400727e-05 5.377078061433698656e-05 2.888223203072868184e-05 1.828857157960645869e-05 -1.853190849814936292e-05 -3.320008897891409469e-05
9.108715587893009098e-04 8.757604807555918617e-04 7.126045060373815227e-04 5.796184951293980453e-04 4.340575402925283361e-04 2.722215730165685019e-04 2.244326831997493462e-04 1.905015112119280794e-04 1.695861316562724444e-04 1.729819164425674797e-04 1.101963798466026173e-04 6.566576317043737042e-05 1.614956900347543095e-05 -2.665243783888715035e-05 -4.066763445022254466e-05 -6.812195254164704408e-06 -4.410979616045500106e-05 -6.407711559449090532e-05 -9.271866151067291516e-05 -2.272665981697256140e-04
9.499375015430794019e-04 8.991522959194848388e-04 8.055957221835647816e-04 6.396068821991224848e-04 4.907381941732613488e-04 4.560359120187261993e-04 4.075269538003060575e-04 3.368979778832074164e-04 2.188696398630114064e-04 1.454808506954964912e-04 1.044499753591760909e-04 1.020527152640250966e-04 9.412634700601948598e-05 8.643588058337402247e-06 -6.065643737945591906e-05 -1.892954521326885777e-05 4.770591241278259386e-05 5.958167445592817038e-05 7.498624091588464364e-05 1.275451921538196158e-04
1.005389066022065615e-03 8.926296770040770745e-04 6.573322058774643288e-04 5.585534958547868538e-04 4.279102137620323680e-04 3.458744191541005637e-04 2.880294593175143376e-04 2.735297605601223173e-04 2.209412863720898305e-04 2.013620935734524407e-04 1.527997863330479223e-04 1.245949842246826908e-04 7.608268976434696561e-05 4.308880760888528954e-05 -2.955745375261172917e-05 -5.212624887817274516e-05 -3.348432694118157248e-05 -2.520290566615577078e-06 6.490295006966737066e-05 7.360443972941901024e-05
9.437280043202499018e-04 7.281742216740439734e-04 6.517498208081489580e-04 4.932991273568221313e-04 3.981240282326825477e-04 3.237553116879503582e-04 2.261044080615427288e-04 1.578987613807358414e-04 1.705990103027679814e-04 1.810566922154197998e-04 1.625892709825879699e-04 1.142955391741369130e-04 1.267331565280847318e-04 1.071965089670698465e-04 8.803051448965032791e-05 1.247635126682501217e-04 1.176982001606531993e-04 7.464996755889338048e-05 7.781338209465217797e-05 8.733062847148177115e-05
1.070521724041742203e-03 8.446393982801034522e-04 7.172773356858537855e-04 4.907354252996298880e-04 4.161978711760011703e-04 3.433533015735680018e-04 2.928673686252821406e-04 2.314158975229263200e-04 1.799687285736527385e-04 1.706934555005516112e-04 1.495874161663683915e-04 1.092853213334021422e-04 1.175671185808585734e-04 1.503215304522632770e-04 1.194711586090525498e-04 7.762995893250573300e-05 7.572784803432488013e-05 7.051730533032615636e-05 7.357704527957673632e-05 1.286975022320395034e-04
9.017449060390010998e-04 7.805180445769007748e-04 6.538203576905377229e-04 5.850447056026144817e-04 4.969252092115459315e-04 3.281700339661695279e-04 2.967123666980620803e-04 2.601153885304731471e-04 2.087975976717825215e-04 1.857276289244853319e-04 2.009725459429218648e-04 2.105161932842688815e-04 2.098302283204135350e-04 2.332655313806652423e-04 2.691958171691006293e-04 2.829823336668443531e-04 3.075648577735830367e-04 3.112987020582022092e-04 3.196067050336042002e-04 4.380746459086363033e-04
1.121534128536830037e-03 9.465837578523135379e-04 8.021128259138767935e-04 6.138579375245719607e-04 5.397578458507972573e-04 4.469267102134826387e-04 3.390103154345118388e-04 2.753954379461806242e-04 2.512476633601169610e-04 2.319075473259110481e-04 1.982012719322885717e-04 1.447840306903976396e-04 1.253414606424892456e-04 1.184231559658137785e-04 1.254823504612549083e-04 1.799592091705791484e-04 2.050412492761441777e-04 2.272998918964093547e-04 2.185164480027653984e-04 2.215449239279934440e-04
9.603050043838046819e-04 8.704237005495162353e-04 7.289891816115588903e-04 5.899177723088873306e-04 5.402531279295838974e-04 4.098915603982676765e-04 3.248567978385945559e-04 2.479686861317721615e-04 2.168745423320898652e-04 1.606419230490556968e-04 1.476934808059045950e-04 1.395388864854314260e-04 1.556316913334842081e-04 1.393991464008808505e-04 1.063980947948427045e-04 1.329448764610984880e-04 1.393459726250980031e-04 1.335849151020033294e-04 1.691157929742825199e-04 2.029466408629315884e-04
1.230182452933934519e-03 1.000865493195584720e-03 8.143609317521644398e-04 7.261638506826990263e-04 5.738763296138760890e-04 4.325218812069579906e-04 2.903170735415553923e-04 2.236901851286119249e-04 1.909423904282537621e-04 1.579823901846362890e-04 9.174732022385160028e-05 4.012631957971595696e-05 3.193576085656323071e-05 4.572349696426014480e-05 8.618234467166079984e-06 -3.052180472324723454e-05 -4.919251654215649997e-05 -9.087966996019042852e-05 -1.155510140500832188e-04 -1.843420857677206619e-04
9.881151214839679810e-04 8.011830556425606712e-04 6.762806361877356535e-04 6.733371426153552698e-04 4.961721151530379490e-04 4.060374678803996143e-04 3.634139407498196092e-04 2.878405391267834543e-04 2.238972972468803227e-04 2.176334637100656882e-04 1.627983150551098716e-04 1.756025796618942124e-04 1.984196197587380622e-04 1.236923947409765672e-04 1.168010444796439216e-04 1.548240941865160561e-04 1.582015540077354784e-04 2.537995101358416915e-04 4.000687083905784072e-04 4.692193835593427560e-04
1.161771320240831927e-03 9.695013658608830388e-04 6.763043295934724908e-04 5.218691357957489950e-04 4.549228934926798735e-04 3.712969851618864938e-04 2.865003490044447268e-04 1.882003054060906019e-04 1.413012579561451405e-04 1.218920358963213610e-04 1.375581882325482277e-04 7.715101839727465060e-05 9.210333496869147895e-05 4.985619379935462105e-05 -8.065528868294295043e-06 -4.549804790528169440e-05 -2.759131342798252953e-05 -1.854810424099244780e-05 -1.042938285650232589e-04 -1.734475328838876184e-04
1.058751057858635988e-03 8.819540883001155979e-04 7.623194350888070139e-04 6.067859046966914615e-04 5.014647672881458566e-04 4.200367749387987201e-04 3.320516166396483425e-04 2.825368123761251441e-04 1.882707191695074051e-04 1.527991295623732932e-04 1.845278253645307124e-04 1.629036741892090940e-04 1.074871148289641636e-04 8.239947116326581413e-05 6.157522207857135871e-05 1.859730258052101447e-05 9.270420244238529941e-06 -6.275427465937967442e-05 -6.312272372126142357e-05 -7.355002968536833875e-05
9.128851690121599517e-04 8.340424362305641579e-04 7.186664535194038552e-04 5.643661112443678404e-04 4.733917209613920218e-04 3.326390489849964768e-04 2.356817307615391259e-04 2.063730330539964542e-04 1.659889278378704966e-04 1.863611579184259082e-04 1.792854839239199269e-04 2.131481164459759895e-04 2.033287349893907084e-04 1.401334359798839170e-04 4.631789475634031245e-05 4.226030495197695842e-06 -2.213902775928373542e-05 1.230767046396571076e-05 3.180210223193475521e-05 8.209045869363982867e-05
1.053918494060218126e-03 8.356804693593193091e-04 6.654744309799316389e-04 5.372317212374234019e-04 5.243470013336682962e-04 3.924824130225817260e-04 3.071119394031042362e-04 2.082766609533165966e-04 9.795067331636867945e-05 4.859869763443214766e-05 7.560535725165685159e-05 9.190430395769642131e-05 7.923910372794537311e-05 4.176416509910614805e-05 8.567254308661300950e-05 9.132572231387208264e-05 8.320634568955658612e-05 6.475965718016047745e-05 4.315012140022094275e-05 -2.887524718114713306e-05
9.307798544373618605e-04 8.051519093145599994e-04 6.257431150270412797e-04 5.532476705707620960e-04 4.302139964162226800e-04 4.307412663464803542e-04 2.974673819202361489e-04 2.249133627475872370e-04 1.664365042203715410e-04 1.537251894409662602e-04 7.002282404235189348e-05 5.299858876710006577e-05 1.273245608162361688e-05 -1.187933924893015906e-05 3.666208261828218595e-05 8.701131630977753523e-05 8.555409426228259161e-05 1.357719108502859545e-04 1.555639291392320800e-04 1.796759072216399784e-04
9.668808215308747267e-04 8.024012000086368267e-04 6.665653975736608814e-04 5.364755022696515588e-04 4.585147652539484607e-04 3.225125606347064699e-04 2.628488547016228326e-04 2.182252738516138899e-04 1.502181175811401952e-04 1.651514269475235234e-04 1.078110487032943559e-04 1.196849598887488096e-04 8.714131832531232878e-05 9.817493029775972431e-05 8.847127771015585672e-05 9.550016639677894135e-05 1.469932765531670790e-04 2.044797010305611615e-04 2.351904179417679754e-04 2.688283813322696705e-04
7.688358870149722630e-04 6.802271723241350414e-04 5.724487002560566234e-04 4.310188279080101321e-04 3.816482204865423835e-04 2.848365815544112983e-04 2.358249398965623104e-04 1.751490796913286361e-04 1.041260291387549250e-04 3.667820722335205424e-05 3.188327936760337075e-05 4.692453736853824397e-05 6.083917271893924658e-05 3.392253452910005095e-05 6.914451981946256735e-05 5.379646184019649588e-05 3.479098346842517077e-05 2.328097093985958014e-05 4.433467073096385868e-06 5.217425988374350498e-05
1.002213585813710971e-03 8.285601581930007948e-04 6.409040663235209771e-04 5.886095025109555103e-04 5.156940226086378616e-04 4.275372327895010237e-04 2.965006694549250318e-04 3.095150052401599841e-04 2.744415356123225034e-04 2.319382186952370238e-04 1.373570283590414400e-04 8.449935617930843753e-05 4.777998279268199131e-05 3.374595356070336961e-05 5.877004813660351677e-05 1.155229395170763972e-04 1.814940113687109661e-04 2.996023314598663854e-04 3.964757706764071598e-04 4.665551853451712391e-04
1.018530669648030950e-03 9.475675476119842580e-04 7.692469367189507922e-04 6.668297164350564304e-04 5.210916909209360260e-04 4.006001454411085177e-04 3.722102729536338594e-04 3.197549896196614475e-04 2.465126695173475418e-04 2.202124978941569862e-04 2.124900104628967099e-04 1.920526366968637534e-04 1.300100982428015997e-04 1.378206594875454707e-04 1.011766795439846358e-04 1.068813670711609652e-04 9.822319345212687412e-05 7.079755727313491193e-05 1.218462059118822431e-04 2.179162058975503847e-04
1.063916015162072589e-03 7.856045657620893807e-04 6.628684804879728110e-04 4.674007648473900976e-04 3.601397604080863670e-04 2.997915140802820768e-04 2.084573679046445476e-04 1.554100666946977292e-04 1.465625002114112293e-04 1.387690268432795920e-04 5.980240686206889165e-05 8.424686408246129634e-05 5.919167170312006928e-05 -2.410655861843365817e-05 -4.353274093161644463e-05 -1.073855924101840213e-04 -5.957068351589000631e-05 -4.308225862992584403e-05 -3.385274386625251744e-05 -1.192457858484011511e-04
8.128845946615230857e-04 7.466466403104465984e-04 6.178263025070145856e-04 4.292917474172780186e-04 3.987166713785419763e-04 2.915705521620829853e-04 2.434312783662274558e-04 1.857558854094031162e-04 1.612832980737843446e-04 1.479307097010338636e-04 1.432284561984103382e-04 1.464512755945562882e-04 8.819136730796837964e-05 2.910784339987094278e-05 -1.382733825879993222e-05 -4.539427819786395545e-05 -7.954068896809664518e-05 -1.166363957628339487e-04 -1.513276031285087616e-04 -2.555626781077953154e-04
1.016697339760606368e-03 8.380859599511985246e-04 7.881257347299239083e-04 6.997257222388162789e-04 5.782829681708251445e-04 4.458011035328664261e-04 3.526250000666356814e-04 2.881848458099005566e-04 2.707602989730714411e-04 2.141542890210637649e-04 1.751329217834683650e-04 1.561989788685363555e-04 1.241289981771462054e-04 9.525672217062662768e-05 7.643125991988570120e-06 1.175512605870376006e-06 4.958507903508870901e-05 7.070890826556525783e-05 1.656406256808229274e-05 3.673585433162781459e-05
1.232427669355442732e-03 1.091469776632333390e-03 8.677224697052633154e-04 7.531194255532445633e-04 6.281299676088762185e-04 4.421761393355174243e-04 3.456266299200456233e-04 3.224229580263994195e-04 2.895286322663027869e-04 2.228929626225556481e-04 2.365068233060427683e-04 2.203453093839007060e-04 1.418784856590136687e-04 1.099802971613842454e-04 4.847777330781616887e-05 3.934191048466059476e-05 9.763325281286132189e-05 1.349494764303737343e-04 2.648113499001553952e-04 1.694523543172292597e-04
1.033279096119085359e-03 8.465783314944768994e-04 6.338765916248609864e-04 5.328100395610397633e-04 4.535539214679069008e-04 3.601573214902472936e-04 2.444363768224943798e-04 2.338965327510603468e-04 2.543292106078073682e-04 2.481697892154399775e-04 1.879482278817786161e-04 1.755120195709910776e-04 1.707779427610370921e-04 7.959563333280324736e-05 1.165875889368760062e-04 1.309464902164087560e-04 9.708813205898885563e-05 8.366500644951201557e-06 -5.420955139101029286e-05 -1.596275769268223638e-04
1.241727314808019475e-03 9.906146869292481970e-04 7.502899099347550525e-04 6.700370889163642435e-04 5.161123212139479043e-04 4.076003643561963512e-04 2.756656074657445605e-04 2.251652296132346655e-04 2.356648996101698987e-04 2.368347267413193616e-04 2.000362910715959238e-04 1.940521831930050955e-04 1.757069674848390432e-04 1.393863600054218459e-04 5.768832571029811567e-05 3.688799853472615780e-05 3.244812206632240067e-05 4.951460628540290483e-05 1.137451806356517436e-04 1.726571433433665790e-04
9.379293203317478874e-04 8.236156757790870754e-04 6.286364965649379483e-04 4.920412207126109759e-04 4.159490634076109064e-04 2.836811187996146058e-04 1.941744495149923147e-04 1.714296168183272512e-04 1.591040407610274201e-04 1.339543248921523915e-04 1.214892510734621257e-04 1.066556861076597284e-04 7.335031939404072321e-05 5.457850382595940536e-05 3.807999343926178832e-05 1.278033202744143935e-05 -2.315988990564529434e-05 -8.269402447065906509e-05 -9.923361513390600115e-05 -1.165908296241119558e-04
9.756785468715590019e-04 8.128284243808702120e-04 5.992166282825015086e-04 4.950225504862387511e-04 5.171711121612059675e-04 4.971341584252154250e-04 4.274992111705506852e-04 3.585953052367914814e-04 3.149242102449117129e-04 2.530977879209793629e-04 2.690480824480315052e-04 2.131858011610639626e-04 1.577941031883144205e-04 2.058895164823178040e-04 2.279281573259602466e-04 2.147458531067374522e-04 2.826163206606950107e-04 3.024738960391535085e-04 3.720860554593979127e-04 4.160098546687256106e-04
9.698670420417707973e-04 8.866327070614869873e-04 7.095430483200263448e-04 4.794102234078671766e-04 4.155894183744719022e-04 3.544424596545238675e-04 2.336261129162216091e-04 1.752536028139508532e-04 1.440068227517704840e-04 1.549985854889604779e-04 1.461140733462024067e-04 1.336305511655871622e-04 1.267731893615250233e-04 8.964890498205289838e-05 8.183528858340929012e-05 1.029424071788927940e-04 2.802105769275331675e-05 -3.910460287598467274e-05 -7.946215634570792468e-05 -9.818428569869742733e-05
8.799542965407564261e-04 7.804246137876507446e-04 6.395372943933700597e-04 4.571625900567492275e-04 4.037582030406798020e-04 2.933578437105250052e-04 2.280908823173189175e-04 1.978649742843771218e-04 1.251753062018909303e-04 1.054054039675658987e-04 6.805718481161687251e-05 8.001057750018771377e-05 2.781761649998655038e-05 3.054924606356851624e-05 6.781109588830449543e-06 -1.375987396667077044e-05 -8.294783313440887113e-06 -1.046148882221023191e-05 2.867631401959191628e-05 -1.168404163315963098e-05
8.876198699569804503e-04 7.324166859868540746e-04 6.346577572402366122e-04 5.173623853654086896e-04 4.426186019135366825e-04 4.034315782117487651e-04 3.459256851362220268e-04 2.824800613275538675e-04 2.092346012366102311e-04 1.653085588419729655e-04 1.367036196320967534e-04 1.352070525992165218e-04 1.333148773254225065e-04 6.115728451006861865e-05 7.054881097030728167e-05 4.482846392792894910e-05 6.150492471863614599e-06 -9.504061621524806998e-06 -3.336367794182780352e-05 -1.126699066116851409e-04
9.231661336917024608e-04 8.271518890822354957e-04 6.180404759447145598e-04 5.039752126903368446e-04 3.714230431049169454e-04 2.982141730584581766e-04 2.599739897949863011e-04 2.074549576240800866e-04 1.415916606945322263e-04 1.400658740309706270e-04 5.941126291596528902e-05 7.724404613579747430e-05 1.010050835209397703e-04 7.875137784063852950e-05 7.148515565450074710e-05 4.920711943243443343e-05 1.827984352823695769e-05 1.785662184466594609e-05 -1.533983181133959198e-05 -3.588528184768085443e-05
9.585090607137279574e-04 7.707882975051418397e-04 6.484527180280421797e-04 5.558295008157665505e-04 4.376933327498085135e-04 3.526168902807641893e-04 2.445619478866411047e-04 1.680369739509658450e-04 1.604647998519409741e-04 1.427796502952856611e-04 1.478265462925377539e-04 1.489185198218980367e-04 1.271738187133531449e-04 6.548933383497455255e-05 3.881599916633372973e-05 -9.290536514221298716e-06 -8.521540081072934961e-05 -1.845500806940198390e-04 -2.428684033962159872e-04 -2.771517959236611834e-04
9.616405841754340888e-04 7.776174103464156794e-04 6.272988477075466113e-04 5.087415925933338329e-04 4.230434749118854878e-04 3.223404023108479999e-04 2.454486415505783398e-04 1.725813342125708601e-04 1.360596595212408490e-04 1.232192696885692608e-04 1.241731637539226314e-04 1.225553682709106147e-04 6.317265093012742387e-05 3.441512566255383029e-05 6.888731952257350286e-06 3.585120993777548307e-06 -1.154073378759572860e-05 -4.985468910114649341e-05 -8.545019623721788516e-05 -1.337706086849990391e-04
1.144799603455566280e-03 8.963455935695628565e-04 7.045018435743008629e-04 6.114857238325658705e-04 5.237110063008142006e-04 4.010387859802853503e-04 3.931050160612043257e-04 3.570488323962571747e-04 3.299836705307181367e-04 2.966804525428034275e-04 2.937240490870757486e-04 1.989579059799183238e-04 1.439609629939423709e-04 9.352710975255350897e-05 9.064074771159939543e-05 1.532508130823522722e-04 1.854169914349165196e-04 1.423860143171690477e-04 1.210760733361607974e-04 9.156235225721047683e-05
9.809859042579248053e-04 9.067588467306521944e-04 6.772379602994706062e-04 5.263843961731914413e-04 3.994814692007058821e-04 2.890241128521856342e-04 2.257225481458944834e-04 1.811813295506846323e-04 1.643696302892282374e-04 1.361710825514502756e-04 1.152044479837302748e-04 7.505915344327792780e-05 7.794514591813086330e-05 1.061700279417707589e-04 1.264306617617093895e-04 1.123727965355355560e-04 1.061132131757966276e-04 5.878610206188734585e-05 -2.560860348165666160e-05 -7.781649535411060993e-05
1.131488373965880336e-03 9.896515919183008613e-04 7.469039247938504813e-04 5.878972684456621692e-04 4.407076098160184630e-04 3.838863726564974610e-04 2.925990262185945105e-04 2.619475834905057540e-04 2.255418766902156499e-04 1.850002852480417100e-04 1.462812905353255656e-04 1.073074741193218948e-04 5.654308919000481190e-05 5.984028511371753855e-06 -1.221890272392187323e-05 -1.825263636977905396e-05 -3.775620863149883882e-05 -5.343460042191765995e-05 -2.210181278183745001e-05 -1.657776840614169492e-05
9.607501862458436327e-04 8.127102322036738402e-04 6.959305609952102329e-04 5.150741893394202497e-04 4.385293754663657372e-04 3.597345295643347750e-04 3.124775425501769553e-04 2.799683515418932653e-04 2.104037021843390874e-04 1.200541218104646957e-04 1.120891573020292890e-04 9.044530416194798033e-05 4.193834964199033864e-05 4.369582491106833479e-05 5.436032229164285134e-05 2.758275928956239814e-05 4.776384890012298317e-05 1.046708879118826219e-04 1.259960619662195815e-04 8.761266481420059880e-05
8.558991764998958880e-04 7.347140827435817614e-04 6.156987049727621593e-04 4.776050643038684692e-04 3.799600972156030139e-04 2.965838114247204950e-04 2.382177629508891925e-04 2.174054463559126765e-04 1.655850211270502718e-04 1.446359595680161373e-04 1.226571077641854077e-04 9.967883968573732693e-05 6.124697850162022777e-05 7.331083763352566607e-05 6.632554159516841120e-05 1.753108673776236377e-05 2.508843350398063068e-06 -1.547889170743325802e-05 -7.545915389256591034e-05 -1.507507949136009857e-04
1.091617707151362662e-03 8.542638617947228945e-04 6.735877968504477278e-04 5.858611468301230590e-04 4.593394131546142136e-04 4.250321929654748087e-04 4.076533463470725037e-04 3.107830025662791889e-04 2.693309193734557544e-04 2.414662038008119963e-04 1.443174082968775977e-04 1.434736909791097317e-04 1.247113803901791595e-04 1.067828957098237438e-04 1.616709284893164263e-04 1.259779517833763054e-04 1.376170859874764510e-04 9.432902700360918519e-05 2.083537744781798528e-05 9.386061649660319695e-05
1.078664534589127534e-03 9.827626238751655929e-04 7.922647884667987847e-04 6.820202146969691660e-04 5.215931602069379851e-04 3.417625782471226683e-04 2.703127156153290215e-04 2.078984843175131307e-04 1.304853964985677110e-04 1.026572343428878309e-04 5.553697049718882945e-05 3.357453831293783256e-05 -3.538285305410387147e-05 -1.496115695547606554e-04 -1.344408842697993045e-04 -1.935997120542655133e-04 -1.815121847219707311e-04 -8.056894173064174257e-05 -4.308280403907353281e-05 -2.135612398343091005e-05
1.028018197068902330e-03 8.449467883833670099e-04 7.372350962977032487e-04 6.474498880838465073e-04 4.987969070177665845e-04 3.541267589723828433e-04 2.791572700059290028e-04 1.965796194269830977e-04 1.455749947690211567e-04 1.287659640228538721e-04 1.063822799589365253e-04 9.693643990098163013e-05 7.496180722732930814e-05 7.006041167494599423e-05 4.849101342864998385e-05 4.395494920330348152e-05 4.218797939547064269e-05 3.640401123941845263e-05 1.812381309426922040e-05 -1.392333862978850679e-05
1.008765348782138596e-03 8.879170905485599726e-04 7.209595344978098020e-04 6.353812334232072706e-04 5.090634705951147714e-04 4.138095918661192744e-04 3.704632133078051420e-04 3.455880633341128823e-04 2.955587353361895813e-04 2.211520552480661719e-04 2.098352181344915481e-04 2.055788275482383124e-04 1.794754066972741773e-04 1.422973613071280114e-04 1.428489951915766878e-04 1.161578064809933215e-04 7.160852838981659747e-05 8.003810059989026682e-06 1.019565743188202887e-05 3.094072405110094109e-05
1.036336644499082906e-03 9.711539181043166288e-04 7.303610326883782722e-04 6.471588882463467007e-04 4.785640777806777937e-04 4.369283813993828352e-04 3.356197251948691619e-04 2.418633161205292336e-04 2.199177196251585642e-04 1.939688855001472847e-04 1.707726669011304539e-04 1.440516693837067691e-04 1.247903423853927456e-04 1.261312159796495048e-04 1.201499935062128635e-04 7.852933083271504367e-05 9.313173850276454282e-05 9.605114838652589152e-05 1.073875517928917812e-04 8.903153696597802466e-05
9.856145508927978503e-04 7.934986511422505899e-04 6.622127474644742351e-04 5.108653616945549444e-04 4.233095702490040726e-04 3.271206013891706389e-04 2.613341714448445428e-04 2.038453100863292240e-04 1.634350306942252340e-04 1.337689341789481028e-04 1.123930858672837622e-04 9.202475775021650805e-05 4.677494373822855243e-05 4.521008228707459057e-05 4.031686124018001418e-05 1.371418783105279930e-05 -7.188448671095539937e-07 -5.760319421282075283e-06 -2.506661531816594025e-05 -1.540278765633868114e-04
1.055443249819420452e-03 8.639504026124480941e-04 6.687213970192564970e-04 5.893561142586788799e-04 4.646081761814619781e-04 3.492388866736583571e-04 2.719228358131486889e-04 2.631948017475075913e-04 2.400910625594029186e-04 2.169341249191849750e-04 2.082874209581363841e-04 2.029899834565133195e-04 2.173724035753596190e-04 1.781612377204235367e-04 1.360712285115425930e-04 9.040060753611913857e-05 2.226357311754407421e-05 -5.989007251803747092e-05 -1.052260524046911265e-04 -1.476382979872783378e-04
9.764191430466648627e-04 8.468017341173296421e-04 6.990243323838341277e-04 5.495641566137853071e-04 4.869198393756725288e-04 3.896581060855271107e-04 3.244590219165168106e-04 2.609374209189635691e-04 1.840356958053152568e-04 1.793543857133444606e-04 1.207845875388380443e-04 1.117323997344420329e-04 1.401266906561578814e-04 1.777448905054960821e-04 1.715989847135510895e-04 1.319491559197738301e-04 8.616617857973453811e-05 3.201188015507314149e-05 2.202019742878133716e-05 5.786901069733352640e-05
9.717178225637182910e-04 8.200388333890962700e-04 7.296363108961627418e-04 6.393304863858410196e-04 4.966790095103108121e-04 4.023529042104353939e-04 3.096467939585263209e-04 2.161684887387756680e-04 1.319158896505625287e-04 8.652452761484225160e-05 5.970708810875636412e-05 1.031347705271734707e-04 1.140408634058195225e-04 1.326051931085444767e-04 9.825484185386003150e-05 8.685830310599329475e-05 9.046026845258486665e-05 5.256723873140724880e-05 4.298667238437587024e-05 2.477060840165052971e-05
9.518084789934493474e-04 8.291427765659767227e-04 6.801179037800015150e-04 5.024584727773268424e-04 4.202708803713706251e-04 3.928563384465556872e-04 3.637679701522381960e-04 3.030383345572543988e-04 2.687954252647016041e-04 1.911288177332062257e-04 1.720303262056102579e-04 1.220654906405701417e-04 1.153046022431833075e-04 1.438992152378582023e-04 1.278794084986299012e-04 1.090261106369367012e-04 9.702871927675888809e-05 4.985320619139277506e-05 -3.180072861163903386e-05 -9.688735697218237323e-05
1.091040446631499515e-03 8.649441963794352603e-04 6.741756862041805567e-04 5.707111074578591304e-04 4.760840039229212776e-04 4.092799909360506322e-04 2.951735748141512752e-04 1.995573673884695818e-04 1.500296284918961501e-04 1.295866443977628814e-04 1.144849711485602343e-04 1.326498526028877423e-04 7.100348725644226380e-05 7.992149419299487208e-05 1.521563139821767162e-05 2.283971661231081255e-06 -3.128743119869502987e-05 -1.886664702048303390e-05 1.787006168238520934e-05 5.661995636164599178e-05
1.113559247230523457e-03 9.601384136736836614e-04 7.759467573274183476e-04 6.688720383462419148e-04 6.292340213851488600e-04 4.743453118632910909e-04 3.612004891821526281e-04 3.492358870438836988e-04 2.407771219473354106e-04 2.244566933621159797e-04 1.446515654547140661e-04 1.297035073188573893e-04 1.510197409773985104e-04 1.590086543312131337e-04 1.701830511358753668e-04 2.090930142298779760e-04 2.230239257603919929e-04 1.560358696919007771e-04 6.596732430449032654e-05 3.987078766039173330e-05
9.407720483115687054e-04 8.463059418693211385e-04 6.677870850781045904e-04 5.742376288683006527e-04 4.430700970418697095e-04 3.940969153787192512e-04 2.596548499158700006e-04 1.947231630724631382e-04 1.220086498106116521e-04 1.347527402356062641e-04 9.891258807140171914e-05 9.691360371453849659e-05 1.093981439558312086e-04 1.064783491653955097e-04 8.556406746811153787e-05 6.259253097419969385e-05 1.968395987810172046e-05 -3.142513754030320079e-05 -1.190228268857426301e-04 -2.847992606817390752e-04
9.789904650287246241e-04 8.173210465524699715e-04 7.521033859642714536e-04 6.097766317557603601e-04 5.183492313320540784e-04 4.510261413613018294e-04 4.117145387646670845e-04 3.922522766398414576e-04 3.698185422239232611e-04 2.913223933554980223e-04 2.630648227682802921e-04 2.718467688619709017e-04 2.503078348236999835e-04 2.171357754856150413e-04 2.067331851467396966e-04 1.963538174112713691e-04 1.837523029426573677e-04 1.879776708859966108e-04 1.308990942697838683e-04 8.782133108482224903e-05
1.088211004757924909e-03 9.104615047142915153e-04 7.973991372436662608e-04 5.976256316026599957e-04 5.331319402695392602e-04 4.118217888772455777e-04 2.997813561145563498e-04 1.933659003481314202e-04 1.873460586349469327e-04 1.577334556015497213e-04 1.336333570111745560e-04 1.004515406529427486e-04 1.298733153834963317e-04 1.206510939351527410e-04 1.065416701990105956e-04 9.615471250118821814e-05 8.643744745107968678e-05 3.160066916207072074e-05 -3.573854175530235102e-05 -6.214307046967592978e-05
1.047682347110661478e-03 9.152819559408148899e-04 7.388419899897062703e-04 6.710517998057840845e-04 4.970043995841104834e-04 4.469595407937240663e-04 3.264963934100865843e-04 2.225697648168081821e-04 2.028106708121516942e-04 1.740377033346429550e-04 1.047636905333188933e-04 9.503593784403469166e-05 1.016220115217514861e-04 4.669519900827821937e-05 3.008022685458958386e-05 4.250399963787376385e-06 -2.289081070559448970e-05 -4.502075303852805840e-05 -3.504834670541031954e-05 -3.537233841803127536e-05
9.714325746678068767e-04 7.934061661885109503e-04 6.098746650999915158e-04 5.606337092866938831e-04 4.611451145802622606e-04 3.431102632928200954e-04 2.627710163017403077e-04 1.778065505305977784e-04 1.563738886228821078e-04 1.287071389717733653e-04 9.134688498997107923e-05 7.450732761473340712e-05 5.143791824689364475e-05 3.948418877268053509e-05 1.643426780578999071e-06 -1.486601161988408594e-05 -8.034443231687190537e-05 -1.535261288822768603e-04 -1.667403118280591891e-04 -2.305439086675173063e-04
9.312331323106843878e-04 8.202839639295227830e-04 6.789056219841495612e-04 5.774043940507620756e-04 4.981406165684772614e-04 4.084939472582607700e-04 3.229307470547291398e-04 2.246874234118678487e-04 1.501817079128559029e-04 1.320126154755519351e-04 8.569300709059763451e-05 8.214016360621784370e-05 1.723864089456695633e-05 -1.818433927393521518e-07 -6.670523481497458583e-05 -1.065312836848824837e-04 -1.122762032514051342e-04 -7.925997304949627834e-05 -1.088538445159305989e-04 -9.492608747112666093e-05
1.185029205031661124e-03 9.734447071749045312e-04 7.850063328479867878e-04 6.721569082083060122e-04 5.927402020042537309e-04 5.045039574914909376e-04 4.216229292490475248e-04 3.218659616502434406e-04 2.628337074343131382e-04 2.495090988338449973e-04 2.545422275093840703e-04 1.627954041465072782e-04 1.080601118397409786e-04 5.770189305228612219e-05 3.982424448067584019e-05 8.755806975096679329e-05 1.179182345781230038e-04 1.587817512031242649e-04 2.114501977169780606e-04 2.684815038702242918e-04
1.054484946503384630e-03 9.503556293740740742e-04 8.064976354490377766e-04 6.651547197027109963e-04 5.701991991707357514e-04 4.718183411924698270e-04 3.648216027014996384e-04 2.704778426802096074e-04 2.306404638824002937e-04 1.633375075672788409e-04 1.297343869348725721e-04 1.664829599451671889e-04 1.613589518942854905e-04 1.601512408318788588e-04 1.748169839820239548e-04 1.521231860336036629e-04 1.509111603446093813e-04 1.369150219089360499e-04 9.830251783469302158e-05 -1.813919157966727853e-06
1.027901390498230007e-03 8.965957279139532112e-04 7.443692299523271870e-04 6.214017552295511473e-04 5.635847065461740014e-04 4.198487109169170869e-04 3.375544124170394848e-04 3.087481459243255396e-04 2.853017263380643585e-04 2.344780679891391806e-04 1.925450795545880357e-04 1.617788553351208274e-04 1.689818653507969739e-04 1.649800938539026593e-04 2.008495261420629020e-04 1.603411422565562952e-04 8.846396260111577048e-05 5.201267440557088781e-05 6.850958209799974813e-06 -1.186878208770417799e-05
1.004668588617489830e-03 8.645673879627880937e-04 6.839277180286024767e-04 5.402298134169209853e-04 3.837265917300542568e-04 3.518259952306736975e-04 2.765204510146101959e-04 2.177736382986586829e-04 1.611176530263062976e-04 1.269601557641184182e-04 1.225414499741282889e-04 9.732735122328565580e-05 1.046019135796100576e-04 1.011716265248854227e-04 9.322688678052106252e-05 8.110211614473999497e-05 7.549956999955252527e-05 6.910499051013050786e-05 1.189181776488376185e-04 1.232215039703109499e-04
1.047551065277224028e-03 8.475103987098200377e-04 6.827984663580164175e-04 5.876790490841385774e-04 4.928097722364250654e-04 3.487823037211873695e-04 2.247864406557481228e-04 2.463808502976568113e-04 2.272600899414829614e-04 1.693357785805267145e-04 1.384998489187001097e-04 8.064614810496187477e-05 5.495106670139207291e-05 4.866194562483670193e-05 2.146322651843767846e-05 -5.489439502632624524e-05 -1.747077235738261469e-04 -2.049749181999359446e-04 -2.371934718762570263e-04 -2.550826028637117053e-04
1.040781876290857322e-03 8.537626735309159247e-04 7.165202742874296872e-04 6.158084559143065483e-04 5.183323934661687553e-04 4.516432371863606660e-04 3.675135607891050161e-04 2.995001015732180055e-04 2.344283613320895330e-04 1.786716101249031391e-04 1.366820592255546941e-04 1.217513854704184228e-04 8.248843418676771644e-05 5.216910531018236277e-05 5.601655116792716944e-05 4.176859106553173454e-05 5.178783622707893260e-05 4.990184335527698690e-05 8.373487687779989903e-05 1.104149184328415828e-04
9.765155675678759009e-04 9.849406190670377710e-04 7.650167578683764354e-04 6.555888967337356868e-04 5.146606228069501186e-04 4.069061947450090832e-04 3.609867333241028741e-04 2.365465852273448781e-04 1.563865448260159843e-04 1.524228251063688749e-04 1.518795265510399666e-04 1.391873364273336444e-04 1.686585846606092028e-04 1.530557951231518131e-04 9.918691020637142373e-05 6.960055430259812247e-05 1.030056523691061441e-05 -5.016213561958544556e-05 -8.202237142279060359e-05 -7.338985289499475354e-05
1.205215664100366211e-03 1.074160319856803155e-03 8.963913468779800787e-04 7.431557574080412424e-04 5.933653701035544606e-04 4.659774774720190768e-04 3.818164667701218402e-04 2.724899908736897933e-04 2.566086345014187116e-04 2.211533706821125023e-04 2.075366306748804835e-04 1.680991830187616087e-04 1.298556018309476900e-04 1.033603898952548079e-04 1.064602254584938820e-04 1.059849641527663128e-04 1.157586579184051386e-04 1.429956233939079014e-04 1.883669135626868493e-04 2.188947787719810068e-04
8.984510100378261281e-04 7.448142905038261825e-04 6.709963870595775154e-04 4.540399670794984530e-04 3.572883103855757875e-04 3.259278573708248336e-04 2.823283986860446659e-04 2.118167989288959193e-04 1.864053038105121770e-04 1.177183281296680361e-04 8.648241551070478508e-05 5.968251807345971752e-05 3.742589113701802039e-05 -7.260210390188946116e-06 -2.773119522386101223e-05 -4.641380759291131153e-05 -9.021352243455717506e-05 -1.060277350197974880e-04 -1.021042239717523419e-04 -1.285841569367562344e-04
9.718591796009544903e-04 8.040032206992834673e-04 6.979485253518496893e-04 5.776425545351861722e-04 4.516289388084632943e-04 3.769184640333433922e-04 2.947696118963946742e-04 2.295773692396095784e-04 1.749085824792944387e-04 1.550080530326642422e-04 1.202348860119116937e-04 1.069903972719408119e-04 1.232015544267897448e-04 6.203559675812194709e-05 3.821575910493822279e-05 3.384946081044232230e-05 5.409872430571008431e-05 8.220382290077537927e-05 9.274494377527375724e-05 5.853165416287343264e-05
9.296610026102135067e-04 7.728272428068640437e-04 6.215901549298954000e-04 5.073403012257724116e-04 4.154348549323953386e-04 3.157771489066268792e-04 2.625377319317428863e-04 1.989483466814420513e-04 1.590486788562778990e-04 1.374642451797479883e-04 9.789174342762804021e-05 6.241825535003245752e-05 4.331610648487202339e-05 5.592810472973736463e-05 2.373738438470440450e-05 -2.573261340517414250e-06 -2.578853745744643836e-06 1.454501837264542451e-05 1.178683000434007055e-05 1.802250021243331765e-05
1.018147373284928421e-03 8.722270502182456276e-04 7.471205702561573882e-04 6.432392962315986980e-04 4.333813680103740630e-04 2.887658311597449427e-04 2.558058511258332317e-04 2.827950520394109397e-04 2.460278600957416521e-04 1.400559182315765897e-04 1.078684013066260233e-04 1.578959255485274597e-04 1.461054717048290035e-04 1.467911749006465215e-04 9.311306267949138614e-05 9.739380750276684974e-05 1.264700110811594821e-04 1.383935171919948800e-04 1.361538042560626695e-05 -9.185275350868829340e-05
1.054513731027409808e-03 9.016540232586279851e-04 7.141599305013600092e-04 5.343259895760375322e-04 4.534065854197586246e-04 4.023402755874524897e-04 3.102374788431136975e-04 2.875607212881087400e-04 1.813337875695033132e-04 1.572383935185678306e-04 1.842623097693514241e-04 1.618531961575183937e-04 1.610071601003151788e-04 1.423835797326249923e-04 1.297848727208799951e-04 1.218465557584491067e-04 1.841226346398255518e-04 2.197598664887050678e-04 1.737240233113197449e-04 1.422440966087197241e-04
9.006537807584844057e-04 7.027598750017430024e-04 5.585926748290467089e-04 4.049386624583078595e-04 3.092381566215102857e-04 1.984326874845946298e-04 2.205441964025306131e-04 2.037817870700873470e-04 1.479737831539998220e-04 1.062124519560824957e-04 9.781914503614942452e-05 6.152842683786256513e-05 1.953938032559969525e-05 2.482120681154824872e-05 3.171815760100897143e-06 3.826374408257544424e-05 9.453982972156125717e-05 3.448138670336909847e-05 -1.256465458805078997e-05 -5.643220187010522445e-05
9.092671998022688667e-04 6.864456659086107422e-04 5.610556627040194557e-04 4.190613575265612857e-04 3.752877872680881501e-04 3.429666847765681275e-04 2.678421368209402804e-04 2.135288329041981051e-04 1.669976002646668574e-04 1.717134770512251159e-04 1.352602664197857037e-04 6.725928619508947880e-05 -7.395787432198562021e-06 4.071615300148740816e-06 1.763560381453044574e-05 -2.059375447405391185e-05 -8.090611064383379048e-05 -8.788021603556987781e-05 -1.223888674158751788e-04 -1.385433068261749051e-04
8.860923106732780099e-04 8.232047869528742994e-04 7.134622594759102614e-04 5.507200511498425936e-04 4.625371915576779840e-04 3.631919454176828470e-04 3.116391198458863640e-04 2.953601155096211191e-04 2.012894134532898917e-04 1.413018799692660008e-04 8.141203297743554652e-05 9.451199265641995677e-05 8.143863633331031924e-05 5.645235297085672002e-05 3.970772555762625255e-05 6.068714904070550772e-05 6.436342861421534805e-05 5.710044346029317778e-05 9.790109368076180718e-05 1.331844385681598471e-04
1.028855296273080248e-03 8.087279295961838539e-04 6.768070425412945701e-04 6.209551316460202230e-04 5.159004143951805140e-04 3.916758833953414899e-04 2.335087157407247731e-04 2.040919402985800146e-04 1.944336478226271260e-04 1.241899648836971377e-04 1.629110913637473910e-04 1.745177529705121500e-04 1.284031372520622245e-04 8.519202436478497684e-05 4.127437204459348860e-05 -3.088853168262620162e-06 -3.570862783326416866e-05 1.463175126218788192e-05 2.364758265290987997e-05 4.467881789865490576e-05
9.698165076495125683e-04 7.074013470225226684e-04 7.147439720285268935e-04 5.756039570196298284e-04 3.770224305086935504e-04 3.578917264855152928e-04 2.727599501588258814e-04 2.159950644685396863e-04 2.091498726989905732e-04 2.259457872742105507e-04 2.138267935317176530e-04 2.351055035044184629e-04 1.898928559973995806e-04 1.448505157513847936e-04 1.053484018250711230e-04 1.123520164170471356e-04 1.387998280620210217e-04 1.072608529106505937e-04 2.768797158083006190e-07 6.508937257599637704e-07
1.204645694125383972e-03 1.079843375367927748e-03 9.147548449605415752e-04 7.698643028251235792e-04 6.475372547974960402e-04 5.467912452914235966e-04 4.139228613200381319e-04 3.865757696593690655e-04 3.642061127788005694e-04 3.331154795740091240e-04 3.071209417526693107e-04 2.716779663607800334e-04 2.332214185067394178e-04 2.133786245922159356e-04 1.786858057908361430e-04 1.336464889432243557e-04 1.238263413151346603e-04 7.797493960289842558e-05 8.877112344708462069e-05 4.272885922847030323e-05
9.751953607711334434e-04 9.212847931644492375e-04 7.718106782762483705e-04 5.353378616448674224e-04 4.506449108194414519e-04 3.923284100693778700e-04 2.860866492410322581e-04 2.127755587817648181e-04 1.854481331002660557e-04 1.499035989402213169e-04 1.086812322405541380e-04 1.294546765256680983e-04 1.282058724156232195e-04 8.769687515465612274e-05 7.245755679896294854e-05 2.737214571587072697e-05 3.861469627273174480e-05 5.896922815118754881e-05 5.432697853426473374e-05 1.365265980971780194e-05
9.838227088762440276e-04 8.521743006173965662e-04 6.949829348353897844e-04 6.745870158905074810e-04 4.804720848770525064e-04 3.737616516706298545e-04 2.776046757740978474e-04 2.273237013961704244e-04 1.426290650386798108e-04 8.266327714779796133e-05 1.024926969009927859e-04 8.866072740820972453e-05 5.214795753812550509e-05 3.423964599417013221e-05 2.700690142058398792e-05 6.155238076381690248e-05 7.519999417979290261e-05 5.639988020972535145e-05 4.764989667611425661e-05 -3.919391991533812753e-05
1.137133727358243321e-03 9.505887564714270979e-04 7.864526522450167702e-04 6.787730091488320024e-04 5.355793390808185478e-04 4.487746986412838052e-04 3.728673073888002652e-04 2.999065971510166346e-04 3.113705185977315936e-04 2.308672119550671828e-04 1.689321186582451234e-04 1.154524606229816300e-04 8.081106231014079403e-05 6.601184639670541049e-05 1.894254663946209183e-05 -1.696338041048903866e-05 -5.980851069635364885e-05 -1.434353018831745978e-04 -1.585107195759726721e-04 -9.626775758587878724e-05
9.792795736557552769e-04 7.892727039531918960e-04 6.400069747491512247e-04 5.044449695447968205e-04 4.373503057259792875e-04 3.791834411157758559e-04 2.525246438995295715e-04 2.017523288874102281e-04 1.874836723652592606e-04 1.402072390918858240e-04 8.895565235146809656e-05 5.015516317539537932e-05 1.214334210452116974e-05 1.081942070515221960e-05 3.330798027107292483e-06 9.112388306158239229e-06 3.774431797397352325e-05 7.063823348536822991e-05 -1.337370061380744005e-05 -1.290678825156317967e-04
8.772722800288032183e-04 7.371087940012582872e-04 6.476430133706852482e-04 5.048082049504443473e-04 3.709369362853493684e-04 2.920868377831661324e-04 1.925011873566331703e-04 1.223656763938358368e-04 1.223486866942744293e-04 1.116653715540460301e-04 8.431603495889871509e-05 7.014259142967074767e-05 2.678679530628728185e-05 4.145755000382929790e-05 2.935596878045127254e-05 -5.315550446335723631e-06 -1.372641971863857998e-05 -1.748086094381935454e-05 -3.279128354100605469e-05 -3.716195440952830908e-05
1.056337738040480367e-03 8.725716137811985462e-04 7.889674634126197031e-04 6.870009974664217445e-04 6.027369554640497678e-04 4.884455845473439093e-04 3.833341639173174767e-04 2.842168979805539063e-04 1.960094363919152795e-04 1.376614883676114830e-04 1.397646685887872378e-04 1.160436387274891667e-04 1.126760237118649537e-04 1.221150845075412157e-04 1.485939911049389552e-04 1.096913437602269395e-04 6.817254552596230461e-05 8.966356669395296550e-05 9.759058040034214584e-05 5.420192899438820976e-05
1.150166994753436299e-03 9.442631799562164682e-04 7.286112699221970008e-04 5.823714435020187858e-04 5.018320527987971428e-04 4.045283343862298331e-04 2.610034952151639551e-04 2.094992388439938799e-04 1.765776419689799829e-04 1.225988024764238199e-04 5.140000087768024169e-05 1.633785282981622697e-05 3.645270528269599033e-05 4.511921107277197171e-05 6.478249333337488624e-06 -1.997371011213749475e-05 -2.522466185225593797e-05 -4.741652064967783874e-05 -9.370025692801300465e-06 2.050549585179294894e-05
