# th, randoms, err_randoms
2.805046135754908576e+00 1.627066083851865643e-06 1.307730656699523240e-06
3.531343861556885511e+00 2.449705098457806580e-06 1.056508115548623948e-06
4.445698525097307119e+00 1.926194179635013861e-06 1.006132925794024666e-06
5.596802846420849242e+00 1.393414863662108178e-06 1.010900211605978756e-06
7.045957328161136068e+00 -3.839264844411651876e-08 9.673523867811173887e-07
8.870334730839386950e+00 -8.196896601775719215e-07 9.371774996134680707e-07
1.116708980377407912e+01 -7.886113572189249209e-08 9.714874029642108217e-07
1.405853312975872704e+01 -7.569914387454309012e-07 1.092518577096451713e-06
1.769864460960344488e+01 -1.139935453057620103e-06 1.184453188546459142e-06
2.228127345334364406e+01 -1.217511842943663696e-06 1.454047563749604916e-06
2.805046135754909287e+01 -1.379973206495917592e-06 1.831123446204666938e-06
3.531343861556886310e+01 -6.139803470855765171e-07 2.232121268145964370e-06
4.445698525097307652e+01 -1.041074864120887225e-06 2.832695984291329615e-06
5.596802846420851552e+01 -1.351460287431745970e-06 3.578780125226177013e-06
7.045957328161136957e+01 -1.268774058562992255e-06 4.588360526740854127e-06
8.870334730839388726e+01 -1.239939166396695350e-06 5.607593607702924370e-06
1.116708980377408125e+02 -5.387683279572550342e-07 7.195103650376706309e-06
1.405853312975872882e+02 1.592935648968032832e-07 9.506020985169341702e-06
1.769864460960346548e+02 -6.893154329144735855e-07 1.212021520268991797e-05
2.228127345334363838e+02 -8.184321282630421052e-07 1.532152107797674491e-05
