# weights for all jackknife regions
5.552900344561351176e-02 8.764648997141932796e-02 1.387240355519878676e-01 2.188209385247574801e-01 3.450512037735791182e-01 5.449534761636982694e-01 8.616546715128663436e-01 1.366195118498012562e+00 2.158126463112679971e+00 3.418095995348934935e+00 5.408236132366525339e+00 8.546559998798542779e+00 1.352579608344207429e+01 2.140820526063019713e+01 3.384241655030726292e+01 5.361744105629908574e+01 8.502444504805163206e+01 1.345923990243613275e+02 2.132373649520166339e+02 3.370588958235578616e+02
4.664186598125752425e-02 7.257143778559793645e-02 1.148911667810921244e-01 1.806343709743032377e-01 2.845717965425791363e-01 4.518220534095149787e-01 7.122463572078743255e-01 1.124791773199234513e+00 1.779849526047598829e+00 2.812785911974728492e+00 4.443092748717361928e+00 7.019956104014198672e+00 1.110678950812864230e+01 1.755928128997278748e+01 2.782622163332682419e+01 4.411138819419586810e+01 6.987754556574691378e+01 1.108303508707522695e+02 1.758264102616882951e+02 2.775443454175208444e+02
4.502448097683497963e-02 7.117932775294377734e-02 1.115535789214874285e-01 1.785582025234333514e-01 2.803451094434450397e-01 4.424055439527592171e-01 6.939255478069839000e-01 1.101615886312188763e+00 1.737228718266351279e+00 2.748223441911221698e+00 4.358373664605366571e+00 6.911437227027306562e+00 1.090502826360456368e+01 1.717009998015240058e+01 2.709005060302276036e+01 4.283175819287083641e+01 6.741888837504082232e+01 1.057767454276582413e+02 1.655208415557590058e+02 2.590193608776654060e+02
4.387887967330073025e-02 6.949081347494256988e-02 1.084724829462828666e-01 1.716059144601729258e-01 2.728373677561819477e-01 4.320025678187562335e-01 6.834576720111300574e-01 1.080748904500950403e+00 1.708206529551858921e+00 2.699536177620288413e+00 4.262756911332360232e+00 6.740772727809115850e+00 1.068024662543378156e+01 1.693215446547503689e+01 2.678207903422028835e+01 4.232903400302593866e+01 6.684191619017416031e+01 1.054611756637271043e+02 1.672926608299525810e+02 2.658541219320051709e+02
5.099811162918399532e-02 7.930549348201054727e-02 1.247536692885944376e-01 1.985319230582973660e-01 3.145916285056671313e-01 4.981196665556950620e-01 7.901345401792525536e-01 1.246636970028362157e+00 1.975263876474556923e+00 3.130672579469191419e+00 4.967986888472395890e+00 7.866447074391231808e+00 1.246353967649932315e+01 1.972315880519353470e+01 3.126161445950683060e+01 4.957106614170443493e+01 7.845651118157687165e+01 1.240769256714252151e+02 1.955976485833407139e+02 3.094925162103031084e+02
2.934373189056316278e-02 4.604222510208444419e-02 7.279154318297287318e-02 1.134875938873278756e-01 1.812776649413052610e-01 2.876405000795188016e-01 4.571276768728722573e-01 7.247890243885706241e-01 1.145401968050663299e+00 1.810244707491051486e+00 2.863559619756202324e+00 4.533627050030261785e+00 7.187230455193073908e+00 1.135492358969636939e+01 1.793900879371263102e+01 2.843650262322070432e+01 4.501941122311501431e+01 7.156697979994956427e+01 1.140539295654339611e+02 1.797572130821857002e+02
4.149948116361201755e-02 6.484668732123566315e-02 1.028833127942050396e-01 1.626926878473824445e-01 2.576011047171533619e-01 4.041254350909611048e-01 6.428790271678082036e-01 1.016987884170291068e+00 1.605298690366794290e+00 2.529324873841531485e+00 3.982315961808552629e+00 6.287711140792382025e+00 9.952110038383082724e+00 1.573269070781877588e+01 2.492491374989515407e+01 3.959802525288880304e+01 6.295203007356310820e+01 1.000124376676551776e+02 1.588635920034249693e+02 2.526121839872246539e+02
4.420498989004784107e-02 6.974980083974458012e-02 1.104846650750062054e-01 1.736959948383116625e-01 2.743035697125293382e-01 4.339452388013853579e-01 6.898075017725346925e-01 1.087906321930063314e+00 1.721163946674010958e+00 2.730336612554395970e+00 4.336456358265422750e+00 6.846835232302566965e+00 1.081925225249970879e+01 1.708798422488889912e+01 2.694281412937301923e+01 4.259155563459032123e+01 6.734282319325966171e+01 1.064272534173848044e+02 1.684303910004854004e+02 2.669986295664436398e+02
5.601122038052608332e-02 8.852658984226025041e-02 1.397574316475385103e-01 2.198559164938984622e-01 3.461364451795247987e-01 5.430523757480614222e-01 8.561866741681001258e-01 1.352142207043172561e+00 2.128737333164409051e+00 3.359022507400823088e+00 5.313612544061356857e+00 8.345823498873656376e+00 1.310774811366447068e+01 2.054587366811401239e+01 3.215650512371996683e+01 4.999533588311835786e+01 7.723881817808695871e+01 1.180974420470534056e+02 1.791029263741774855e+02 2.706905654848595191e+02
4.546039888376185445e-02 7.225126216414423652e-02 1.134665910473700023e-01 1.784168868472022496e-01 2.823750649753407060e-01 4.456321406730410217e-01 7.003351280878717944e-01 1.108796105204504556e+00 1.741416717351327748e+00 2.744431426046048728e+00 4.334885747789343213e+00 6.820692747546260648e+00 1.072412727656588061e+01 1.680037973214527369e+01 2.628702173614271942e+01 4.090399732202915573e+01 6.357627215575729451e+01 9.791604000558545806e+01 1.491863264515916683e+02 2.242537524857400228e+02
4.500986823340724641e-02 7.022399756419872574e-02 1.114935886496368767e-01 1.754659750366300841e-01 2.782377385935461689e-01 4.401315813387896014e-01 6.960995191143979355e-01 1.099220298203292145e+00 1.736419939567994675e+00 2.750814004221894038e+00 4.346124819187025423e+00 6.885546192726508252e+00 1.091773432288619006e+01 1.732057549049483214e+01 2.746397417554283038e+01 4.349621917208735056e+01 6.906349258715299300e+01 1.101464038219255457e+02 1.754602447993676435e+02 2.795872077825299584e+02
5.476933111219750572e-02 8.684449812791683598e-02 1.363174729039684507e-01 2.131317643002859086e-01 3.358770225962217637e-01 5.266019181994749943e-01 8.320720583228080613e-01 1.313322824791669063e+00 2.076418232124026986e+00 3.282649871855483070e+00 5.187735145451867425e+00 8.185009980826194464e+00 1.296406492889644824e+01 2.040988239400799387e+01 3.227409898252922460e+01 5.122767224244357465e+01 8.117389352932330837e+01 1.285582955982588658e+02 2.045317393594198165e+02 3.255714729218370849e+02
4.292349662028982493e-02 6.748097576345912785e-02 1.070295680037247621e-01 1.684524685453823167e-01 2.660756237277013270e-01 4.214673327188336316e-01 6.676064348264532100e-01 1.056746789605938375e+00 1.668768260146649141e+00 2.638168297931358097e+00 4.181195072208666375e+00 6.617714710688503033e+00 1.049042714222522932e+01 1.662211527485888496e+01 2.632985724618561107e+01 4.164252698224984783e+01 6.579640602224881718e+01 1.038784628976522555e+02 1.633077619515925676e+02 2.560226602486075080e+02
4.249869992241883665e-02 6.648584450482530883e-02 1.054621982927983481e-01 1.672971705702934742e-01 2.611700739090991874e-01 4.146274601585844266e-01 6.589325923169013777e-01 1.041251544642648241e+00 1.646871501520152492e+00 2.608819424961708933e+00 4.118180437273551320e+00 6.536459109551671531e+00 1.034527989686743865e+01 1.634166576161068463e+01 2.585227069262342070e+01 4.097020341364670060e+01 6.496330870917499567e+01 1.032180721865483122e+02 1.640367689917110852e+02 2.614414200636610985e+02
4.625704591465762405e-02 7.320525681392098249e-02 1.149699226559590670e-01 1.815607377002805833e-01 2.867440885120799976e-01 4.525322646245228952e-01 7.157018287590659611e-01 1.131507152184511256e+00 1.789464719799710224e+00 2.830530099397975619e+00 4.481065446184018697e+00 7.116216813437944211e+00 1.126016412696212399e+01 1.781563371917420113e+01 2.816240682388584560e+01 4.462099885574072289e+01 7.070788222789084898e+01 1.120187743064604149e+02 1.782019624868339349e+02 2.852397307176919981e+02
5.430187032372657541e-02 8.517016949700462192e-02 1.348890120495838119e-01 2.122257596974890248e-01 3.360008781604193473e-01 5.318567186128433377e-01 8.431208426549119395e-01 1.334036812050229059e+00 2.106196532612102601e+00 3.334699018778707114e+00 5.297375978860614509e+00 8.389660447127553766e+00 1.326742621147717216e+01 2.100643297300564427e+01 3.326323880999810001e+01 5.276045793186020205e+01 8.360236408200496783e+01 1.325746197657072685e+02 2.102883800898545132e+02 3.324756053314068822e+02
5.375510912868719515e-02 8.473748894743948767e-02 1.330394379533288429e-01 2.096715048300410444e-01 3.317607873576378097e-01 5.222074722504714828e-01 8.251872084895524040e-01 1.305394081917441440e+00 2.063774215386857236e+00 3.265351192067498687e+00 5.181991576258823784e+00 8.212304063565696310e+00 1.298502095503388887e+01 2.057528169655053318e+01 3.257165567826814367e+01 5.159120873617276004e+01 8.166296263327150484e+01 1.292953861885369804e+02 2.042301809007401516e+02 3.224719382263332363e+02
3.799791920366146769e-02 5.923448912486151130e-02 9.294752859372579223e-02 1.461548086718096329e-01 2.319250763558926565e-01 3.638027591707384545e-01 5.740255905008240234e-01 9.058872346083717275e-01 1.418513722540879485e+00 2.235451095194790128e+00 3.520037231398433164e+00 5.519495165439195716e+00 8.600940256183207566e+00 1.334844250745403826e+01 2.068989592614627782e+01 3.204248193521576127e+01 4.935185722278211529e+01 7.517997567247307700e+01 1.128096630349730560e+02 1.626232786530088958e+02
4.093074398909379852e-02 6.517386508177480664e-02 1.018688864131007676e-01 1.617620896894322868e-01 2.540679070848597121e-01 4.023284840155412212e-01 6.318000421022276214e-01 9.991862208136126355e-01 1.577633106791154205e+00 2.487125418681841893e+00 3.918093959400721360e+00 6.157663489008527335e+00 9.696004819995735602e+00 1.519493400281150741e+01 2.371924843744470479e+01 3.689403961696237388e+01 5.717207005955881982e+01 8.822936680059102343e+01 1.354484202106295641e+02 2.060752377508391930e+02
6.919359340592734497e-02 1.101753554609103958e-01 1.735567567035332104e-01 2.722568151247628521e-01 4.328142579483937880e-01 6.853097312053222367e-01 1.081645665799200628e+00 1.708937065886374285e+00 2.704855780781016961e+00 4.274515891521517119e+00 6.769239183418193306e+00 1.073000893329856353e+01 1.695578118294122305e+01 2.677674185288688591e+01 4.221796336089023782e+01 6.653316699863614758e+01 1.045044357781985127e+02 1.636448571355882393e+02 2.568400576140644489e+02 4.030681488303433753e+02
5.070515580653989218e-02 7.929184969437130803e-02 1.240546776010233998e-01 1.966391919961836265e-01 3.120924433623457617e-01 4.907122777135271008e-01 7.755257571932077099e-01 1.225585172001714795e+00 1.938367934231706613e+00 3.073947327612600589e+00 4.869227930770108514e+00 7.682983792232406017e+00 1.217496109802316084e+01 1.923494554608953422e+01 3.045790396522737353e+01 4.823372514325882321e+01 7.653876023138145968e+01 1.210376661759073755e+02 1.913374144482334600e+02 3.023436632431981934e+02
5.683696820916850356e-02 8.929604734728968651e-02 1.410382146453486030e-01 2.228675731141152028e-01 3.517368929502140418e-01 5.551399425727510106e-01 8.804435748991608079e-01 1.392074854197630884e+00 2.198224137147036572e+00 3.480888688776275330e+00 5.494752543103444964e+00 8.687620959761574113e+00 1.373174200913973664e+01 2.168380382681849028e+01 3.426724249607383399e+01 5.417507726880029395e+01 8.563356880881798361e+01 1.351721802341733678e+02 2.145727701226562374e+02 3.416573742451787439e+02
4.125970708665249731e-02 6.483230027544095719e-02 1.013427566265505675e-01 1.609789405537753737e-01 2.527442671744637437e-01 3.989199585134599602e-01 6.309963954188049229e-01 9.960447446034095265e-01 1.566929698869984122e+00 2.469322860085938487e+00 3.886383090583848343e+00 6.119779987451565262e+00 9.601050333704463924e+00 1.503534190253148495e+01 2.344808737018638567e+01 3.642478685253436765e+01 5.620092313179787880e+01 8.630044027545000063e+01 1.310923909368198679e+02 1.970497769246795201e+02
6.538470529432061085e-02 1.028687780653001482e-01 1.621171835771662018e-01 2.544683862243601880e-01 4.038219158890541394e-01 6.385534047841474603e-01 1.010769236647220737e+00 1.599902097070824425e+00 2.535244670930964617e+00 3.997512700897360105e+00 6.332781552327332975e+00 1.000114060273622840e+01 1.583621196159670319e+01 2.503549971939676766e+01 3.954284547678733475e+01 6.237564699865345119e+01 9.823538204881243985e+01 1.545138080473411719e+02 2.427792990145590579e+02 3.796560398884413985e+02
5.278548440912800288e-02 8.197532949786534573e-02 1.296249401895437359e-01 2.043494709242281715e-01 3.232925836264257669e-01 5.096249163138679705e-01 8.059110374937574761e-01 1.275860956640599397e+00 2.023114439633658890e+00 3.196043090204696568e+00 5.058977843083425796e+00 8.005436377331392350e+00 1.264461129914226944e+01 1.993452537229315169e+01 3.140703261045999284e+01 4.955119584313992220e+01 7.831730420465153486e+01 1.242962780219296519e+02 1.962741402441463379e+02 3.086308420316624961e+02
3.344549300979338113e-02 5.328608520147781746e-02 8.373522675218225686e-02 1.331071865294148893e-01 2.093203469821389717e-01 3.323583939605754267e-01 5.244375414741426766e-01 8.292739084942155614e-01 1.318456394624035966e+00 2.088079872939232473e+00 3.308142023805004328e+00 5.257029572059224165e+00 8.329524641404560725e+00 1.323554102950772915e+01 2.109521416003261152e+01 3.358412623237674666e+01 5.356258082819161359e+01 8.574689228182748479e+01 1.368045539755101743e+02 2.177086908148726536e+02
3.675988644741323697e-02 5.730430568399924596e-02 9.040387473788769057e-02 1.426642216268447783e-01 2.256219642586643204e-01 3.540061968279104576e-01 5.608362598140388400e-01 8.856011524022733283e-01 1.396469260597001494e+00 2.196672254007808078e+00 3.446834341907020871e+00 5.417368417692458138e+00 8.488696462236674734e+00 1.329253237714955560e+01 2.072509687340968298e+01 3.217536584331433858e+01 4.940287660929077163e+01 7.519044296436146624e+01 1.135411474111034380e+02 1.689005906974841196e+02
5.013078655009906015e-02 8.013218298243884874e-02 1.269580539529044927e-01 1.998328907489508310e-01 3.144828116997899770e-01 4.956917735509165368e-01 7.833723186900414248e-01 1.234064201947475681e+00 1.943972170548136091e+00 3.074336933082022938e+00 4.851650850711536123e+00 7.647557840780066840e+00 1.203161673724461878e+01 1.892338863936562632e+01 2.977118513978929570e+01 4.658963029900102981e+01 7.252157228729399208e+01 1.121442756507303784e+02 1.715313276220210241e+02 2.594535850712661613e+02
5.183877092105149131e-02 8.054555387018069723e-02 1.271138580217723302e-01 2.015540878635846411e-01 3.184113004297728367e-01 5.026097510286007264e-01 7.964804466976858066e-01 1.253544289377714449e+00 1.986291619721811230e+00 3.143303440695490281e+00 4.984889062885130784e+00 7.908883524289663569e+00 1.250949692485936282e+01 1.979109160619343299e+01 3.136181726114914170e+01 4.966825238292879874e+01 7.885960539457889240e+01 1.252166408223232565e+02 1.979939981485149474e+02 3.130072515961845170e+02
4.434573892201854051e-02 6.952524152622174825e-02 1.092953693197955545e-01 1.730295429165238374e-01 2.723411719582173873e-01 4.328113990350033191e-01 6.861596903792417379e-01 1.091316547745407206e+00 1.718915749532527570e+00 2.727218646642768363e+00 4.311682311631358289e+00 6.827789755806406902e+00 1.083520247924268176e+01 1.709091696254515114e+01 2.709252166574994192e+01 4.288738327428819730e+01 6.809518443563527512e+01 1.085105790296534423e+02 1.733082564754140549e+02 2.781544481962537247e+02
3.995075040170092961e-02 6.295051590835498700e-02 9.930411675375694358e-02 1.572420136983225802e-01 2.474771975635832177e-01 3.892280452361944754e-01 6.175356419661568452e-01 9.727112515072775523e-01 1.530133174144722830e+00 2.411482979386263992e+00 3.808146702636719283e+00 5.991728458789566503e+00 9.422228828343605755e+00 1.475500197995529561e+01 2.304540755288979881e+01 3.592980804804945194e+01 5.569366491098710981e+01 8.557893082782176464e+01 1.306091628305394181e+02 1.960625880105606882e+02
5.116227872221656980e-02 8.009377313132404197e-02 1.271711462427447259e-01 2.000915237609035557e-01 3.163425392292111837e-01 4.974713129608119289e-01 7.899977185310831373e-01 1.250015072035196795e+00 1.975271278835194266e+00 3.140206345673064448e+00 4.973328448262094525e+00 7.874248612458501384e+00 1.245000576497760392e+01 1.968042020031406025e+01 3.101514052445421044e+01 4.877666752369117376e+01 7.662114226291242858e+01 1.200051295117718269e+02 1.891055578296009969e+02 2.988319120979289778e+02
4.876576397879262004e-02 7.649128237535762764e-02 1.207896407900506119e-01 1.889828354902647334e-01 3.013623629045696362e-01 4.734778645565143051e-01 7.489383434785992222e-01 1.181359656629936694e+00 1.866324797761393484e+00 2.955705137579954567e+00 4.666269388860015965e+00 7.395133573043111141e+00 1.172005022728740187e+01 1.856447762054399675e+01 2.950595605920628373e+01 4.678521169168540439e+01 7.454976570896279497e+01 1.190173626603549621e+02 1.902407662476379926e+02 3.041772423053567991e+02
3.750722032721398591e-02 5.989135702671433137e-02 9.374585880220820400e-02 1.494027897018099793e-01 2.353017829089054658e-01 3.701591966552797430e-01 5.863447945780251302e-01 9.298681889119535526e-01 1.464806433165733779e+00 2.321540751891291166e+00 3.679154406526635057e+00 5.810808764534044712e+00 9.204462030226991942e+00 1.453803123582237333e+01 2.299028762135610293e+01 3.634523655742808046e+01 5.745103231421559542e+01 9.081963936828302053e+01 1.439719353019785331e+02 2.279601917879489861e+02
4.269854437401932046e-02 6.702824320198885744e-02 1.056625036012235341e-01 1.660202647701964906e-01 2.636127696097645412e-01 4.169881235795998009e-01 6.576791530965806487e-01 1.042204650136383748e+00 1.653482283989688995e+00 2.615436094104794051e+00 4.151821925893571574e+00 6.572547552972494600e+00 1.037915951301140183e+01 1.641897324704575567e+01 2.592962000540724432e+01 4.081632011205218191e+01 6.416781856788016114e+01 1.010099574147324972e+02 1.595084192209038179e+02 2.521922119158566318e+02
7.144562486034544690e-02 1.135579129986439284e-01 1.795644499668753724e-01 2.834435197269584705e-01 4.444963886364519112e-01 7.028392618906877942e-01 1.110725120588611503e+00 1.750264869685196345e+00 2.750813935767254748e+00 4.332883209289249749e+00 6.821764436231362083e+00 1.070015263090594715e+01 1.669949951345498107e+01 2.609458355002669805e+01 4.079672778014477785e+01 6.367142397358304606e+01 9.886677499791842649e+01 1.524286101125098867e+02 2.323816536095664844e+02 3.516911528967627305e+02
3.846091184767885807e-02 6.119554937669136052e-02 9.630848083595822118e-02 1.520918193529752216e-01 2.390047339006571292e-01 3.782774027578454934e-01 5.987114294362356759e-01 9.459070464887844309e-01 1.502379931005350500e+00 2.380382461455681664e+00 3.771416690436652175e+00 5.970373587327301834e+00 9.447749242596344743e+00 1.493873239751280835e+01 2.358110095458808075e+01 3.729284649376788252e+01 5.911944876710231256e+01 9.393954719062000436e+01 1.501060998882247191e+02 2.399710108323021132e+02
3.866639743263533546e-02 6.146697243981691372e-02 9.601585118412003794e-02 1.510757370254509624e-01 2.382961351575829667e-01 3.800123125112548905e-01 5.989923312377101183e-01 9.462796982894019493e-01 1.493216746975463138e+00 2.364223369155752152e+00 3.754516822049410507e+00 5.940378077725497974e+00 9.414032021187566102e+00 1.485167276988313745e+01 2.343899768885748358e+01 3.715661501786181020e+01 5.910488646763748477e+01 9.452314079487429410e+01 1.519664170959845251e+02 2.433317792091334013e+02
4.699086954052233978e-02 7.382516589908050264e-02 1.165499754238510377e-01 1.851683457560824309e-01 2.919586324339036310e-01 4.618449950411616101e-01 7.284730273911463883e-01 1.150487372545583753e+00 1.809638783006931817e+00 2.851158682957347423e+00 4.487441121625266760e+00 7.074335640565038830e+00 1.112687068792415346e+01 1.743043239331369421e+01 2.728968621671849348e+01 4.243468512862200726e+01 6.545497837620135329e+01 1.001255315473414953e+02 1.519226741789039465e+02 2.280750270063415996e+02
5.029670047497347696e-02 7.908698198185959427e-02 1.236975790962873134e-01 1.957187201260808251e-01 3.099571903545808027e-01 4.909740385126042383e-01 7.762194355027673964e-01 1.230655887651465719e+00 1.943333342746853987e+00 3.082278715537754010e+00 4.865456625702080373e+00 7.693072183044051826e+00 1.213404397860675488e+01 1.914004106860348031e+01 3.015034252990334096e+01 4.743002483820757220e+01 7.446853124818090919e+01 1.165423779279632015e+02 1.822088732135304383e+02 2.825001492983799949e+02
5.099743714532678496e-02 8.066149101529163090e-02 1.276666378346931197e-01 1.989502723124303429e-01 3.158060686382526683e-01 4.954973108093980727e-01 7.805629739124810840e-01 1.227810994934003475e+00 1.937944516062373168e+00 3.046954423952939806e+00 4.801269570944029397e+00 7.553636043402278233e+00 1.181492836420059689e+01 1.844197809400422727e+01 2.868953513952394019e+01 4.454773886024820229e+01 6.833415924020664534e+01 1.029893335903327909e+02 1.538170326466432982e+02 2.258751702755969575e+02
5.950320263420394440e-02 9.454206822792343701e-02 1.475499408502400911e-01 2.335629311122175977e-01 3.685958729402756262e-01 5.822298828429524065e-01 9.226404518774984354e-01 1.457617543071464183e+00 2.303776764876275251e+00 3.639891568172799907e+00 5.773561498998148522e+00 9.138503953877133767e+00 1.446082729617036478e+01 2.289173840600085441e+01 3.623130669460115882e+01 5.732537941853527741e+01 9.035659099832997754e+01 1.419652659756484070e+02 2.231552646640174657e+02 3.522193996859829213e+02
3.625850232008076546e-02 5.643777035487573812e-02 8.902434979883366850e-02 1.409068166145317491e-01 2.238115077292803790e-01 3.519233943404600495e-01 5.562555883012407776e-01 8.826897487241325280e-01 1.393033749592746062e+00 2.204633837008529440e+00 3.485733039836034663e+00 5.517447852666322206e+00 8.748992452360468519e+00 1.384658838681961868e+01 2.191867614121281349e+01 3.479205490161628234e+01 5.522449102354056549e+01 8.756034584153445621e+01 1.391277452828543915e+02 2.215325596903982728e+02
2.426399780402732631e-02 3.804850819199145917e-02 6.000117439273822129e-02 9.516147511337180731e-02 1.502421600330734464e-01 2.364827729226419706e-01 3.754207868013139660e-01 5.935457043820235867e-01 9.410148566979614770e-01 1.492387113957789779e+00 2.363191229866799858e+00 3.745444338510196758e+00 5.939062872893444478e+00 9.418163969240140432e+00 1.495659868012786831e+01 2.378852134551259212e+01 3.790781393892387996e+01 6.031224131038487712e+01 9.602768281571306375e+01 1.528609728880717284e+02
3.475853646209259296e-02 5.523937028542036387e-02 8.699467147988571014e-02 1.368622367120053696e-01 2.160917830487107949e-01 3.378779707527854725e-01 5.326851655823077181e-01 8.402826202010800216e-01 1.321184591581200607e+00 2.082973683096255968e+00 3.285126562659030469e+00 5.156666661368234372e+00 8.092643272615362093e+00 1.265341948646131698e+01 1.973072725031644836e+01 3.065284083107141555e+01 4.731588322198739149e+01 7.239445537801621811e+01 1.101821692909082060e+02 1.650932600832880439e+02
4.151179325079112914e-02 6.538814215569743737e-02 1.028968376220120717e-01 1.614761210659452217e-01 2.551611126608577251e-01 4.032628069595176612e-01 6.357115249903699805e-01 1.004971659026594466e+00 1.593397407103751107e+00 2.527589050170291785e+00 3.997944210201652027e+00 6.353285561385774827e+00 1.004228611523919312e+01 1.590357615883306153e+01 2.518467176829886967e+01 3.983830079394705592e+01 6.323590820998070683e+01 1.002675693014555378e+02 1.596007815522468434e+02 2.537769136731510855e+02
4.423935996371142210e-02 6.948189668371185235e-02 1.101512022773079025e-01 1.739312794740328627e-01 2.752216362956119156e-01 4.318825252880600374e-01 6.850541116107251582e-01 1.084431254880414031e+00 1.709010179622822534e+00 2.699321790450142089e+00 4.275209207719200322e+00 6.779359234585271565e+00 1.076127236511663909e+01 1.702793204990274489e+01 2.699319018308909790e+01 4.261870523060052562e+01 6.729987461190110309e+01 1.064239871257654215e+02 1.682205985493897344e+02 2.655008386160019995e+02
5.722228638785509247e-02 9.010302782128576382e-02 1.425611760673035633e-01 2.256454886078529398e-01 3.557242471220973812e-01 5.589649579604127894e-01 8.868226492802762095e-01 1.406378146274235519e+00 2.230436598365997725e+00 3.533606450250275088e+00 5.573450527624800088e+00 8.845397894644179360e+00 1.398266890289001196e+01 2.212558635859254252e+01 3.505168180468767503e+01 5.554969822996221751e+01 8.815050610217438987e+01 1.401928747559503847e+02 2.222872311133420737e+02 3.511212986829992246e+02
4.767530526817154168e-02 7.417392349245233163e-02 1.173617719922077640e-01 1.863701387582352709e-01 2.947032215593310411e-01 4.649826331568789328e-01 7.402202358705523011e-01 1.166145745292041624e+00 1.842883980769272512e+00 2.919745604254572413e+00 4.628214600764451347e+00 7.333790633351156885e+00 1.162066552541112685e+01 1.841682723192681692e+01 2.907647021097464801e+01 4.584117940414870418e+01 7.259047661814946650e+01 1.144128770118260547e+02 1.788066076984229369e+02 2.790203639930480222e+02
2.898189230246828174e-02 4.568587771757393057e-02 7.144701519418106272e-02 1.130173003220278360e-01 1.786918187511901124e-01 2.833552961253644753e-01 4.480807811828810827e-01 7.118527331877118058e-01 1.124597552370232734e+00 1.779609866453441214e+00 2.816682819115015945e+00 4.459695400861008352e+00 7.069960213208645428e+00 1.117987945320530230e+01 1.766343256592749356e+01 2.799801467861199455e+01 4.478534292971023945e+01 7.201470855481501587e+01 1.158429947434047023e+02 1.864180868878632396e+02
4.013572735695447591e-02 6.315367655305692551e-02 9.894933438977204787e-02 1.568786025327142397e-01 2.470570850590263490e-01 3.920713199535157401e-01 6.202815522421758487e-01 9.813466019922429950e-01 1.555766700861155982e+00 2.469738147314998855e+00 3.909525242448353310e+00 6.221676645453456445e+00 9.885715831658444586e+00 1.570439636435719422e+01 2.490302386203457274e+01 3.955242949373464967e+01 6.261876707873975079e+01 9.923369025237384733e+01 1.570616202181983283e+02 2.485862576207128427e+02
5.758147483594200366e-02 9.055557850152240462e-02 1.419516822148096935e-01 2.254601011313610570e-01 3.546790144503404463e-01 5.578993830597624992e-01 8.772368348063963595e-01 1.386375711657535703e+00 2.188882717141481749e+00 3.447004084076780828e+00 5.419231511690156822e+00 8.512682795352887410e+00 1.333827025825708290e+01 2.088214994583222506e+01 3.253709063699608350e+01 5.045567814185093880e+01 7.821877477443240423e+01 1.200489653284038098e+02 1.824975002412772085e+02 2.749875164869667969e+02
5.113101276894838065e-02 7.978815551470574974e-02 1.266337555474592591e-01 1.994140733116296360e-01 3.158257495838938667e-01 5.012904151047763435e-01 7.918656487121467080e-01 1.253276011876707230e+00 1.987509665043532436e+00 3.146974130120781865e+00 4.974317326420560903e+00 7.882237631952961010e+00 1.248446670837462591e+01 1.973691837939735194e+01 3.126287906892042656e+01 4.952067065612628483e+01 7.840836074623062757e+01 1.243193634659786966e+02 1.970718098043287512e+02 3.139303005178485932e+02
3.365934398865988442e-02 5.278611940521216184e-02 8.334175966706425243e-02 1.315975958274577806e-01 2.082834156878305976e-01 3.272537454486723618e-01 5.150404031000164196e-01 8.129528531621872389e-01 1.280710168023091455e+00 2.021021408345418990e+00 3.177608286815114980e+00 4.995248961378479180e+00 7.823405469144105950e+00 1.214591155617520712e+01 1.881227107440587076e+01 2.912810510958968280e+01 4.481586160332965108e+01 6.876274464238436224e+01 1.036683217583345566e+02 1.513629855323243305e+02
4.865755654057579704e-02 7.619073182800661925e-02 1.203628297151766446e-01 1.892965690620940222e-01 2.995313136428734424e-01 4.728444817698118641e-01 7.454000002863381269e-01 1.179468412937623611e+00 1.868667908185216220e+00 2.954240230238539766e+00 4.683055658448083136e+00 7.398696104828985654e+00 1.171667180870628044e+01 1.858094482873775632e+01 2.937685732074457690e+01 4.656950168627120945e+01 7.422962628078316527e+01 1.181799669845832028e+02 1.880503078708175906e+02 3.001735078486249222e+02
4.191379853132559674e-02 6.615838686175834482e-02 1.039386574836669297e-01 1.643069859526775645e-01 2.592608741409492268e-01 4.095164355815654744e-01 6.465727585568856739e-01 1.025398050410672113e+00 1.614969266697272587e+00 2.556719993980024697e+00 4.055728129632186096e+00 6.425986733415982144e+00 1.017609553895495367e+01 1.613331178348005324e+01 2.558140928203569331e+01 4.058895303101159868e+01 6.474747461069807741e+01 1.036897443769294398e+02 1.656134853899512791e+02 2.653418687166811196e+02
5.091142670556791927e-02 8.030715846176406103e-02 1.262430366410569604e-01 1.984787168558028725e-01 3.130382380716838497e-01 4.940465932662760906e-01 7.785937733323038401e-01 1.220834440881759519e+00 1.923273822721668580e+00 3.020038988341809727e+00 4.744644156474734586e+00 7.455994510670592490e+00 1.171811196541747790e+01 1.832517040567559263e+01 2.857203450158722546e+01 4.422472159074622766e+01 6.852260667039641362e+01 1.050784237098992548e+02 1.599990717923258217e+02 2.393960308377040462e+02
4.751433557844109146e-02 7.535838288193019707e-02 1.193042825190104850e-01 1.872481708419684310e-01 2.947092500059085296e-01 4.674260173647724059e-01 7.404468481604311592e-01 1.168050919842229973e+00 1.843533434058954867e+00 2.919792244954919624e+00 4.620635440157002449e+00 7.313977012862849847e+00 1.161837874607445542e+01 1.841446176837357029e+01 2.911879537413626906e+01 4.608521802377843812e+01 7.329182802847266487e+01 1.168733995248755519e+02 1.870338863551652366e+02 2.984222810668771899e+02
2.355071979742717758e-02 3.772013084366676594e-02 5.913518954427843255e-02 9.384738918451773770e-02 1.480674102510022294e-01 2.331721351867201975e-01 3.691390504042715293e-01 5.780504064047846668e-01 9.133260505885658631e-01 1.436964880046005533e+00 2.262909988846729448e+00 3.551875565162262660e+00 5.569337107364148665e+00 8.691857295706341802e+00 1.345570813495183415e+01 2.059724572760283934e+01 3.142702343437969148e+01 4.718479512030927481e+01 6.937373997001787984e+01 1.000116376259292394e+02
3.723511221838293750e-02 5.764701338306110756e-02 9.104987103968653628e-02 1.431265755198296574e-01 2.268439667487740508e-01 3.609651456471283382e-01 5.689774576063797440e-01 9.035815811176064472e-01 1.434180882166515403e+00 2.272510238655115700e+00 3.591632540272414076e+00 5.695722534920932389e+00 9.031326522669687051e+00 1.435768479409037468e+01 2.282805958356553333e+01 3.627688564612768118e+01 5.744106973989673293e+01 9.101011718161888098e+01 1.444692299613556941e+02 2.287809692990168458e+02
4.488085156651777652e-02 7.045495441529681102e-02 1.109994699146596986e-01 1.746653599824696812e-01 2.752044481114808150e-01 4.320632584645380803e-01 6.846025852215689156e-01 1.084736741089713519e+00 1.712248874139092436e+00 2.691013108204302284e+00 4.246519122668246382e+00 6.695399618779063644e+00 1.052235901495095050e+01 1.653061824824308701e+01 2.592726241224619343e+01 4.060370008358536609e+01 6.319043149314417462e+01 9.756296921192533489e+01 1.505646133151998072e+02 2.313440699257885171e+02
4.957449211084963281e-02 7.824284051734764489e-02 1.223530453638232984e-01 1.917218664448796517e-01 3.054762770815386830e-01 4.823841003453850362e-01 7.617709968673409549e-01 1.205321321665536516e+00 1.903347522810648229e+00 3.015258364702532390e+00 4.770569801496748141e+00 7.556146429921057006e+00 1.199895396494061117e+01 1.902859203504749530e+01 3.026591653345639088e+01 4.816579119261305664e+01 7.648326665178257144e+01 1.214702900306275666e+02 1.939822401380899635e+02 3.105577732660144648e+02
3.828661632961427586e-02 6.027615461376001349e-02 9.550199882187371259e-02 1.505596794672783290e-01 2.376382128435921004e-01 3.781794823692905538e-01 5.970525430520297050e-01 9.453970694606823599e-01 1.498026642795124985e+00 2.373108833860712252e+00 3.756163231533378166e+00 5.921318042533059156e+00 9.374757901822150075e+00 1.482564031586365161e+01 2.343660982270831994e+01 3.707499533054665619e+01 5.899798771737005154e+01 9.416228623250219698e+01 1.497602978283052835e+02 2.374006373099452674e+02
5.434157412031481726e-02 8.626169558914398294e-02 1.355150255760264599e-01 2.131039075467668908e-01 3.359864391631646185e-01 5.293885409921301743e-01 8.363937867184176866e-01 1.320738618037140100e+00 2.076403523139987328e+00 3.271309566494011278e+00 5.126922552398099242e+00 8.041428783099021871e+00 1.257930679712374911e+01 1.965964923671307929e+01 3.072996335594267237e+01 4.780016562972257077e+01 7.434841812761976598e+01 1.149837033710555971e+02 1.759763959219052936e+02 2.660636414077009704e+02
4.365160394684153289e-02 6.826588636947406030e-02 1.074138555343608914e-01 1.701270732006605613e-01 2.684832487480406371e-01 4.221904570713093108e-01 6.640329635924899776e-01 1.048930371132740902e+00 1.649723115845119992e+00 2.595523151520794158e+00 4.074647258969008590e+00 6.382153404383814177e+00 9.996899906095720212e+00 1.567998398445986652e+01 2.450772904996870238e+01 3.813710738165435998e+01 5.889287989805036716e+01 8.980121097948959630e+01 1.360462072149410915e+02 2.049696891477419172e+02
5.813203453823234668e-02 9.179647473187912965e-02 1.460285277308202012e-01 2.286340087603946358e-01 3.606906482074236919e-01 5.692211427635101018e-01 8.998326760187751461e-01 1.423581341691843249e+00 2.246702178991355936e+00 3.558790532072933388e+00 5.639369193499149446e+00 8.899804761304650924e+00 1.406682704019875985e+01 2.225190887521765148e+01 3.517968671253765933e+01 5.555278250698096087e+01 8.781688643173126252e+01 1.388802324470921974e+02 2.196656800839722337e+02 3.485231543328886232e+02
4.033121712892295818e-02 6.485361559363411743e-02 1.021666987842593244e-01 1.610085769837041880e-01 2.552611011698360244e-01 4.032899431205265728e-01 6.338797604630883598e-01 1.003642635427226537e+00 1.583677887476028445e+00 2.502411753500282998e+00 3.960116060114131642e+00 6.269415144342573853e+00 9.943129244712721970e+00 1.575776584483226372e+01 2.503659840300478834e+01 3.967443422719263424e+01 6.311666532418691133e+01 1.005071240246510911e+02 1.597543300767875110e+02 2.532094752961838537e+02
5.043583910925519831e-02 7.869217207590395446e-02 1.236631733599153904e-01 1.940797454786604703e-01 3.066601262622299373e-01 4.821823909569928901e-01 7.537711154638486732e-01 1.185926457821153690e+00 1.866587464116051365e+00 2.931718416310047814e+00 4.594278137686316654e+00 7.182251130891842195e+00 1.119945376321032882e+01 1.735949156984440833e+01 2.661946719720779697e+01 4.035543501840990643e+01 6.084003667148698469e+01 9.081116259006228120e+01 1.331806161784449785e+02 1.911278311978918509e+02
3.683189053850810524e-02 5.806662164130216297e-02 9.080682432909270574e-02 1.431197670523971510e-01 2.269267222584545607e-01 3.567186325199998009e-01 5.632538294716340488e-01 8.901562146055681524e-01 1.400410344567475818e+00 2.195013441981188862e+00 3.450342864160603540e+00 5.404223824519888808e+00 8.451521585725188856e+00 1.316686714267817138e+01 2.046581537597428735e+01 3.163219896343272808e+01 4.855565902602346284e+01 7.390785867027710765e+01 1.111196152328014932e+02 1.658074518278560561e+02
3.349432396012730351e-02 5.281936833246447804e-02 8.334547208966114340e-02 1.301132244146430139e-01 2.070818796511275650e-01 3.251304469890783366e-01 5.118811907908877856e-01 8.061453068119419640e-01 1.268066278696707627e+00 1.996232738454168043e+00 3.141863984734470705e+00 4.923912200048874865e+00 7.715759379376436300e+00 1.205509870904496950e+01 1.879366344048737858e+01 2.913480743798702122e+01 4.472130385293253596e+01 6.817862283199661988e+01 1.029521736548691422e+02 1.520853042920134328e+02
4.947794717391218455e-02 7.798756375524362738e-02 1.225227537695872115e-01 1.929257811171680714e-01 3.054654245151908754e-01 4.843844468936850944e-01 7.701874784309126198e-01 1.216372114657673364e+00 1.926487383489558169e+00 3.048679449608627579e+00 4.831392952354235604e+00 7.666981075538345181e+00 1.216344788010498235e+01 1.926446372983981803e+01 3.062997717037744394e+01 4.865641165386091416e+01 7.709504461396004160e+01 1.218942535060451320e+02 1.918273476070980053e+02 3.023361820243205216e+02
4.236682550784109935e-02 6.696217803343529340e-02 1.053513438313871120e-01 1.663727233135432471e-01 2.629836186250003038e-01 4.164333467777368014e-01 6.603562652361887331e-01 1.049566581747569671e+00 1.655976239842857467e+00 2.613238095590048715e+00 4.134746655577060892e+00 6.542135441357586956e+00 1.034759775073231935e+01 1.639463754245943505e+01 2.598873669382147966e+01 4.126039743743930899e+01 6.542739004973785200e+01 1.038776149262327237e+02 1.643525341461925677e+02 2.594799979860380859e+02
6.251605740345667073e-02 9.944690172713421816e-02 1.569206029428755755e-01 2.480262156917660832e-01 3.929239695144275402e-01 6.161445975223500682e-01 9.749920307164359201e-01 1.542300506148592376e+00 2.447712774686323201e+00 3.869125220290285938e+00 6.120956962079816321e+00 9.685835119183053621e+00 1.530956139467157584e+01 2.411657609434229244e+01 3.804447416602415899e+01 6.027868468239491051e+01 9.539875948176104714e+01 1.508131281613723047e+02 2.387964178894428926e+02 3.766567545586055985e+02
5.228819417058616636e-02 8.113936574989111250e-02 1.288381029717555748e-01 2.013592466873745934e-01 3.184920158336979057e-01 5.023982850115373822e-01 7.947594381839451216e-01 1.255043046860947697e+00 1.985210292322236114e+00 3.144189658499726647e+00 4.971780993157096873e+00 7.864111633554173864e+00 1.244816981761371721e+01 1.966687008412364435e+01 3.107356124399188957e+01 4.906666897911964043e+01 7.721273511234760178e+01 1.215718144175631181e+02 1.923344820091735130e+02 3.060938177114418295e+02
5.387610194861736090e-02 8.504675214955170759e-02 1.351056717851122357e-01 2.132112081575172624e-01 3.366676915130000225e-01 5.292917089686852705e-01 8.400637388767933089e-01 1.330529310834407397e+00 2.093835482612732335e+00 3.317406088398257680e+00 5.238677766868420349e+00 8.278607889289119726e+00 1.308092586787665823e+01 2.072933592856587381e+01 3.284683761202114738e+01 5.171936086868703342e+01 8.124492551009565489e+01 1.276511171904940767e+02 2.008712737496004763e+02 3.163948353100168447e+02
6.012983793640103158e-02 9.382811898673537598e-02 1.479881736517398849e-01 2.335822661777484655e-01 3.696210138812290324e-01 5.820657603004093517e-01 9.220436279111794420e-01 1.460261088155718312e+00 2.307898495156379681e+00 3.655720752150131148e+00 5.780649877762130018e+00 9.180403647571566239e+00 1.454135367266015066e+01 2.299108654541043961e+01 3.639433849479723904e+01 5.735301972109894564e+01 9.035388494726710462e+01 1.422312418153570377e+02 2.233558240676683511e+02 3.505222246414043639e+02
4.144995018522479313e-02 6.520692493376145649e-02 1.032128476954312646e-01 1.640019889493942173e-01 2.580475262460169006e-01 4.087194420426811803e-01 6.463990043546914421e-01 1.018836667204354285e+00 1.613492300325091833e+00 2.562102993488522884e+00 4.054792246146831758e+00 6.425867921269130534e+00 1.016651692258000139e+01 1.602806287491138448e+01 2.542857055217790219e+01 4.035251551792681823e+01 6.395642545417597091e+01 1.017884078102641610e+02 1.620344162436014130e+02 2.570282038868760424e+02
5.280412055748229250e-02 8.283766022681504637e-02 1.307460923409280440e-01 2.058012640815150007e-01 3.243501229449492484e-01 5.119917006807241933e-01 8.081428937432946213e-01 1.273359232669506014e+00 2.013856761302122322e+00 3.175263072932338559e+00 5.026290709288971925e+00 7.954536178905485144e+00 1.259833480223115032e+01 2.004823228278169722e+01 3.169936781963070871e+01 5.022663089557438809e+01 7.979519409664167995e+01 1.270605337176323246e+02 2.021373696002194720e+02 3.221789803459865311e+02
2.975375294627724543e-02 4.609074466286244842e-02 7.291315681402465998e-02 1.161067132057524987e-01 1.828097398594081824e-01 2.881802994508007032e-01 4.568699708671459803e-01 7.259610948451609147e-01 1.146976654893904879e+00 1.817565276242618211e+00 2.874127860084399799e+00 4.548603288506967601e+00 7.210293157030662314e+00 1.142203195791216785e+01 1.817205182942169017e+01 2.891917228408544815e+01 4.592055897580540602e+01 7.287890452406868746e+01 1.164674079951779504e+02 1.873779454326931955e+02
5.424275908463016549e-02 8.459386326585160987e-02 1.331359872368835795e-01 2.093664734040459052e-01 3.296971469876979199e-01 5.219466663005221108e-01 8.252519071621122748e-01 1.304185846461905385e+00 2.063816529526903309e+00 3.278275863523148814e+00 5.172243039367785400e+00 8.172693177322685187e+00 1.292589383045715579e+01 2.046531373077533544e+01 3.242631048177877062e+01 5.145358129110175582e+01 8.184744624816978842e+01 1.301091853612807938e+02 2.056832932802388996e+02 3.241607302708840734e+02
4.221637455108862014e-02 6.656668263859444323e-02 1.042280609154886406e-01 1.643935010290817900e-01 2.596655741684514851e-01 4.088260956084042164e-01 6.450226991062919524e-01 1.016125262550701791e+00 1.603095387923943349e+00 2.519822241955097297e+00 3.965631889388461673e+00 6.212412901803062937e+00 9.711230915512459205e+00 1.512209721241023885e+01 2.356579077376414944e+01 3.663041626153270158e+01 5.686017768206450285e+01 8.703705351335629814e+01 1.319538399650839438e+02 1.960714949817338209e+02
3.222042963442106611e-02 5.057199840108239641e-02 7.929230376231544142e-02 1.259996679820716281e-01 1.980387874108799906e-01 3.143675148012619047e-01 4.955070436356550090e-01 7.845719691111554539e-01 1.244080112465155707e+00 1.979657877490964779e+00 3.141581339509158965e+00 4.996172292361009681e+00 7.924744282511554161e+00 1.254532137957451710e+01 1.986275957767206535e+01 3.147785530645961671e+01 4.984887072975635647e+01 7.881704117853553271e+01 1.247114882549721528e+02 1.979556214606701303e+02
6.126864025095812849e-02 9.688900281933854330e-02 1.531704872793113736e-01 2.418244110533294133e-01 3.821672129744229096e-01 6.031337572139250369e-01 9.585117390080171162e-01 1.516997271934044988e+00 2.403628316981340163e+00 3.797464004753365430e+00 6.030237248986651366e+00 9.574903271382368075e+00 1.518052116123594431e+01 2.403854930465483619e+01 3.807020172240989098e+01 6.016525498763139979e+01 9.503244779472404957e+01 1.498439874033336423e+02 2.352971645955591669e+02 3.685585014778151844e+02
5.938679402969171406e-02 9.288718740695856013e-02 1.458776813724824706e-01 2.310070060205760001e-01 3.630177699926946389e-01 5.750199578116053090e-01 9.121849681104237106e-01 1.442791773440319503e+00 2.289387124151389230e+00 3.616195677364970607e+00 5.739449870948220678e+00 9.099745181199466515e+00 1.442674141013671374e+01 2.283755561113461852e+01 3.622050192899324372e+01 5.744052403854307443e+01 9.084217965058677180e+01 1.433969800132924775e+02 2.259556758363157485e+02 3.559744994546759926e+02
4.378152977358240605e-02 6.892608428074709082e-02 1.080574562466978250e-01 1.707600510367370816e-01 2.694615556439998727e-01 4.260831953777994840e-01 6.699664117727905932e-01 1.054509818823262890e+00 1.662480485826321797e+00 2.620503675376070873e+00 4.136232467223607046e+00 6.489416385452415170e+00 1.021155678506976017e+01 1.601422398210674203e+01 2.503954023391700900e+01 3.898311393685072801e+01 6.047743661820020122e+01 9.301902771544088466e+01 1.418675352765145021e+02 2.132697470589357920e+02
4.237232516867095455e-02 6.678379095856712411e-02 1.051679556168778618e-01 1.646999398384139113e-01 2.610763394270065874e-01 4.114815103717006650e-01 6.518735444578425131e-01 1.029359556683232313e+00 1.625131999051234288e+00 2.572720276316076138e+00 4.073298614725999300e+00 6.462434908313113624e+00 1.023000607170088472e+01 1.621416138473199453e+01 2.559390623340588888e+01 4.035530146759037962e+01 6.368786695238945583e+01 1.005405448627706022e+02 1.586700718888923234e+02 2.506104293377788679e+02
2.968493751852463447e-02 4.631257072014705045e-02 7.301045855089682846e-02 1.141693530390455180e-01 1.801501769561610899e-01 2.844951793568668563e-01 4.504337684200123704e-01 7.114373179318675966e-01 1.126061937265433244e+00 1.782743674770500775e+00 2.812875620442682134e+00 4.432631400694901913e+00 7.014898873663582890e+00 1.106236299145950852e+01 1.741041299131828168e+01 2.743525867255590356e+01 4.328518589535880778e+01 6.806132784893361531e+01 1.068375702561780685e+02 1.638802133346974870e+02
2.512515833537065646e-02 3.933681917712306131e-02 6.237676463098296153e-02 9.817869742406060141e-02 1.539726698108125902e-01 2.416190487898290939e-01 3.821222101608299226e-01 6.043837989256246601e-01 9.527895577767537816e-01 1.502482360306387932e+00 2.357942755246611455e+00 3.679971098990662881e+00 5.759020762327054399e+00 8.947788351875516355e+00 1.376662653948595505e+01 2.113899229995212181e+01 3.221941796521895185e+01 4.858673506854115942e+01 7.187293922355765119e+01 1.048213746643664166e+02
4.034780612069255312e-02 6.404326325456111135e-02 1.019525817614521657e-01 1.608400743219107198e-01 2.524947365523360077e-01 3.995362571926222017e-01 6.310734776732829232e-01 9.978130661145883096e-01 1.584234664805194370e+00 2.507434678358066549e+00 3.964744088899038843e+00 6.273943378983858565e+00 9.928428717197334663e+00 1.570058357512401415e+01 2.481474200368636218e+01 3.928198644581095778e+01 6.223227180998537733e+01 9.856708783286713071e+01 1.557596862548001297e+02 2.467184546632518902e+02
5.109913244035624302e-02 8.056483365177768974e-02 1.274927276471089499e-01 1.984387601147403757e-01 3.132259641414947282e-01 4.947387411758654707e-01 7.805936364755581280e-01 1.237511070099529320e+00 1.959986675274961954e+00 3.103457118490581479e+00 4.909817398915620856e+00 7.754164847759284385e+00 1.228601963066680014e+01 1.943861480877399117e+01 3.084048373169601120e+01 4.883587343281286053e+01 7.717557571503732561e+01 1.222602362499395952e+02 1.941545708267595103e+02 3.079012656175938787e+02
4.447037718659885286e-02 6.950505546407725888e-02 1.094003732270465434e-01 1.724950798549684805e-01 2.729692371529779393e-01 4.333847999058235700e-01 6.834425643863539790e-01 1.079219884583920930e+00 1.706090598011755333e+00 2.706852361815364816e+00 4.272608298529561921e+00 6.749964896126797953e+00 1.071119753848778089e+01 1.693607584115416387e+01 2.690345589567117202e+01 4.257681264736015692e+01 6.711868972588071358e+01 1.055367988506073971e+02 1.655134044721491478e+02 2.607946699651959648e+02
4.899714928519927071e-02 7.796688701812115596e-02 1.236273373950211862e-01 1.959557424502094136e-01 3.075467717097950526e-01 4.855580708955926639e-01 7.667378543802385593e-01 1.211161472813159889e+00 1.907532149504291397e+00 3.015028143423506890e+00 4.767759133038978803e+00 7.545478305546552633e+00 1.191234198948363598e+01 1.886299572569745919e+01 2.972944926569252289e+01 4.684913391190607967e+01 7.411948641915823544e+01 1.181291936041478579e+02 1.892520664715145529e+02 3.055788068012473673e+02
5.281449809382365856e-02 8.365120942602288778e-02 1.317384229760563130e-01 2.084377480869505916e-01 3.286473130115439290e-01 5.207978905439318851e-01 8.258032658057317121e-01 1.306082748209703936e+00 2.062280727096606370e+00 3.261720399754267419e+00 5.139180895860093301e+00 8.111124541291388823e+00 1.279900240336279182e+01 2.028763463639681675e+01 3.219079469972869845e+01 5.107091262033429757e+01 8.109672273417372423e+01 1.288348989051612534e+02 2.047974098767801934e+02 3.242956414477555427e+02
4.277898641089450393e-02 6.746463689854920176e-02 1.064303798685415359e-01 1.679308022793577493e-01 2.653739067618232639e-01 4.188002993889057279e-01 6.626067257355998663e-01 1.049205614948661491e+00 1.657314867839318140e+00 2.620967799548395760e+00 4.146256369459891289e+00 6.553722202539816521e+00 1.034933735491425466e+01 1.635487167151124765e+01 2.588431852974237302e+01 4.097163572950758237e+01 6.505807260742894016e+01 1.035255771410573402e+02 1.645040048472086198e+02 2.606947802094148869e+02
5.227549579336709940e-02 8.327639898973870913e-02 1.318359124633587953e-01 2.066198219110475520e-01 3.242301093059154482e-01 5.133976192075948575e-01 8.079566386792293997e-01 1.283723839389395494e+00 2.030619496418452741e+00 3.207932918227555774e+00 5.060885543049110424e+00 8.012500680675259446e+00 1.266808963357316031e+01 2.006071001803097431e+01 3.183701820648067837e+01 5.038882910195142983e+01 7.945002546893438478e+01 1.254734310372380293e+02 1.978619141096581870e+02 3.089708893052875851e+02
3.904770150138858753e-02 6.145337824257524062e-02 9.739357477897669924e-02 1.540995387224626256e-01 2.429606905029402242e-01 3.833689156740689441e-01 6.086286023726756866e-01 9.677426384815390747e-01 1.523114894568152522e+00 2.412393583571670774e+00 3.815568491642736149e+00 6.053240877396348196e+00 9.581011026809562736e+00 1.519291711251058530e+01 2.402693181140848822e+01 3.793395754441213796e+01 5.999204603091794752e+01 9.514166697413244833e+01 1.508245618776563504e+02 2.381452037696752484e+02
4.056178139826727147e-02 6.316716259755139617e-02 9.963352468281527763e-02 1.572253960263623185e-01 2.461602743202035981e-01 3.903277346499294254e-01 6.141410450834712265e-01 9.697400828846411969e-01 1.533489092240060359e+00 2.414753870577726502e+00 3.798789385391842188e+00 5.963639197206774156e+00 9.384858485273866791e+00 1.471728217288018925e+01 2.303484207731767697e+01 3.591869674111991628e+01 5.577730855395793697e+01 8.586979672879519399e+01 1.307684866517771241e+02 1.967927750772713864e+02
4.472442823652045263e-02 7.013222581505829112e-02 1.103324101948572888e-01 1.744356181819597396e-01 2.757507868698070297e-01 4.353660688430238679e-01 6.887669923737433919e-01 1.086540868009151950e+00 1.719218464645393851e+00 2.720625881232891174e+00 4.294972456913711767e+00 6.777363631590318960e+00 1.072663907674946415e+01 1.702804526978955835e+01 2.705447449853051012e+01 4.302479547141346927e+01 6.857132089318582757e+01 1.092808685972519243e+02 1.743470210087745613e+02 2.776409725776333630e+02
4.431660367845324799e-02 6.993329240042100992e-02 1.105837933418740704e-01 1.760261466476435999e-01 2.786328474688275492e-01 4.390998317156658004e-01 6.962770082151195083e-01 1.101047995115820299e+00 1.746792080939741254e+00 2.756679258625140960e+00 4.370678504251344521e+00 6.923535403455147730e+00 1.098168745917956812e+01 1.739554651474811919e+01 2.765039835365500664e+01 4.386470060240878865e+01 6.930719742749251111e+01 1.095666848486054192e+02 1.726754423576405202e+02 2.710748582797204449e+02
3.800305236312340185e-02 5.929542971576040600e-02 9.389434932658957678e-02 1.479086828594091685e-01 2.332119010227557965e-01 3.696425641288243469e-01 5.854417256559827365e-01 9.238488511898026445e-01 1.461475000126498003e+00 2.311022947412524786e+00 3.653190627528019263e+00 5.788184573592261017e+00 9.169099287110398677e+00 1.456399704371720816e+01 2.309931309479732420e+01 3.664076175978162553e+01 5.806754519060248754e+01 9.197464582563620183e+01 1.458801751369848603e+02 2.318986660316206496e+02
4.963726184605832259e-02 7.822450883500664531e-02 1.227490931179460176e-01 1.924766060315334926e-01 3.069665029591419625e-01 4.859262551845802136e-01 7.664895720207312024e-01 1.212218801526134371e+00 1.924842330762402298e+00 3.049470391665408897e+00 4.836392123321900272e+00 7.651200324700027977e+00 1.213795019028457034e+01 1.933801878228128146e+01 3.078568198940388356e+01 4.887454746527440363e+01 7.768696588970480832e+01 1.231902715163127198e+02 1.959917134336946845e+02 3.108926339533632586e+02
5.032890048879323786e-02 7.956697507472654252e-02 1.253160980833172289e-01 1.978888219604044707e-01 3.123284758084849955e-01 4.942108492037391443e-01 7.782069567416698419e-01 1.227282977446833456e+00 1.937696331275404305e+00 3.060699122491399748e+00 4.814414037838176341e+00 7.623863665945265211e+00 1.207720447592306812e+01 1.910606425185996216e+01 3.017019101422214078e+01 4.752592716038139997e+01 7.533574598421130020e+01 1.196934134810175863e+02 1.904786807013076384e+02 3.033266409322612844e+02
3.795223265036895555e-02 6.030639139363813683e-02 9.557415018515769134e-02 1.508530352822532450e-01 2.378120553076428223e-01 3.752294812813516955e-01 5.940084092333819399e-01 9.444882450412563912e-01 1.495406561302232262e+00 2.368004979401206356e+00 3.745800672655491326e+00 5.931398986387435457e+00 9.422606068385604772e+00 1.495532930498421820e+01 2.366999946842230429e+01 3.739408805074324960e+01 5.908549938192115292e+01 9.331920300744835117e+01 1.473214455648847547e+02 2.318356024444894956e+02
5.880236141108241554e-02 9.271407235489448340e-02 1.460104894199929504e-01 2.318381342309407955e-01 3.682265314471351303e-01 5.825284539465940270e-01 9.215478280622306784e-01 1.455193772973927935e+00 2.302164310768873179e+00 3.637640064245459826e+00 5.740477818825738154e+00 9.061939235345079169e+00 1.431933117480782869e+01 2.265870865520048483e+01 3.581088481389220135e+01 5.665487448913964386e+01 8.958222222423019332e+01 1.418102962488152912e+02 2.228443005586426295e+02 3.497566768779823860e+02
4.863674253802230396e-02 7.652202128141993853e-02 1.205605392944448795e-01 1.920619635414340109e-01 3.031668831229694661e-01 4.797514187069396030e-01 7.599614258491556029e-01 1.197184410495722773e+00 1.893479844285025138e+00 2.997053004082715688e+00 4.744601387343806209e+00 7.524697965961351542e+00 1.192388980794191866e+01 1.887678257974172880e+01 2.993833980955940888e+01 4.760857748848954429e+01 7.553300069326219557e+01 1.195636895454224913e+02 1.890713667402516762e+02 3.006193928977504015e+02
4.678769962414719430e-02 7.381469034683618702e-02 1.175935475912410766e-01 1.850373490773193907e-01 2.916952702429540523e-01 4.625144724479071101e-01 7.307048987863851153e-01 1.153310262403039133e+00 1.829984029540824508e+00 2.889774027648613242e+00 4.574241853780335987e+00 7.247509833173694460e+00 1.149160769091284351e+01 1.818060365481142071e+01 2.880608452105803963e+01 4.550326867853294743e+01 7.208768519959761534e+01 1.142623488831417404e+02 1.815186165001650238e+02 2.894920312103042193e+02
6.043213960701621090e-02 9.401801718500735205e-02 1.488455262206258567e-01 2.337099040267816008e-01 3.713915936599647694e-01 5.845494637556498674e-01 9.157501596277199951e-01 1.446212699307423577e+00 2.281517587512155387e+00 3.594892350217179455e+00 5.666023874497128077e+00 8.887400007978840222e+00 1.393099876256340508e+01 2.180228904826411451e+01 3.393937903779568899e+01 5.263478206169806128e+01 8.126368439410472888e+01 1.248744922427844131e+02 1.906256974048130530e+02 2.847546074273332124e+02
4.453168004074825603e-02 7.039969057045425416e-02 1.115762101786543781e-01 1.755743368489675049e-01 2.763369305892240391e-01 4.360003464559838449e-01 6.910614082728159246e-01 1.089650147750518272e+00 1.725141433836967053e+00 2.728198083264416596e+00 4.304880195233707241e+00 6.776804786066421116e+00 1.067407594878632437e+01 1.683474977828477392e+01 2.645288492419012982e+01 4.153517808239578812e+01 6.477568498838911637e+01 1.003986755163811750e+02 1.545941986393793854e+02 2.339848522482260478e+02
5.666328289416355801e-02 8.891933448329325529e-02 1.402132928659369782e-01 2.193617452955152203e-01 3.470657552815481495e-01 5.485026915966386696e-01 8.632399329543858357e-01 1.365634763869834956e+00 2.151689014953248602e+00 3.382923148211517628e+00 5.325389347893931813e+00 8.369909986388307743e+00 1.313795370559732589e+01 2.058288906765473314e+01 3.224546567131277186e+01 5.033591801581115988e+01 7.824545144873923164e+01 1.208697072134858530e+02 1.848989703952832144e+02 2.791424706217393918e+02
5.601980436335907143e-02 8.862952086593622880e-02 1.383372540734058020e-01 2.186245050458381911e-01 3.438404470216198661e-01 5.416222056482098424e-01 8.526963657268140651e-01 1.338090890895401230e+00 2.103216253102672795e+00 3.303355452696848715e+00 5.180118491854315721e+00 8.116959531783777493e+00 1.269766055589788323e+01 1.975001601182620448e+01 3.060362521176618600e+01 4.695996641604908461e+01 7.103344065994957646e+01 1.066009074329631545e+02 1.574434030464988723e+02 2.267181945252092419e+02
5.745822898413166513e-02 9.030233951131094727e-02 1.429979200577804477e-01 2.264283610787742873e-01 3.566810851139763372e-01 5.616082572644955917e-01 8.883977410663987939e-01 1.405862237429715833e+00 2.224283799933388650e+00 3.525484553096788432e+00 5.574562006292566707e+00 8.829727659311700450e+00 1.394196189298251909e+01 2.202081006167585997e+01 3.471985585774878302e+01 5.486302602930690853e+01 8.630855452421553764e+01 1.357723047760120778e+02 2.132657302245248161e+02 3.352997043232176679e+02
4.954207039000380064e-02 7.831480477533148132e-02 1.220518353911899112e-01 1.931686420458902376e-01 3.051662973494444486e-01 4.804371216261387190e-01 7.606040355624088534e-01 1.206904891034781713e+00 1.913103210802802323e+00 3.021671810027356742e+00 4.784353429603925179e+00 7.586509346959275035e+00 1.202792679521328978e+01 1.908003185121538081e+01 3.028668274848460840e+01 4.813738296022647489e+01 7.651643825475633776e+01 1.216246787993546690e+02 1.928159028893443292e+02 3.070136882665949543e+02
5.055550585916535056e-02 7.892204224208398955e-02 1.238061218267887398e-01 1.950853546830728646e-01 3.087831922032933107e-01 4.890122003208716706e-01 7.745656353241230363e-01 1.222503216201985765e+00 1.932194923682303056e+00 3.054631977945405197e+00 4.832566007405787900e+00 7.619753441522590265e+00 1.202342441047878197e+01 1.900087249823275215e+01 3.004136602436233261e+01 4.753325247157282263e+01 7.517562597721060058e+01 1.190790702911360057e+02 1.889435421195271374e+02 2.988614458603657908e+02
4.348870477765842679e-02 6.904218226391378721e-02 1.082326935861601669e-01 1.720587373509800955e-01 2.718980328835840510e-01 4.288321326036310666e-01 6.771594291108442576e-01 1.070132324788033884e+00 1.691012584100235472e+00 2.669975683514152820e+00 4.214367283398701147e+00 6.636566342131473561e+00 1.044453458089402886e+01 1.638035637034479919e+01 2.574108062738170588e+01 4.019853565990611344e+01 6.257039421463854012e+01 9.676371969107952964e+01 1.483778330849213489e+02 2.251615588793344784e+02
4.736178329942219989e-02 7.461999604721825108e-02 1.172033653699458000e-01 1.848116920350832970e-01 2.905896088883395123e-01 4.604334898664461662e-01 7.302900561122669387e-01 1.152949200049675937e+00 1.835356683197318262e+00 2.908475589872935529e+00 4.596122536228378408e+00 7.266353124778689221e+00 1.148394293298254354e+01 1.815326068366603351e+01 2.882460066578423152e+01 4.575658521680553292e+01 7.260885812556743701e+01 1.149482463320532446e+02 1.823941061968156419e+02 2.893838738154734642e+02
4.311463734596543418e-02 6.736025314592097857e-02 1.065621694819185450e-01 1.679826799757364597e-01 2.671936221404109801e-01 4.209260005318213871e-01 6.615178532188963345e-01 1.047660564817718409e+00 1.654877435888565174e+00 2.624945631800642332e+00 4.147195313597549671e+00 6.560508909393902854e+00 1.040752449743061447e+01 1.646913150571626261e+01 2.603046997301971999e+01 4.133797439824421360e+01 6.560363089080840382e+01 1.042933068251483206e+02 1.670193870530105471e+02 2.683721282645785777e+02
5.003734680431648485e-02 7.913556106537100732e-02 1.251921973940710586e-01 1.979356638460956219e-01 3.104178966443953414e-01 4.910239811949139721e-01 7.773287960579864375e-01 1.230590147582518057e+00 1.946758356331102391e+00 3.083165012003533434e+00 4.860909218710176560e+00 7.683370000959655499e+00 1.212051159220200702e+01 1.916516579134086840e+01 3.033498945915791012e+01 4.799874941603361833e+01 7.597328454003449849e+01 1.198432356982908402e+02 1.882983320744117464e+02 2.949616501542956257e+02
4.554570402704882781e-02 7.210405410027931339e-02 1.135740982095114759e-01 1.801291615974918159e-01 2.837045471295738253e-01 4.490859291524600394e-01 7.087261993947464589e-01 1.123031834854955946e+00 1.775153220993985315e+00 2.812096215186855375e+00 4.463087182000734288e+00 7.044370185164211762e+00 1.112174115974229949e+01 1.759203162117744057e+01 2.783869030049969240e+01 4.412312289071965665e+01 6.978713584603782749e+01 1.106079329484704630e+02 1.755910723284394805e+02 2.743286059540782844e+02
4.128383039996208481e-02 6.521996767664006711e-02 1.026910241958916004e-01 1.618071150186608520e-01 2.551478210163793392e-01 3.999577381898973272e-01 6.337488368012742512e-01 9.978621070402482474e-01 1.570877007555353089e+00 2.474900265077806694e+00 3.879514614281447393e+00 6.078628917972380918e+00 9.526155325579424016e+00 1.486558348274101604e+01 2.321117111024493340e+01 3.608169772600508907e+01 5.585498331296787455e+01 8.622388615423585634e+01 1.325361278680633177e+02 2.015080567927664674e+02
4.074289006196352148e-02 6.379844556633429420e-02 1.009603421709073245e-01 1.590412438691117814e-01 2.524646493906033129e-01 3.988696917402592135e-01 6.297595907174979857e-01 9.959699669407626743e-01 1.568154034518713047e+00 2.485205365757963136e+00 3.934959626858031356e+00 6.218456862454871725e+00 9.809456623747252024e+00 1.549112452881490753e+01 2.447149741410052570e+01 3.865928155601810090e+01 6.094621899575480484e+01 9.664639314980854579e+01 1.541167932445166855e+02 2.449421938922978086e+02
5.113406620348825982e-02 8.103653892278828152e-02 1.286512513190132267e-01 2.011239587110935645e-01 3.176793142926186420e-01 5.026372159988454769e-01 7.910795218016630770e-01 1.254218297983655361e+00 1.981558420444471835e+00 3.127460385068772553e+00 4.959983051599849091e+00 7.851473204227986002e+00 1.235869618407545545e+01 1.951138343174130796e+01 3.080387139719762501e+01 4.877141271164235548e+01 7.699554996323514899e+01 1.219071115713703364e+02 1.930050718924531168e+02 3.042392930189777758e+02
6.311872742890045629e-02 1.005587197945345679e-01 1.577386839951060438e-01 2.464503193721583330e-01 3.893231368136440551e-01 6.161524550610266715e-01 9.756142123922728615e-01 1.547804941903123677e+00 2.448382160098532268e+00 3.879719753615475497e+00 6.149705040906709996e+00 9.733419695837753238e+00 1.541757560705907792e+01 2.448997087326081612e+01 3.882035660688774215e+01 6.143079785394587589e+01 9.722391953339320025e+01 1.536270927888068343e+02 2.416304540155753102e+02 3.803162085575303308e+02
3.429438215196967121e-02 5.383742216602627195e-02 8.481967180408389595e-02 1.336225876550969360e-01 2.120948330466490006e-01 3.355753924146540612e-01 5.265957919236399221e-01 8.308219726390291271e-01 1.317354348523309682e+00 2.086926339925554430e+00 3.302912816192119294e+00 5.223368069901610511e+00 8.273176924104390650e+00 1.306662161263432154e+01 2.066265462261029029e+01 3.271713577570973541e+01 5.193019236172273168e+01 8.226047798882001416e+01 1.302473907741413086e+02 2.044238836664525820e+02
4.604208034535872685e-02 7.182001172952823254e-02 1.135284523190307482e-01 1.791589639595656536e-01 2.825840363234704000e-01 4.455168036461714109e-01 7.020474770134796927e-01 1.104503749780292310e+00 1.751107486931260837e+00 2.755639279479268566e+00 4.350277043952104350e+00 6.844239295698727688e+00 1.076722760892002384e+01 1.690589358780438545e+01 2.648752335830734239e+01 4.139397465668135112e+01 6.419162549696089570e+01 9.849986637538160039e+01 1.495868943502256059e+02 2.224079421401524996e+02
5.320936858740310527e-02 8.374897099166389580e-02 1.320047962694701482e-01 2.083932781183506222e-01 3.289870634428382346e-01 5.202175555701131771e-01 8.206136669634389591e-01 1.298360240193943582e+00 2.054557957155353165e+00 3.252790899651628820e+00 5.134789979705786322e+00 8.122970650409087057e+00 1.284247309074908117e+01 2.041726273935782388e+01 3.239171581847429593e+01 5.139550629210961574e+01 8.149052899828916452e+01 1.295138098053692488e+02 2.053173968749719904e+02 3.262258672222421296e+02
5.709613923150413939e-02 9.012170956334841776e-02 1.416846369983915110e-01 2.236709108742189756e-01 3.531770537977649838e-01 5.561129550395804699e-01 8.798107366938268115e-01 1.394818146409392057e+00 2.206273196793503644e+00 3.492350326427967389e+00 5.510609104923574364e+00 8.719750156377287453e+00 1.373122441403020844e+01 2.164560075397128003e+01 3.417113387748960918e+01 5.403349679134741734e+01 8.569142557952278594e+01 1.360387421989627512e+02 2.167556946818232291e+02 3.471702397508177000e+02
5.410328183154433646e-02 8.638897439371362452e-02 1.343105656425933603e-01 2.125717690430803941e-01 3.362958379437230860e-01 5.283085258316333466e-01 8.366342793235475028e-01 1.322910037735297806e+00 2.088799067253646058e+00 3.297022494346563803e+00 5.210951174744863579e+00 8.238891270479314244e+00 1.303616839998358046e+01 2.060883845837197725e+01 3.258063871906318809e+01 5.161408479983843733e+01 8.185195845945760595e+01 1.295920062690229599e+02 2.048394611139412405e+02 3.230922938342268367e+02
5.915262604823112724e-02 9.282057870788662512e-02 1.463711468077093514e-01 2.325624627872713290e-01 3.658340252103897683e-01 5.782125485706046675e-01 9.147867881356717135e-01 1.446773081784456849e+00 2.293480360598962875e+00 3.629623755627790160e+00 5.737896258062420429e+00 9.096522555484455097e+00 1.437534680170480783e+01 2.277656237139538575e+01 3.604931678557582586e+01 5.705091852386762241e+01 9.033139743023055246e+01 1.431946645317240439e+02 2.264141023973302538e+02 3.587043483449343739e+02
4.724945176006656311e-02 7.524630517313823930e-02 1.176859625289381484e-01 1.855697578496062761e-01 2.926318402655567752e-01 4.643561313298079085e-01 7.313150066579794384e-01 1.155464983726275818e+00 1.836086242774712218e+00 2.895681369692638896e+00 4.585905392934009228e+00 7.265661251394263331e+00 1.153504388816833170e+01 1.830399439758711821e+01 2.906406540391056126e+01 4.606665676990691338e+01 7.317302372768224927e+01 1.159801576829572411e+02 1.840129252074245869e+02 2.910461653166086080e+02
5.355735088087953955e-02 8.446377956916251151e-02 1.330249748574772184e-01 2.096877231940510455e-01 3.315490056358214588e-01 5.241721921616573354e-01 8.267771124232012880e-01 1.302930344153622855e+00 2.063330194184132438e+00 3.264736300929698132e+00 5.177039433784230482e+00 8.206437953441820810e+00 1.298629882691761850e+01 2.050999752008235077e+01 3.244685223723286072e+01 5.138428290363495421e+01 8.134823062027363960e+01 1.286030117274163445e+02 2.028550793799721816e+02 3.192984339291274978e+02
4.920187744906456828e-02 7.791842554060224302e-02 1.240167725800489507e-01 1.945797142833640692e-01 3.057029715437948880e-01 4.826677973806852151e-01 7.628048586632587558e-01 1.209332033028914566e+00 1.916484581015041044e+00 3.043159956026300961e+00 4.827178220797364361e+00 7.654300351341504438e+00 1.208406549524822537e+01 1.911368777269755981e+01 3.023894606060700596e+01 4.801366533049996121e+01 7.622862148281005545e+01 1.209671263506856178e+02 1.914525027747262129e+02 3.022138579650061843e+02
6.354853117450431910e-02 9.954626578921477176e-02 1.569652925225568652e-01 2.460500556096576474e-01 3.897993460967654755e-01 6.154899382646163986e-01 9.752367243216326642e-01 1.544406163572858759e+00 2.440756857409610348e+00 3.867359324783706143e+00 6.137002919892168507e+00 9.728085003516127927e+00 1.537594801705569125e+01 2.432238002057503934e+01 3.852372188520732266e+01 6.118356756495361992e+01 9.721064075946027572e+01 1.547079587394119642e+02 2.471828308580068096e+02 3.953087357262945716e+02
3.970417425389882737e-02 6.265720214813086386e-02 9.881812903510933666e-02 1.554253372483174189e-01 2.459847743050573854e-01 3.881388058373147487e-01 6.121199623997455319e-01 9.700522928544472734e-01 1.530416357495411717e+00 2.425915719780846302e+00 3.843586077119354627e+00 6.102050936011693238e+00 9.692069290266530857e+00 1.541116598669181315e+01 2.455022403750849946e+01 3.921466098394121502e+01 6.260571907074805154e+01 9.969640568338712683e+01 1.581857503883047116e+02 2.514023905114202364e+02
5.359982758731973718e-02 8.491791476225785118e-02 1.333736447587199336e-01 2.109614990678920776e-01 3.330083612018199801e-01 5.273539922108341216e-01 8.340154627710916202e-01 1.313139897784495247e+00 2.082745895508793410e+00 3.295614911417587223e+00 5.211382745011704287e+00 8.246756784426537479e+00 1.304744633681318078e+01 2.063768915483179001e+01 3.282246520947840907e+01 5.209478430970921181e+01 8.240768262502984953e+01 1.301700293597604912e+02 2.060226122218971341e+02 3.254158650503337071e+02
4.999670761564800614e-02 7.860537067145401124e-02 1.234617035592719958e-01 1.946296778084359858e-01 3.089563429410731032e-01 4.891100751969048588e-01 7.732785685756624616e-01 1.220479829211583933e+00 1.934304662965985244e+00 3.065450719916555045e+00 4.848456663398351907e+00 7.677229366972127877e+00 1.218907851543070819e+01 1.931031965946122853e+01 3.065936361721388437e+01 4.853502123821616010e+01 7.672612034249944202e+01 1.211618646902353618e+02 1.922622390674386850e+02 3.050468669735236062e+02
4.116623792766915813e-02 6.390257540687116489e-02 1.011618431039522648e-01 1.602240411758799610e-01 2.522482004165880198e-01 3.994324039390448888e-01 6.317191355778248862e-01 9.973386117131752826e-01 1.573339329691904709e+00 2.496221145484412318e+00 3.946531569499114767e+00 6.228533283196370007e+00 9.882398210394157445e+00 1.562285488348763351e+01 2.489139245623931629e+01 3.965193505721465783e+01 6.309133748896272209e+01 1.004586572579375883e+02 1.601428853599728654e+02 2.558325716032418313e+02
4.086890468771287033e-02 6.402325708681644301e-02 1.019981187476446394e-01 1.622073908446139967e-01 2.550048258645034593e-01 3.996141250367060138e-01 6.320158601039906898e-01 9.939400234468678264e-01 1.568628817917883111e+00 2.462911340323586273e+00 3.866894061720913101e+00 6.056631552784722317e+00 9.465880595143275400e+00 1.476061450885231352e+01 2.289230642799280702e+01 3.535252170329454202e+01 5.403373462263377291e+01 8.148450070156486902e+01 1.214038736654270707e+02 1.791635338635957169e+02
3.718531293368698698e-02 5.926371758749837682e-02 9.316542981528641576e-02 1.467726621394405129e-01 2.322821335943956456e-01 3.683090968373079477e-01 5.802736916349431340e-01 9.153144446493826081e-01 1.450220699698917315e+00 2.285183898922099388e+00 3.588502364978566561e+00 5.647910189676167647e+00 8.858500841364076450e+00 1.393631906744417392e+01 2.174759274796058151e+01 3.371976954183507758e+01 5.212301371383061621e+01 8.030042114425707211e+01 1.223368724503035168e+02 1.844248985571327921e+02
2.663804887002640953e-02 4.159279146368533020e-02 6.508185916544562133e-02 1.029994870958148567e-01 1.626207131046442100e-01 2.555614948437892053e-01 4.026721583650783032e-01 6.319136427360092512e-01 9.913469406570243336e-01 1.557868526853440017e+00 2.430663611047847894e+00 3.787612109543104566e+00 5.867642036987362530e+00 9.031438115700836988e+00 1.381378704584568595e+01 2.086321428597173622e+01 3.130279196869386737e+01 4.591340681013384994e+01 6.536672602016497535e+01 8.978892868123655546e+01
5.227400585177122139e-02 8.215468554901406151e-02 1.280484783097932677e-01 2.018245610929767508e-01 3.180758008301154405e-01 5.027024623368134826e-01 7.896618178081240558e-01 1.245298351785038449e+00 1.964850158491415755e+00 3.095486373517175593e+00 4.885317488891516291e+00 7.665978236650104805e+00 1.202533276114752425e+01 1.882537474055388316e+01 2.935497113065585495e+01 4.554359406762249307e+01 7.031166244031864210e+01 1.080123255846109203e+02 1.643530573870026785e+02 2.454155748560806387e+02
3.845897060796232836e-02 6.132069265046879991e-02 9.618038495580094605e-02 1.513511397837135064e-01 2.374406929791774701e-01 3.772949663327409553e-01 5.990539902898603941e-01 9.467792775299699315e-01 1.500288160268468118e+00 2.375380142745271428e+00 3.757210977884511749e+00 5.934519844631978458e+00 9.372494038729684007e+00 1.484342100668358455e+01 2.347459708508043263e+01 3.725110231568781671e+01 5.913401464231711202e+01 9.372447751255405990e+01 1.485463538794186888e+02 2.365709502062384786e+02
5.443676799522734200e-02 8.587513038199290349e-02 1.338645786226777545e-01 2.119486906887146915e-01 3.332919245898295912e-01 5.264612972317195272e-01 8.299883079015302201e-01 1.310485381329982602e+00 2.063771167021712927e+00 3.239654782183919224e+00 5.084661170596262991e+00 7.959430548043357589e+00 1.249469403286445868e+01 1.956286768420477529e+01 3.058652008921271204e+01 4.764813554324284439e+01 7.345564601878950839e+01 1.125717677488780595e+02 1.718564087053286471e+02 2.546383074060473177e+02
4.023583102645034160e-02 6.257175464871522763e-02 9.898980806872259564e-02 1.564101468580076926e-01 2.451364359226744227e-01 3.860782284440773537e-01 6.088987644314443060e-01 9.558478721955339097e-01 1.513335038550067679e+00 2.377184412937893399e+00 3.735974230000437046e+00 5.859838646320937983e+00 9.180281401776753114e+00 1.438010879188554725e+01 2.237395414883494027e+01 3.468315517622276900e+01 5.318762024237764763e+01 8.066581765224923117e+01 1.205304740537855679e+02 1.783104606298589943e+02
4.642882051709307234e-02 7.302994940738471996e-02 1.146986175695872134e-01 1.822662226280726827e-01 2.884424126800979593e-01 4.539710860071721754e-01 7.189222957550498450e-01 1.137429214273964817e+00 1.797993163415114282e+00 2.855057599959067716e+00 4.538045493319160073e+00 7.166556584781787365e+00 1.134072541957660007e+01 1.795990059087162649e+01 2.848640649001508507e+01 4.520991605438690897e+01 7.149326184511564009e+01 1.129403382691436093e+02 1.787738238811712392e+02 2.827734586716753711e+02
4.969704301818467229e-02 7.788629526707779860e-02 1.226922218992996250e-01 1.922047891579978796e-01 3.057748632828065638e-01 4.842942710558872932e-01 7.647533912585799953e-01 1.211330455146267582e+00 1.927037165050052181e+00 3.057822930052736865e+00 4.842584965437666256e+00 7.660189513377815729e+00 1.216546062371303094e+01 1.930309216456718957e+01 3.066025523828078292e+01 4.878013899025694400e+01 7.759784767958582563e+01 1.234842929430446787e+02 1.960170884159214779e+02 3.117871235239121575e+02
4.570268213907979771e-02 7.126355886903468217e-02 1.135732016819446244e-01 1.786287506219252919e-01 2.826575319297432998e-01 4.440291987490212477e-01 7.051236534867939554e-01 1.109860340912220522e+00 1.747822321635752019e+00 2.769406478315147524e+00 4.377216532072367272e+00 6.925203165581891085e+00 1.095544736663462970e+01 1.726849261186686135e+01 2.732551116440862415e+01 4.324982420828847296e+01 6.852269292150087665e+01 1.088613221548915391e+02 1.730420974921104289e+02 2.759561441991210131e+02
3.442322679549647546e-02 5.431461184512897944e-02 8.540839819724510562e-02 1.349484731935319815e-01 2.129266396539151174e-01 3.351093539199752058e-01 5.286857212097118008e-01 8.324688494440977138e-01 1.314622069128347448e+00 2.067581475978812477e+00 3.247661955971750558e+00 5.110870128916602084e+00 8.007017234693861951e+00 1.253211406515173110e+01 1.951985705605237342e+01 3.038647296162930900e+01 4.688776934616188896e+01 7.160567701610014524e+01 1.086483290127453216e+02 1.632265560450993291e+02
4.503257425299977967e-02 7.037791098871082340e-02 1.125164235438376181e-01 1.769278747557763154e-01 2.808921338337171392e-01 4.449945494309019978e-01 7.017649657909998950e-01 1.111523246048776059e+00 1.755486268643892345e+00 2.773718655550666767e+00 4.404050814005543657e+00 6.967791052347550362e+00 1.102512349691959059e+01 1.742868908115674742e+01 2.759202018198705275e+01 4.369307018526194497e+01 6.908686579324508159e+01 1.090415621229126089e+02 1.724621885020272316e+02 2.706679625087363092e+02
5.535811276524782443e-02 8.755075335238871048e-02 1.369755886512535881e-01 2.174402413143781132e-01 3.415575912113411050e-01 5.390541654676326289e-01 8.560159376753944116e-01 1.359076692392264363e+00 2.152031390597173299e+00 3.404880402433363429e+00 5.388803177743767492e+00 8.543233641893309027e+00 1.352303476406909510e+01 2.139381078685723026e+01 3.388456344621357630e+01 5.388957011028030308e+01 8.564138922072207549e+01 1.357235311251605197e+02 2.152767746534949254e+02 3.414212460270836118e+02
4.962515462121075416e-02 7.793570756851408987e-02 1.219916517593020444e-01 1.947036697127373372e-01 3.066806564930146806e-01 4.830155671410665263e-01 7.645637357439767356e-01 1.210075613899704194e+00 1.917078530547584592e+00 3.030075516151015336e+00 4.781574302045484615e+00 7.575333080043634482e+00 1.195716821707596011e+01 1.882564639911365134e+01 2.971793753474251787e+01 4.686160546846578256e+01 7.387757946957262334e+01 1.162682629362910518e+02 1.821602615036860868e+02 2.851209118732433581e+02
