# th, boost_factor, err_boost_factor
2.805046135754908576e+00 1.043872550553382350e+00 7.311796131116675423e-04
3.531343861556885511e+00 1.038114152925980971e+00 6.977071088876565883e-04
4.445698525097307119e+00 1.032958387561665026e+00 5.710226244413388287e-04
5.596802846420849242e+00 1.028420227780423968e+00 5.357311571899569169e-04
7.045957328161136068e+00 1.024078358276318435e+00 4.575560380500285360e-04
8.870334730839386950e+00 1.020763619438257663e+00 4.279925273643800073e-04
1.116708980377407912e+01 1.017216866323226609e+00 4.019289317297019821e-04
1.405853312975872704e+01 1.014503155114773403e+00 3.918074752985406355e-04
1.769864460960344488e+01 1.011865607459765837e+00 3.584204801077813581e-04
2.228127345334364406e+01 1.009345353511535315e+00 3.502710919690190240e-04
2.805046135754909287e+01 1.007234752945111111e+00 3.396926883427203877e-04
3.531343861556886310e+01 1.005558641285989152e+00 3.342956642316252387e-04
4.445698525097307652e+01 1.004138246438358362e+00 3.468053166485874478e-04
5.596802846420851552e+01 1.002848616252439262e+00 3.608285415675467167e-04
7.045957328161136957e+01 1.002007375840411774e+00 3.871492498510139451e-04
8.870334730839388726e+01 1.001412766034294188e+00 4.450516712480540125e-04
1.116708980377408125e+02 1.000997246185219014e+00 5.094916750303740910e-04
1.405853312975872882e+02 1.000745733228659562e+00 5.864949448635899424e-04
1.769864460960346548e+02 1.000521402537496218e+00 6.772842323509490302e-04
2.228127345334363838e+02 1.000256619587710061e+00 7.676123680243444880e-04
