# gts for all jackknife regions
1.046980242754945007e-06 1.500024203292914006e-05 -3.146113831528571137e-06 2.088549966825550944e-05 1.071245765009347584e-05 1.185330630707830712e-05 9.826388172742754224e-06 1.112660784702067914e-05 1.010406392046861415e-05 1.288842909289379276e-05 1.883795116602109788e-05 1.778703174800775087e-05 2.959163401912444819e-05 2.772157835479303702e-05 3.732735854718181555e-06 -3.074803288899205777e-05 -7.754943908756354871e-05 -1.470615620642294489e-04 -1.868429620070592701e-04 -1.691574651852863350e-04
9.516014440685601069e-06 4.485858035752817507e-06 -1.839581056561273285e-06 5.443653281309960174e-06 1.595548274499679773e-05 1.269996479929087901e-05 1.855772852001810397e-05 1.340919834557859350e-05 9.873238505027251587e-06 1.075266927990101735e-05 6.041942667859492375e-06 -1.027133857653727457e-07 -4.504950891060367097e-06 -1.616409206881258198e-06 -4.427338877470091686e-06 -1.359905129923433717e-05 3.167950544808488875e-06 3.297736564202516119e-05 9.678257098715062335e-05 2.276051604850232201e-04
-1.608528854469853359e-05 1.273553351768326655e-05 8.687005388763828547e-06 -6.743372728863685676e-07 -3.660679246589890948e-06 7.659090732162637013e-06 2.140450179136195501e-05 5.515503063061811974e-06 7.184832508604334279e-06 1.879043816953089610e-05 1.594039524137910133e-05 2.528208047482287033e-05 3.608640437220341239e-05 4.771056557237640986e-05 4.109683827882738968e-05 3.131687540492063428e-05 1.009532927720543338e-06 -3.983156659214937837e-06 -2.056818301434870511e-05 -3.213677909158666011e-05
-1.490866121252222926e-06 8.134116344129561915e-06 5.204507854458526680e-06 -9.257861476730333543e-07 4.097741490254439496e-06 5.780626921532238985e-06 6.027583044651405192e-06 -6.456762008317264019e-07 -5.984560186638438003e-06 -5.370608814891632493e-06 2.783270168195217260e-06 1.107118641210278811e-06 -1.182511518969685275e-05 -2.588185731270250335e-05 -6.172261419059026262e-05 -9.153670499911617292e-05 -1.249380847396945658e-04 -1.642725319435694900e-04 -2.370733339469001605e-04 -3.179613309557042080e-04
-1.420869498041570684e-05 -4.035792354774543098e-07 -1.705688743822560646e-06 -1.325992809555829449e-05 9.247267939755518893e-07 9.668813992127963395e-06 1.594879432854773158e-05 1.737601877425226153e-05 1.910805349019117249e-05 2.335657650048292229e-05 2.637573190221478600e-05 2.361095911173323003e-05 2.027857291342911156e-05 2.162216864984416864e-05 7.269578681571648021e-06 5.824992389499523652e-06 -1.922447042321569894e-06 -2.175507342700304481e-05 -2.908371721546958679e-05 -2.997217865022923020e-05
-1.508896367967729679e-05 -4.343300783952248385e-06 1.058236945673276974e-05 -3.081498572921897491e-06 -8.182295536593035189e-06 1.140891584167844493e-05 1.219406565667193662e-05 3.448844851563802155e-06 -3.440403359119460052e-07 1.777896833517865488e-05 2.126315192118239706e-05 2.279667043055568949e-05 2.149781697832546965e-05 4.479888522724906802e-05 8.104953137108094165e-05 1.084052020122234670e-04 1.423127352217733979e-04 1.134249308992886333e-04 6.254306782274720211e-05 1.484646099645206584e-04
-4.113412687695756507e-06 2.740120448296274323e-07 4.461142329139767286e-06 4.673594750291604051e-06 5.551714877666111160e-06 1.953271625244310693e-05 1.089364711427906665e-05 8.641067120809362321e-06 1.018036869000808462e-05 2.664097990362342897e-05 4.102418173171985442e-05 5.190279284805978695e-05 4.682105263836142052e-05 4.186144194333046034e-05 2.960606193812148566e-05 1.597455502480025875e-05 2.158625034211317289e-06 -1.174557127453708371e-05 -7.204475290673052203e-05 -1.168561385597973915e-04
-5.575277061991049213e-06 7.490859128575368838e-06 1.267273203368146794e-05 6.808197200705788825e-06 7.575335972916684218e-06 1.198877679345678484e-06 2.120421413530120144e-07 2.394761637540341793e-06 9.992161769887609570e-06 1.736256010436435177e-05 2.026246945577251800e-05 2.282941507290053742e-05 2.771404961238508837e-05 4.095613395686136291e-05 5.008295287211066220e-05 4.132325908988506867e-05 5.667287172965254253e-05 1.152769228856462936e-04 1.851619193191645610e-04 3.320054589579247420e-04
1.128188424007380700e-05 1.138627236238759810e-05 -1.039774590355629668e-06 1.018648964266040715e-05 1.751586003862705634e-06 7.802232637121752663e-06 3.701849064525123493e-08 8.762376119405487841e-06 2.711235936325333389e-06 1.451992502156494569e-06 1.468094260431167200e-06 4.152424189942247726e-06 5.404148482140040765e-06 -1.766212067296387805e-05 -5.331486383813100930e-05 -7.762598361866883141e-05 -8.364360836485104807e-05 -7.247358862446763117e-05 -4.049437675198033033e-05 -3.457240255997217363e-05
-1.551915972631970350e-05 -1.635738192016510613e-05 -2.481370008279109679e-05 -3.460343819280681520e-05 -2.332004403433851649e-05 -2.507786473859952383e-05 -1.771108254931845542e-05 -1.496889448703352129e-05 -1.119067360647834029e-05 -1.126299149243773778e-05 -1.565625583795810197e-05 -2.224044060928242445e-05 -3.171570368057481865e-05 -2.585745138549941605e-05 -2.315372889497839157e-05 -1.366671872681456735e-05 -1.701641550212664323e-05 -4.524566883017467950e-05 -3.829318147219719277e-06 8.815679239663517912e-05
-4.755632266523971818e-06 2.516995024347822593e-06 -2.076120703147165775e-05 -1.659537233431376406e-05 2.191921372679303645e-06 -5.052211649590962077e-06 7.107583879520260346e-07 -4.277397820580597086e-06 -1.018065999071009961e-05 -1.167115730856978455e-05 -1.410049091435453433e-06 1.923088921551109494e-06 -1.162967242675877968e-06 -2.265326895546158526e-05 -4.057957592919129948e-05 -3.671593113062567731e-05 -2.512605242835932884e-05 -4.061623874935216228e-05 -6.016983455132732906e-05 -5.464441584051627811e-05
2.640480165351695181e-06 1.700625166728999383e-05 3.478938421072625226e-06 -7.133939813805680697e-06 -4.311806596440452423e-07 -4.291480691349355202e-06 -8.015830743599749097e-06 -7.879486981486154352e-06 -8.206474173226028546e-07 6.607780486127684939e-07 1.614126113757387911e-05 3.080701810904832357e-05 5.137595332726764091e-05 5.350892996574252561e-05 6.417607796909856116e-05 6.136160321382502466e-05 2.598395558791404987e-05 -3.602844872649650659e-05 -9.271116438707804712e-05 -1.214598476152577031e-04
1.563380706945543633e-05 1.671705741831112951e-05 1.791124604406976701e-05 2.004782386032605632e-05 2.395861054033979843e-05 1.917697438139424860e-05 2.541988139698971754e-05 3.062681464631256063e-05 2.284488127304469936e-05 2.157345395750721005e-05 1.077120811049865283e-05 -1.702185027813943335e-05 -3.846087897765938291e-05 -5.889077996784974027e-05 -7.768351421247336383e-05 -5.911692385775012921e-05 -4.048685221471894454e-05 4.522762416258375203e-05 8.814437617802124345e-05 7.215592713721249204e-05
2.338399599382080736e-05 2.380172618730945811e-05 2.055799450861364098e-05 1.376363895913957600e-05 1.464699297838271686e-06 -1.466268417767634555e-06 9.588438711052004745e-07 2.827456084099323901e-06 9.400592228222699799e-06 1.311845945243498756e-05 1.181291175151138002e-05 8.062177447136037413e-06 -3.705546496483842616e-06 -2.685277782825568308e-06 1.344321122512232495e-05 2.424591584077529359e-05 2.899548382326421066e-05 2.805634444626048537e-05 7.934803465287365248e-06 -7.220085267804117750e-05
-9.421118890861741689e-06 -1.124591433005954417e-05 -1.955264812604912800e-06 -8.569428308175430949e-06 -8.455519693144156483e-06 -6.628163705753897725e-06 -1.016442142624468500e-05 -5.227722009395254846e-06 -1.277116721778869164e-05 -1.267137127521777684e-05 -2.190854822803098997e-05 -3.396548664897887040e-05 -4.735125732937814412e-05 -6.688894445585923706e-05 -8.842705778835501917e-05 -1.137256965356818472e-04 -1.468109324919199016e-04 -1.796911605122749375e-04 -2.344101485333443158e-04 -3.219582668653249327e-04
-2.890108544062021262e-05 -1.756028425588420625e-05 -4.595331388310896463e-06 -2.074359072328954998e-05 -2.095981681830348287e-05 -2.226803970797241184e-05 -5.331783607881144517e-06 -7.661471948818129939e-08 6.739926608227347461e-06 1.372147821521691847e-05 1.580221038650494203e-05 2.431937759945780033e-05 3.178808447812557308e-05 3.276488925347817232e-05 3.491274892195744307e-05 5.836738901802121157e-05 6.861178962536240819e-05 6.929859533670336945e-05 6.457712837999066786e-05 6.648895708998104411e-05
1.986170976970147637e-05 1.541890381676100675e-05 1.872754443344764377e-05 4.150369766744420747e-06 3.242248515477513949e-06 6.525761478502516562e-07 4.212037676881318673e-06 4.045871681756047805e-06 -9.425277289388474174e-06 -1.727987590012602131e-05 -1.809723126174684666e-05 -1.534324385545162469e-05 -1.290018933969772914e-05 1.502523452383814569e-07 1.965306670959474013e-05 2.681643617763061334e-05 2.263144230786203571e-05 4.967445694284409633e-05 7.809612955120578774e-05 1.137837750265171979e-04
-1.149268973824523884e-05 -4.239197246902445384e-06 -9.305145102806313730e-07 -3.220865963108287797e-07 9.598307723782179265e-06 3.733379090292903435e-06 -3.816812492041099445e-07 -6.706545897770762735e-06 -5.840404012951599127e-07 8.051860751663663412e-06 2.034421062902894850e-05 1.627418000910551551e-05 2.008358307945007647e-05 4.643785606109497978e-05 7.209073015769568084e-05 1.134301952115897890e-04 1.851596766642322220e-04 2.639311908309977775e-04 3.233802885579757018e-04 2.753741229354497396e-04
1.433251796774597435e-05 3.217414790123564711e-06 2.771842383545015183e-07 7.111260055745531765e-06 -6.575423269303989318e-06 3.003996595152516318e-06 4.174883108183157075e-06 9.423508164949611217e-06 2.577409631749406028e-07 7.808321298542173533e-07 -4.099616294293140867e-06 -7.790061728645302142e-06 -1.693652951308405720e-05 -4.967951014196802606e-05 -5.840670755635575306e-05 -6.240935794359840465e-05 -7.258101081577399171e-05 -8.811896093937649106e-05 -8.998126038353023944e-05 -8.145332889774445557e-05
-5.274388554495513895e-06 -1.265414332948683012e-05 -3.121946030453477324e-06 8.054050521753587508e-06 3.768226425234641060e-06 7.096527577629179598e-06 5.034581665061597850e-06 1.241293036597146391e-05 7.404704549036628142e-06 3.815697111062605003e-06 1.619927870987268430e-05 3.094705030659980146e-05 4.124953320721521521e-05 5.438068068541257390e-05 5.855961093621366649e-05 7.100374393799579868e-05 7.950540675990712056e-05 8.387381318658978992e-05 5.729908414422748262e-05 4.207305104026947914e-05
1.556751649050873977e-05 3.616826349354797974e-06 5.823097102207181784e-06 -1.263915974679352877e-05 -6.677004387657713155e-06 -6.423228776635389866e-06 -2.269159390135968782e-06 -7.292745048421457768e-06 9.412282601203984339e-07 5.955720369654438075e-06 7.560819119329808474e-06 1.405802579317603948e-05 9.601148523441439914e-06 3.571990960808038015e-05 7.213592108917442835e-05 1.300867686198552771e-04 1.719307079628812330e-04 2.315342663053694759e-04 2.922917172645629266e-04 3.336230370759859045e-04
3.960297030057018824e-05 3.030165393614361158e-05 1.714268314311704274e-05 1.235077439049033471e-05 4.434378343230003490e-06 1.136870312430776179e-05 1.167623446682896954e-05 -6.388958937930779689e-07 1.490001951664947747e-05 2.016373291911877037e-05 3.142425051954215250e-05 3.605827846395205096e-05 3.731745177345229528e-05 3.069926330547116834e-05 6.253581329244409737e-06 -3.345546818882483086e-05 -1.003016117831418878e-04 -1.850620965633239037e-04 -2.580005473326873479e-04 -2.763564436022020177e-04
1.916893502903127953e-05 1.171605739341493038e-05 2.118372699906139839e-06 6.747851596625559642e-06 5.186394196286009704e-06 1.320921639717308077e-05 1.568590662324750474e-05 1.127327415897078423e-05 1.319521068216835277e-05 1.740679055250352167e-05 2.315359188252552518e-05 2.569790450044604995e-05 3.126582917979746183e-05 3.465881301324469826e-05 1.853118257582964392e-05 -8.716331641609454382e-06 -4.322137395745696533e-05 -8.309663441256521133e-05 -1.147533755255142530e-04 -1.576901731774329140e-04
1.969096598102388905e-05 7.594775842346616829e-06 7.655715925807322653e-06 3.361409428570945540e-07 -1.335666334549684567e-05 -7.793321884125254751e-06 -3.349979383838994574e-06 6.557563158720852234e-06 7.772362612355977258e-06 5.642484091230252112e-06 8.135957385306080868e-06 3.217170953269755034e-05 4.368943544700195074e-05 6.753502609754091334e-05 1.114631122562843326e-04 1.554725958349760084e-04 2.120200373716287607e-04 2.599871302922804263e-04 2.625638045128837208e-04 2.979393110480603500e-04
1.235282585889668698e-05 1.419141986745738630e-05 -2.103302226825331826e-07 -1.268183199221922512e-05 -9.047754560966909631e-06 -8.827923185285619867e-06 -9.051772428854306236e-06 -6.254515084580522587e-06 -1.031904898713258664e-05 -5.012991905514991664e-06 -1.586079657404005735e-05 -1.259861324036666841e-05 6.207861238544773151e-06 3.565554413463581048e-05 6.740252485391048497e-05 6.556818788401769010e-05 7.933633983036153775e-05 1.048263651769670097e-04 1.498823716219379741e-04 2.050117631043123310e-04
2.216704333924040351e-06 5.847032501344462188e-06 -1.513922091368272569e-06 -7.027422866805769298e-06 -1.137092813551308252e-05 -1.454950512021394372e-05 -1.219915237867678596e-05 -1.896958073866602607e-05 -1.916388295587514144e-05 -2.343556082310127846e-05 -3.475428586821046424e-05 -4.458830851314131086e-05 -6.354800295642489515e-05 -8.826967499635204374e-05 -9.852008712486308168e-05 -1.153079583053446909e-04 -1.515774347925989945e-04 -2.211904273238762776e-04 -2.407950213445961762e-04 -2.304466831599683019e-04
3.834058269038172793e-06 1.305877872384394299e-07 1.301965283944414571e-06 8.815607237552575311e-06 1.663044184326811124e-06 -4.424201523304835773e-06 -5.851290457092056173e-06 -5.694405167149028524e-06 -2.181892139378474003e-06 -7.132457529794626483e-06 -7.475059951842767185e-06 -5.994574385357681581e-06 -4.584122808783086848e-07 2.587021261152752130e-06 1.353663255339966312e-05 1.656406314677889198e-05 -7.588528346099284516e-06 -7.085223233554607109e-05 -1.702347709617466835e-04 -3.294629630230017136e-04
-7.746784201278643202e-06 -2.001164370279143317e-05 -4.646956926359815746e-06 1.171170297276654556e-05 -3.998045640659025570e-06 -2.108381408291297075e-06 -8.685720861587462120e-06 -1.334197938487375269e-05 -5.273353795375176710e-06 -1.451833652421609707e-05 -3.300632498939780156e-05 -6.227421916356234619e-05 -8.547584270138713696e-05 -1.024432443689573830e-04 -1.073148574870135604e-04 -9.126896293051525331e-05 -4.745475101484649978e-05 -3.778330523305688189e-05 -5.204156487096180567e-05 -6.357356149711698647e-05
-8.883005355168614148e-06 -3.989452670557353744e-06 -9.826783692135636456e-06 -1.068464024047232888e-05 -1.138887368137695174e-05 -9.788154325233100882e-06 -8.835940325964428355e-06 -2.061609503727465759e-05 -1.988820939204673143e-05 -3.175197726100457719e-05 -4.435806491296651321e-05 -6.395033726920542531e-05 -7.078631289562636994e-05 -6.622284215648470255e-05 -6.993687518762932030e-05 -1.034293958397543414e-04 -1.337017332239538692e-04 -6.807345178149487477e-05 2.375426934319593990e-05 9.831266635604888834e-05
5.926571898400237103e-06 -1.528498183060440939e-05 -1.732706107550801227e-05 -1.459613201788664052e-05 -1.038859963009086851e-05 -5.027677523238817598e-06 -1.544569241293907217e-06 1.840892600426806214e-06 7.284310578300487389e-06 -1.335524542765184287e-05 -1.545145611770895572e-05 -9.424247086035137717e-06 -2.817423866834252789e-06 1.053811981930464467e-05 1.917893067680315598e-05 1.138708678011665306e-05 -3.262322299807203025e-05 -1.325271959574214728e-04 -2.049984946994387667e-04 -2.134531871212372648e-04
1.563192247399218548e-06 -1.598462569423618715e-05 -4.604276139839780714e-06 7.508321120407594295e-07 -2.356557565887018972e-06 1.474634814526070256e-06 5.772993926495556442e-06 1.551431633711810194e-05 1.549975979450136121e-05 1.437150585592128060e-05 2.012924759338363781e-05 3.243193731624916800e-05 3.070904819096583263e-05 2.679991435528432644e-05 1.494972388023784474e-05 -2.527772405030026813e-05 -4.323401350669019827e-05 -7.977671809609948670e-05 -1.214594065032786738e-04 -1.646190579093076835e-04
-7.025885677937057692e-06 7.677452352478868943e-06 9.302592677776939380e-06 -1.140317591575171837e-05 5.130215560775450335e-06 2.708649747641080541e-05 1.972217435440868976e-05 5.471876538672480938e-06 -2.154730130474544829e-06 -2.821602464246061223e-06 7.644028666632733409e-07 1.821896864299891534e-08 9.996455987627296118e-06 3.304552592323086808e-05 6.331696938139836912e-05 1.075731890539211944e-04 1.512113956930734402e-04 2.141567161037277896e-04 2.722379097876013098e-04 3.256647063473817123e-04
5.915830328361513741e-07 -7.080644164761782394e-07 -1.813308358166279663e-06 1.706550687931082169e-06 1.045563073997077823e-06 1.363798454198406536e-05 2.403608723497909915e-05 1.672004469331665673e-05 1.434382065751205055e-05 2.712872799282929002e-05 3.062018122827968563e-05 3.164890300519332438e-05 3.628014804674208657e-05 3.575433426270200059e-05 2.306477832326368988e-05 7.481571156400581841e-06 -3.915744631003122774e-05 -1.161950414422497052e-04 -1.946964961945280188e-04 -2.917126978794750357e-04
-2.596351866722327085e-05 -1.950550570044214758e-05 -7.529066366658715301e-06 -2.604440818317958006e-06 4.365417388161317985e-06 4.497339913264560959e-06 8.379734114155943295e-06 3.942825859298855951e-07 4.666520159301199927e-06 4.759319152162288361e-07 -4.862694642427367813e-06 1.383740187368123237e-06 1.164115707617831332e-05 2.612648874703983555e-05 4.692784203448131173e-05 5.930042221826442475e-05 5.245124044702506632e-05 4.421504345480311307e-05 1.755815461786060908e-05 -5.936451230213648633e-05
-7.874907449064375353e-06 -1.119923160810449311e-05 -2.531285023248197130e-05 -1.365276070163715981e-05 -1.438965150395663774e-05 -9.019526843421075182e-06 1.966584293472721498e-06 4.640457836576499751e-06 2.283476389048745092e-06 -9.622589705142798978e-06 -4.046376972100100984e-05 -5.807788524552682548e-05 -5.886412993188907085e-05 -4.730819960918091122e-05 4.812097561084195072e-06 6.327938759052404935e-05 1.119860179820863957e-04 1.428228725208085018e-04 1.428171539222815756e-04 1.333374970916366528e-04
-1.580364770456883346e-05 4.299211218862556619e-06 -5.305170857560155696e-06 -9.532751776544128039e-06 -1.361200631700181372e-05 -7.612526312404116993e-06 -2.320308407370567327e-06 6.375474763660956987e-06 3.971125071208789358e-06 -4.886640604870395230e-06 1.275722778703350493e-06 7.019194403909393829e-06 2.268432055644758178e-05 4.591566238616983644e-05 5.741029266915245689e-05 7.585963753331420611e-05 1.206850653221261946e-04 1.736547038005539973e-04 2.228934179978361006e-04 2.708474580776894995e-04
-3.385745437004314797e-05 -1.145141849137980916e-05 -1.332305830728398307e-05 -2.810842989628727898e-05 -1.899292888884615506e-05 3.785504547078502259e-06 1.052572742885060980e-05 2.256237848468957508e-05 2.538115114769578262e-05 2.392050203687448625e-05 1.803998559355419313e-05 1.349107801550860249e-05 9.857331788718046934e-06 1.477022691789274623e-05 2.633564367830251374e-05 2.263942513997150048e-05 8.069937526207924126e-06 3.661118090709319874e-05 1.184920653783076700e-04 2.145519072702554780e-04
6.349812754224265589e-06 1.060145743216771656e-05 2.926938263287708755e-05 1.752246189622861441e-05 7.101996628789638827e-06 -5.792723236190286420e-06 -3.393394575350392013e-06 -3.215924992722830829e-06 6.190334422095482190e-06 5.082586564547723071e-06 3.678764705601149039e-06 3.180331291184246999e-06 3.722619711541858598e-06 6.044724938654404478e-06 2.577632612503773682e-05 2.314884757093205447e-05 -5.004906061451093325e-06 -3.668812649629017302e-05 -6.993817961732546890e-05 -7.005628388272439717e-05
1.295814404147742976e-06 -3.254547277017506270e-06 7.503690107704453212e-06 -9.899033352604767837e-07 -1.450381134893173119e-05 -6.699470952457618505e-06 -3.079902144488425971e-06 -6.608407095299956519e-06 1.173474880563535684e-06 1.006628372771665809e-05 1.000910331745478775e-05 1.532583594331797820e-05 2.182136370485986596e-05 2.051724086852740788e-05 1.443623536737736421e-05 -5.500947500220679047e-07 -3.242297137509776992e-06 2.634019130656784860e-05 4.392572131672975200e-05 8.576625538778878926e-05
1.332020858162054530e-05 2.204051724698919326e-05 1.339697036492817392e-05 2.546967780803700203e-05 2.157850453528724940e-05 1.606582153812565774e-05 1.197116862342116431e-05 -1.420031966943305523e-06 -1.084682546126021317e-06 -1.395936207596597489e-06 1.684391132658366245e-06 3.476158085394685164e-05 6.884435878479437524e-05 1.162244403016753726e-04 1.799927768897160996e-04 2.372026985504416903e-04 3.218262443254853991e-04 4.281670123265990738e-04 5.284885280981663517e-04 6.670467672055558359e-04
5.769822003542131254e-06 6.268600068192542485e-07 4.541240619178107200e-06 -2.095092545791573911e-06 1.490688764385209198e-05 6.940566211432800402e-06 -7.314933387457780790e-06 -1.189790648083611961e-05 6.432318216090168592e-06 1.311361245845373203e-05 1.357534559259905099e-05 1.901157486039587957e-05 3.886062182003412039e-05 5.440583681445623483e-05 7.192855991621485343e-05 1.194951846167952605e-04 1.363480969398601407e-04 1.520749112852988840e-04 1.654441208352842396e-04 2.077801814202149709e-04
-1.193196198128216563e-05 -1.504669568302905491e-05 -2.069735231153995952e-05 -2.090154587220725803e-06 3.203800907382344468e-06 6.112755677866971461e-06 7.633276148951456566e-06 9.905251526215241636e-06 1.098367097933402093e-05 1.005191048450233265e-05 9.329328079445648261e-06 2.058290491741400922e-05 3.344039211997637312e-05 2.647194714010012531e-05 5.203631658660699480e-05 7.646719572706783862e-05 1.169187296779872296e-04 1.865454424881675638e-04 2.179451132176049295e-04 2.632352938260097567e-04
-1.855153141965384242e-05 -1.563209571116413467e-05 5.995093758771330236e-06 5.733097303071520354e-06 -2.676011661665131492e-06 -3.452192878371759328e-06 -1.561859674586769145e-05 -1.465006261624447536e-05 -1.094352766172604169e-05 -8.847975705082707784e-06 -1.938133761634807921e-05 -4.174358252918631597e-05 -5.056854046928546339e-05 -4.260148834579808615e-05 -2.864940510183346630e-05 -2.388387912446756411e-05 -2.749882201097183314e-05 -3.116157255469959681e-05 -2.927997539457483417e-05 9.710749512816552547e-06
-3.522293528779900037e-06 6.904576419600650588e-06 1.837271168596049450e-06 -5.870526396110155776e-07 6.737501064501475607e-06 -5.612879655430361000e-06 -1.410826865183137129e-05 -8.522122774175319017e-07 -4.017026920059479570e-06 -1.693921434472926901e-06 9.718290009972441526e-06 1.242239484611273755e-05 2.437016950493495196e-05 1.821401628416156201e-05 6.860731918276998588e-06 -1.999119859066585291e-05 -6.449487181320833189e-05 -5.314785402015098224e-05 -4.318684634377244544e-05 -5.237708238088254858e-05
-1.337632073337113075e-06 1.997934236316970381e-06 8.175544398076999765e-06 5.894973247720796594e-06 7.041006213498132025e-06 5.476753800010848728e-06 9.830775319845025382e-06 1.164159089514955654e-05 2.247123071177210379e-05 1.059082029060105120e-05 4.148519309718299101e-08 -2.043220999008983106e-05 -3.295507001587107002e-05 -4.169210090670977958e-05 -7.416914621371732263e-05 -1.093688307935000627e-04 -1.484682395504132130e-04 -1.837992758907851319e-04 -2.206849346433501717e-04 -2.719011670771371300e-04
-2.131341584391145311e-06 -1.229307628287568577e-05 -9.404327163029449076e-06 1.661639734257276765e-06 -1.345099215894655739e-06 1.333997137730723410e-06 -6.298384206450200771e-06 -6.184608301377463697e-06 -1.711872563197380033e-05 -2.232931084073321815e-05 -3.092027447520340487e-05 -3.931972631973902025e-05 -5.197702294027642871e-05 -8.086254995872292964e-05 -1.037875951646924464e-04 -1.246889359273675583e-04 -1.578956900351636574e-04 -2.049499803704616567e-04 -3.110650241448885802e-04 -3.853242103836645766e-04
-1.762441100860294462e-05 -8.428419525466727701e-07 9.594146898917605876e-06 6.917153203461467992e-06 -4.810970010524274883e-06 -4.100371109344673663e-06 -1.732789714764072501e-05 -1.208674019669723554e-05 -1.184960336839580024e-05 -1.063842803382983142e-05 -6.177787882134023739e-06 -9.042079710863395599e-06 -6.154244586491648458e-06 -1.213769061365190239e-06 -3.022881265087761941e-06 1.400017955398738044e-05 4.930954661743267828e-05 9.188773023835075475e-05 1.513279099196106702e-04 2.126204906898237687e-04
-1.616167673627031414e-06 4.450744100061206494e-06 -2.108456770430187604e-06 7.569850406303620682e-06 8.299701788309380743e-07 1.134809405227734638e-05 1.084642249495137184e-05 1.168265087938891537e-05 1.678830242332472432e-05 1.279599266003351627e-05 2.810258428775541230e-06 2.317467117186879062e-06 9.062615231194720317e-06 6.095839058550921406e-06 -4.691319506327599003e-06 -1.553033273409044166e-05 -5.161958135893736469e-05 -7.548044046243018973e-05 -3.010608108969630423e-05 6.524416246616927568e-05
-1.615170572549074272e-06 7.713759129031581648e-06 -6.372850136974045502e-06 -3.767386405388672764e-06 -7.626834672355259134e-06 1.947304954638251552e-06 4.734894173584900085e-06 9.139258084199571860e-06 6.096878699923221804e-06 1.435758035870748901e-05 1.191559804546990370e-05 1.843903277616789916e-05 2.390816851135473388e-05 3.744288565949735150e-05 5.080981375793676842e-05 7.005559415613665027e-05 8.142370833594188588e-05 8.825509292852990329e-05 7.991949117396976074e-05 2.620807651937806374e-05
-9.141277912538081456e-06 -8.695727368244935446e-06 1.406635117609533318e-05 3.971211830549143441e-06 1.412329112967545653e-05 -9.994215547492363869e-07 -2.628856809373391461e-06 4.130302176030019197e-06 6.671730299773890712e-06 1.203321355643805483e-05 9.844977711712747637e-06 7.923712534985914149e-06 1.154817649545074159e-05 1.635709880202389750e-05 2.524243795615460466e-05 2.199402909648841902e-05 -1.924751906499720222e-05 -9.686890028505517258e-05 -1.562512155660226521e-04 -2.258531145594297668e-04
5.090653822344090843e-06 -6.649392415814636834e-06 -2.899946843793926688e-06 -1.771833888808182034e-08 -8.271140312850072955e-06 -6.123706642487827108e-06 8.520067757244357778e-06 1.159686474608007987e-05 9.036150068280921562e-07 -6.865837430660118204e-06 -1.427804591143025433e-05 -1.920386403788128436e-05 -1.724802754807686173e-05 -1.202300170916529686e-05 1.728960467901008663e-05 5.420117405550060831e-05 1.038505886357880381e-04 1.313396663578264318e-04 1.863188815687847287e-04 2.494129548633217835e-04
-1.001536727225209028e-05 -1.152588993696511439e-05 -1.201043153089150731e-05 -1.670928713893882165e-05 -9.821133903757822307e-06 -7.738384755595540570e-06 9.045672869154427241e-07 -5.098339472923083795e-06 -5.731973344486364838e-06 -4.879965481471502909e-06 -9.914446054349157868e-06 -9.247017460910258833e-06 -9.812716951448928582e-06 -1.961267758422636560e-05 -2.763341180947977762e-05 -4.616232415686944047e-05 -6.820218673046162764e-05 -6.573246394464545104e-05 -2.723738469404358837e-05 1.688254924447786301e-05
3.584911238638728569e-06 3.862603722424376034e-06 6.987902044919853900e-06 1.197447295038917162e-05 1.069368318033903105e-05 1.548771184504777059e-05 1.655445417686129557e-05 1.712612869366137775e-05 1.384288820246668999e-05 1.009283398442078118e-05 1.193381194622672183e-05 5.223307801813740590e-06 -1.035049863718425113e-05 -1.736993646429828059e-05 -2.934216734941593561e-05 -5.950987868322894276e-05 -6.708263480969415616e-05 -7.511401275252524510e-05 -8.305991472846665667e-05 -8.259533994870386215e-05
1.197472707861726093e-05 2.352302121159556824e-05 2.015250047640890452e-05 1.329040133923125412e-05 1.899307940355854393e-06 -9.595926806109202810e-06 6.288911486172779046e-06 1.108151803820092311e-05 1.939285979742838356e-05 1.580510643434464662e-05 1.738654382669184195e-05 3.817430613100691438e-05 5.735595026468917081e-05 8.423161101466257244e-05 1.171180075741567957e-04 1.764229920097630706e-04 2.110467159472317552e-04 2.403654668596622642e-04 2.360921468590804814e-04 2.061099090362816615e-04
-5.380534558247417248e-06 -1.694795874075604596e-06 1.008417525842089552e-06 -1.682649460563872423e-06 -4.375706170149630304e-07 -9.449778107085181895e-06 -1.505259311592566916e-05 -1.512316973249254564e-05 -1.162912763475190548e-05 -8.361178443434894172e-06 -8.494268448939027536e-06 -5.350682070317361902e-06 2.405535144724385111e-07 1.096601900656265035e-05 2.505545969407916177e-05 1.622804087317909985e-05 -3.655786097467315015e-05 -4.499010128488306295e-05 -1.283661028656137902e-05 -1.245561086129804816e-05
-1.784451647898270036e-05 -1.465002845453272995e-05 -1.003274187864735951e-05 -4.340021675771908658e-06 9.157673058712093505e-07 -2.746552318249789730e-06 -1.055070372902871349e-05 -1.030029424851272998e-05 -8.892937771442414543e-06 -9.383145501099720965e-06 -1.005656284221820425e-05 -1.268764066899985888e-05 -1.085245442750787484e-05 -1.202589164778087905e-05 -3.166429764744563150e-05 -5.113319391938574382e-05 -8.570265368139010466e-05 -1.315825864925736514e-04 -1.277532520212768213e-04 -1.165615139837315907e-04
-8.662227129534182484e-06 1.321564513349272189e-05 7.703063574372773475e-06 7.185476119499736252e-06 -1.839367313137002106e-06 -4.326418163375429267e-06 -3.382920776106067818e-06 -1.351253014742695881e-05 -2.282227439430994638e-05 -2.427313021928799902e-05 -2.456956857122014621e-05 -2.627598398774811232e-05 -1.694833324161629926e-05 3.453483403961069595e-05 9.555380260200282798e-05 1.471309307086881603e-04 2.028346871668890812e-04 2.164935308966082800e-04 2.064725499591057870e-04 1.769718669848974451e-04
1.633990819545840683e-05 1.040996238027168897e-05 1.791397734362298300e-05 1.397230686415378344e-05 -1.809312410363569782e-07 -1.209104853095364942e-05 -7.809860904587980651e-06 -4.954566760692311032e-06 -1.931547227955705958e-06 -8.971132618035959213e-07 -1.540206169855604671e-05 -1.963386580394213432e-05 -2.867977758137123435e-05 -3.006988652183205528e-05 -4.227586796298740327e-05 -5.228018942644421037e-05 -9.343789308490231646e-05 -1.876958329454270799e-04 -2.987582918190544233e-04 -3.599266200890293278e-04
-4.459721499968436491e-06 8.027946239889926225e-06 5.308303460529696200e-06 1.636409037380914206e-05 1.932704411919174480e-06 2.830887269354095089e-06 -9.354944843138126651e-06 -1.464400642221617350e-05 -2.421857927541308270e-05 -2.649887769184376357e-05 -3.423439557195316840e-05 -4.126779623726711571e-05 -6.105977444874111136e-05 -8.357371750489011805e-05 -8.674782882886414445e-05 -5.826370238690143619e-05 -5.491668240277138279e-05 -4.461539395537736586e-05 -1.211983167820393114e-05 7.974694248875455345e-05
3.416648398614619524e-05 3.072477033784591361e-05 2.496619760171960533e-05 2.196913491506459980e-05 6.670466659397042662e-06 -1.101906502687510368e-05 1.415597849000451868e-06 -7.443549563565137287e-06 -2.409192915505901414e-06 -4.598887962615744124e-06 -1.567760821544870076e-05 -2.675444882303138150e-05 -4.437857130613611446e-05 -6.931588590036265372e-05 -8.511284980284164264e-05 -1.091744105897213702e-04 -1.446180364504997943e-04 -1.707492060902991379e-04 -1.772362181049864319e-04 -1.418782986559160371e-04
-4.985147524498871012e-06 8.703287932013024631e-07 1.018357614748108017e-06 2.074966539967208178e-06 -4.791665124865135225e-06 -4.568310905582483398e-06 -5.635566143655630172e-06 -7.240924388016617462e-06 -3.318044334074190269e-06 -1.077429742676333179e-05 -4.014617914159299834e-06 -8.408293896205522716e-07 6.350324692840303478e-06 1.742734125264257966e-05 2.983016958184193715e-05 2.460563541348853469e-05 -3.023478730455289174e-06 -1.703474517672075062e-05 -7.766713993339925952e-05 -1.843499214873724841e-04
-4.214128562504240488e-06 -1.373001168524894021e-05 -1.269633738782593091e-06 6.347504915748423849e-06 1.057905100183204352e-05 1.136599791469777722e-05 5.232904475313257924e-06 2.896575328018338906e-06 -5.213668360859541241e-06 -6.443699838437945968e-06 -6.349647123824718814e-06 -1.470432637685572937e-05 -2.945841651456057854e-05 -4.430020629270982227e-05 -5.417124991786333448e-05 -4.337194353485719427e-05 -3.109436903820496725e-05 -5.308829894213094809e-05 -1.275233007535545666e-04 -2.111918128947808983e-04
8.696178875739095097e-06 -1.623354166661717979e-06 5.849997627940326077e-07 -9.536853415919628127e-06 -1.775201013999053734e-05 -2.156144931542679300e-05 -2.931687065317090224e-05 -2.315807550387030434e-05 -1.853253066402638452e-05 -2.376813126449869428e-05 -4.938542688573054290e-06 -6.277966844247854837e-06 3.885060692354328709e-06 3.330031946767701977e-05 4.070493205405535713e-05 1.593372213130450616e-05 -5.450315423278550214e-05 -1.469063502787067621e-04 -1.834050922144410086e-04 -1.794012444612880848e-04
-2.356644208041225811e-06 -8.624649968710842302e-06 -7.481662120061690787e-06 -3.337532420679877870e-06 -2.113874036969394101e-05 -7.879296547665135548e-06 -9.452007204749765369e-06 -1.493067670785439910e-05 -6.858205780310064078e-06 -6.820155179614213747e-06 -1.027030933257593341e-05 2.582810161624551253e-06 7.167165446358970001e-06 -5.297523246281542252e-06 -1.108208543532858606e-05 -4.704454846923854937e-06 3.016970009012993344e-05 7.865248132795915734e-05 1.052990919906987186e-04 1.200662533248408935e-04
6.988955567531708616e-06 -1.644005081342366780e-05 -1.601035555598746326e-06 3.624287954142308205e-06 3.165791527736048028e-06 1.889484500774643097e-07 6.855080236232395037e-06 1.793420064862110891e-05 2.264466853035119022e-05 3.689951441505998769e-05 3.784509966363108839e-05 4.366639111200406237e-05 5.723008822517031911e-05 5.330790004386980652e-05 4.428806845627139305e-05 2.902895090506553188e-05 -5.475757251884187398e-06 -3.375186284619950130e-05 -2.178372323007962290e-05 -1.229903231329861819e-05
-2.856542646434316734e-05 1.744679198388721557e-06 -1.044430486317586570e-05 -2.994389534022649679e-06 -1.117600428678379929e-05 -1.220168958034427516e-05 -1.078840147591552177e-05 6.991928853615667463e-07 -1.645401105911985804e-06 -2.074681351119265386e-07 -3.225172052660953255e-06 -1.285859875957455966e-05 -2.036135687687043249e-05 -1.410352636685524734e-05 -1.069093571281219655e-05 1.162712933532072842e-05 2.068145794370472010e-05 2.986118972098915030e-05 4.652967499818220056e-05 7.123310596649123818e-05
9.116443315917453758e-06 -3.241736274399844337e-06 1.060416646399587955e-05 1.870791751145910092e-06 -3.548248535024799171e-06 9.869907044683082811e-06 6.141187804042881867e-06 3.035070190726797500e-07 -1.544460861088375395e-07 -4.994744956637077866e-06 -1.313915503881084778e-05 -1.989272902531894250e-05 -3.141240118893290833e-05 -4.478540710682874296e-05 -6.075348574849690582e-05 -5.032191604230998745e-05 -4.979035865954032259e-05 -5.380504872360195295e-05 -4.239694115104546921e-05 -3.298044675746408458e-05
1.322008669964966749e-05 1.452549603689146883e-05 1.162139915715989148e-05 6.239085410615518856e-06 1.681926960909904084e-06 -5.032061838345807467e-06 -4.883106681358512498e-06 -5.614605492587043397e-06 -1.977237950784845182e-06 -3.918008365461395120e-06 -8.041915836151664941e-06 8.509115802978615197e-06 1.272837303708477561e-05 1.942792003191090800e-05 1.841353564083931190e-05 1.519050776862634687e-05 1.661872236757590125e-05 8.815011485531649903e-06 -1.181590357767441312e-05 -3.747934377392035963e-05
8.895324793653993110e-06 1.299063590472379938e-06 3.207209993504865212e-06 -2.193001703922451007e-06 -8.538880949862080834e-07 -4.604332445603578703e-06 -2.948607345756450279e-06 -1.019355789615681868e-05 -2.306518226246946385e-05 -2.650331236120556923e-05 -4.108621556806814920e-05 -4.036037774145058627e-05 -5.154811782609702549e-05 -5.460679193971316027e-05 -6.031333172373183377e-05 -4.553271276307275600e-05 -5.078180456755737381e-05 -7.179897170166153655e-05 -1.263155385694391807e-04 -2.342346543766358525e-04
2.921804659970297189e-06 8.076681298411168667e-07 1.106438910232665906e-05 3.013154706215808778e-06 -1.182133860131382778e-05 -1.184445094973976607e-05 -1.315457142018946210e-05 7.787042611104720200e-06 1.448440674482732215e-05 2.109938965219548430e-05 3.048110135194488789e-05 4.912504940225148327e-05 3.812347376935655785e-05 5.253602544066039662e-06 -5.052915018827851116e-05 -6.378868989752881427e-05 -2.629052835734449630e-05 2.930038858870928631e-05 4.264672471144348258e-05 7.936733657708613552e-05
7.102638556764760718e-06 -1.195820186692801768e-05 -1.550878297815763574e-05 7.005211699313880395e-07 -4.695335531582330066e-06 7.963397336304113981e-06 -3.665742834315671879e-06 1.153593754584426112e-06 6.451261113158744390e-06 9.832947372769866356e-06 -2.315736191421247493e-06 -9.023501348314496876e-06 -3.564103976818818619e-05 -6.061661329810887565e-05 -7.181494967637309110e-05 -7.211216768191670867e-05 -4.255098232039378046e-05 -1.247580305120358543e-05 9.845654124063025656e-06 5.570927522586788499e-05
-1.050657432955113201e-05 1.192539787540761959e-06 6.930616888054721331e-06 2.286647921348769238e-07 -6.221772687144777418e-06 -5.177348257680548197e-06 -1.384522354461403862e-05 -2.045941894971232608e-05 -4.818754412415393154e-06 -1.986524212155181210e-06 -8.069526094898064342e-07 5.111306147286176057e-06 5.307156437504794404e-06 5.947376122929182018e-06 1.041026817966241446e-06 8.781752865099851573e-06 1.841576368381293353e-05 1.978976804725710717e-05 3.645296366681641855e-05 6.365336424803868165e-05
1.498411995874736852e-05 -2.103625278953227924e-08 3.341126446771523434e-06 8.139049506250711728e-06 1.120606007115398789e-05 1.620780893229636059e-05 1.388397388226394170e-05 2.054123254945663563e-05 8.684527171224047857e-06 1.817092560745423263e-05 2.800908800794671375e-05 3.432123264504751249e-05 4.570174309310702791e-05 5.262508129183733477e-05 5.086238082858905696e-05 3.922510950194993851e-05 4.586708694195657036e-05 6.984639366204296765e-05 7.694244762599477909e-05 1.136787608332408424e-04
1.435062076950920162e-07 -1.371947421379945092e-05 -1.834289175262985699e-05 -1.023670542465056445e-05 -6.383702267249266800e-06 -2.901741667415568923e-06 -1.993545883078177914e-06 1.006293022386435803e-06 -3.354890490495428589e-06 -4.492152986866084710e-06 7.445014366072816983e-07 7.790072416462701975e-06 3.466351390108582620e-05 5.818242616177137850e-05 9.086939440235245217e-05 1.311012934301368277e-04 1.568224699697797376e-04 1.939265818235176954e-04 2.776997326703151635e-04 4.050519579482832200e-04
-7.960675839607722414e-06 -8.050033826428253607e-06 -5.165371245063526948e-06 2.069814256854350157e-06 9.108830438054713689e-06 7.967631894338207159e-06 1.050098056635045728e-05 4.699277326031134567e-06 -2.472842870517416999e-06 -7.055066021588512453e-06 5.870832512366375593e-06 4.184534913590475387e-06 -3.030480411479882517e-06 1.272552543606270067e-05 2.821385726334029365e-05 5.549275017989203224e-05 1.113687363760918798e-04 1.312962570484790576e-04 1.031812950302356073e-04 1.093779511210733594e-04
-1.094722636628229672e-05 -1.606703027888389286e-05 -5.306152938882438369e-06 9.547337880066494024e-06 1.372762543840693096e-06 1.166677571846773504e-05 -2.629894252302459284e-06 -5.513356668230833797e-06 -4.257862280608210205e-06 7.337581152370910520e-07 1.201152066884500273e-05 3.624254782111630652e-05 6.204182749907343885e-05 8.834272518718287563e-05 1.112082355642740703e-04 1.176939467529155122e-04 1.214796471707286487e-04 1.270804939738044161e-04 1.464673225174068026e-04 1.827988280654689981e-04
-9.053443928187337965e-06 -2.605506862792666210e-05 -7.667832643041732067e-06 -1.553526564245759158e-05 -7.100406133006478888e-06 -1.277630053226500590e-05 -1.858132584278021795e-05 -2.594042059144746856e-05 -3.191320641177366395e-05 -3.731669508266341679e-05 -3.931211769529137807e-05 -5.325179877688450951e-05 -6.955643320361796621e-05 -6.521799372160531016e-05 -7.624867025936490222e-05 -7.809669810312899394e-05 -9.180896034245245117e-05 -1.180948379738486475e-04 -1.542917741829655687e-04 -2.598114474797014422e-04
-8.177366576123857957e-06 7.382706540352528403e-06 -4.687056306917385053e-07 -9.616031474792901144e-06 -4.279254228298730129e-06 -6.092164373849657188e-06 3.992105226282259725e-06 2.353085184951159140e-06 6.040521957947666331e-06 -3.621829038396129230e-06 3.751045624047898942e-06 1.557829348569854508e-05 1.464321485086175535e-05 1.118338654911766702e-05 1.894524199050686236e-05 4.693692056037785076e-05 1.148912158345643815e-04 2.586896465549081803e-04 4.169871444002764150e-04 5.397401361256141776e-04
4.614583347643030658e-06 2.291154629352560770e-06 -6.881750624443616087e-06 1.588981778918425417e-05 4.634415616639776633e-06 8.467037052038724375e-06 2.236512659168601703e-05 1.156227219777299896e-05 8.264378647838194330e-06 -8.146311016596685987e-06 -2.122565258973305681e-05 -3.844220412788876837e-05 -3.484322649508210762e-05 -3.759823598412193415e-05 -4.538812860017027353e-05 -5.446593219049547768e-05 -5.077977330155034020e-05 -5.052123487653872982e-05 -1.254096074298401424e-04 -1.888338572003085507e-04
-5.816810485472797450e-06 -4.588914612764088387e-06 -9.025376899887594149e-07 -5.099000196343824313e-06 -5.524389724387512904e-06 -6.828580981591754664e-06 -1.910758571286747489e-06 3.019020018700974612e-06 -5.351840814663683540e-06 -1.158570065875998966e-05 -1.293533643321530220e-05 -1.949464793652123603e-05 -3.091560789038708698e-05 -3.811560900105966131e-05 -4.570431108314084307e-05 -7.527955887703836619e-05 -9.428384158420532438e-05 -1.183568538823436331e-04 -1.222588259475945597e-04 -1.311213286194685176e-04
1.556680637337507541e-05 6.748263309599433395e-06 9.116456422584125335e-06 6.042719959012840865e-06 1.496784125243550475e-05 2.932526795181417711e-05 3.305342518922187433e-05 3.110489329618176856e-05 4.496392506456905726e-05 4.806590707296612435e-05 5.528688233736225714e-05 5.550922630925385495e-05 6.428051880188814251e-05 5.294078315654707743e-05 1.987873611227487623e-05 -4.190770879708162422e-06 -5.268152519575193863e-06 2.525898060775678367e-05 7.967114168574152542e-05 1.018046665833205672e-04
2.736921868898840155e-06 -1.052782424590457104e-05 1.102207820551533011e-05 7.609367675522029894e-06 3.885479198754732228e-06 6.998477907953812888e-06 -1.239449761197865763e-06 -5.595557246722719396e-06 -2.516756830450014715e-06 -8.328856836306801806e-06 -2.676468941346867199e-06 -6.310708913337119988e-06 -2.024726816976700288e-05 -2.149042080807964501e-05 -4.916230433299400107e-06 4.978130741687083749e-06 2.582358183559404775e-05 5.531388169368954528e-05 5.500516575653776057e-05 -2.453070854036878596e-05
-2.749109038302474230e-06 1.244437674960262504e-05 1.652072405796872065e-05 6.038442483761741513e-06 -6.725725257237619285e-06 -3.379012437594436155e-06 -6.820557122485396114e-06 -4.206174084793145686e-08 2.124324175898343090e-06 5.343405402634058647e-06 5.023472982978388157e-06 1.628514165135436020e-05 3.512242549403659154e-06 1.208355839473190791e-05 4.221379408759420718e-05 5.764750772219690527e-05 7.553425474525022958e-05 1.136745135182507725e-04 1.472494344349672339e-04 1.611499324760669815e-04
4.134243169287954305e-06 -6.009174869193692078e-06 4.125846004390374582e-06 -8.638042784268724707e-07 -3.022252952658260923e-06 -1.228127712394331197e-06 1.132880521569837425e-05 9.974215130232079170e-06 7.114922420360934997e-06 -3.034632588893970935e-07 5.471978747740924668e-06 1.071435456744072512e-05 4.744631262714964809e-06 2.597592601334700907e-06 1.052072302794159286e-05 3.529284647769094702e-05 7.127075848717587226e-05 1.185392173259059264e-04 1.500826075851133289e-04 2.200089873634582173e-04
5.423019962155669189e-06 -2.544414869911180643e-06 5.585556880273171309e-06 4.031385739702713036e-06 2.411095086256276011e-06 -7.702528793292504294e-06 -1.037448282785467404e-05 -8.581719634551062908e-06 -8.508682968354117795e-06 2.198138636393751356e-07 -1.284576126084974512e-06 1.740325421484588482e-06 6.833624449787717938e-06 1.470466989201382236e-05 3.096457679567771843e-05 3.073190184296599551e-05 2.782533003983221709e-05 2.588420417011846937e-05 2.736517905699301103e-05 4.519312395481093965e-05
-5.036943517864883528e-06 1.005075612517639584e-05 -8.949048743057643656e-06 4.753351441126814831e-06 3.090905730949461839e-06 1.037035473446034819e-05 7.776600855241387063e-06 3.122919362378351330e-06 -1.733337946295780989e-07 -2.011141944572255422e-05 -3.120029449523652561e-05 -3.892745866740312551e-05 -3.870395700176210277e-05 -5.161031182440606763e-05 -4.996730231250726015e-05 -7.110790612544344028e-06 6.288177241656648189e-05 1.737248666565295737e-04 3.216191308923442571e-04 4.515815034259870937e-04
-2.000456941958306614e-05 -4.179063762361589877e-06 1.680258359187640228e-05 1.145241463210174937e-05 2.415521328875267550e-05 3.056560552923579883e-05 3.034541475070386189e-05 3.206544876251858590e-05 4.764317344506176390e-05 3.272563637493279391e-05 3.486035060066211078e-05 2.353685251013753931e-05 2.682357598352109885e-05 4.667048956026150283e-05 7.360967817355089208e-05 7.890760971808849944e-05 1.047509072119332197e-04 8.462364280079103570e-05 1.332960467076612092e-04 2.348092840002001416e-04
-8.529083823831459059e-06 -3.112968294944615974e-07 2.040637785801253092e-06 -5.462994828228572179e-06 5.322735784846237671e-06 -1.241100514753486444e-06 -1.480034800044981604e-05 -1.760697466874941680e-05 -3.372241421154090088e-05 -3.542071989289258819e-05 -3.636679871477075835e-05 -5.383637346669183467e-05 -7.027969559038895430e-05 -8.960044559384362523e-05 -9.889497839144475771e-05 -1.213330922089043967e-04 -1.176916599182111363e-04 -8.961523550497096794e-05 -5.022932073892396893e-05 -9.771951673615571329e-05
-7.097908839001262747e-06 -3.792544748329016200e-06 1.444262676027002573e-06 -1.069634965782906188e-06 -7.911842897244390465e-06 -1.536018376015576203e-05 -8.077633160448811813e-06 -7.879159901638601861e-06 -7.866799167797053612e-06 -1.833523421691782610e-05 -1.970758768921045690e-05 -2.572390104686816481e-05 -3.267623028502836827e-05 -5.848982824979271332e-05 -9.756957481018866470e-05 -1.159395413203351575e-04 -1.161555390496263215e-04 -1.187360746180332518e-04 -1.524098032006178567e-04 -2.501848541251765938e-04
6.054990033587211518e-07 9.381784576700222299e-06 -1.168772974169928004e-05 -1.178528675233558287e-06 -1.026239614867295179e-05 -9.053381934946579975e-06 -4.237487514914879337e-06 -7.439821694574593093e-07 3.902208316172446147e-07 -6.432649092063116271e-07 -4.584564354113755027e-06 -1.529300898417200225e-05 -2.247072669855733066e-05 -3.776130692931284365e-05 -5.840341763952586418e-05 -5.749146211425279745e-05 -2.992173001067899556e-05 -5.142966641440146423e-06 -5.383989471234215686e-06 1.872871211873788010e-05
1.446403213103869554e-05 -2.204052861687310004e-07 2.218845624395359564e-05 1.063237454466046635e-05 6.114310926462159056e-06 -1.462359212154592010e-06 6.016041083167567397e-06 1.470919629780737586e-05 1.380942157904339255e-05 2.383110730283118412e-05 2.668338591925129989e-05 3.282041222168829666e-05 1.749472636133931017e-05 -1.674531502818385050e-05 -5.736419625536647227e-05 -6.102207831984839538e-05 1.402585826688854927e-05 8.427931694253674728e-05 1.699816354251518517e-04 1.338549903615475272e-04
-9.995594323415370040e-06 -5.306240184318048364e-06 -2.246941260755664132e-06 -1.716612736569273141e-05 -9.888218011130367525e-06 -1.539177515544534741e-05 -1.667566851990885291e-05 -1.799673878273188503e-05 -2.631196714464629976e-05 -2.647979642960191665e-05 -1.377490271576949453e-05 3.408701516918022425e-06 1.753282090617706748e-05 1.221926458168905813e-05 2.202623312832103567e-05 3.750013991864250548e-05 1.812865045115825001e-05 -3.210845283479933984e-05 -8.800090482819802851e-05 -1.452828871949108486e-04
1.977246758006181702e-05 -1.116155207039458435e-05 1.285396791396042446e-05 2.260335459913978376e-06 4.470514339277854167e-06 -1.974728120003432030e-06 1.256467267157969476e-05 1.903605107066905810e-05 1.195034381452803152e-05 2.587916597659806344e-05 1.627922220954159066e-05 7.817011209540545273e-06 -1.377808590577255955e-05 -4.505630474217962828e-05 -5.837983634277002704e-05 -4.535085456984981167e-05 -1.861977097554398178e-05 3.474679492631277915e-05 1.012295252786504942e-04 1.765649304122959124e-04
-5.956044542569220779e-06 -1.936685328024461206e-06 3.351782879189280181e-06 -1.059123028610079892e-05 -6.772402321272598922e-06 1.066114236760418980e-05 1.602951754706490880e-05 1.823639006179695875e-05 6.291234322937184142e-06 -4.389150389964808405e-06 -8.636823617410558201e-06 -1.100864096461537355e-05 -1.124020724734240471e-05 -1.981598718812835450e-05 -2.722070128901230148e-05 -3.799886397665535307e-05 -7.778944001304579855e-05 -1.043020729057827752e-04 -8.917146375495883662e-05 -1.205286636782383652e-04
-1.674290166671179285e-06 -2.330424652915653012e-06 3.060816451403695107e-06 -1.111647982172391137e-05 -9.182070651850078968e-06 4.135421796154756425e-06 1.713522003047081044e-05 1.128021342208574493e-05 1.509923232412414892e-05 3.315727124451549708e-05 4.998500566294772780e-05 5.969248650463032039e-05 8.757233252138203283e-05 1.169585839648459760e-04 1.475341608555189011e-04 1.685054500387039216e-04 1.832172141508749889e-04 2.486462023010970889e-04 3.375563058837732040e-04 4.052737309394638973e-04
1.283706276764921308e-05 1.407767719581879910e-05 5.971820145035628388e-07 -1.825993146103021023e-05 -8.117469362528588611e-06 -4.272921091071927235e-06 -9.622521314575853453e-06 -3.660179143692364265e-06 -5.711607936290010178e-06 -1.240121087624122145e-05 1.319259752144427293e-06 6.039072277260898469e-06 4.487393744017733355e-07 -7.234394267273142070e-06 -9.938204055121748260e-06 -1.972058450139717388e-05 -4.624760264285883980e-05 -8.349128179909920985e-05 -9.534863516960523518e-05 -1.233760523276680428e-04
9.361117669691994232e-06 1.472215243526649582e-05 1.537693206776597239e-05 6.198878674445571086e-06 -2.680505712695591896e-06 -6.399810816056476312e-06 -4.351303712910249635e-06 -1.672399052245760999e-05 -2.117756732741631846e-05 -2.246729267947234648e-05 -2.011381639994245323e-05 -1.919321741565106220e-05 -1.739227483671532536e-05 -2.278935994635710829e-05 -3.227461365605244881e-05 -3.625142028090388557e-05 -1.757688972781079424e-05 -1.594930325213249402e-05 -4.114536317428572920e-06 -1.585088267800734482e-05
3.758539528697096594e-06 8.968718364754811717e-06 1.274614244541885985e-06 3.071919119315168018e-06 -9.439242443225956089e-07 7.207270610326298604e-06 9.000260680527237059e-06 2.411344055744400861e-06 5.944696983692052793e-06 2.276115465218164125e-06 -2.062823653267739182e-06 -3.324058842304224227e-06 -1.399794227824233835e-06 -9.207856889184545785e-06 -3.156776539812803371e-05 -4.500659621998079839e-05 -5.890170448119025223e-05 -9.168691420518615182e-05 -1.157292153332146816e-04 -1.733483137273489577e-04
7.369819444221890400e-06 1.578382079003683302e-05 -2.146643621722023659e-06 -2.244263478863634499e-06 -3.266565519982217452e-06 4.834266935036398113e-07 4.148557450749537755e-06 8.144408933464685249e-06 1.196329428348981459e-05 1.088203672184607566e-05 5.681709329811391939e-06 6.507242670700742018e-06 1.138189504751885147e-05 4.541767014123645911e-06 -6.288582200703434221e-07 -1.573497783146826973e-06 2.132148865587736260e-06 1.696004767361636032e-06 2.432694064316133957e-06 -1.978090244816921959e-05
6.985282219616432292e-06 -8.803193267108544819e-06 6.589811034207492364e-07 8.727890059254993709e-06 8.040982033445465756e-06 -7.360549352769862702e-06 4.600269545636327343e-06 -2.185951875441974098e-06 -1.349822600466348566e-05 -2.136414273282586786e-05 -3.926113952383648354e-05 -5.281486546548383812e-05 -5.233993721385463453e-05 -5.250955796538935418e-05 -6.902415807890152633e-05 -1.015575415667267973e-04 -1.692410638139109846e-04 -2.446866579815104581e-04 -3.141871205684742640e-04 -3.476757698430614041e-04
4.775058565353857086e-06 -5.279786834884062827e-06 -2.356977316331161432e-06 -5.859323440869688820e-06 -2.962005014827715465e-06 -4.569033903015253431e-07 -5.556523288167566686e-06 -1.619680573103403571e-05 -1.443513418248146939e-05 -1.727419429436337161e-05 -2.284702518405207881e-05 -2.009745079884437400e-05 -2.901389500433142814e-05 -2.685771531153162298e-05 -3.696133407887458420e-05 -4.876278411514283617e-05 -5.588486765655925311e-05 -7.138996042119487469e-05 -8.857303167125717689e-05 -1.393483064643470041e-04
2.111641241925033065e-06 1.274047896115231140e-05 7.861617025862439276e-06 1.438437413370423331e-05 1.289473240693997406e-05 6.137153586205174526e-07 3.928730718868263841e-06 3.708073882757318642e-06 1.529383997738668205e-05 2.484995743885741934e-05 3.284553087822915504e-05 3.836188727249326439e-05 4.905432114362527792e-05 4.920233511239620067e-05 5.238641082404758788e-05 6.988068264706667016e-05 1.065161507732561929e-04 1.126941938017711692e-04 1.060718430663510324e-04 7.783286142452950957e-05
-5.547727620056415865e-06 1.192953984953458781e-05 -9.782067504317781115e-06 -3.645181161222923412e-06 -8.865166796364134055e-06 -3.765327550808836382e-06 -6.972972114017531301e-06 -1.923101867756790093e-05 -1.519827665686687708e-05 -2.349862448782956055e-06 -3.288697121206494344e-07 1.021903649658629942e-05 1.900639196324703335e-05 3.572927097651475549e-05 4.513080494474341805e-05 4.839266331120335441e-05 3.992611045568729097e-05 -1.558035978119437251e-05 -8.479555957066236594e-05 -1.235289645258092655e-04
8.793096654779476639e-06 1.264104599131350832e-05 7.982074871966779895e-06 1.493729312286497093e-05 -1.844296594132378594e-07 1.229594155494385734e-06 -8.322075351089807901e-06 -8.914128694056525079e-06 -1.696353000199012410e-05 -2.065987075390152540e-05 -2.540855280938450589e-05 -3.195434895651191296e-05 -4.226945267942019177e-05 -5.254697083752620331e-05 -5.504290134150131983e-05 -5.391062962532389391e-05 -6.616125249295267199e-05 -7.809943646746964161e-05 -4.988714496529534769e-05 -3.057221487127716143e-05
-6.867020925105479376e-07 4.496689466011037033e-06 1.065977310122510465e-05 1.230946687375561528e-05 1.279403795077064545e-05 4.244268030199054047e-06 3.605113770735176937e-06 4.067659630071929532e-06 -1.773329585426843448e-07 4.915975144585600958e-07 -6.671796976026302334e-06 -9.325982267029126385e-06 -2.640993327993711775e-06 -1.036236314162802168e-05 -3.808614835702736622e-06 1.196998998753441929e-05 3.168525473224378816e-05 7.333996020046001983e-05 7.819977778765394548e-05 6.330861180816436278e-05
7.855194809708348136e-06 5.604740061059681778e-07 -5.088845421085967706e-06 -1.087441813497172673e-05 3.898910668311771022e-06 4.636709348166306909e-06 1.472574130284952958e-06 -5.495379509942452093e-06 -2.294705633128648449e-06 1.263518559100397904e-06 -8.725612067552896296e-06 -1.255490723963588496e-06 -1.341371405585836482e-06 3.531675658626568485e-06 6.797101987687825705e-06 -2.307002064676063550e-05 -5.463241910939139903e-05 -9.112340325377268771e-05 -1.570768279001292557e-04 -2.284379775176985220e-04
9.119917119573322376e-06 -1.029470185640592513e-05 -5.202392810307912056e-06 5.990413602758162530e-06 9.342096244084507865e-06 8.330646229216395954e-06 1.208750456205757720e-05 4.617613363130548037e-07 7.378233478601598835e-06 9.186109356471621671e-06 1.887120640622231015e-05 2.664475851155470091e-05 3.466691542194774093e-05 3.870415764242203228e-05 4.489478536094740493e-05 5.245190766475935561e-05 6.542888194972100219e-05 3.689418476473331466e-05 -2.820407125194433913e-06 7.260619853102898060e-05
-6.891642537743188237e-06 -1.107797438626669394e-05 1.193657561669185804e-05 2.153012224890613905e-06 6.057342508336647363e-06 -2.180332452526195005e-05 -2.943646708428194483e-05 -4.065160223960149154e-05 -4.951395827934652514e-05 -6.566001465892919967e-05 -7.887619256791072249e-05 -9.982329743648899530e-05 -1.227895627144620964e-04 -1.429497690094391250e-04 -1.680984710670340560e-04 -1.922845139559168379e-04 -1.961925075769702900e-04 -1.883600618199508163e-04 -1.336048686593277945e-04 -6.221911670835171809e-05
-4.740012581256795975e-06 5.685258551314465753e-06 7.800487678799948383e-07 3.288143762754326087e-06 -2.768833095576062822e-06 -4.356379030916185430e-06 -4.003464845507804864e-06 5.256814699129264288e-06 3.209214943294335280e-06 -4.444882313618755134e-06 -1.176324540900196698e-05 -6.321156794292335113e-06 -6.397118986028293619e-06 -1.814507666699494352e-05 -2.361976096000416512e-05 -2.626548428579476507e-05 -3.100237131068804672e-05 -2.597726988699477720e-05 -9.521886125453439407e-06 -3.040574432188984988e-05
-7.802642355941046047e-06 6.119976429842717105e-06 -1.577087068525967269e-05 -4.638181415340805337e-06 -7.479291583181507486e-06 1.028752644898952632e-06 6.398915863657332609e-06 -1.549385125137454684e-06 -6.368930203385731284e-07 -1.981052827513653967e-06 1.003006213684639744e-05 4.054635431036518039e-05 4.717987368019851719e-05 5.603604870153897354e-05 4.614198026091480964e-05 3.057429495973098573e-05 4.629514345266983074e-05 2.996538746571623160e-05 3.037435596509826463e-06 -2.355507797195514975e-05
-1.724940065774703448e-05 -1.617323586869467172e-05 -1.118938086513811752e-05 -1.070526503293129580e-05 -1.266447661498151522e-05 -1.009449171970123381e-05 8.291117944693670423e-08 4.914387766976202717e-06 1.247883422302222446e-05 1.859361305634212432e-05 2.630331656418696872e-05 3.456075246285178742e-05 4.940726055216001686e-05 6.061543553011346751e-05 6.243530974637153113e-05 5.036729135180844995e-05 5.994706729377675264e-05 7.646533043930580807e-05 7.851019900041071933e-05 6.863872357401891422e-05
-4.967121316738504397e-06 -1.469166395219767714e-05 -3.587374410820643931e-06 1.930980745735761352e-06 4.282190387350921746e-06 -3.030747325971388066e-06 2.287091445860913992e-06 -8.893101932056045046e-06 -1.318791704822103874e-06 2.149894641564068135e-07 4.712068944604841831e-06 -2.601666336425787236e-06 -9.167878949812957348e-06 -1.441151254276226525e-05 -1.931476882265077447e-05 -3.694759204515936157e-05 -5.957622497321311394e-05 -5.452462026558714444e-05 -7.320062702011241682e-05 -1.858914206747244518e-04
2.117772576037898029e-05 2.134179136665156207e-05 7.982046722953787531e-07 7.960695201795533056e-06 1.808816282138487781e-05 1.491380030464708286e-05 6.913571482628690581e-06 6.524637433560214797e-06 6.342983229753435725e-07 1.311370404179467112e-05 2.080309489115942783e-05 1.352997465386928229e-05 1.736695174031273279e-05 6.331570624329442272e-06 -8.182887869995275544e-06 -3.199791802788505980e-05 -6.335271059287355040e-05 -9.567265148736194349e-05 -1.391054606935444198e-04 -1.699778289970621070e-04
-1.107445588891709981e-07 -2.061498211006137229e-06 -2.863142197837418094e-06 -5.997058564338291168e-06 -6.060248838752320622e-06 -9.539436902390320319e-06 -3.606184846194593291e-06 4.725364633925568605e-06 -2.630473334281205297e-06 -7.444009256956250135e-06 -1.365636275501272235e-05 -3.326963374333499732e-06 1.191773309225687844e-05 3.671221003844604415e-05 4.850809563812653852e-05 3.532991014932512829e-05 -1.002022523082225474e-06 -2.842039477143935982e-05 -2.346734940511618935e-06 3.736757638483840019e-05
-9.178214693179728850e-06 1.280967924246861359e-05 6.854062267830855224e-06 1.771398161713658179e-06 1.023638875587043300e-05 3.184193027551605380e-06 1.134122809268352233e-07 -4.557338701127988442e-06 -2.458759980228269194e-06 -3.471176264544536503e-06 -9.602749365434649673e-06 -7.296772699799118332e-06 -7.120293246503897039e-06 2.502126618218442107e-06 -6.347506137316806762e-06 3.668251727262174915e-06 2.948973276736925879e-05 2.001153520249016035e-05 -6.526604103336953801e-07 -8.313284217380404525e-06
1.104020762317851135e-05 1.435596083215547255e-05 7.636585257366401954e-06 3.084132120562011321e-06 6.858611430950416736e-06 6.765519851348731058e-06 -5.244256852773507621e-06 -2.380231656338754891e-06 4.348001649746522400e-07 9.983387019119909818e-06 1.349868486271432868e-05 3.066036054073338483e-05 3.294230551923307203e-05 3.237644292849535717e-05 3.393006118246973037e-05 4.434868535989524289e-05 4.948892213530549020e-05 1.233467481756300529e-05 -8.347106537026230475e-05 -1.419433863063210581e-04
8.561601735258911028e-07 -6.133157849072475403e-06 -1.885374997024898640e-05 -4.930864340948408084e-07 1.400343887442220932e-05 3.219672634363252942e-06 -9.556562563845635288e-06 -1.070244058401711521e-05 -6.729618411153226451e-06 -1.211287531627053759e-05 -1.165264663856074939e-05 -3.309930243848242061e-06 -2.155674686391375718e-05 -4.468615691573752313e-05 -8.196046520960030177e-05 -1.158521271486123461e-04 -9.984770206358866914e-05 -4.101508348995274377e-05 -2.445028299540357453e-05 1.568981198464242829e-05
-1.963411591680052354e-05 -2.185776168640991937e-05 -5.017241532745389945e-07 7.515663545508686585e-06 6.700010048604891044e-06 4.011103326508731389e-06 8.357049272191243310e-07 5.089050978942113831e-07 2.429278620974358651e-06 1.940349019428491014e-05 3.013134164912315989e-05 3.622972341483399899e-05 5.134555578126284676e-05 5.109329687550382857e-05 5.538872330657142884e-05 6.708665982010563139e-05 5.162291600593129785e-05 1.601599865745365999e-05 -1.042828882896331902e-05 -2.740280892059549867e-05
1.142541697493052739e-05 -5.102261225301259655e-06 9.066804509694097870e-07 1.326062776530079110e-06 6.287657145304803783e-06 3.485332565138939426e-06 -2.030786447948209939e-06 -3.912010540525487060e-06 -3.916847093251723760e-06 -1.075001962434144197e-05 -7.288105684287277595e-06 -2.815778496814753080e-06 -9.810283350230729094e-06 -1.608162767599105822e-05 -2.546358029434156721e-05 -4.449306176090596897e-05 -6.642185419907997907e-05 -8.923561233867086660e-05 -1.669909463651427710e-04 -2.908009439117406202e-04
1.233045618832349780e-05 7.490400211925332166e-06 8.083113482796605841e-06 1.917452059016089424e-05 5.998167452656866961e-06 8.613895315005486939e-06 2.196864111292735802e-05 2.023879634858022009e-05 1.177153516634518854e-05 9.116330377843430348e-06 1.706435526944774912e-05 1.814223646162943838e-05 2.205604087807842560e-05 3.465788676571346854e-05 6.776888400961902524e-05 6.482650119505802293e-05 5.910568440613510192e-05 9.070498592157919080e-05 1.164333626936109859e-04 1.122374748456836911e-04
-1.238738709638952585e-05 3.157035010885745486e-06 -6.305165343255025910e-06 -4.407761938518286080e-06 -4.331628092258073155e-06 -1.219620585999336338e-05 -1.202779111319417183e-05 -7.477597371518357146e-06 -4.549979759981428709e-06 -6.104197722996557908e-06 -1.169783681497448681e-05 -5.713505216660282389e-06 8.231582476665627769e-06 3.467188972208389757e-05 4.587998789344143412e-05 5.637053110472326053e-05 3.573936280433329956e-05 -2.100466400940425159e-05 -6.129366101601164572e-05 -7.881305946824255137e-05
4.020030290834803511e-06 -1.064389012226776429e-06 -7.143892819263251709e-06 -5.184626412551142289e-06 9.470471384648126488e-06 1.024736152514601367e-05 1.189165894628570670e-05 1.089383330472959214e-05 9.498460958064554739e-06 1.573787491877499744e-05 1.150660471599312531e-05 -1.240890691975895307e-06 -1.714317071144578475e-05 -3.369464320615215793e-05 -3.804321370709418424e-05 -4.839939951095888324e-05 -6.217249913366391196e-05 -7.856577717368469157e-05 -6.650458344154420824e-05 -4.487913530167279440e-05
1.276993929282632822e-05 1.305319956949372306e-05 -4.090835866544214064e-07 -6.995498272278998106e-06 5.144632754366788839e-06 9.737509607139643716e-07 -4.582767364807215802e-06 -1.241524546752567545e-05 -3.979799877777416870e-06 1.752713758077750745e-06 1.423903586370204773e-06 1.323091593636978497e-06 -1.009634013951812013e-05 -1.646918775690189174e-05 -2.611141144458012186e-05 -5.550596113645546974e-05 -1.027122644384217910e-04 -1.604652812160823922e-04 -1.917442809499561834e-04 -2.285620217059765324e-04
9.698259229525283862e-07 -5.097922903576144717e-06 -7.394038458861567416e-06 -5.173023461954831168e-06 5.306913018032399395e-06 -8.919801794681974253e-06 -1.376645537881752990e-05 -1.398611372078617153e-05 -1.598673889738950443e-05 -3.522645486615971668e-05 -3.951140396762436801e-05 -4.698596798238619335e-05 -6.136705603203076466e-05 -8.263613634489763845e-05 -1.081051920913157229e-04 -1.430409089645937645e-04 -1.448360620124897007e-04 -1.397577008663942284e-04 -1.387316471701807372e-04 -1.425141997787844692e-04
-1.189067653206874046e-05 -6.436657628064987503e-06 -3.146134315003562096e-06 2.341372077239417222e-06 7.037645192763367903e-06 -7.128777840051239054e-06 -3.831313771116568821e-06 -4.344936701566273440e-06 -1.784889593699077442e-05 -4.737992613587097580e-06 -5.838582976722764284e-06 -5.812485189196001937e-06 -2.103853794470502092e-05 -4.036138124713651692e-05 -5.012986693918706523e-05 -2.075736204480737026e-05 4.047521200697758078e-05 1.250273938279866822e-04 1.922555436476034514e-04 2.348678040657024065e-04
-9.817353919209807138e-06 1.069789374833936023e-06 -1.999424044779066440e-06 2.965668012284094263e-06 1.491284291712614217e-05 3.351448486555504665e-06 3.243825125193503143e-06 9.055011150533471217e-06 1.832051037529075022e-05 1.442907203302173585e-05 1.017725952132804482e-05 1.328384874118110948e-05 2.371081734325928523e-05 3.052601247701439521e-05 4.779169314717755080e-05 5.420436020282304502e-05 6.578407944311890493e-05 8.345417496132886287e-05 6.903505674980292843e-05 1.268686884642462809e-05
7.392021548458711901e-06 2.186189528268114016e-05 6.289565656527253263e-06 1.197622383493890940e-05 1.685611475135891677e-05 3.922918631705266408e-07 1.149189290903511760e-05 8.833913972090632206e-06 1.468353660063965461e-05 1.167511484571002007e-05 1.006103750557626859e-05 2.518935751202397506e-05 3.237431942540798426e-05 4.399306902323127366e-05 5.740989558177478168e-05 6.314559796185619737e-05 5.888093997682104173e-05 3.853680115044374723e-05 1.239809292018719394e-05 -7.222456014346418465e-06
6.242487106380429999e-07 1.357368566731013428e-05 2.465840832750759246e-06 1.206329752259695863e-05 5.789029472513226733e-06 -1.017374754177639906e-08 -4.811942300893372597e-06 2.567423913387650985e-06 -8.892975758605460811e-07 3.280492248946488609e-06 -2.009558831215023176e-06 -5.092943678342365023e-06 1.853641751266421792e-06 9.900459925450317986e-06 1.525126157820820933e-05 1.163688435620068659e-05 2.134323372901232932e-05 4.598977450074433014e-05 8.056214286299768254e-05 8.599351832774192140e-05
4.029807497279766860e-06 1.775829793255061419e-05 1.969031336475575748e-05 8.224702683316691108e-06 9.596057545752958884e-07 -6.489722307429187800e-06 -1.102388465436329672e-05 -2.309598612761076391e-05 -2.790595279546299510e-05 -3.738455560696505133e-05 -4.396491399847034129e-05 -4.371954950188853704e-05 -5.496619123231031667e-05 -5.197523864336397060e-05 -5.656908734462289451e-05 -1.105580701458498162e-04 -2.028010218773783390e-04 -2.661225572898842000e-04 -2.943939895289693961e-04 -3.012902428319555090e-04
5.116277744124492019e-06 -6.851707772360735032e-06 1.218998645183079982e-06 7.501925867355729312e-06 4.332013942169549053e-06 6.524255320309467796e-06 1.232873583530955061e-05 -3.014716115662624797e-06 -2.539778339557140268e-06 1.672920856338249435e-06 -4.491152907651607877e-06 -4.721262786912704590e-06 -1.856464041648266919e-05 -2.863865328778674070e-05 -1.945735393978730964e-05 3.008667700171897107e-06 3.620580141485682985e-05 5.575982252110108748e-05 6.868107456769272068e-05 1.097249627337071082e-04
-4.840663311174812866e-06 3.792623436501762631e-06 -1.972472825582295510e-06 1.586341580914024291e-05 1.589877953125331167e-05 2.438532052704810103e-05 1.503664250860199457e-05 1.944701086797010010e-05 2.000678753473318443e-05 2.033885586496428537e-05 9.999811535115665290e-06 1.226592776132185554e-05 2.059449607893730749e-05 2.430311182257561075e-05 2.341967497009791790e-05 -9.549814303356082837e-06 -4.229133635578972284e-05 -8.259796726983404866e-05 -9.700021495264749157e-05 -9.970786074500025814e-05
-4.287924068459042323e-07 -3.661911948960377997e-06 -6.499699108741637003e-06 -2.564956115775246643e-06 -1.317712065859421795e-05 -6.199210833450658472e-06 -9.115746660051642842e-06 1.797129502243585281e-06 -8.195880447541550376e-07 -7.341085383097490872e-07 6.694014413519018028e-06 -5.569997321660218087e-06 -1.695377879545778875e-05 -2.812052500042870159e-05 -2.233834152271465157e-05 1.802129373328235565e-05 7.048855157719561345e-05 1.248333473589816414e-04 1.607973337565083913e-04 1.978450991409964790e-04
-2.222316516215177109e-05 -1.133222604808302039e-05 -5.491960396783119241e-06 3.722545612379291410e-06 1.943226372523015990e-06 4.420134987008403764e-08 -1.454693941026945138e-06 6.350634777991054880e-06 8.128235581188292627e-06 4.528966762385246349e-06 -1.199333074961788349e-06 -1.073306779901775335e-05 -1.894637348975150400e-05 -3.555294673123420793e-05 -5.218930774318275502e-05 -6.151082811794048532e-05 -1.045085451919113066e-04 -1.253996251842931118e-04 -1.430137993688598364e-04 -1.603019082168671730e-04
1.605489381101494665e-05 7.028678323727832934e-06 -9.307936281836775446e-06 3.913460636837993229e-06 1.598714076676759785e-05 7.925909178230659613e-06 1.724614624698762239e-06 1.617942671703484046e-06 1.133323659735527342e-05 2.529890437272184605e-05 1.509131987961971349e-05 1.484611300414291160e-05 2.066826791573296359e-05 1.248921749218607040e-05 2.550310222972370936e-06 5.331623929941249055e-06 3.291247247946526693e-05 6.786454863363231200e-05 6.930138840209963257e-05 5.555549772230979750e-05
3.172246213800370622e-05 6.716771170849542740e-06 1.705066825390355588e-06 4.313556784063085765e-06 -1.487326253693378608e-06 9.357865985567394732e-06 4.254070808175754726e-06 -6.413938298475863453e-06 -5.756398826640503695e-06 -9.569559703429712384e-06 -1.415805378992286103e-05 -1.620923436917453306e-05 -2.666070993572940094e-05 -3.115425825454186349e-05 -4.201602946928415563e-05 -4.420799597481141191e-05 -3.591973403981082026e-05 -1.125243100756296814e-05 1.277776016970181647e-05 2.240038570843524206e-05
-1.578779707943014869e-05 -2.006222294333051296e-05 -1.432711581220987929e-05 -1.242743245733261048e-05 -1.265870412325271170e-05 -1.271928076126694869e-05 -2.022796836982256307e-05 -2.277610386123438488e-05 -2.943607192867051629e-05 -2.530500106525897092e-05 -4.333211208455624053e-05 -4.039568372679917200e-05 -1.179236308983635461e-05 2.455091592439594600e-05 5.217093504184130114e-05 8.550206201195998854e-05 1.065153508724852606e-04 7.467057895445890648e-05 -3.353309881759159350e-05 -7.042853346619885207e-05
1.010467413469466144e-05 5.526784740022495802e-06 4.930570552333162380e-06 -4.525867649378652536e-06 7.130771220066216567e-06 7.237021314152072421e-06 1.003307948520890854e-05 1.463298063236004360e-05 1.805006180911575980e-05 2.158883465932661286e-05 1.954082829359096154e-05 1.545366301523178987e-05 1.064393526804660406e-05 1.487126986369459822e-05 1.363937291816156183e-05 -1.488904474002926686e-06 2.272873877215302519e-06 2.899603422655900716e-05 5.064708186913393387e-05 6.103060994299310931e-05
7.396113816378048107e-06 -2.602951823699372387e-06 -9.364924968290245421e-07 -2.541291723078205140e-06 1.015736721728700391e-05 7.797076869427144435e-06 -5.234573624293583173e-07 -1.164914285422615590e-05 -1.311102008940854755e-05 -2.437361169090390076e-05 -3.084479789540474744e-05 -5.221697844200234238e-05 -7.535102308202411628e-05 -7.664490381165296740e-05 -8.854607753409206403e-05 -6.947810443883666270e-05 -3.477224356268922815e-05 -2.521566037924751678e-05 -4.670400275152560926e-05 -6.860827994800526575e-05
2.498199703013613543e-05 3.247941782678891328e-05 9.989349360351488735e-06 1.313570657602372074e-05 1.151288417392628177e-05 -3.435063673217049425e-06 -1.600546956848585730e-05 -1.961595338596598315e-05 -2.153028438138583994e-05 -2.038679943518973279e-05 -2.135666720233017540e-05 -5.860550148171090762e-06 -7.441253593329327173e-06 -2.644493652375241120e-05 -6.132992386914773745e-05 -7.997443012543361933e-05 -9.894979884769283373e-05 -1.074337377367241267e-04 -1.372071927968456840e-04 -1.463884664740409079e-04
-5.468156400158278940e-06 -9.208133027566468143e-06 -5.197542662488099944e-06 -9.155291751006443881e-06 -2.741305538162968174e-06 -3.704993114317276418e-06 5.949179659825307981e-06 -1.256773237314140408e-05 -1.681004506182887158e-05 -1.385839468042634168e-05 -1.165107257295572608e-05 -7.165506520049212807e-06 5.135132637043147529e-07 -1.969684520735830787e-06 -5.685174178452881770e-06 3.613609410730337695e-06 1.959955533466192269e-05 4.853591511880894587e-05 8.480986315806575480e-05 9.149272418708854929e-05
-8.265565827829585683e-06 3.798780991737558625e-07 -2.060020040950313824e-06 -7.277609499031127871e-06 1.400327180432095310e-06 1.078943842057028994e-06 -4.421716085230568467e-06 -1.092373676442573916e-05 -2.570840540237297921e-05 -2.071200986048261634e-05 -1.564933405898163402e-05 -2.113078348811775326e-05 -3.402323206563525899e-05 -5.396304628291640138e-05 -8.988105578466062517e-05 -1.109866796701348409e-04 -1.093236778717338666e-04 -6.852175775858847825e-05 -1.784060619788417561e-05 5.095969980154494349e-05
-1.930609779896116086e-05 -6.902726744191435824e-06 8.786816367594972948e-06 6.796556965673818868e-06 5.094626960661468215e-06 1.022169955092641366e-06 -3.537778225435313451e-06 1.396265988247385830e-05 2.298084199281742504e-05 3.489325239446342870e-05 5.319506650195955313e-05 6.100361328120573843e-05 6.315985620758284328e-05 4.339049895020213475e-05 2.321773797032082977e-05 3.748392381633399817e-05 5.374219477964779556e-05 3.830884437874925965e-05 -3.803273597021097381e-05 -5.857901759236283808e-05
-3.252838234300332474e-06 -1.589975594620169451e-05 -1.059766791334624351e-05 -7.983124253275259081e-06 -9.819483282408551824e-06 4.869750959689496709e-06 -3.752161043138801676e-06 -2.017808473332811640e-06 1.431575184145003317e-06 9.163663278668232782e-06 8.617306627548300589e-06 1.358853789860013009e-05 1.459836088994023936e-05 2.631059045141119417e-05 3.440720267616942417e-05 2.881862708325046317e-05 3.064602266876810411e-07 1.922233749102537405e-05 4.843031621712630462e-05 1.529090782854970789e-05
-1.539801551428950311e-05 1.052573432976698853e-05 -1.869624975379865176e-08 6.050772471359301563e-06 1.414631492651834279e-06 -3.359447419797959813e-06 3.897550060071800722e-06 3.194592132309815984e-06 -5.715908806013603089e-06 -6.604067684706420493e-06 -1.040390350128061559e-05 -9.584196743221300285e-06 -4.525471279667671833e-06 -1.700827111138121923e-06 1.566772170118118351e-07 -7.501455528598031224e-06 -6.154546076870303448e-06 4.293168283001301963e-06 2.702374222959762908e-06 -2.433678471758530994e-05
5.570049794934990574e-06 6.559718728550140511e-06 7.043670100202953713e-06 7.297839133119076955e-06 1.054457027035365379e-05 3.188998189831951502e-06 -3.709567392721529140e-08 5.416320164230807170e-06 -6.274757954060210691e-06 -2.352142635562864563e-05 -2.739463224114980350e-05 -2.961863942491973074e-05 -2.585900200550653042e-05 -2.602728306938516549e-05 -2.974584636151905058e-05 -9.683057110614465802e-06 -1.456770356186353483e-05 -2.863191680916975782e-05 -2.691734842859013516e-05 -7.576347890360013893e-05
3.270029936694961515e-06 1.984744987166488876e-05 2.313926007227475769e-06 4.885904405968652354e-06 -2.849121250419347556e-06 3.632434620938378627e-06 7.867154793231937582e-06 1.406261367162903121e-05 9.860929472091676997e-06 8.228524484331126732e-06 5.592980853316895741e-06 -7.465976996327539333e-06 -1.703074975975241940e-05 -3.005248451419921134e-05 -5.826744959318587831e-05 -6.613295576125141563e-05 -7.546417761470828158e-05 -1.137422214867470571e-04 -1.221442840253994739e-04 -7.832654498190729430e-05
-1.356257942964419162e-05 -1.491345459755150142e-05 1.621869853769823459e-06 -1.939459450383608066e-05 -6.505763861630139699e-06 -1.255841721499956906e-05 -1.812893459070978448e-05 -1.979047208220664113e-05 -2.785804259479565792e-05 -3.150561146122180184e-05 -3.140163300384224101e-05 -4.297537088281663998e-05 -5.097079272789111713e-05 -5.847810712500459807e-05 -4.789098046136741279e-05 -2.247568059346205819e-05 -8.217436230841565996e-06 -6.345544887828487527e-06 -5.374534297213777906e-05 -1.420546101375454867e-04
-7.423966905629312552e-06 4.568679845261460891e-06 -1.231667796116925683e-05 -4.885975098611820772e-06 -8.326845238295022884e-06 -1.052694400559065918e-05 -1.117940943535927166e-06 3.213594150126261469e-06 9.322417019367054846e-07 -7.586925256746227000e-06 4.098996002385309101e-06 6.630662865219631587e-06 5.484035242521333184e-07 -3.342064079241497117e-06 1.137089072569682009e-05 1.232362950497550109e-05 3.326181974012309993e-06 -4.976446759016181941e-06 -1.632298597859081649e-05 -2.962263068296588613e-05
-6.732733172883793736e-06 -2.003625269972876890e-06 -1.847089426770364224e-06 -4.676131462945187966e-06 1.225938676676521926e-06 -2.157260526024696765e-06 -1.136939315000076939e-06 1.136357364181686282e-05 1.014448796731194286e-05 1.038555203741554389e-05 -1.233625190803294321e-06 -7.065271696885108521e-06 1.703264952302617062e-07 1.997398316360581545e-05 2.260724050420797170e-05 -1.171661578589865088e-05 -2.990864178346059945e-05 -8.589530292069723168e-07 3.052615305480615960e-05 1.517663228807358166e-05
-2.537051940890775644e-05 -1.434196208906246877e-05 7.348685555949231341e-07 -2.804286941425234198e-06 -1.166752665148895644e-05 -1.427722095453192214e-05 -1.371211782257297717e-05 -1.770372703978245933e-05 -2.555934175724111214e-05 -3.121725958364839580e-05 -3.649271125089955531e-05 -4.346870969560581526e-05 -4.947387012709097693e-05 -5.011784696494959882e-05 -6.344531567140734862e-05 -7.655606665171686416e-05 -7.175869212204618491e-05 -6.759848253816865525e-05 -1.868197649667667037e-05 2.112525128415628593e-05
