# th, gx, err_gx
2.805046135754908576e+00 1.806950917065877096e-06 2.086023888324513419e-06
3.531343861556885511e+00 4.077539472238139567e-07 1.897807740927731026e-06
4.445698525097307119e+00 4.817518429065271592e-07 1.428513368735011741e-06
5.596802846420849242e+00 -1.874436903448324676e-07 1.250144035905736852e-06
7.045957328161136068e+00 -9.919047900658635015e-08 1.046130983101876335e-06
8.870334730839386950e+00 -5.280844668016803172e-07 1.008773795958560612e-06
1.116708980377407912e+01 7.759586165781687850e-08 7.625707719128523533e-07
1.405853312975872704e+01 -1.349400874755784411e-07 6.137925637346630936e-07
1.769864460960344488e+01 -7.564204012323079627e-07 5.160425306597261426e-07
2.228127345334364406e+01 -2.507485471978405479e-07 4.426762481127521944e-07
2.805046135754909287e+01 -4.125887245011078622e-07 4.620622964244359944e-07
3.531343861556886310e+01 -1.225497396631867771e-07 4.469945725119925285e-07
4.445698525097307652e+01 1.751629611217142230e-07 4.249117451844055195e-07
5.596802846420851552e+01 -5.734270842470410539e-08 4.100776382898604299e-07
7.045957328161136957e+01 2.489109056759019285e-07 4.054584896370089612e-07
8.870334730839388726e+01 2.798891227828627816e-07 4.334026138606161319e-07
1.116708980377408125e+02 4.145322252488920733e-07 4.045170431538132875e-07
1.405853312975872882e+02 8.503653850899911611e-07 4.133067150794118086e-07
1.769864460960346548e+02 6.623517373474482029e-07 4.562134543180068364e-07
2.228127345334363838e+02 4.879937692543978535e-07 4.803371003878222808e-07
