# th, gt, err_gt
2.805046135754908576e+00 4.428565494839418440e-04 4.291130835922609915e-06
3.531343861556885511e+00 3.668307226404908593e-04 4.289423707905252577e-06
4.445698525097307119e+00 2.919250901628298468e-04 3.676586055608450029e-06
5.596802846420849242e+00 2.362768189334370130e-04 3.293797478191179231e-06
7.045957328161136068e+00 1.885091934193751958e-04 3.253919112596137730e-06
8.870334730839386950e+00 1.515924439564300035e-04 2.765567024709026358e-06
1.116708980377407912e+01 1.263656596885514259e-04 2.515535278238963832e-06
1.405853312975872704e+01 1.119630469635557912e-04 2.570639384588487718e-06
1.769864460960344488e+01 9.758681623553330233e-05 2.382179148637264808e-06
2.228127345334364406e+01 8.365110644566860698e-05 2.695646320759072353e-06
2.805046135754909287e+01 7.193802927493916368e-05 2.652927524693586091e-06
3.531343861556886310e+01 6.266393758726377446e-05 2.607138199255786337e-06
4.445698525097307652e+01 5.400050201424545895e-05 2.783368940600807551e-06
5.596802846420851552e+01 4.875825018090577348e-05 2.905180615230838745e-06
7.045957328161136957e+01 4.452946977628762692e-05 3.066462317370249309e-06
8.870334730839388726e+01 3.991906152883062310e-05 3.168571165953323241e-06
1.116708980377408125e+02 3.455410939517854560e-05 3.287168910335470505e-06
1.405853312975872882e+02 2.776772014586666615e-05 3.243250388748365427e-06
1.769864460960346548e+02 2.041737943357884686e-05 2.670853349069436151e-06
2.228127345334363838e+02 1.586606546577261771e-05 2.443373708216644874e-06
