# th, gx, err_gx
2.805046135754908576e+00 2.639340832802623021e-05 1.213760308305870505e-04
3.531343861556885511e+00 -2.747304458434925641e-05 9.869724507406887469e-05
4.445698525097307119e+00 -2.675299303524056218e-05 6.885870991621736157e-05
5.596802846420849242e+00 -5.015862175202040973e-05 6.203512547132085842e-05
7.045957328161136068e+00 -1.547582321863567479e-05 5.606881972715607363e-05
8.870334730839386950e+00 -2.719494160390313926e-05 4.605304528013947512e-05
1.116708980377407912e+01 -2.971391764818390597e-05 3.437939002542342033e-05
1.405853312975872704e+01 1.791530219495605068e-05 2.941516735305198122e-05
1.769864460960344488e+01 -3.463588491506835586e-05 2.252544661061199976e-05
2.228127345334364406e+01 4.552577858402954939e-06 2.075613350942297829e-05
2.805046135754909287e+01 -1.596719246458946714e-05 1.532055012128803368e-05
3.531343861556886310e+01 9.943898822208892678e-06 1.142525085354042230e-05
4.445698525097307652e+01 2.328375207389356963e-05 1.244409463504766182e-05
5.596802846420851552e+01 -4.408153453211193288e-06 8.681049387323553122e-06
7.045957328161136957e+01 -1.054127402251430081e-05 8.846570817418619403e-06
8.870334730839388726e+01 -2.166355531837472855e-05 7.242400332645163225e-06
1.116708980377408125e+02 -9.832938096566098838e-06 7.673582857662968097e-06
1.405853312975872882e+02 -8.627751893473515650e-06 5.084997202963352839e-06
1.769864460960346548e+02 2.011539011108213419e-06 5.023634882315388238e-06
2.228127345334363838e+02 -4.614110554953406270e-06 4.440908731248231187e-06
