# gt_boosted (sum of gt_boosted from all patches except for one, different each time)
2.421147071806509590e-04 2.692771801535059949e-04 2.678626752338031749e-04 2.337662102883527552e-04 2.002823965268576859e-04 1.705337377414431054e-04 1.480946821926917769e-04 1.289670305170030010e-04 1.126170561441982410e-04 1.010898988383692338e-04 8.836598735607409600e-05 7.810908115133259567e-05 7.180042340156754684e-05 6.189659898288190818e-05 5.059030768361128417e-05 4.316185927889929142e-05 3.567170245001803202e-05 2.856862358045508617e-05 1.961527391900911915e-05 1.529322448532237751e-05
2.423650868917425275e-04 2.694794559120823781e-04 2.683104987386307548e-04 2.338989587523589327e-04 2.002177122081489399e-04 1.703558025843098477e-04 1.478049057964892160e-04 1.289469054536652873e-04 1.127346048666276322e-04 1.008923687027621916e-04 8.818319751314964046e-05 7.772059875382402252e-05 7.148628090034885225e-05 6.166148129799615919e-05 5.028472472007250915e-05 4.310337863732712329e-05 3.599097728210490438e-05 2.897658623298024553e-05 1.941346517509476871e-05 1.514639827017288728e-05
2.417714772610263805e-04 2.691327653059676843e-04 2.680734150440175663e-04 2.332720401128651224e-04 1.998221271367456016e-04 1.699859238666936165e-04 1.476910288544054433e-04 1.290227873260088175e-04 1.125690671976155538e-04 1.010004735180371199e-04 8.817431416313487838e-05 7.777127611739485618e-05 7.159539702049152348e-05 6.174541725357439665e-05 5.071795726158681371e-05 4.353666965109118179e-05 3.597198724662347997e-05 2.904541438654718844e-05 1.981629589529261383e-05 1.540617871492114203e-05
2.418717118387652353e-04 2.689748324025617587e-04 2.679872709465395313e-04 2.334801048772640938e-04 2.000727489151660795e-04 1.701431855544895122e-04 1.476133160535616291e-04 1.287911620971987354e-04 1.124016100582081299e-04 1.007847649463051266e-04 8.819227278717388374e-05 7.778746088833782193e-05 7.165914176146430186e-05 6.198175161349963062e-05 5.073922267193879297e-05 4.335116797564454852e-05 3.577588476500820824e-05 2.878439070486680631e-05 1.954408045133640350e-05 1.500353996820253801e-05
2.418855597023531010e-04 2.696417396283524223e-04 2.683802100384137198e-04 2.340365559293205023e-04 2.004415422532214246e-04 1.704802010116920267e-04 1.482797629838039524e-04 1.292175394735379102e-04 1.128287198515888848e-04 1.008515548251456389e-04 8.824363180276508238e-05 7.794356683293618849e-05 7.163127188486116128e-05 6.180219807033838554e-05 5.057552119883462278e-05 4.333266163277676216e-05 3.582289286099170833e-05 2.870824159989441817e-05 1.946446334691913702e-05 1.528072625572011282e-05
2.418958142445031489e-04 2.695162200686485520e-04 2.683731797783859988e-04 2.339449377361918741e-04 2.005627861114479317e-04 1.706467907349615233e-04 1.482424805834106944e-04 1.292984141796043175e-04 1.129801040355818452e-04 1.009890764620245153e-04 8.828862822268401681e-05 7.791778346624217899e-05 7.159045688922996507e-05 6.196833056005026632e-05 5.083411587306246225e-05 4.346094659780875766e-05 3.585568974625449813e-05 2.872775893787300050e-05 1.948349338176622126e-05 1.503168079036773469e-05
2.418569968306060250e-04 2.693382318826965721e-04 2.683509137714851179e-04 2.340222093115512084e-04 2.006769604370503123e-04 1.705098008102354560e-04 1.481128504404587718e-04 1.290460486764519318e-04 1.125273320264917788e-04 1.004836345257747033e-04 8.790745526656603402e-05 7.764058951537459454e-05 7.146146514402426230e-05 6.180076477155256175e-05 5.048186349418617465e-05 4.279515445143486320e-05 3.516579881920283530e-05 2.817421224131441292e-05 1.888216882472150586e-05 1.459649354022217314e-05
2.415602087099612174e-04 2.691297614761895625e-04 2.677811659567102642e-04 2.335293913113695445e-04 2.001058580844816530e-04 1.702115583912138560e-04 1.478452063520008805e-04 1.289314398491401724e-04 1.125959881903136779e-04 1.008754317042394804e-04 8.834687304180736998e-05 7.800431964580618264e-05 7.169042772403368135e-05 6.173798632444453126e-05 5.059234317944974837e-05 4.345739531179021361e-05 3.591095498869642576e-05 2.882988270766262789e-05 1.964027237111620918e-05 1.538828448723817197e-05
2.415691696945725933e-04 2.695402390082946259e-04 2.684477029139487264e-04 2.340839495270188625e-04 2.006102209007306421e-04 1.705432577309595635e-04 1.479933952955084480e-04 1.290548557745259243e-04 1.125570903317892762e-04 1.007020104411906087e-04 8.827097702396671536e-05 7.788942616863138945e-05 7.150100465810641198e-05 6.181728274295564339e-05 5.049916718894060136e-05 4.314334677212189204e-05 3.571070564884952861e-05 2.863259168553939683e-05 1.938144383777039271e-05 1.497353545543932661e-05
2.414251668582205999e-04 2.692323702888470022e-04 2.680711923572680149e-04 2.335793009819095965e-04 1.999355857182977725e-04 1.702074972476641784e-04 1.478388228427527458e-04 1.288091115104960608e-04 1.123219350035756193e-04 1.007422621135743674e-04 8.814851602542342476e-05 7.781904577713109037e-05 7.150240808727433472e-05 6.207011864361691071e-05 5.098430730774627863e-05 4.348029907747681791e-05 3.585986329709058983e-05 2.882964827362545607e-05 1.955217777637599584e-05 1.513682533981274948e-05
2.418814586319724034e-04 2.695150477106225185e-04 2.682571390075694424e-04 2.338191053365225097e-04 2.001333130052122605e-04 1.704319252817311937e-04 1.478365573327936706e-04 1.287300444177609960e-04 1.124620125676440368e-04 1.008773897249400130e-04 8.829335423282845736e-05 7.785918964029783752e-05 7.162111003401375837e-05 6.202602881725163679e-05 5.086579019733953656e-05 4.334600049616373296e-05 3.566779791877960188e-05 2.861042069529486987e-05 1.941175193888974558e-05 1.519833405414884561e-05
2.414143275949682860e-04 2.688638846937295608e-04 2.679354503685093744e-04 2.332398963767221369e-04 1.999768346312369102e-04 1.700340775575586339e-04 1.475849345368966821e-04 1.285760959677005122e-04 1.122728636283190716e-04 1.006637725354992573e-04 8.814851447849284525e-05 7.782587224105296593e-05 7.150973394585136947e-05 6.173176124921536602e-05 5.034051974999018044e-05 4.292645522073945587e-05 3.510520256082980741e-05 2.804931287584166478e-05 1.890782348233391468e-05 1.485951594706435685e-05
2.423099888845383157e-04 2.696786360354417916e-04 2.684575286133557195e-04 2.339330661520689280e-04 2.003423588336396960e-04 1.702222903973165562e-04 1.479823349509687424e-04 1.292632430849512419e-04 1.127886756428619620e-04 1.009897011093513936e-04 8.836327190927150061e-05 7.800278100924726808e-05 7.167714478226583222e-05 6.167920578574279274e-05 5.038412333839972573e-05 4.304890067151773960e-05 3.557180284851458674e-05 2.860301154720354546e-05 1.943442446863104806e-05 1.507773276663978530e-05
2.423822024525573748e-04 2.693531244713175924e-04 2.685405180980516573e-04 2.340998798202013767e-04 2.005437752366753855e-04 1.705094929771002528e-04 1.481348875651705992e-04 1.290883939716869471e-04 1.125959450758228457e-04 1.008589406861356782e-04 8.803298302148009394e-05 7.759232941749512487e-05 7.125999423892455094e-05 6.149173534106992052e-05 5.017606361157840236e-05 4.300725374283719720e-05 3.542337871032255820e-05 2.816331600784965317e-05 1.882535317087338875e-05 1.456736703437364245e-05
2.420412490498542485e-04 2.695596172781221703e-04 2.682495082602128064e-04 2.335394188153282040e-04 2.002679926763316094e-04 1.703225559814514566e-04 1.480101958197070893e-04 1.290091916135560201e-04 1.128613570187578485e-04 1.008563890246963116e-04 8.810442453250651564e-05 7.778612754312222617e-05 7.136443672677859125e-05 6.166202959828007840e-05 5.058907527497326600e-05 4.346280909274242814e-05 3.581020846549623287e-05 2.861128389940477599e-05 1.928740090332656823e-05 1.487964536452440195e-05
2.418761958924290950e-04 2.693682835582883136e-04 2.685661595494362474e-04 2.339409629146808791e-04 2.004605061513854410e-04 1.705382971379682552e-04 1.481425552265203105e-04 1.292184024361868683e-04 1.128475353800171600e-04 1.011663333885872719e-04 8.834166398910003079e-05 7.778579118574173359e-05 7.167961362498363233e-05 6.201991946975488165e-05 5.076463281507959764e-05 4.329123099385482471e-05 3.576006229685836928e-05 2.887100422906102554e-05 1.991445265474098026e-05 1.563988608669303356e-05
2.422086848723890482e-04 2.689286572225573933e-04 2.681569246906872193e-04 2.338829721252033147e-04 2.004232319911387851e-04 1.703067899628556061e-04 1.479740259331285455e-04 1.292827835709599478e-04 1.129590947885703852e-04 1.013215255405202557e-04 8.851221999938662353e-05 7.813927258116849805e-05 7.158526048597613201e-05 6.158146243947963205e-05 5.033690564401139736e-05 4.338489973199657858e-05 3.623741906564215826e-05 2.912565483561182825e-05 1.971228106406624058e-05 1.497868595328227163e-05
2.420230066567137105e-04 2.693921362183134558e-04 2.684242836727247588e-04 2.338509464171326980e-04 2.003258277167625659e-04 1.703515019827171219e-04 1.481139501350712433e-04 1.290494902835002716e-04 1.124818808214625437e-04 1.007411584853385442e-04 8.812364206664229506e-05 7.764785982846966479e-05 7.119227527878299610e-05 6.135155255641460738e-05 4.998439174392794044e-05 4.249986434880437735e-05 3.513536733329244055e-05 2.821529592730767966e-05 1.909514869148996711e-05 1.494472928069463028e-05
2.414392389799934044e-04 2.686478546224939259e-04 2.674383477751415264e-04 2.331181624069344040e-04 1.998962744363765086e-04 1.699132044362722705e-04 1.477406401841299015e-04 1.288868425036613849e-04 1.126954325425603943e-04 1.008547267510199395e-04 8.798819424876691813e-05 7.750203661470027620e-05 7.137667769635105204e-05 6.165225278334376198e-05 5.048185040004909226e-05 4.332212927642370252e-05 3.581718455800592837e-05 2.892889200436660890e-05 1.992383300048067510e-05 1.532361635915935810e-05
2.414764037891255254e-04 2.691578270247766899e-04 2.681313634257776021e-04 2.336075729743481582e-04 2.002300097601657377e-04 1.702487632608401513e-04 1.478964632690523058e-04 1.286508208123818048e-04 1.125861753376206119e-04 1.009683221517581231e-04 8.838568852777990410e-05 7.794866957663395862e-05 7.190171096893888830e-05 6.197096638405656329e-05 5.061323369401086385e-05 4.320650641346256881e-05 3.566418801912397480e-05 2.878593757542018721e-05 1.970493080958896176e-05 1.506119121574764115e-05
2.420821043777327387e-04 2.690793380476784761e-04 2.677980470864482114e-04 2.333507897334708456e-04 1.998819979450294348e-04 1.697069176348116879e-04 1.473350348110091215e-04 1.284810528715960227e-04 1.122040379632394162e-04 1.004966927161459817e-04 8.802815065300842446e-05 7.765272378474206874e-05 7.116388146677470321e-05 6.136008690803367558e-05 5.036831931481502333e-05 4.296407914945658515e-05 3.562605925700280203e-05 2.868649798840313477e-05 1.951388036243469326e-05 1.517009142819185938e-05
2.423960641550394366e-04 2.691865889997991095e-04 2.684690599312053645e-04 2.340026843543090076e-04 2.003307043244941009e-04 1.704214969732014155e-04 1.478136589397535401e-04 1.288711143256297397e-04 1.125737217635551534e-04 1.010134957918962700e-04 8.846181658925218261e-05 7.813535787751148959e-05 7.191281574838078990e-05 6.239078712853839170e-05 5.096004899460650147e-05 4.336458050151331396e-05 3.578326026306117658e-05 2.870157269178812850e-05 1.943586176007493013e-05 1.510206851263095476e-05
2.420557255724179293e-04 2.692266308005738986e-04 2.683482319191032926e-04 2.337611771979430865e-04 2.003789325783319932e-04 1.703755221633324643e-04 1.481587388340894085e-04 1.291944723186915194e-04 1.128510731134308175e-04 1.010269023564210343e-04 8.844765518821695550e-05 7.793338702962051114e-05 7.184330634276439803e-05 6.207281091233304859e-05 5.087098840461444738e-05 4.363460157763859073e-05 3.609121000060686691e-05 2.897068493032319437e-05 1.964911513468990632e-05 1.532936732803370111e-05
2.422964233875432040e-04 2.693737538479463035e-04 2.680696841811607391e-04 2.337995332743866741e-04 2.001718953662930079e-04 1.701347393899045352e-04 1.477016450038493771e-04 1.290118671224544625e-04 1.128253987148529681e-04 1.010073166268960247e-04 8.833776094646117493e-05 7.785676089363288525e-05 7.175789039940668249e-05 6.195395439257657345e-05 5.075260044178775957e-05 4.335476828793373205e-05 3.583625203203487055e-05 2.889368493238627582e-05 1.962921940634445306e-05 1.536832320644415485e-05
2.421915882771137618e-04 2.693650780726351422e-04 2.685937445578546827e-04 2.339340927201735395e-04 2.006873384162548833e-04 1.704088876741656846e-04 1.479022735617419114e-04 1.290630350702411794e-04 1.127626467928451149e-04 1.011225670540750267e-04 8.835561984631138039e-05 7.795541570472402947e-05 7.166037757467439513e-05 6.187251795335802591e-05 5.032948757160549108e-05 4.297192984421505872e-05 3.540371241206460243e-05 2.852500092015748334e-05 1.939335145750786072e-05 1.521259751640367275e-05
2.414318859305396628e-04 2.690659706851837888e-04 2.674915064877448831e-04 2.329543040178033968e-04 1.997673570662595623e-04 1.698607358560293254e-04 1.476394768501096920e-04 1.288706211082313389e-04 1.124039622683973031e-04 1.007070517107476324e-04 8.808255456731989654e-05 7.773448872429001243e-05 7.164669644961364889e-05 6.164313881661239933e-05 5.028606830085507654e-05 4.299575633207126306e-05 3.528415635973892089e-05 2.833660341569658474e-05 1.894829154387037701e-05 1.464591173857206726e-05
2.419521082084764982e-04 2.695414455671038697e-04 2.684446640196064509e-04 2.337246457932869159e-04 2.000348984665066272e-04 1.699607572206908597e-04 1.477086056337363336e-04 1.291554422801589679e-04 1.128361799702265082e-04 1.012720509019179096e-04 8.850099833281089309e-05 7.794324696223516274e-05 7.165161781265213408e-05 6.189736864473403604e-05 5.060795905884668750e-05 4.319489823843679642e-05 3.564644700314903810e-05 2.886726349676006922e-05 1.971500355377757603e-05 1.565226168993251582e-05
2.420659152782270098e-04 2.694240676359215361e-04 2.681809866961347606e-04 2.337666639459358257e-04 2.005781536592580365e-04 1.707528189445845987e-04 1.485155974148673558e-04 1.292166770168989539e-04 1.128878376047163991e-04 1.012018307159096985e-04 8.853964135024161911e-05 7.793877106705364270e-05 7.157079946962664318e-05 6.181254962274686162e-05 5.046005923055708555e-05 4.322285753776608497e-05 3.563921921519838443e-05 2.853196175989563277e-05 1.934737012791244612e-05 1.488622054259743697e-05
2.421580275586504517e-04 2.696229002883978286e-04 2.684136087886346365e-04 2.338834287131540037e-04 2.004586285772917361e-04 1.704655706013814538e-04 1.479090415476635534e-04 1.291357040415954522e-04 1.127571922884065023e-04 1.010056836794508204e-04 8.835991330623486505e-05 7.809620967821992877e-05 7.167702598876109536e-05 6.182257249753458667e-05 5.037350416111728010e-05 4.316195161249248918e-05 3.580841080964028639e-05 2.906107174694165510e-05 1.994495342966046207e-05 1.528083980635012537e-05
2.415028511876111646e-04 2.692990424626983672e-04 2.683038688038943964e-04 2.336371850449220659e-04 2.001821602539027335e-04 1.701635220241093274e-04 1.475735133686436207e-04 1.288078949873208690e-04 1.123717869895886080e-04 1.006918161357636004e-04 8.822044052427072689e-05 7.775491062811778066e-05 7.171955113106065190e-05 6.195643511756029670e-05 5.061922715952669414e-05 4.316387687885014365e-05 3.565650098666378739e-05 2.841623475016607351e-05 1.958043969826681917e-05 1.547180687594496297e-05
2.417598565179917322e-04 2.688108033078656168e-04 2.678896163079467845e-04 2.333744375049875118e-04 2.000154516489721299e-04 1.698904730277248608e-04 1.476878675301281085e-04 1.288176609145277060e-04 1.124679030132640371e-04 1.009001389924282977e-04 8.828651666509953967e-05 7.788247642715237897e-05 7.158560271711916052e-05 6.171092007432407863e-05 5.050508498431125333e-05 4.340757097886960601e-05 3.596285500226163669e-05 2.894929666927558519e-05 1.971676152917733264e-05 1.535599851568957019e-05
2.418251689304955513e-04 2.689154412358470093e-04 2.680490353709359111e-04 2.337705522239517399e-04 2.002405352927484616e-04 1.702218418390657648e-04 1.479696479657734772e-04 1.290283667322358321e-04 1.125684995348582586e-04 1.009145496592402184e-04 8.809057464027920004e-05 7.769733354360932925e-05 7.163573617635403607e-05 6.193027861001979169e-05 5.075073056188670917e-05 4.348895766666556738e-05 3.584610194557297068e-05 2.866508677995508958e-05 1.934434115197683599e-05 1.498009201520735736e-05
2.418474615803789030e-04 2.691230619203183920e-04 2.679874643166262928e-04 2.333071406536649651e-04 2.002107160235577559e-04 1.701658979680292338e-04 1.476967128374981526e-04 1.287571684718880657e-04 1.123518297720601535e-04 1.007700943769589380e-04 8.840671887000291988e-05 7.830156485272643583e-05 7.205333241121875901e-05 6.217718956635979967e-05 5.106318898973132388e-05 4.359623013439904623e-05 3.593697962940078179e-05 2.887385041677056910e-05 1.954532904492583813e-05 1.516452107759685366e-05
2.423725777611809417e-04 2.697368839670333815e-04 2.682640571051017261e-04 2.339116612484491210e-04 2.004329465072987885e-04 1.704071285086816928e-04 1.479410775548291616e-04 1.289464458092277042e-04 1.125418003439210659e-04 1.010668389957196844e-04 8.842116582626375764e-05 7.802776765542012360e-05 7.167714961094820804e-05 6.182923843391445169e-05 5.051823992714473414e-05 4.333683209567499624e-05 3.604510032288448532e-05 2.908695928721575597e-05 1.954049750214976981e-05 1.518764048113953328e-05
2.416728829286905137e-04 2.688657196024751232e-04 2.679760608820723976e-04 2.335774272876612841e-04 1.999380620727365812e-04 1.701180345750129643e-04 1.477545889547225786e-04 1.288022208562278283e-04 1.124022947026086017e-04 1.008194035080546720e-04 8.814566939543757597e-05 7.777936590550980510e-05 7.145893729574148820e-05 6.166979466456595739e-05 5.069066766432389723e-05 4.326636860290343761e-05 3.591282297947492365e-05 2.890957538291683270e-05 1.965848989757857263e-05 1.531586712707024619e-05
2.417626010518778858e-04 2.690918183283237263e-04 2.683411645096199136e-04 2.333697326308834311e-04 2.001691902201311376e-04 1.704341842769144081e-04 1.482064782408593865e-04 1.291980197466743125e-04 1.125900565744023804e-04 1.011645488400768431e-04 8.853712639917268661e-05 7.796372935608221521e-05 7.179078463467357461e-05 6.226093498493686198e-05 5.098846644426432387e-05 4.366105072315501332e-05 3.597457197854169033e-05 2.871767311970869715e-05 1.931399384704221982e-05 1.493908008274317167e-05
2.419093219965270209e-04 2.692779328762350856e-04 2.679725599283966733e-04 2.337514301156885950e-04 2.002752601575863943e-04 1.703028947916153380e-04 1.480253976726753681e-04 1.289646135439116064e-04 1.124910293878706813e-04 1.005324717304257508e-04 8.805615698945603361e-05 7.759211317839932232e-05 7.129882200930449021e-05 6.185386116072000989e-05 5.058829871871885951e-05 4.325588698232148534e-05 3.590359413529308613e-05 2.874345611625883613e-05 1.965976887480303781e-05 1.525538697531687794e-05
2.418106237070970276e-04 2.691268547267724976e-04 2.680787209716971558e-04 2.335934204811442993e-04 2.001338647135662027e-04 1.703281009518613990e-04 1.479978072421166840e-04 1.290471148913309863e-04 1.126507437154436681e-04 1.009298763747878795e-04 8.826329372885523565e-05 7.777399277498745118e-05 7.165790877309380043e-05 6.185797119920718415e-05 5.064146983082201204e-05 4.342521377344788944e-05 3.574713160316882117e-05 2.855857195276595786e-05 1.918812511779169680e-05 1.465997169798696741e-05
2.422442541619629537e-04 2.691220026067182294e-04 2.683661626586761589e-04 2.339203734201536142e-04 2.002642124970593560e-04 1.705251782688917931e-04 1.481213773083726968e-04 1.290509954405831181e-04 1.126980712133343940e-04 1.011298274967778601e-04 8.843792566352645505e-05 7.809164656166634323e-05 7.193731990356663514e-05 6.205639475240180424e-05 5.067810445112270323e-05 4.332515458369472450e-05 3.593813010647243730e-05 2.889080199597587867e-05 1.973796984343146306e-05 1.530654664669095857e-05
2.418944800967416436e-04 2.689712460948539782e-04 2.680488543110844460e-04 2.336698966220452885e-04 2.005002054770555040e-04 1.705366999773999038e-04 1.480913668458107161e-04 1.289647977204782907e-04 1.126568239116383641e-04 1.010573952158966217e-04 8.850055548275401543e-05 7.809616885453290081e-05 7.171738911753018067e-05 6.185587384800793429e-05 5.044768740507655884e-05 4.315441215210066367e-05 3.582514104453940717e-05 2.899175404423984641e-05 1.968162722896149827e-05 1.522644303447540959e-05
2.415642722913888924e-04 2.691248612516458812e-04 2.680167782753300771e-04 2.335420040323389645e-04 2.002705849403715356e-04 1.703825225144546193e-04 1.479735450308851169e-04 1.289243206383782760e-04 1.126813008668544616e-04 1.009678814721950106e-04 8.829461179204723092e-05 7.777796631953918139e-05 7.141706929502640653e-05 6.160477800073705073e-05 5.025870984744479337e-05 4.314245539570165917e-05 3.558321757385680706e-05 2.850430647868507853e-05 1.923430976192898673e-05 1.484424080624686617e-05
2.415082536615335699e-04 2.692768650072475132e-04 2.683399400331982348e-04 2.338031365275733560e-04 2.003375282354073771e-04 1.704514609538299952e-04 1.479367301956388591e-04 1.289551852420767653e-04 1.126476108914446561e-04 1.009445755422813830e-04 8.830844213602570330e-05 7.790996907000105891e-05 7.187064547735444247e-05 6.219338351758217263e-05 5.099897396584296237e-05 4.359691957384576142e-05 3.611944899433489374e-05 2.906021691627856879e-05 1.976318168187676114e-05 1.541923055125628091e-05
2.419739957382772955e-04 2.696775880474098792e-04 2.681669140551309763e-04 2.337545960097152668e-04 2.002472299511023717e-04 1.702017376161599161e-04 1.478680189821272048e-04 1.288755154454597539e-04 1.124784988544693732e-04 1.009105215846205678e-04 8.814669272301454950e-05 7.783558020013823489e-05 7.161039327205463852e-05 6.197845373722043929e-05 5.071475209964284821e-05 4.340054642763675844e-05 3.593516100150309157e-05 2.888447667079776658e-05 1.965052816344477608e-05 1.512584820373817792e-05
2.422658626792495678e-04 2.697611613701272567e-04 2.685537236467710207e-04 2.340394496570465555e-04 2.004953137055752400e-04 1.705298713464345874e-04 1.481755545839246921e-04 1.294009027892635132e-04 1.131554278798352651e-04 1.013586205402104717e-04 8.865679959460322939e-05 7.812299961846663711e-05 7.196168631705751801e-05 6.215362932428842733e-05 5.091058367412023796e-05 4.373287870208940369e-05 3.615138107523758180e-05 2.892024891686886150e-05 1.963532152050607508e-05 1.530962386486234316e-05
2.420149658898766026e-04 2.689951505069154789e-04 2.682426819993476456e-04 2.337073009271002861e-04 2.001356764870285793e-04 1.704340244757146831e-04 1.480067944020430678e-04 1.292576211149620608e-04 1.127587984429467485e-04 1.009195559511626568e-04 8.830254295093935832e-05 7.783226288376539792e-05 7.154118345977369747e-05 6.157702578076509274e-05 5.036542540682072139e-05 4.327726220405024636e-05 3.599009786864289023e-05 2.876729732656938538e-05 1.967184648226265995e-05 1.543834018269083788e-05
2.415566012658502081e-04 2.690622124498149898e-04 2.680566989509461351e-04 2.332184687278993107e-04 1.999557438246783703e-04 1.700707007951369847e-04 1.477839272090056646e-04 1.290708311474790028e-04 1.127403629234444247e-04 1.010826277194543023e-04 8.832829364360626897e-05 7.791569803877392041e-05 7.174399820064233620e-05 6.189918804178944013e-05 5.063322305171444928e-05 4.330012470167257421e-05 3.567302937633966731e-05 2.866642395570880930e-05 1.949749756430348952e-05 1.525546455011107507e-05
2.418956816637343570e-04 2.692620403688482226e-04 2.684018157855619130e-04 2.337244669952390425e-04 2.005612481528643660e-04 1.704114975047200161e-04 1.478855241304431463e-04 1.288869533728601350e-04 1.124222076699474840e-04 1.008283682863579846e-04 8.812173413505075689e-05 7.783841162242560697e-05 7.132716395043755295e-05 6.151003947891498197e-05 5.048486383994943487e-05 4.325783658218863782e-05 3.559513136321024743e-05 2.828215527786674796e-05 1.897753413192016940e-05 1.461906325215518536e-05
2.421897276653580311e-04 2.694875458344002514e-04 2.682576705510642087e-04 2.339287890025797156e-04 2.005502023502911142e-04 1.705525291600286776e-04 1.480609311549365109e-04 1.291690393262040460e-04 1.129764188277831483e-04 1.013292176483657523e-04 8.844389844067554159e-05 7.790896624014423801e-05 7.170332870481876324e-05 6.173686612212687941e-05 5.052992154637761627e-05 4.321367450657060013e-05 3.579006751649104964e-05 2.866582771933492732e-05 1.943228737077407799e-05 1.532070122437819418e-05
2.420268926576343643e-04 2.690299745105211634e-04 2.680395721575300400e-04 2.335447605577214828e-04 2.003138637361252708e-04 1.702277231394921432e-04 1.477014698911714111e-04 1.289452745071194479e-04 1.124985841184567616e-04 1.010614489916700969e-04 8.844661085481441722e-05 7.809205854812378432e-05 7.180044665655908008e-05 6.204336760840523904e-05 5.082918580853270122e-05 4.352239976023857806e-05 3.599472281428878429e-05 2.891818434524259598e-05 1.956094256690103789e-05 1.528372377499567192e-05
2.416265861393232419e-04 2.692574142850583671e-04 2.684275167623027185e-04 2.336571327251996892e-04 2.003412739928351596e-04 1.703700604195542171e-04 1.481431444711990228e-04 1.292064136037376400e-04 1.126270362919243854e-04 1.008414697213082554e-04 8.838738198111608236e-05 7.804258685439009811e-05 7.170823705395834352e-05 6.181292155592312215e-05 5.062016366672557815e-05 4.330291541542075236e-05 3.574376887585896314e-05 2.860532285529757872e-05 1.939473280857091249e-05 1.509728947264183519e-05
2.421957836295392230e-04 2.694375373577231263e-04 2.685801859810011414e-04 2.338910608071149728e-04 2.005012823060705934e-04 1.706329616425193740e-04 1.483269974737778127e-04 1.294251607817085731e-04 1.129420413202960385e-04 1.012035010625764804e-04 8.844854992563617427e-05 7.813203663241669440e-05 7.178714945700836970e-05 6.200245192293798947e-05 5.098242938636046636e-05 4.373944015638645921e-05 3.614372906009995923e-05 2.886999996935454420e-05 1.951263440526047739e-05 1.522142144525495124e-05
2.421736095192625229e-04 2.693908911633435257e-04 2.681476784784251818e-04 2.337390933700654832e-04 2.006475632959877676e-04 1.704927243611790099e-04 1.481846995606466507e-04 1.290284260240333780e-04 1.125605132464965790e-04 1.009848215799056100e-04 8.823517678199476193e-05 7.782439060206662021e-05 7.154321726952699804e-05 6.197807388253733093e-05 5.065479673894798292e-05 4.327405893857931075e-05 3.574603066886890621e-05 2.870714295832921731e-05 1.971958891859141945e-05 1.544713924508256606e-05
2.416694776676762935e-04 2.687821697887643902e-04 2.676734816298089619e-04 2.335545350791082937e-04 2.001184448207882465e-04 1.701939834453130749e-04 1.478931886916368208e-04 1.289247639107853375e-04 1.125811923140317768e-04 1.008523791636601209e-04 8.821210914224376063e-05 7.784477051243969504e-05 7.144505576450834491e-05 6.168020371151161369e-05 5.048428848067963823e-05 4.311869426701412750e-05 3.564023506040105935e-05 2.864577408908930412e-05 1.953481179928951995e-05 1.540587053020834956e-05
2.419315721776045026e-04 2.691177513208378789e-04 2.684662225686046877e-04 2.339011961745609256e-04 2.005489258827682596e-04 1.703954221492058889e-04 1.479781417871934212e-04 1.290400111238268195e-04 1.127318119014949300e-04 1.009605044904833332e-04 8.824191024163049383e-05 7.754215737761100812e-05 7.115087063326655254e-05 6.134556030065372277e-05 5.008463908491268623e-05 4.267620158028481567e-05 3.535953519177323465e-05 2.854833415695204611e-05 1.921650307886328338e-05 1.474160172590755328e-05
2.419041910267005410e-04 2.695599134797210632e-04 2.685538119882196519e-04 2.341399487187035753e-04 2.008249800430260900e-04 1.706003171623240728e-04 1.481916106005321226e-04 1.290080533264526376e-04 1.125424754970633621e-04 1.010243107271453897e-04 8.836994353338054325e-05 7.793487578797411350e-05 7.164314565040599348e-05 6.183295271387377525e-05 5.072446329586942576e-05 4.343760070064979647e-05 3.585256718700926155e-05 2.871147935077941022e-05 1.933718506440608215e-05 1.500597362664036265e-05
2.424408457073226023e-04 2.693506022326240816e-04 2.681165865214203995e-04 2.338971995769629749e-04 2.003925091763963603e-04 1.704332292296367637e-04 1.480295111770427673e-04 1.292269918772970922e-04 1.128020981067501494e-04 1.006623188099986299e-04 8.804486710082798752e-05 7.764539487368699098e-05 7.140300411559886030e-05 6.159116424987335974e-05 5.055677170937731754e-05 4.341826891704455356e-05 3.613353011785249590e-05 2.895501188241107046e-05 1.957864842637443447e-05 1.522847479706983525e-05
2.414786785417278453e-04 2.690438893811265310e-04 2.682041420510222264e-04 2.339321353977945209e-04 2.004641828779542864e-04 1.704119192914017422e-04 1.479080484363065411e-04 1.289578219408970910e-04 1.126454473195226803e-04 1.010862791784620059e-04 8.844337714237029188e-05 7.800341482055396980e-05 7.190184895690006068e-05 6.191392111324833998e-05 5.069303644932430288e-05 4.334526784118273083e-05 3.575056963181823808e-05 2.867972064979170039e-05 1.954781581451895786e-05 1.525996744608478490e-05
2.419726997224082364e-04 2.692678613484478169e-04 2.679507438910437968e-04 2.336564711464800118e-04 2.004140935541782347e-04 1.705893471967374409e-04 1.479373513774195686e-04 1.291142828741260844e-04 1.127419937109982903e-04 1.008516169134079861e-04 8.826470049352464332e-05 7.771294607193982799e-05 7.153670812549488788e-05 6.164752323757771040e-05 5.063655575449431916e-05 4.327199914761571719e-05 3.571047197572419136e-05 2.861565784341243724e-05 1.938748463910481710e-05 1.501810142263686429e-05
2.419170806666574034e-04 2.696351692947596915e-04 2.684930972901185806e-04 2.338611941735324259e-04 2.005988699917240266e-04 1.705036573838642942e-04 1.479220218203694699e-04 1.288094858564770863e-04 1.123870032756653495e-04 1.010383107827271396e-04 8.855840803806820606e-05 7.789548051997619786e-05 7.137652724236341823e-05 6.161467466711801320e-05 5.034240249906375534e-05 4.309163391867622332e-05 3.554808180758794501e-05 2.877878474893168098e-05 1.936230169312819441e-05 1.533658912622122255e-05
2.418513371531033271e-04 2.691451400883592467e-04 2.684345943488435906e-04 2.336416060228551435e-04 2.001298851315692841e-04 1.699562484436169404e-04 1.476800358680717190e-04 1.289911442593955385e-04 1.126719240766249858e-04 1.008926450385700112e-04 8.823348297631281338e-05 7.790584296284726437e-05 7.155918838059127456e-05 6.159692394212724507e-05 5.043813041852843502e-05 4.327067015852915856e-05 3.580294156664969469e-05 2.892940266690590903e-05 1.962798402113482933e-05 1.511224257647972493e-05
2.416926689678403539e-04 2.690214031866439951e-04 2.678293996944345863e-04 2.332645898308582629e-04 1.998016181267193178e-04 1.701451079978325378e-04 1.477770145558700776e-04 1.288331138697223718e-04 1.125388611644477071e-04 1.007622295249926351e-04 8.799292497798387642e-05 7.750014681039520733e-05 7.119271506959043254e-05 6.171185963910349147e-05 5.084114534291686371e-05 4.366923416627885415e-05 3.612557670100233892e-05 2.869012670312832036e-05 1.909922995972226581e-05 1.494612245378330977e-05
2.417340677794876296e-04 2.688550438206262997e-04 2.677834406942842952e-04 2.332843718491506171e-04 2.000890016334769110e-04 1.700742221554000448e-04 1.478445913659878113e-04 1.288874801048039227e-04 1.125613425288202169e-04 1.010045445470290481e-04 8.835105812509228571e-05 7.789057550469420806e-05 7.171954964656861143e-05 6.194519166688709116e-05 5.070940649582794988e-05 4.351056844006314256e-05 3.600320301074820707e-05 2.887796324497831922e-05 1.961563080935872536e-05 1.513266598325736919e-05
2.422064366108088592e-04 2.695276561527882816e-04 2.683429470757722171e-04 2.338591599929052886e-04 2.003477219814820841e-04 1.704436285431179380e-04 1.478768064488086300e-04 1.289734772723110008e-04 1.126957428650950853e-04 1.008957133193350524e-04 8.825468322204379926e-05 7.785939480066300157e-05 7.178189896142893366e-05 6.197666490605444078e-05 5.073239173764994259e-05 4.350777588916905728e-05 3.589503610650851762e-05 2.875837574453144447e-05 1.964968531970489647e-05 1.522650334725187901e-05
2.417372272657283784e-04 2.692117974207499233e-04 2.681050911346121541e-04 2.337872759830710349e-04 2.003012325199450083e-04 1.700942928125183742e-04 1.476840643133575681e-04 1.288986214579177717e-04 1.124531049380429716e-04 1.006432916307857691e-04 8.809219247327422617e-05 7.757774141748450104e-05 7.129564794254631104e-05 6.151143334329015348e-05 5.002214954625741329e-05 4.277659976621538937e-05 3.511119545764567726e-05 2.786439030449682459e-05 1.885878694925860059e-05 1.483553659855922097e-05
2.420214848041064523e-04 2.689198782844039767e-04 2.681625991713948031e-04 2.338032451018345100e-04 2.002648874484511436e-04 1.704061260643924128e-04 1.479761849724291591e-04 1.292375602222700594e-04 1.128338909606621900e-04 1.009746684678602610e-04 8.831771513720738833e-05 7.804778569726111078e-05 7.170186862129800055e-05 6.172154021122011809e-05 5.047463788359030724e-05 4.331017712366440597e-05 3.599533041909546934e-05 2.905638575009834173e-05 1.967573059368093132e-05 1.526375321641072373e-05
2.419406902564060196e-04 2.691737050886504898e-04 2.679569477172370111e-04 2.335213114147205514e-04 1.998595342982668833e-04 1.698949582035365867e-04 1.475793352979912806e-04 1.287781673419313201e-04 1.123651448484710123e-04 1.005500080297194450e-04 8.785730846491057917e-05 7.760393872287949424e-05 7.126566017461285541e-05 6.153439268789034021e-05 5.019669438291638565e-05 4.293373154539526182e-05 3.562605963552786705e-05 2.858410903726533404e-05 1.899551492453813528e-05 1.440778054675903034e-05
2.414865866679452198e-04 2.690718811898016954e-04 2.678077481302414652e-04 2.334057567502343408e-04 2.001804179138142565e-04 1.703180545001492714e-04 1.478691699172063258e-04 1.289588141909032905e-04 1.124339580977745510e-04 1.006981156681057262e-04 8.822468965268896149e-05 7.781305422512862775e-05 7.165502988907169069e-05 6.192372387298165351e-05 5.051375792785609903e-05 4.299391824263481480e-05 3.549400773678978820e-05 2.840671447650102238e-05 1.927285210202731242e-05 1.485198781388381875e-05
2.417830181897939626e-04 2.691179794368219890e-04 2.679604588179369611e-04 2.336487132589544317e-04 2.002512624286025889e-04 1.703947536996247201e-04 1.480917209109640245e-04 1.290290291513813829e-04 1.125366488125164975e-04 1.009850413020497756e-04 8.810778640552829107e-05 7.781545499524186781e-05 7.154643578023277706e-05 6.166733629178961298e-05 5.049038828496689544e-05 4.332431291018691138e-05 3.587081025673289063e-05 2.870033358189242464e-05 1.924787582989053261e-05 1.497901591720787470e-05
2.419013379467289645e-04 2.694852437164220156e-04 2.682580113077204990e-04 2.340252438543551485e-04 2.006317279563143118e-04 1.703247743581005273e-04 1.478041681629163953e-04 1.291151995177966386e-04 1.128658894168802445e-04 1.009918983703226816e-04 8.833730748104564820e-05 7.789338841689934635e-05 7.148188800944999216e-05 6.157157275449981742e-05 5.049887359955837165e-05 4.329401304625799874e-05 3.570333306437850651e-05 2.847341909353039055e-05 1.934566174321515139e-05 1.514558467462966098e-05
2.417250921908985857e-04 2.690344705930119052e-04 2.680541032288537881e-04 2.337302267739481713e-04 2.001519790683998145e-04 1.702035509174600449e-04 1.479110807819922885e-04 1.288776368097054514e-04 1.124533450878884157e-04 1.008898353972108151e-04 8.835887800231056880e-05 7.793401837205764877e-05 7.156275869672651412e-05 6.198754352180787088e-05 5.062324341689097281e-05 4.323150601197812070e-05 3.557198382637179884e-05 2.859097068005796150e-05 1.941798752438260426e-05 1.504879961579709083e-05
2.419130310605423348e-04 2.691494835603661139e-04 2.680842024739423738e-04 2.338576885968200205e-04 2.003410693081865348e-04 1.703010750982590269e-04 1.480173797949694702e-04 1.291425929449859758e-04 1.127575597070971757e-04 1.008616408382438076e-04 8.815523435813235945e-05 7.788123227144294624e-05 7.177900967565592504e-05 6.194055066950196107e-05 5.071147692590687137e-05 4.341959146614311077e-05 3.594653428397008441e-05 2.890497717470040203e-05 1.970023985231043165e-05 1.516714648576009685e-05
2.418898989704772835e-04 2.692157710368189220e-04 2.683148429864956781e-04 2.337953050415412549e-04 2.002373077278705570e-04 1.704620702543623001e-04 1.480470992316899230e-04 1.288853122944725866e-04 1.126159715306791531e-04 1.009461882725510651e-04 8.831851895985531745e-05 7.785909676327464014e-05 7.136059865866184947e-05 6.144145874121559748e-05 5.036585723442643843e-05 4.313486817255450111e-05 3.571977923603831325e-05 2.859002158715919002e-05 1.927452928562901270e-05 1.484926031253050128e-05
2.417258200577629141e-04 2.693094686030844697e-04 2.679731945561793986e-04 2.336409617251942658e-04 2.002712875393767970e-04 1.702032663519526564e-04 1.478229778043565080e-04 1.290080749105297197e-04 1.127234558983293534e-04 1.010348892343571238e-04 8.842908474890036493e-05 7.796327982433260860e-05 7.156918482460895143e-05 6.187120211817369688e-05 5.071725846050208073e-05 4.336018800691171347e-05 3.590950974982763964e-05 2.870370057042683461e-05 1.937714155740003272e-05 1.504091947984592873e-05
2.420842805265096772e-04 2.693082123016828566e-04 2.682091059005051008e-04 2.337087797251988556e-04 2.004138727874044763e-04 1.704000715768558467e-04 1.480138457466672870e-04 1.290094001651668966e-04 1.127406522195203975e-04 1.011346439375956398e-04 8.832552974036280097e-05 7.789606335376193476e-05 7.170113637166414776e-05 6.190856984227005458e-05 5.062590669278118228e-05 4.342291479434365467e-05 3.580574086153097104e-05 2.879870257328288782e-05 1.950966058918884497e-05 1.534773499731680073e-05
2.415580494439762370e-04 2.691967797960569662e-04 2.681675219450390378e-04 2.337179153631421488e-04 2.004404311375651007e-04 1.706431583440272881e-04 1.480901878841357397e-04 1.290417403194506674e-04 1.125583081836077046e-04 1.007394046414858445e-04 8.819766371885457150e-05 7.778485128162334445e-05 7.167541554506718141e-05 6.208606555679970927e-05 5.066201175754721697e-05 4.331306053051417118e-05 3.589020969819736132e-05 2.907465347979420941e-05 1.991404109670565493e-05 1.572089088452382474e-05
2.413690688486802420e-04 2.689436443945449431e-04 2.678770351301521207e-04 2.331515791090597151e-04 1.999418908006814850e-04 1.700933479160182465e-04 1.477633901716114381e-04 1.290217071474459567e-04 1.127463104935773222e-04 1.009909892388307371e-04 8.834097775707126907e-05 7.782960214471061524e-05 7.141269601709809584e-05 6.185279637738148330e-05 5.070248414004276328e-05 4.346898096532333993e-05 3.603235897590452690e-05 2.909589127656650546e-05 1.994085533569455370e-05 1.563087361234291549e-05
2.418272710573721727e-04 2.696080085287964954e-04 2.684837817699410167e-04 2.337081726542957058e-04 2.005069451332132369e-04 1.705703071718812078e-04 1.481289600276589340e-04 1.291066146140181067e-04 1.128592099076493929e-04 1.011086287981500994e-04 8.857724691444161347e-05 7.798088026551151959e-05 7.180274528475154424e-05 6.218689340547189361e-05 5.103084962834167809e-05 4.353401551139993115e-05 3.602455131741229510e-05 2.895215567578693830e-05 1.965838214735629789e-05 1.543205095483140920e-05
2.416383375931880435e-04 2.689598226750664544e-04 2.679771658586232487e-04 2.335555661436152603e-04 2.002638275928442203e-04 1.703382911260441647e-04 1.479403954636064383e-04 1.289719709790576238e-04 1.125710410372498686e-04 1.009004968542381311e-04 8.835490201324050952e-05 7.791055494669989884e-05 7.165084131057432759e-05 6.183987090156805417e-05 5.034404215361433711e-05 4.305615031636416247e-05 3.552789768539840103e-05 2.845418574167646347e-05 1.932601735299068166e-05 1.503790751631312542e-05
2.414544591435218096e-04 2.688716953761947307e-04 2.677672179576562361e-04 2.332751744755280382e-04 2.000351184969023860e-04 1.699851207512636088e-04 1.475715327589172371e-04 1.286755802936136140e-04 1.122665423246724194e-04 1.006552928302041541e-04 8.798721777315718319e-05 7.761123029131395843e-05 7.134842964488663920e-05 6.160237470748655328e-05 5.033782259712193204e-05 4.303226589718368324e-05 3.585211815219065606e-05 2.884230102665781689e-05 1.971756593570657000e-05 1.535138788370523654e-05
2.415447703391984668e-04 2.693021552978134181e-04 2.681150070899237310e-04 2.336833798632590852e-04 2.002770750117539768e-04 1.704934293508098377e-04 1.480764950719999932e-04 1.291016705544374525e-04 1.126883350791103757e-04 1.009406259148729296e-04 8.835616903965204632e-05 7.791242929753367430e-05 7.184375091650658423e-05 6.202027702162321652e-05 5.056536584577119985e-05 4.320026201912221918e-05 3.569954982492105054e-05 2.872660450121435998e-05 1.952201799747804717e-05 1.501472510812885364e-05
2.417407871945960473e-04 2.692392856621367964e-04 2.683630144583298025e-04 2.337847060727608699e-04 2.004555509923096844e-04 1.705056365534142492e-04 1.480378170315091587e-04 1.289375746273527018e-04 1.126567316575215156e-04 1.007560906265945355e-04 8.791573770028547554e-05 7.758199008424611668e-05 7.160559003551053862e-05 6.191252497328538276e-05 5.107123558019159099e-05 4.365430342826122828e-05 3.604400393984959520e-05 2.903719446638281955e-05 1.960705266261276257e-05 1.498724607586912929e-05
2.423714348975347470e-04 2.689235319407799578e-04 2.679130739890901855e-04 2.334907821030778193e-04 1.999643180351352129e-04 1.700318086424131882e-04 1.476689382481971222e-04 1.288866609757783276e-04 1.123663191559865252e-04 1.007521198761568800e-04 8.827814587170872542e-05 7.772371472872555923e-05 7.143152616029712265e-05 6.187305645633149414e-05 5.052242736186366589e-05 4.344637858039289565e-05 3.609450086384443512e-05 2.896676360492873257e-05 1.936367281351472091e-05 1.524414478852601903e-05
2.417936295779523465e-04 2.693995425136686732e-04 2.678937940406878613e-04 2.336414078763405123e-04 1.998883032264102974e-04 1.701921123860601203e-04 1.478838003455175279e-04 1.290086419648044851e-04 1.125070732991078574e-04 1.008242250750830785e-04 8.821463193997057333e-05 7.773466715478832140e-05 7.139998132076676466e-05 6.169085668142733564e-05 5.044574488226458901e-05 4.309289228345873570e-05 3.574500747563360106e-05 2.881124477785009463e-05 1.948870135472037431e-05 1.510370244041611200e-05
2.416354782963986349e-04 2.692001814451613971e-04 2.679577739985174417e-04 2.336241051086896672e-04 2.002593202127576986e-04 1.703041509944726772e-04 1.479508217870516751e-04 1.290074551890530829e-04 1.126972008434419569e-04 1.011184291392898079e-04 8.853558776081812997e-05 7.809505061001371495e-05 7.163861327328082599e-05 6.176257450169362283e-05 5.082342514625156862e-05 4.351391090138328143e-05 3.579725662884397186e-05 2.880316882699753629e-05 1.953988190727990417e-05 1.522713433849583627e-05
2.419554595074029904e-04 2.693737836671320526e-04 2.685031545561771698e-04 2.339171288742910844e-04 2.005066601092049625e-04 1.703161317507447274e-04 1.478180500588458489e-04 1.289871680115732447e-04 1.125192499362204809e-04 1.008770168184624789e-04 8.820431165250494816e-05 7.794941397139227646e-05 7.157486260477388153e-05 6.174686704278861443e-05 5.059464106499099884e-05 4.326477498572123135e-05 3.577232377402027178e-05 2.879837275094643300e-05 1.958874647908694783e-05 1.526316675903963103e-05
2.420817715967011122e-04 2.693624385934912649e-04 2.683719654468385185e-04 2.339167418724123803e-04 2.004657560825599903e-04 1.703048161676747052e-04 1.480203043888097668e-04 1.289732194468484424e-04 1.126018661578289201e-04 1.010188129036030882e-04 8.856198485557961102e-05 7.800603973828731171e-05 7.164068918068190912e-05 6.174058813974803259e-05 5.050741517422214588e-05 4.328600394850445871e-05 3.592778360456057611e-05 2.898225572436772179e-05 1.974094296456595921e-05 1.552175013572835372e-05
2.415147569119452495e-04 2.692018990039610638e-04 2.680804385402339339e-04 2.336818388337234440e-04 2.003544964600756590e-04 1.704908883072149789e-04 1.480742765659448339e-04 1.291180176993427301e-04 1.127205471756250865e-04 1.011696713765806522e-04 8.857136818078353911e-05 7.818133353741485274e-05 7.191357830510993637e-05 6.201672791985020730e-05 5.071513127598654611e-05 4.338950753608594041e-05 3.584856700022196737e-05 2.871255360334827169e-05 1.965548078795417158e-05 1.523066132793833943e-05
2.421470532423732492e-04 2.692544448809739322e-04 2.683490662981766130e-04 2.337449202386397966e-04 2.005102749800811480e-04 1.706999997319302289e-04 1.481892310068436591e-04 1.289959618194356952e-04 1.126413315664102541e-04 1.010412130139188517e-04 8.826407341672729478e-05 7.800639387344388172e-05 7.194024156005194204e-05 6.216322597511071528e-05 5.082585505581827955e-05 4.351397549689852459e-05 3.606461303310307332e-05 2.913396381308851663e-05 1.999737860319933031e-05 1.576775930788911346e-05
2.424166157915931910e-04 2.693165645681036059e-04 2.681272074654976380e-04 2.335495051148057998e-04 2.002331016283327215e-04 1.701843221890013175e-04 1.479046364641017170e-04 1.287962810904657955e-04 1.124569144453397852e-04 1.010614793683269210e-04 8.843336637087681799e-05 7.819417816578886162e-05 7.175214389839893402e-05 6.200205919069468399e-05 5.089245284827564935e-05 4.348950734480655711e-05 3.591141701293233939e-05 2.895919670369116541e-05 1.980596322516825090e-05 1.527666059445232299e-05
2.416780667301105857e-04 2.692801320295811667e-04 2.682300436614842572e-04 2.335317246751785728e-04 2.001937856100015442e-04 1.703755058271162845e-04 1.480142205517245033e-04 1.290070834127407377e-04 1.126629426857726090e-04 1.010652875331451568e-04 8.824446142504943234e-05 7.792560887049159249e-05 7.142583307305983757e-05 6.152213280801042321e-05 5.028473295116029723e-05 4.303599571004002402e-05 3.585483089370149776e-05 2.899188702998639321e-05 1.965267450438270362e-05 1.549868204934310334e-05
2.415438247373131802e-04 2.687758371378386104e-04 2.675672669770019969e-04 2.333011810689831795e-04 1.996148794120049990e-04 1.698029182458943179e-04 1.474765743279514982e-04 1.285902404413478083e-04 1.123440303133121026e-04 1.006156197431069832e-04 8.805769965753521011e-05 7.777794451706668852e-05 7.158719895944113028e-05 6.181705195054284748e-05 5.071867961042558472e-05 4.330729604022180024e-05 3.575227553787197762e-05 2.902043853747225934e-05 1.983550206609101173e-05 1.521182543265266315e-05
2.417396334743587274e-04 2.687775871759772112e-04 2.680088505819450194e-04 2.334491075561657362e-04 2.000087851815716164e-04 1.699349316186438044e-04 1.476014156629933626e-04 1.288054854316548180e-04 1.125802820105001941e-04 1.010194920494258112e-04 8.828376010329606828e-05 7.775759011297115079e-05 7.139957877135962657e-05 6.169644477319280408e-05 5.070141962060422931e-05 4.327685093728658006e-05 3.557203154848856413e-05 2.859473532500157308e-05 1.930380241472732286e-05 1.519234443198614300e-05
2.417218711508650666e-04 2.692663575563563694e-04 2.684324904470190777e-04 2.338765076731884492e-04 2.004549142408127229e-04 1.705263722588665003e-04 1.480903300125564802e-04 1.290452122395632404e-04 1.125112916615230113e-04 1.006351117233547849e-04 8.796431464064142212e-05 7.765699004973204667e-05 7.143845228870951229e-05 6.178561716194568606e-05 5.065080389711729510e-05 4.329906352129217587e-05 3.607736783158700764e-05 2.919841432524299259e-05 1.977905589526945289e-05 1.534264779642318234e-05
2.420542666183679375e-04 2.693648657682384232e-04 2.683497867637779080e-04 2.341159767033797580e-04 2.004832699598298792e-04 1.704508876634340997e-04 1.478991535399529157e-04 1.291900251107667389e-04 1.127670622671414751e-04 1.009874435076537664e-04 8.818850278096504469e-05 7.768749530754761137e-05 7.142788563604806501e-05 6.177514757435309837e-05 5.060439769311406860e-05 4.339031504608584764e-05 3.588423127149466881e-05 2.881134605965862325e-05 1.948191960455597225e-05 1.504347313020401105e-05
2.417111786142582617e-04 2.691741195140633677e-04 2.679931358964877551e-04 2.335715031689042918e-04 2.000532776629239883e-04 1.703271882771150466e-04 1.479148410063877881e-04 1.291698163653443260e-04 1.129316942045041367e-04 1.012708844392478026e-04 8.852832202940958458e-05 7.789860567951014574e-05 7.157257851389854111e-05 6.172035976223707590e-05 5.039465832448867838e-05 4.327900070487510634e-05 3.598821988787327176e-05 2.887231293677703416e-05 1.945869093784605313e-05 1.512006071473007536e-05
2.414833303536454453e-04 2.690166766951983170e-04 2.679586573979477631e-04 2.338189747661051842e-04 2.003550088494275539e-04 1.701016212467409028e-04 1.478035003220395027e-04 1.287403909441153414e-04 1.121764594779799335e-04 1.007212535263485694e-04 8.835403973167590432e-05 7.785376873474223228e-05 7.146812106156597835e-05 6.170636308345633491e-05 5.043587313620513630e-05 4.302244414710105792e-05 3.542580671562924852e-05 2.814561127132914287e-05 1.899581142700735938e-05 1.486373916739468260e-05
2.418668834948922133e-04 2.691557688746908919e-04 2.677409218075230352e-04 2.337391761044583876e-04 2.002952570779244516e-04 1.702176651776121153e-04 1.479214607211922308e-04 1.288773538514821659e-04 1.125265000082672118e-04 1.007344846151623049e-04 8.805836532429853886e-05 7.754439928669204973e-05 7.137695962044617796e-05 6.151247503943999798e-05 5.054059727651067372e-05 4.333214754595866397e-05 3.575910564109174806e-05 2.861863723612367345e-05 1.945865198005369132e-05 1.530270626092834502e-05
2.421092198047232870e-04 2.691688913694762994e-04 2.680773041417118443e-04 2.336908838896174432e-04 2.004798276423888029e-04 1.701733626429934596e-04 1.477471983352177359e-04 1.286735836982635982e-04 1.123893165055232308e-04 1.008635906274420413e-04 8.785409701089014146e-05 7.717364270798732283e-05 7.098348399240462017e-05 6.131282913461822076e-05 5.031552576423079903e-05 4.296137681742871143e-05 3.536241835835437944e-05 2.854623016993869888e-05 1.946035052491861374e-05 1.476827053333752088e-05
2.419699538779334551e-04 2.692948150683859942e-04 2.679701179172534059e-04 2.336646562632541254e-04 2.000659123860348907e-04 1.701810488886790370e-04 1.478368477435938418e-04 1.286927193659770721e-04 1.125075813969342976e-04 1.010470819877787589e-04 8.853120266695518176e-05 7.806504799345163924e-05 7.186768555278254646e-05 6.214849239849153009e-05 5.087404881777188146e-05 4.349793455896309519e-05 3.609356387567253552e-05 2.888908967333279269e-05 1.962501964448707935e-05 1.522470486059237033e-05
2.424159918933365928e-04 2.688334836542752185e-04 2.681317410361734621e-04 2.334999946660239114e-04 2.000071980626609016e-04 1.701631919012606465e-04 1.477115423606680368e-04 1.287977896576788389e-04 1.126003140920933438e-04 1.011592239285868125e-04 8.856579973357586104e-05 7.801123273076556299e-05 7.164664216553801479e-05 6.223488683405621049e-05 5.090581963910811224e-05 4.364549976359559212e-05 3.582141328834786173e-05 2.866754194884704447e-05 1.928873217984210790e-05 1.528924855525205597e-05
2.424021814519417841e-04 2.695279607133697344e-04 2.681424854979759910e-04 2.335246310505732965e-04 2.000670550783875234e-04 1.702017227665409045e-04 1.477925135896837995e-04 1.288705613216281805e-04 1.125635978234524844e-04 1.009190179784847903e-04 8.835492432888995991e-05 7.796342910545536373e-05 7.149160941218606253e-05 6.161277929931419952e-05 5.031063005274286575e-05 4.311150282878125847e-05 3.548038203973420451e-05 2.839048111965094580e-05 1.949722116816738132e-05 1.522043856609725159e-05
2.412634203354278113e-04 2.686721966703425196e-04 2.678446432918735382e-04 2.335952989243402389e-04 2.001250911252981700e-04 1.701942921753664243e-04 1.478753158233127361e-04 1.287588388994731926e-04 1.123311151710400691e-04 1.002510943353023595e-04 8.764389661191894780e-05 7.728102238971263662e-05 7.117596222787614922e-05 6.114225996601284666e-05 4.985905761111363173e-05 4.260044979929019976e-05 3.535343633074477452e-05 2.860193314413870722e-05 1.941216976657984239e-05 1.518381063913804387e-05
2.418744704036183968e-04 2.692135814014178126e-04 2.683469852629843532e-04 2.339804099011245507e-04 2.005164805247454038e-04 1.702538188515913622e-04 1.478817042790283144e-04 1.288131560756618633e-04 1.124772911951521119e-04 1.009049332116313381e-04 8.843961970939385217e-05 7.808627307561246712e-05 7.162543904406933569e-05 6.196701335641665166e-05 5.077390672319877842e-05 4.342030304003565246e-05 3.599112429298424514e-05 2.883242446589474926e-05 1.962074943378581035e-05 1.528228173463923651e-05
2.418573435979203240e-04 2.689303867444203040e-04 2.678674580692293325e-04 2.334329085931481445e-04 1.999534940343281508e-04 1.700497811583595933e-04 1.477267090866663793e-04 1.288500255739568668e-04 1.125071256628979192e-04 1.008337871123526469e-04 8.828872346087708112e-05 7.790305467486090068e-05 7.143242855734732754e-05 6.162409297264022519e-05 5.042804324960120568e-05 4.321174492883148683e-05 3.593953099879023554e-05 2.884168353291189906e-05 1.940512746144357540e-05 1.511570114216139628e-05
2.421818517525992553e-04 2.694064188635911391e-04 2.685666904472215079e-04 2.337648803056002181e-04 2.002876252872858997e-04 1.703347448330268384e-04 1.479729660597965159e-04 1.288939470853866652e-04 1.125765072786293411e-04 1.006871971675815577e-04 8.808464252381958276e-05 7.774336292568976279e-05 7.170936677605187280e-05 6.224067356646432341e-05 5.089914105058106789e-05 4.347773299516788956e-05 3.581512623792406014e-05 2.857584376371138284e-05 1.927011794783882641e-05 1.469786376337976412e-05
2.420570152394871659e-04 2.697704326959129680e-04 2.682525446979048015e-04 2.338547110447702102e-04 2.002553894919048333e-04 1.704562650114609731e-04 1.480617235837471775e-04 1.290953335974271852e-04 1.127250134767844423e-04 1.010274182237205955e-04 8.830955405481362278e-05 7.775930664675713899e-05 7.135097791407702685e-05 6.154070971639265340e-05 5.033951488419469470e-05 4.313785505493389761e-05 3.565700180306832252e-05 2.847450914703322498e-05 1.927998396873110244e-05 1.490026929286279398e-05
2.421819143374611630e-04 2.694930214857559807e-04 2.684316133394219132e-04 2.336999176288725457e-04 2.002544339803800585e-04 1.699763600627708724e-04 1.476103365656710896e-04 1.289139376688179474e-04 1.127622815950785155e-04 1.010739798807134074e-04 8.841665989599939120e-05 7.793890594744295737e-05 7.149704245630860702e-05 6.175372352111010640e-05 5.081415714250017571e-05 4.352145923043973936e-05 3.598594242473011467e-05 2.883370544951545039e-05 1.962160165955002559e-05 1.517643610235282307e-05
2.422825375417324756e-04 2.697977705602659908e-04 2.686095022931855088e-04 2.339691203912454710e-04 2.004509912632244646e-04 1.702511725336688095e-04 1.478999533878048208e-04 1.289376741517256569e-04 1.127355068662199593e-04 1.008159127650290493e-04 8.811847793391088435e-05 7.771407744889750988e-05 7.150385488374166019e-05 6.172738317441183733e-05 5.050182330485409097e-05 4.323268057783408820e-05 3.589606273829121610e-05 2.873886681598498565e-05 1.966443571806146781e-05 1.510116660047220087e-05
2.420785809524131924e-04 2.693389453004665815e-04 2.682945287182716141e-04 2.339387744187688262e-04 2.002986598910012298e-04 1.703803430328999151e-04 1.478788168643669970e-04 1.288883576786955165e-04 1.123287206248499393e-04 1.006871643299462910e-04 8.802469660216449756e-05 7.766573681158396374e-05 7.154358689320119524e-05 6.196749309743510123e-05 5.095003731150366400e-05 4.343399120321019029e-05 3.573513591314842771e-05 2.885582340895003652e-05 1.971047468934688751e-05 1.542526720493951579e-05
2.418637262243157756e-04 2.692377509940009519e-04 2.678073918715789749e-04 2.334972845423445380e-04 2.001603210160433997e-04 1.701647743934470104e-04 1.474877230907139798e-04 1.287000492655407142e-04 1.124658052399734568e-04 1.007195995622427583e-04 8.820207527864932855e-05 7.769255709412681190e-05 7.139673154702504305e-05 6.171450199771023166e-05 5.043209281145316495e-05 4.321645536242993359e-05 3.570632355814734300e-05 2.867720344403031939e-05 1.938677914918886304e-05 1.513933815563470430e-05
2.422097099690774633e-04 2.690034095602918487e-04 2.684987086464060311e-04 2.339865564118878835e-04 2.003526950886818660e-04 1.703545060157282633e-04 1.479901231756448660e-04 1.290969302957314393e-04 1.125225150011135365e-04 1.008435581012227442e-04 8.810686501092038171e-05 7.785336714483867538e-05 7.147287489612924041e-05 6.194126659309541363e-05 5.070513747662408211e-05 4.344107545133778388e-05 3.570031581327442414e-05 2.838072586444798453e-05 1.910474586158159192e-05 1.494676760649215176e-05
2.419754294108528094e-04 2.692885766184794326e-04 2.681871214981124867e-04 2.333654600582863066e-04 2.001726325631634237e-04 1.700326692654151697e-04 1.478118460535621681e-04 1.288706001295423381e-04 1.125486594145739367e-04 1.008705803528939715e-04 8.821985696047490277e-05 7.758648956709474813e-05 7.128201474619235811e-05 6.133061745196303680e-05 4.996435826305307217e-05 4.262380428222105203e-05 3.530563674147694283e-05 2.867202522448268861e-05 1.962780077341246744e-05 1.531581431973538969e-05
2.418372968309267092e-04 2.695077481346329590e-04 2.685177381612558790e-04 2.338144191101196507e-04 1.998913706473599730e-04 1.703403600739337488e-04 1.481111044084232645e-04 1.292336573032557706e-04 1.127906950527935684e-04 1.010864362617401401e-04 8.827916033790625459e-05 7.768259804032789093e-05 7.134543230807565144e-05 6.184184225422695389e-05 5.063801642610895936e-05 4.321723712002634881e-05 3.524707114254912359e-05 2.802150393556256510e-05 1.899553929650488066e-05 1.495706014953539987e-05
2.412839208874084976e-04 2.689873895898476242e-04 2.678231965767741596e-04 2.335977610246562362e-04 2.002264404488902677e-04 1.702798130203935086e-04 1.479294354308451206e-04 1.289389951270651874e-04 1.126835676651087858e-04 1.009722772134978927e-04 8.811518148680592261e-05 7.758309600996414490e-05 7.145525887549841629e-05 6.177709287037760888e-05 5.070771923879035246e-05 4.332282789705152199e-05 3.555033888148202259e-05 2.846034586064486057e-05 1.925082584597141553e-05 1.511294005451953147e-05
2.415609431359561716e-04 2.692577042207339871e-04 2.681244113567559598e-04 2.337772515373002743e-04 2.002802504758453058e-04 1.701623550935354556e-04 1.477089937090016430e-04 1.288911991329280118e-04 1.125776661674266041e-04 1.008244762264607952e-04 8.811184812274089849e-05 7.751441448580356590e-05 7.126250670839089996e-05 6.158138743320580285e-05 5.054483626918447137e-05 4.341861232335361210e-05 3.603135449238520176e-05 2.898171308637031952e-05 1.948586734098980180e-05 1.492947254722273367e-05
2.418688133580526307e-04 2.692886827177704066e-04 2.680561709906149198e-04 2.338777260333638924e-04 2.003581811132078543e-04 1.705053290521081199e-04 1.479848543909584931e-04 1.291502214133624388e-04 1.127008700331581228e-04 1.010143981954607275e-04 8.849330179245889702e-05 7.801779443470188312e-05 7.169293857641122973e-05 6.171792740758599426e-05 5.041082180372565631e-05 4.292064963436670913e-05 3.550911834308910064e-05 2.854861913239603542e-05 1.962014503075370481e-05 1.525753257175223696e-05
2.421523516473383453e-04 2.691969458482186247e-04 2.682634490963998553e-04 2.338530539629627726e-04 2.005520026426746807e-04 1.707654380508367021e-04 1.484310351569125669e-04 1.293487891248360010e-04 1.127330640368619333e-04 1.009587987637713307e-04 8.816819601500457506e-05 7.787428088177636789e-05 7.163184363953315685e-05 6.174857383564418250e-05 5.050405274136067279e-05 4.331223410786087206e-05 3.588392921755798298e-05 2.874622320870152080e-05 1.964244096735122923e-05 1.545580407131537953e-05
2.418990534174107765e-04 2.691634076315324218e-04 2.682472541291358072e-04 2.337056469829410302e-04 2.003655384666669088e-04 1.706339641383746103e-04 1.479778950416412353e-04 1.291051249209061301e-04 1.126754252144545091e-04 1.008404292025803404e-04 8.828954001445529320e-05 7.798942028348703707e-05 7.174776251062553890e-05 6.185170170919185252e-05 5.068514538045401998e-05 4.337150525690584174e-05 3.582482365104149610e-05 2.860102034295435768e-05 1.926321571581083331e-05 1.494814816786535342e-05
2.414433073086012674e-04 2.691265182016698457e-04 2.681562287786694830e-04 2.334344832019298046e-04 2.001486475085246716e-04 1.701504802270085114e-04 1.477174632644358005e-04 1.288013421382292357e-04 1.126294238706069845e-04 1.009535190833534023e-04 8.817292832651289238e-05 7.781338258413172861e-05 7.149591417295747282e-05 6.159261432048859222e-05 5.026014800690780586e-05 4.305454447292881101e-05 3.574655903160852056e-05 2.870033921941194554e-05 1.922101852331929651e-05 1.493818635764321811e-05
2.424624235713004948e-04 2.696698725385034676e-04 2.688454018849158948e-04 2.338740121026893924e-04 2.001566363847160550e-04 1.702000469791704624e-04 1.477538604746716925e-04 1.287968355393041451e-04 1.124975008013770700e-04 1.007659092988814182e-04 8.822334370602211118e-05 7.791451125304770919e-05 7.169041685017503733e-05 6.168368566142016379e-05 5.060287985961869694e-05 4.324378572516147397e-05 3.567117191244595321e-05 2.863179884903242314e-05 1.948672408654644853e-05 1.519864507037359475e-05
2.419146660213011542e-04 2.692945820337711146e-04 2.682811073792638347e-04 2.337547647968109222e-04 2.003274643525985901e-04 1.703995519040275310e-04 1.478884024874495555e-04 1.291639163611653168e-04 1.127130892101482236e-04 1.011150810948982222e-04 8.847443276379565855e-05 7.793509005452959378e-05 7.155175100390052663e-05 6.182303713091388396e-05 5.078718497200724788e-05 4.353656438347559387e-05 3.604587390367032642e-05 2.889059606773740086e-05 1.966186244759358671e-05 1.519279867243243900e-05
2.421441417623233067e-04 2.692880835686141741e-04 2.684561136072280418e-04 2.337820874428202700e-04 2.003163444516340428e-04 1.705361214348815138e-04 1.480881387436522236e-04 1.291345774842248418e-04 1.128061441709173415e-04 1.011854284040807794e-04 8.835947317897496441e-05 7.803157353460866605e-05 7.171454600995306918e-05 6.180928657625807572e-05 5.039437400358246356e-05 4.307030920583070489e-05 3.566199978175966915e-05 2.875761560429533246e-05 1.971954959386635340e-05 1.546612881592461275e-05
2.418361161602601420e-04 2.690344577296610584e-04 2.682364643153980718e-04 2.337239596240214931e-04 2.002872198677639441e-04 1.701303364544769626e-04 1.476844635027943367e-04 1.287582284838259376e-04 1.124978367353647151e-04 1.010723094014834213e-04 8.819854684046876561e-05 7.774227903226109827e-05 7.148777530394721076e-05 6.166100888028758263e-05 5.031651996672904711e-05 4.304763865954486907e-05 3.571498427104327454e-05 2.874323037451252587e-05 1.967530236227564591e-05 1.513519648053071812e-05
2.424348622610853713e-04 2.690981908561036035e-04 2.679508122489534616e-04 2.337794661988064598e-04 2.003936729772638585e-04 1.703404530483519251e-04 1.477950744460156400e-04 1.292243650993088802e-04 1.127961836866841989e-04 1.010131961751294620e-04 8.816564240307628439e-05 7.776044023531711433e-05 7.127935203827313220e-05 6.145004207502372516e-05 5.003419209494587555e-05 4.241042274224201874e-05 3.491840832206350505e-05 2.810682403207766521e-05 1.909706685303997701e-05 1.517295920063558605e-05
2.424160775150992837e-04 2.686919122223324413e-04 2.679081174871765329e-04 2.333401404599767782e-04 1.998858757885252390e-04 1.699884961035256505e-04 1.475384949805466585e-04 1.286782259793068175e-04 1.122519738809416766e-04 1.005777907408755926e-04 8.800131190465142563e-05 7.769087837653533546e-05 7.118800242277850015e-05 6.136469389734273310e-05 5.012037822165020800e-05 4.305323349818887893e-05 3.561042307852819078e-05 2.828543429759295235e-05 1.887397336510620850e-05 1.449199431294447056e-05
2.412285832244925605e-04 2.688395950151878291e-04 2.678034188615525360e-04 2.334965358673464020e-04 2.001867618023901697e-04 1.701254691978027909e-04 1.480327615382339573e-04 1.291801688964504616e-04 1.128765446762529205e-04 1.010403401072680542e-04 8.826867218423941112e-05 7.768673169849267654e-05 7.147692954794316667e-05 6.178024022924350194e-05 5.073150807254596866e-05 4.342345824071752112e-05 3.584253314757963942e-05 2.886861646926318877e-05 1.967813782791207809e-05 1.532017462761546414e-05
2.418807775111331217e-04 2.690277642683090915e-04 2.677454778383436059e-04 2.333598272478685544e-04 2.002180393501202214e-04 1.705209770648993795e-04 1.480717022273249535e-04 1.290856613530906203e-04 1.124910770858101379e-04 1.008241254553855640e-04 8.820639672397847272e-05 7.791447671830939957e-05 7.142734047455670283e-05 6.154071104341208036e-05 5.026946603678266059e-05 4.298125210975244082e-05 3.554681591160621694e-05 2.861267336312461095e-05 1.959102987203367556e-05 1.529473714818976835e-05
2.420345984744088318e-04 2.693915584711750223e-04 2.684237398631764224e-04 2.336400622915899288e-04 2.005338857523364664e-04 1.704566302470084539e-04 1.479919304126823230e-04 1.291386815148537156e-04 1.127359159298263252e-04 1.010291990181471343e-04 8.825897955824179273e-05 7.786108793751191917e-05 7.154443043087127529e-05 6.167171304982231193e-05 5.039588128754376312e-05 4.316362548176812502e-05 3.582906230690377568e-05 2.881070120659335300e-05 1.971424926124272739e-05 1.538782517851220076e-05
2.418763957172202219e-04 2.696546370304397141e-04 2.683453824011886968e-04 2.340895641323319546e-04 2.005142359099201506e-04 1.706232910205191075e-04 1.480169608132692787e-04 1.289579704010976042e-04 1.125049558174651663e-04 1.008333698893472619e-04 8.823735149922012715e-05 7.795009951214771921e-05 7.189292669010051906e-05 6.211777359511438772e-05 5.097315255899878078e-05 4.377294888472018774e-05 3.616349723137496293e-05 2.890813560558158185e-05 1.963466249318822642e-05 1.530188057381922287e-05
2.419987678824720410e-04 2.695262662641720818e-04 2.684181916189016582e-04 2.336508456517032454e-04 2.004305215523879784e-04 1.703571724348733687e-04 1.481280765851749714e-04 1.292436649510498930e-04 1.129008839623975627e-04 1.009701708491715790e-04 8.847166245808133834e-05 7.787341180379445192e-05 7.167065755407271157e-05 6.179710487570285349e-05 5.068774646021223642e-05 4.338156943966074545e-05 3.597664016261154190e-05 2.894550777097069818e-05 1.958508603634214674e-05 1.525090693723449517e-05
2.415930647400470524e-04 2.693909164044838126e-04 2.685498911862723272e-04 2.337854883521986308e-04 2.001326765023954445e-04 1.704441681959512360e-04 1.478588561730119423e-04 1.290047134549263228e-04 1.125618454612061127e-04 1.009623809088889304e-04 8.847462209706328260e-05 7.806933805831258605e-05 7.176578357202796990e-05 6.224102340057152216e-05 5.097301573372216071e-05 4.362432750574225348e-05 3.626665566481560769e-05 2.920363394885011203e-05 1.979696991788492452e-05 1.531444528499807567e-05
2.422496803972152581e-04 2.695741077684090151e-04 2.683730226506466851e-04 2.338631932230849188e-04 2.005143025964140969e-04 1.705645915627652736e-04 1.480785641803186205e-04 1.291404913207432861e-04 1.126935642174489119e-04 1.010607399747907230e-04 8.837828094755630255e-05 7.795295514454073191e-05 7.188113064297031718e-05 6.230283548626331736e-05 5.101167927734523194e-05 4.362646038387811375e-05 3.617725289591403151e-05 2.908129837754183265e-05 1.953045018231377780e-05 1.527492853244358757e-05
2.418548650361134649e-04 2.690927054058570630e-04 2.680933218000694030e-04 2.335405701505026735e-04 2.002930504933299371e-04 1.702619746540155916e-04 1.477311049862557583e-04 1.286263172837758700e-04 1.123967134100898593e-04 1.007994989131513064e-04 8.825262215852563421e-05 7.778580176464529078e-05 7.123284336756558800e-05 6.138463717371101739e-05 5.037871622839222552e-05 4.313160348554142382e-05 3.550705686495920414e-05 2.838211947109477423e-05 1.920844278297541535e-05 1.495344448153852041e-05
2.422550486035453731e-04 2.692292264917175862e-04 2.684230412790200799e-04 2.339135235941902028e-04 2.002978446524097522e-04 1.706580772870451091e-04 1.481165955243138657e-04 1.292018406330321090e-04 1.125930268056503619e-04 1.009117052460421852e-04 8.827170824111581508e-05 7.790778987437849416e-05 7.178234714329033504e-05 6.195039047851650651e-05 5.054547799702343707e-05 4.319808968480050890e-05 3.599119992191605286e-05 2.884478225219397980e-05 1.973089204459895033e-05 1.534209416066009026e-05
2.418532319699239451e-04 2.694062816012541173e-04 2.683291513390792201e-04 2.337433393694488177e-04 2.002465061099646269e-04 1.701300580407468226e-04 1.479369448707117704e-04 1.290989018282134144e-04 1.125145350428517397e-04 1.007624396597481243e-04 8.836553513083250774e-05 7.803493489125897713e-05 7.158860487706102951e-05 6.145092369775351508e-05 5.027505586277852340e-05 4.306355181213846763e-05 3.534570570593639077e-05 2.844361570047871133e-05 1.939546017046936318e-05 1.511391233731921157e-05
2.414273870810346016e-04 2.691403603772778933e-04 2.683271445447055312e-04 2.337227586273403187e-04 2.002979863299561558e-04 1.703983387040643790e-04 1.482067412722253886e-04 1.290946385706640193e-04 1.125993810167589122e-04 1.009059141345840119e-04 8.844067471769749837e-05 7.795738171947520106e-05 7.168884015643879951e-05 6.187495174662054455e-05 5.082828219664709446e-05 4.333199499485316099e-05 3.585493389786047197e-05 2.878896302189973914e-05 1.972292578688437082e-05 1.519583698362050781e-05
2.418016675294887004e-04 2.693000286340619049e-04 2.684047881935713105e-04 2.337393414716904211e-04 2.003958087880114392e-04 1.704409351477359958e-04 1.479448183821507618e-04 1.290727096186235602e-04 1.126002269559897540e-04 1.009045211531350459e-04 8.819746650244307561e-05 7.784879398377482235e-05 7.149467794437186832e-05 6.186816226689815829e-05 5.076454628863642169e-05 4.324258434218404600e-05 3.557354677173970746e-05 2.849710729462548710e-05 1.934869296692362848e-05 1.500324034158232784e-05
2.415904424504320823e-04 2.692604193860626146e-04 2.682116497537962558e-04 2.339750251185027726e-04 2.004985284522164111e-04 1.705889796163471614e-04 1.481122589255540330e-04 1.290928036625474298e-04 1.127832997272814540e-04 1.010468866492717790e-04 8.839015579554421631e-05 7.779129218570480424e-05 7.150911194733469884e-05 6.186864577845271017e-05 5.064599742057827327e-05 4.346778651622893157e-05 3.590338146889076199e-05 2.879442679238746481e-05 1.950727065093433709e-05 1.516880558619720290e-05
2.418876356175499772e-04 2.692230704510380906e-04 2.679201299533333011e-04 2.335425284397804808e-04 2.000595585288314103e-04 1.701830422247187777e-04 1.477437314928036513e-04 1.287731381045797421e-04 1.126641359403644923e-04 1.010730477206765173e-04 8.821158678082653725e-05 7.785467781274846429e-05 7.141686325766855015e-05 6.180821068786482070e-05 5.066270232766791000e-05 4.341806973753608890e-05 3.575265184181527855e-05 2.870955760506992152e-05 1.942549370388196660e-05 1.494515987672295808e-05
2.421575915087811166e-04 2.692137510815968996e-04 2.684023406623054896e-04 2.339244823783568684e-04 2.004436848598793025e-04 1.703161218120764580e-04 1.480621002349065494e-04 1.289686821302715681e-04 1.125153059490521199e-04 1.009689235749666535e-04 8.824771763027831916e-05 7.784161073424876638e-05 7.145764032330470473e-05 6.149363462016143689e-05 5.022609716320540219e-05 4.317262841396217633e-05 3.578838903832387119e-05 2.868197242273977582e-05 1.969535824440764993e-05 1.540913889342379169e-05
2.422112990559563384e-04 2.693417565943221140e-04 2.684522365829356124e-04 2.340302647475923459e-04 2.006450383978417918e-04 1.705151952734864707e-04 1.478612985633367320e-04 1.288276508081827407e-04 1.125939125290287106e-04 1.009416234509997778e-04 8.832450025974649993e-05 7.796331538278149416e-05 7.165662457103912661e-05 6.180655004094274900e-05 5.058644103966086037e-05 4.315886605779629509e-05 3.555167419671667589e-05 2.841474392770693860e-05 1.929451512101775613e-05 1.480280258063205980e-05
2.416286877148807275e-04 2.688662967723972762e-04 2.682224557389765399e-04 2.334858383931378103e-04 2.000223575696336280e-04 1.701737501183031370e-04 1.479724452148576687e-04 1.290665296166075961e-04 1.126997819348455671e-04 1.009476466156095342e-04 8.829369106252155509e-05 7.774654741820161326e-05 7.150935450697902529e-05 6.167719448644643735e-05 5.061758252855513081e-05 4.321968081597063043e-05 3.584010491497642141e-05 2.871396855552600178e-05 1.930264264651083834e-05 1.503017643520571621e-05
2.420951164572540562e-04 2.690660165760057473e-04 2.679093232439381123e-04 2.336255912838366988e-04 2.000406254695847241e-04 1.704377000078645074e-04 1.480082948681739959e-04 1.290945323762478301e-04 1.128184774852448140e-04 1.011327387569850903e-04 8.831699348817907973e-05 7.786738040552964549e-05 7.130591099799966177e-05 6.157520834812096118e-05 5.025280523802935133e-05 4.288287632787802763e-05 3.582426799351315166e-05 2.855946265771375090e-05 1.932465793322785060e-05 1.513922409982422330e-05
2.418794335892041655e-04 2.694659889220872681e-04 2.680264517229672848e-04 2.336226523208986394e-04 2.001232449546333947e-04 1.702391206108394930e-04 1.480254656644526155e-04 1.291563774972266285e-04 1.126584630347808645e-04 1.009099976878291674e-04 8.826210079448353464e-05 7.783047405733167085e-05 7.143576706079241630e-05 6.177836427811857851e-05 5.052039096546851355e-05 4.331974409510622642e-05 3.580946405536150910e-05 2.869665506717999174e-05 1.941546430866013300e-05 1.514204301831465921e-05
2.419236771881198508e-04 2.697604000979700193e-04 2.681839139237895291e-04 2.338390571779587197e-04 2.005212206494352194e-04 1.704036411409497534e-04 1.479658169333903576e-04 1.292170908258928066e-04 1.128004390122788319e-04 1.007738474772374403e-04 8.795985770896507959e-05 7.751302322498321729e-05 7.122315464269965239e-05 6.151718639570038887e-05 5.037327175145949745e-05 4.306212046740236563e-05 3.540338205032004338e-05 2.845681727633236091e-05 1.938907408871423896e-05 1.526632051038042190e-05
2.422781140999664951e-04 2.690068667672503326e-04 2.679413149121647603e-04 2.334634473291995042e-04 1.998387320553771259e-04 1.700964394913777311e-04 1.479168542522328329e-04 1.290706109324051790e-04 1.127051559496128146e-04 1.011821662413921609e-04 8.846982391547039129e-05 7.814641844866522438e-05 7.198248542876828425e-05 6.208535800620043567e-05 5.100427797003005193e-05 4.384544117914727609e-05 3.612350540836716163e-05 2.894997812809786203e-05 1.969244493618769665e-05 1.515751875245957507e-05
2.418689113936864409e-04 2.689241950176881712e-04 2.681079983082190364e-04 2.338138424798467420e-04 2.003166901487022907e-04 1.702903023177584441e-04 1.480007037664107545e-04 1.291905943004794082e-04 1.128695808087594107e-04 1.011922905067184832e-04 8.833961612197353125e-05 7.784462387163593362e-05 7.162725963044429733e-05 6.189245132579033538e-05 5.090726190539448593e-05 4.343700392735022327e-05 3.580748898073223208e-05 2.893568788192822040e-05 1.980862034146901692e-05 1.535584251523957540e-05
2.414470050657872748e-04 2.691487259205811115e-04 2.677057731624662594e-04 2.335114743756342814e-04 1.999559393405300344e-04 1.700973515374606753e-04 1.476938925053830859e-04 1.288790547196845505e-04 1.124476772402569868e-04 1.007457319212659710e-04 8.809536556731310439e-05 7.776840179614597426e-05 7.144279140265040158e-05 6.164315318099634921e-05 5.053654400347035505e-05 4.338247813378577074e-05 3.566549834590575897e-05 2.867020753989010784e-05 1.932527617084703043e-05 1.512425211470205301e-05
2.421561475427925082e-04 2.693694691972637126e-04 2.679120005022793492e-04 2.337938493023496286e-04 2.003255702822283454e-04 1.703702004911076130e-04 1.479868790052015143e-04 1.289799628359043890e-04 1.126683486034305183e-04 1.009524177683438227e-04 8.848011535721886042e-05 7.789396041697223662e-05 7.146877613433781629e-05 6.172788443465126236e-05 5.060043940373057435e-05 4.350748072500949104e-05 3.594392542510961547e-05 2.873379478843501433e-05 1.954082982961739454e-05 1.514640277770246196e-05
2.417470487368509008e-04 2.688921897390302192e-04 2.681853629900864426e-04 2.338056265170975487e-04 2.002691862497555709e-04 1.703521132327875107e-04 1.478853240553229650e-04 1.288936262258636866e-04 1.125895656669816282e-04 1.009337799137956048e-04 8.826743755146869040e-05 7.792857446187444886e-05 7.176787151739060942e-05 6.189149896519722464e-05 5.057910808478202830e-05 4.324023048032566747e-05 3.576688685393154924e-05 2.863946129705922759e-05 1.945945610995106524e-05 1.517011683980038305e-05
