# gts for all jackknife regions
9.659884280272224724e-06 1.109853912328423488e-05 -1.143676440016291488e-05 -4.843587188597210102e-06 -1.093274808672637279e-05 -5.111240064376011413e-06 -1.360948182855276908e-05 1.473468412882335473e-05 2.661530042245561139e-05 5.712201254344769153e-05 8.358156639203648719e-05 7.877528921602827325e-05 8.869297138173226386e-05 9.021182848259536057e-05 7.040447958228885153e-05 -5.200855164448348124e-06 -1.089960753447914119e-04 -2.405953460068313912e-04 -3.137055350078790422e-04 -2.523086178468162137e-04
-1.483487280180970501e-05 -8.698947854523189383e-06 -3.863903434761987554e-05 4.439170224839690208e-06 1.404093260882788473e-06 9.093015751198830056e-06 1.731130933909901123e-05 9.443889048963330138e-06 -7.090776242557832126e-06 -1.783899888793349944e-05 -1.453813172212716703e-05 -1.784648525221989104e-05 -3.206392021532213587e-05 -3.882102429386241990e-05 -5.746438794253052088e-05 -9.102733108878614246e-05 -4.897426692163902987e-05 1.794182723280799023e-05 1.531004419324858670e-04 4.398404871586620874e-04
-2.580218979430421706e-06 1.458549286643581169e-05 4.266007036532453052e-05 2.301668776276393359e-05 1.434557112300246644e-05 1.954411069150474410e-05 2.711339335581025819e-05 3.815968434965540676e-05 5.998079318319884143e-05 6.506654791547272125e-05 7.295122333596919804e-05 9.817071603624950230e-05 1.340675540062983315e-04 1.735292648415438896e-04 2.245098350533992191e-04 1.945662403825924327e-04 1.831025511224614521e-04 2.291120947078352542e-04 2.365583096895574125e-04 2.717380510576424815e-04
-1.326867213775588093e-05 3.315623971865706945e-06 -1.199361718536431036e-05 -1.105657770749936051e-05 -6.653688961738081225e-06 8.584907062511924856e-06 1.639558743839369302e-05 1.197215682298762833e-05 -1.071543844378165740e-06 1.368688268172100159e-05 2.928660699062393235e-05 2.979605993053601533e-05 1.143281595933376573e-05 -1.847649558295912792e-05 -5.589621761133240440e-05 -1.038909558842889957e-04 -1.435138351729569489e-04 -1.908620912038551539e-04 -3.118451839856862715e-04 -4.583684596134653014e-04
-9.478061703697450774e-06 1.268254499048282493e-05 1.078600315962466029e-07 2.226195422639395187e-05 -9.032548405364302794e-07 1.809944822232329691e-06 1.846966035465320082e-05 2.034913528985936418e-05 1.262029371545667640e-05 1.111107026025135144e-05 3.120895204261422170e-05 2.708783945222462090e-05 3.245267741703584377e-05 2.787847363823542292e-05 1.191551957595264785e-05 1.014631220374361368e-05 8.016393011069179909e-06 -1.653386269839673096e-05 -2.932719947249426148e-06 9.078433951446257823e-06
3.696036135687587803e-05 2.970645783529241328e-05 3.304987906451122123e-05 1.715925909189398919e-05 3.343992082701267930e-05 1.719059967374566786e-05 -1.490002822145017032e-05 -5.286901052226019210e-05 -3.262651964129615457e-05 -3.288280779823504253e-05 -1.594847488245589601e-05 -3.638767981515207028e-05 -4.303218759425202612e-05 -2.383331159657495524e-06 5.820932380146604559e-05 1.266480694637120289e-04 1.998970115552629997e-04 1.598557906621683668e-04 1.377956804547701036e-04 3.282752629061843957e-04
-9.373031845385317072e-06 -1.122542722932880518e-05 -2.829727642114589043e-06 -1.665145222121435349e-05 -6.577692268594943285e-06 -1.719568474795179081e-07 -2.250472550608083305e-06 -9.764326296229666567e-06 -5.297090416696108439e-07 2.752635063640960700e-05 4.595298760125505149e-05 7.096036071010442979e-05 7.234573559427131249e-05 5.940499185712915306e-05 2.723795110852963872e-05 -2.699797140855451281e-05 -5.774988614485994311e-05 -4.817463543664774785e-05 -1.279660351017677120e-04 -1.850115602094308542e-04
2.432875023372647316e-05 3.930749614896040508e-05 -2.016982898481140896e-05 -7.291746015309701239e-06 2.081377796485074189e-05 2.681119055717284935e-05 7.628821297621105738e-06 1.703124549996438562e-05 1.317848160202829014e-05 2.332728069183702418e-05 5.842874592241911156e-05 7.184246061310858931e-05 8.067791364625289210e-05 1.013205865162689008e-04 1.420204318339496471e-04 1.080258208302850185e-04 1.220712901022214512e-04 1.663083543832678422e-04 2.129261501463987870e-04 3.819571618147961432e-04
-3.275530198912654327e-05 -4.788894150501879054e-05 -3.811929171832453058e-05 -1.925985712192158436e-05 -6.756660039204656318e-06 -1.975196786242218117e-06 2.045859190361083108e-05 3.889221809652225985e-05 4.106607000190272839e-05 2.392677221115093733e-05 9.433338865405514287e-06 -2.433957395400682119e-05 -3.336896506441658063e-05 -9.504120055158574176e-05 -1.377428460934603731e-04 -1.383406200855015890e-04 -8.170946788517582070e-05 6.126621586069028190e-06 1.036282072521930325e-04 2.349474813625625948e-05
-2.155559207302989208e-05 -1.613294246756609090e-05 -1.647986865549264186e-05 -6.746214779592133867e-06 7.025555328266948223e-06 -2.580496338690495498e-05 -1.911201836795788369e-05 -1.217356350717205831e-05 -2.004117777232024782e-05 -2.161473342276927726e-05 -2.043628098374529630e-05 -1.759374622803783377e-05 -4.511755173014655009e-05 -4.187137019358439096e-05 -3.776645986494547099e-05 -3.025160346366040251e-05 -7.153744871014839973e-05 -9.061167377945286195e-05 8.894753638302661507e-06 1.595980119372341862e-04
3.378923779979505095e-05 2.703197509809329284e-05 -1.699936303253985896e-05 -1.467876104274377020e-05 -1.473190241858147416e-05 -5.762823990470889442e-06 -1.451520572006698755e-05 -8.237038365888304009e-06 -1.555459957046035482e-05 -4.027412669023148096e-05 -3.383782556844910135e-05 -2.642550538900321496e-05 -4.493333508489694812e-05 -7.104433011496678126e-05 -1.022321388320342542e-04 -1.025533552377402982e-04 -1.297159403128178990e-04 -2.056183536931554070e-04 -2.995146927240091420e-04 -3.392046796290703204e-04
5.201059029310283612e-07 1.545007127637368096e-06 3.327560552786402504e-05 2.602820008432063159e-05 1.591496295366373148e-05 1.094604763879633814e-05 1.874443214088700418e-05 -7.673285460313543710e-06 -9.699107228518946154e-06 9.411062461731742101e-06 -3.104123181607942840e-06 5.411484056381469292e-06 3.385768767324485681e-05 3.992545263022102511e-05 3.799167505399835286e-05 1.158197324293295380e-05 -4.736854197196721807e-06 -1.082344724549942833e-04 -2.262602079199911933e-04 -2.915559645036226223e-04
-2.901133604071270944e-05 -4.593778629604337600e-05 -1.944128905935244863e-05 -7.696059316849387813e-06 1.000905733558529166e-05 -5.387746934653948712e-06 1.329761954209630205e-05 2.989428741783345226e-05 1.208198690227983325e-05 2.002446472682387722e-05 4.915857017374880748e-06 -2.817134211954151320e-05 -6.873688182552256979e-05 -1.165867054605068497e-04 -1.636759524092216186e-04 -1.507562806716706021e-04 -9.871982039046830180e-05 1.873046938158467832e-05 1.308468364531186021e-04 1.430395506383412628e-04
1.423268553926266097e-05 -4.567827902087925739e-06 -4.631465751646752429e-06 1.501587539828107645e-05 1.550690611092892416e-05 5.944334370064699918e-07 2.801032996277666673e-05 1.283727182536286179e-05 -1.028919639335704560e-06 1.365001935709200428e-05 1.725484087075074963e-05 2.385061865676553979e-05 2.111203460879422449e-05 3.924785131582048315e-05 6.307168484592476810e-05 9.040506031965987006e-05 7.646628950754353108e-05 3.193827538942843608e-05 -4.876928524463342159e-05 -2.301621090703222824e-04
-1.239689720214076890e-05 1.071301057007927019e-05 1.089266766972808522e-05 8.111681058955666921e-06 -3.439181333359930114e-06 8.137969735193345287e-06 -1.189016438019402821e-05 -1.839453508666073084e-05 -2.366625613770716104e-05 -3.348504539416577761e-05 -6.080303260733841320e-05 -7.725515922674100933e-05 -9.724435520516059260e-05 -1.188762708796488082e-04 -1.351878759855742172e-04 -1.716186854885025045e-04 -1.956906595541893046e-04 -1.994748895239855247e-04 -2.499712314851426686e-04 -3.980481452966457218e-04
-8.760253643638257415e-06 -2.411450895838249868e-05 -1.922833501492535676e-05 -3.702037244553965354e-06 -8.554773527341551665e-06 1.343030999123671469e-06 6.205469451895354019e-06 -1.014726032630331794e-05 9.442249190525643153e-06 2.568095542584164395e-05 3.119597835062927222e-05 4.052825589722003542e-05 4.860553967416193284e-05 3.982851306616491021e-05 5.060974425903358301e-05 5.078609203625797337e-05 3.244972018224437333e-05 -1.126459018372170020e-05 1.058817687034033854e-05 4.379599093044046261e-05
4.428588569552989798e-05 -1.200955387268073468e-05 -2.791622321586891402e-06 -2.274184693025202902e-05 -3.092634011838238698e-05 -7.654835442397707793e-06 -3.215059363448269327e-06 -1.158727831480304219e-05 5.290997639602320307e-06 -7.585343187542152008e-06 -6.291903129026388969e-06 4.643880118533087598e-06 -2.861849130452768998e-05 -1.054997499887956234e-05 9.297915664624146836e-06 1.212002015008469952e-05 1.143789923232613815e-05 6.506428232804588297e-05 8.978763011903443737e-05 1.565086801712091771e-04
-2.574515783449903089e-06 -2.182202810310406775e-05 9.703067499145023322e-06 -1.291311778737597793e-05 8.642257737052779192e-06 2.000913661174751624e-05 3.814482648634047251e-05 3.229087248753406794e-05 2.845384932208475855e-05 -5.963844510895344604e-06 -2.444670788158587424e-06 -2.493534948589727786e-05 7.295253443008440733e-06 5.267138765164447223e-05 1.198158551363244398e-04 1.621255742810841910e-04 1.723341616212340898e-04 2.035609318352250396e-04 2.593223122283977943e-04 1.835424698528942205e-04
-9.073050458355568410e-06 -2.410212033685265565e-05 -4.281783574227004648e-05 -1.715098193742139148e-06 -2.486324828877383073e-06 -5.089521325125595820e-06 1.009279671631292754e-05 7.780346520279318484e-06 -1.500456875160727363e-05 -1.322371480244853468e-05 -1.502431160012599194e-05 -2.061655935171198258e-05 -5.173109919531593211e-05 -7.579205853072763679e-05 -1.027354750450002016e-04 -9.861684348813318679e-05 -7.837886750342517466e-05 -1.040976343063819854e-04 -1.690396773896096880e-04 -2.121886077143266783e-04
2.770758407465347416e-05 4.369879126981095901e-05 1.595292743366176404e-06 4.464369831446955909e-06 -2.266776222707104016e-05 -5.861837841773715346e-06 8.840907497501299415e-06 4.731744849472225425e-06 1.155862666082438785e-05 1.404557545298271506e-05 2.581193762303705678e-05 5.124030370711278717e-05 6.429749780283142472e-05 8.900566548972180703e-05 1.235941019767487509e-04 1.918939904094166976e-04 2.838747709141629504e-04 3.346302783217617823e-04 3.337529735662204651e-04 3.285742161938292119e-04
-2.777693891715588753e-06 8.938053419742160669e-06 -3.036302700506657604e-05 2.533568430896334983e-05 9.814425793727090828e-06 -6.179747999682652908e-07 6.138058761503423397e-06 6.976942548999885796e-06 2.412554172629724042e-05 2.443211637709594410e-05 4.222198846657414375e-05 5.774880422910880147e-05 3.846259498517568979e-05 7.831921745421655976e-05 1.047385815224398744e-04 1.675560500806936540e-04 1.972444842220055208e-04 3.200076735166293234e-04 4.557068886316674949e-04 5.299152805014307284e-04
3.364867912179241223e-05 2.205182302917804287e-05 1.210524514022818094e-06 -2.268415655055922698e-05 1.755072349884714164e-06 1.538818034392534269e-05 -1.023172573041539276e-06 4.017553580456258405e-05 6.045968918457484526e-05 6.587776197260436332e-05 4.960001587973367112e-05 6.415162495158385346e-05 5.800455570724025644e-05 4.745426237634398233e-05 4.698366433736211352e-05 4.016678004539554666e-05 -3.244969517085156584e-06 -6.405086519644156149e-05 -1.847629276777029836e-04 -2.542721356812030833e-04
-1.519530287698504243e-05 -1.295934710752769014e-05 -1.394414699678753719e-05 6.590949249961654402e-06 8.825102462055964568e-06 1.273978768648078690e-05 2.750108266111466422e-05 2.160305669380919622e-05 3.731028535994520065e-05 3.327443413062919152e-05 4.423590801357203228e-05 2.691310462665673210e-05 2.994992199216012344e-05 3.715165822050315117e-05 1.330512983237303807e-05 -1.695600705458254979e-05 -4.064729658938318567e-05 -3.697792300051969881e-05 7.560527722119285373e-06 1.926931861942546485e-05
3.803580501466804884e-05 7.640086279648374722e-06 3.071186186703697181e-05 4.277184426629634679e-05 -1.342969416184133986e-05 -2.199186602495307457e-05 -8.181357863624358219e-07 1.463422679768528111e-05 1.448356473136800086e-05 2.770484518511716685e-06 6.143312314357996464e-06 4.912966630093102479e-05 7.625257396234420631e-05 1.239399921990852287e-04 1.925449984975175562e-04 2.274721985176192472e-04 3.337551399030316834e-04 4.201777687782587574e-04 4.677983458824795139e-04 6.473559757752371524e-04
-3.925933187938741387e-05 -7.201405287120247090e-05 -4.900491591564762708e-05 -4.421692442523995437e-05 -9.652386019018792599e-06 -2.092555257612340841e-05 -7.030698167872735420e-06 -1.547639948073498190e-06 -1.823638825432317141e-05 -2.466829029265377786e-05 -2.242308798893440495e-05 -1.749660316481014758e-05 3.296718076312051400e-05 8.740516950949699560e-05 1.256363673167338203e-04 1.047232586683570450e-04 1.187387283798880345e-04 1.329880296340743909e-04 2.051280295967983789e-04 3.076032916161610038e-04
-3.462670135451898689e-05 -2.589161111057577516e-05 -3.326282269904082498e-06 -2.237818332476692180e-05 -2.833394977907720890e-05 -3.984940355608208320e-05 -2.835965606941278321e-05 -5.375162057581495947e-05 -4.121276043749662717e-05 -2.844396124863508068e-05 -6.413593014897811214e-05 -6.501934974752061305e-05 -1.041866264129911481e-04 -1.435509904914788408e-04 -1.632462492405732234e-04 -1.934168466879591572e-04 -2.846680810913010114e-04 -4.320035152516996818e-04 -4.852842834620691359e-04 -5.123397103096499674e-04
4.674983572776583779e-06 1.721071775584235008e-05 9.287905099850798446e-06 -2.065750281015625537e-05 5.599274643885776590e-06 -5.529734372085203397e-06 -5.970856373572097815e-06 -7.308825597327970109e-06 -1.481082804183106310e-05 -2.571863106658165790e-05 -5.153761105861682406e-05 -4.677983213445859598e-05 -5.319738757050431448e-05 -3.915783972742455614e-05 -6.684968505885408564e-06 1.896563380556508095e-05 3.715490011557376181e-06 -9.356212048546403641e-05 -2.506214238045674741e-04 -4.499534278410936687e-04
-2.224758830205931555e-05 8.145468767895557851e-06 -9.261274677232097296e-06 -6.056533323802228525e-06 -4.315510136484580818e-07 -9.780442472837086560e-06 -2.229262973099693478e-05 -3.084165977238032290e-05 -2.664515170311855592e-05 -4.559391825958442063e-05 -8.410844878669788299e-05 -1.227153614765562274e-04 -1.491361616407814244e-04 -1.732678018079100311e-04 -1.818946639386037113e-04 -1.899819301197750734e-04 -1.586119010805426091e-04 -1.608949471474246668e-04 -2.153793979192011421e-04 -2.410143205494449589e-04
1.969071560635500195e-05 8.655127328067490283e-06 3.012470542101933590e-05 2.095104046602688807e-05 2.394568758109260344e-06 -2.537813812102597582e-05 -6.489044432575764154e-06 2.490766934990297192e-06 2.803116518128399281e-07 -2.666952436026695985e-05 -5.059000152538004383e-05 -7.281536984979060465e-05 -6.710262274307352102e-05 -6.067635809068987196e-05 -7.607738018419030581e-05 -1.438972832995593298e-04 -2.031342769092637991e-04 -1.175507170414045213e-04 -2.424809350199048815e-06 8.578680632284159315e-05
1.975005843080539979e-05 -1.829729900728325801e-06 1.125421385145495592e-05 1.427371310490902254e-05 2.813013871659850552e-06 4.499558902131833346e-06 -1.508332198905071155e-06 -2.137463539957215939e-05 -4.958106209582809136e-05 -5.985113106138114893e-05 -6.886267428613974668e-05 -2.878845025153224820e-05 -2.456634663875178551e-05 -2.253872965285139376e-05 -9.729691928691249758e-06 -1.196565481502587659e-05 -5.448817244326565115e-05 -2.209141520989317087e-04 -3.823326975750712046e-04 -5.075611969137066009e-04
5.409109893378819190e-06 2.169315119073425248e-05 3.096174767294778888e-05 1.447176625857967153e-05 -1.143576924605907323e-05 -4.381643905670036125e-06 -7.411664414606318459e-06 1.566209857152083584e-05 3.309346973215591920e-05 3.360281941705130308e-05 4.461985388443598513e-05 4.399581852517948796e-05 4.875046495817800688e-06 -3.469143764279331959e-05 -7.640372189508245560e-05 -1.309333234170801871e-04 -1.592108265332542623e-04 -2.062577266779359246e-04 -2.964078771018455768e-04 -4.194745221522463833e-04
3.331453870016286272e-06 -1.030694521870485155e-05 -3.045669378249754442e-05 -2.921811659754632926e-05 2.631783988626465787e-05 2.196314200764979991e-05 6.171541025662991500e-06 -3.654752643182930303e-06 -1.626745968702174639e-05 -2.851495836369773195e-05 3.247336199237211090e-06 3.334211977236508793e-05 4.335558940055671588e-05 7.456225760356305560e-05 1.245743019179102319e-04 2.254880856687538902e-04 3.451103502543315950e-04 4.892682559261153207e-04 5.673038019835161764e-04 6.358323289477536052e-04
7.126062746463703543e-06 -5.638054547059236020e-07 3.734883460605469306e-05 1.937478490167802674e-05 2.158416899487916845e-05 2.267261093124261939e-05 2.445310112477040355e-05 2.012822957562141648e-05 1.498781456380560656e-05 2.714202271576224648e-05 1.776599478571364290e-05 4.758111536470254105e-07 -1.108260634949519033e-05 -5.236481632560216620e-06 -3.237586806841504287e-05 -3.775780100853349337e-05 -1.178125861424733872e-04 -2.338096015385984436e-04 -3.557964224958344536e-04 -4.801585588365667092e-04
1.261144884159313790e-05 -6.857632253316184479e-07 -1.133180192251624928e-05 1.114563605375250140e-05 -1.792934787038965953e-06 -2.346155245926123469e-05 -2.446201312812346345e-05 -2.400266510095565200e-05 -2.634790523990791918e-05 -3.632147182179536524e-05 -4.713217729790344713e-06 1.753444027601725171e-05 2.219444495212311122e-05 6.901818645388406611e-05 1.071367747271587671e-04 1.494488951921616870e-04 1.522453875537324770e-04 1.883616040246245964e-04 1.645790297241465222e-04 1.128488159091098071e-04
8.676190743472018453e-06 1.539651977570436988e-05 3.881990477470993528e-05 4.935412915540250732e-05 2.493297032064982577e-05 -3.304633730287908454e-06 -1.397118276295049220e-05 -2.230285473742549173e-05 -1.977673218461757740e-05 -3.683053032880561462e-05 -7.580505350779027701e-05 -8.440707857107039244e-05 -6.630058167141402315e-05 -4.147826397626741801e-05 4.880989097624481571e-05 1.679157339391634666e-04 2.763032464624427809e-04 3.391655956253800683e-04 3.491074008310523537e-04 3.388947344426128578e-04
2.644020537019589026e-05 2.599971598696387313e-05 1.767562788165148992e-05 1.798760013906179712e-05 3.146502138198397681e-05 3.392101695207081939e-05 1.777167081908416602e-05 2.558078367010635621e-05 3.931667977806955594e-05 5.682956981698484379e-05 6.498037423602943160e-05 6.856179212645127478e-05 9.149631283185236141e-05 1.105189026872361723e-04 1.030235633136393795e-04 1.179224990059283212e-04 2.055980752993465707e-04 3.486684260270390078e-04 4.933960153436611328e-04 5.969667299270334107e-04
-2.714991422152768173e-05 -3.301127522130894510e-05 -5.052475292774182248e-06 -3.780281227962642931e-05 -3.655685503459784593e-05 -1.605222388923274005e-05 2.014029790703665221e-05 2.003377815474869210e-05 2.637988522875961474e-05 3.369792422923019584e-05 2.494017163212918195e-05 2.079852373309600824e-05 -4.149204505947431498e-06 9.914939475772589634e-06 2.395794135913395528e-05 2.408180279771063127e-05 -5.193378150868612647e-06 4.505294392137091298e-06 4.616919789493402601e-05 6.614282960576570787e-05
-3.344741943763625328e-06 -4.323463128647596771e-05 -4.266765886434134374e-05 -2.674291233165226127e-05 -1.593207351636258639e-05 -8.280270419090843543e-07 3.496029228709795403e-07 -8.822204116597299789e-06 1.864953781969867003e-06 8.572776205602151782e-06 2.018103938710949873e-05 2.454634024878564702e-05 2.519630186471514023e-05 4.156808320783644665e-05 7.086638724671457583e-05 2.791568681000972609e-05 -7.675595122961137483e-05 -2.335021828825665276e-04 -4.040127850501966508e-04 -4.761791399575952865e-04
2.642824414601515037e-05 2.039823291186581279e-05 1.273981628312758928e-06 4.252632087071548137e-05 5.626243523991509020e-05 -2.073945912525995195e-05 -2.314694377096595087e-05 -1.629256090176781083e-05 -1.016911820484547371e-05 2.725546924463088285e-05 2.661162050273252545e-05 -7.790588356255542330e-06 -1.056651394662570911e-05 1.469808824490471087e-05 4.166257135398630763e-05 4.116186971096267937e-05 1.284236908939889583e-05 2.828626995632937849e-05 1.393097247767868865e-05 6.057526726954316223e-06
2.850484775430758692e-05 -3.801482716744222129e-06 -1.571887417229212121e-06 -6.454689762334272586e-07 3.855625542706360777e-06 -1.750126143156357931e-05 3.272345783724901119e-06 -3.141752867803576295e-06 -8.648439251061571930e-06 -4.161409281261232350e-06 2.075148653294459010e-05 9.577754470109151107e-05 1.587592222507219384e-04 2.371826351315100547e-04 3.062936969800952370e-04 4.134918439415104143e-04 5.602586703358246106e-04 7.648322497610999431e-04 9.728894895054906143e-04 1.251420220376202579e-03
1.168340872558583002e-05 2.684312537640433737e-05 3.624481816662863807e-05 1.474356708065571084e-05 8.741210312667398627e-07 1.512132861841309735e-06 -3.759082933102562098e-06 4.491118961663933793e-06 -2.038098825657064773e-05 -1.996639572682879624e-05 5.627167407963855016e-06 4.333843781800456523e-05 5.436683883627807496e-05 5.441603233876670352e-05 8.299013902447619287e-05 1.544639588007520382e-04 1.957047724573418471e-04 2.805301639097661031e-04 3.355263117773690036e-04 5.010189958018939531e-04
3.567137253302064446e-05 -6.914224925797679204e-06 5.673348642561920400e-06 2.055103587879374120e-05 3.025599890010845951e-05 -1.932379875983342008e-06 -6.108506621892526480e-06 -1.099708115062331814e-06 -1.177911371159222584e-05 -1.156776580468970808e-05 8.612910829468225783e-06 4.766352816784937549e-05 3.666897310867693285e-05 5.493358093393008846e-05 8.932680580837416059e-05 1.408432645816873763e-04 2.529089513220982304e-04 3.730345393778133076e-04 4.649635477556824325e-04 5.343236025006769131e-04
-1.034741053441726168e-05 -2.519979151216756030e-06 4.299262487281244208e-06 3.428974289918189903e-05 5.144538409671025781e-06 -3.438331764351541244e-05 -3.187833839942766975e-05 -2.201104068684613788e-05 -5.006697501910377629e-05 -3.749457892888362299e-05 -6.118651548900454348e-05 -8.863182016622727711e-05 -9.569338761209055682e-05 -4.937948658605304870e-05 -1.281127050958929534e-05 1.078677690480800662e-05 5.676557968634213030e-05 7.514891623371360713e-05 2.435502768040436866e-05 1.651421749264959013e-05
3.895981067575320875e-05 8.692273040696554722e-05 1.312891755602721129e-05 3.146315787196844994e-06 1.959965118796674899e-05 -5.345518311234495922e-06 1.409067311469359687e-06 -5.229112112886982768e-06 3.508649112758480334e-06 7.070054678218389286e-08 2.796496233279191658e-05 8.635827677636313910e-06 1.191188388593762156e-05 -1.208779441282495267e-05 -4.574329507181736142e-05 -9.392308221566677152e-05 -1.603938264664724826e-04 -1.553418285301841871e-04 -1.726570661442201708e-04 -1.688040864490974384e-04
-7.745741869705289988e-06 -4.783864766301241188e-05 2.217362941781966199e-05 2.380815847636166179e-05 3.210449407458310187e-05 9.069244618200684329e-06 1.420478250858629207e-05 8.396650116497608458e-06 2.769082085037153840e-05 1.251516371539071748e-05 3.375847798941561715e-06 -1.769316139258107729e-05 -4.182214613651350128e-05 -7.328096400290076945e-05 -1.228668521016739281e-04 -1.362340532399888306e-04 -1.478916536728274659e-04 -1.459873465696470414e-04 -1.745157828802295079e-04 -2.197807433478311378e-04
1.963299067604830074e-05 1.795723981899283444e-05 4.239298419076170806e-05 2.694084617577832920e-06 -1.449489035284193515e-05 -4.878612534948676853e-05 -3.691108291771501808e-05 -1.553803650158226685e-05 -5.837276703147405630e-06 -7.181126509795228489e-06 -2.599138253989434922e-05 -4.157202652791922601e-05 -4.608598974616146270e-05 -6.481859995164099481e-05 -9.573653509773339537e-05 -1.113881408565972039e-04 -1.399020280143908185e-04 -2.066889881793282249e-04 -3.769628803352759227e-04 -5.037100724246447187e-04
2.073082075597326945e-05 1.929328720235283872e-05 3.167196725477912734e-06 2.717076052102622351e-05 1.534654946831024935e-05 1.449606884510560761e-05 -1.901283906604852772e-05 -7.613947940817672146e-06 -1.500334876004418065e-06 4.291151677572707387e-06 3.239384304087950484e-06 -6.120002788507738029e-06 1.326082074988494946e-05 1.887082822038932864e-05 2.878386492672377765e-05 8.144309758839110276e-05 1.519700274962766011e-04 1.724722556257163254e-04 2.341196045723735811e-04 3.669032078415860850e-04
1.990004349614034687e-05 3.868783251975042788e-05 2.441840312379884721e-05 -8.398166789645611932e-06 -4.227835670283643807e-06 -1.133794388930707038e-05 2.665721100399802976e-09 1.862387415905753606e-05 1.827247745599022813e-05 7.854049827762121398e-06 -6.500450823697260448e-06 -2.110999766439220792e-05 -3.169889136899474267e-05 -2.834545603403501834e-05 -6.077902540124048667e-05 -8.190508523967009527e-05 -1.501138358614428361e-04 -1.961801473081034412e-04 -1.334153508706591152e-04 3.198520892579620510e-05
-1.354333459820569002e-05 2.988757633644811650e-05 3.428602664716140958e-06 -5.503580780949556408e-06 -1.906171537138216001e-05 -3.593185539080966947e-06 1.520150919406486574e-07 1.070722233240968428e-05 9.352937591499994597e-06 1.997841596605683391e-05 3.277541219338975557e-05 5.210756445178511115e-05 5.727409271013253380e-05 8.099473904201514381e-05 9.405423988324327863e-05 1.306022892044542561e-04 1.497095769568191118e-04 2.307557097722598145e-04 3.540295459523227464e-04 3.565172226961941019e-04
4.364747662731159730e-05 3.372852755692341869e-05 4.072124735890200953e-05 5.768545933316417698e-05 1.187216930675863475e-05 3.586460543776982482e-05 3.421321493653212012e-05 3.907520652007099047e-05 2.111425383959686554e-05 2.254800722474181948e-05 -5.191725959075170390e-06 1.339699265368257318e-05 1.737025999195127875e-05 2.928905110546014520e-05 4.642578607690298217e-05 3.001153721464512171e-05 -8.651612689812942483e-05 -2.916478466005607817e-04 -4.925551615163568106e-04 -6.484862857688776213e-04
2.832451240768788672e-05 4.811209786811042175e-05 2.266928922365843633e-05 -5.161198099265081303e-06 -2.388804422974214492e-05 -3.133835821768215887e-06 -1.952722575709928512e-05 -1.274328467287956146e-05 1.110877713368375062e-05 8.744010293455422103e-06 -1.936818588194677218e-05 -6.551494732007017655e-05 -7.309702784126230371e-05 -6.128011319072264643e-05 -2.711346521989007984e-05 3.212060240741367685e-05 9.603677593517800795e-05 1.292422548377044397e-04 2.154861195174348520e-04 3.359073819440818115e-04
3.701185781546898905e-05 8.283676838925757072e-06 -1.463364719485238773e-06 7.908623612556026804e-06 -1.950396296226685101e-05 -8.993272514214588990e-06 1.541040933175827062e-05 -9.823784566792256589e-07 -1.201853684475652624e-05 1.612628706220895535e-05 5.766289160237604412e-06 2.527049326211335169e-05 2.426377066389563960e-05 1.865044158032317593e-05 1.153949290749562440e-05 9.919725402625345477e-06 -3.031912941271483009e-05 -5.203792480970757740e-05 -2.601477982716861475e-05 -3.856774054917336698e-05
-2.089586405829611676e-05 -7.116599809309243492e-06 -1.735591695657078185e-05 -1.105573559667357991e-05 8.376507965450534455e-06 1.286157437954115680e-05 -5.353316544180816056e-06 1.150032616546497765e-06 1.608839236476558546e-05 -4.865576834861987400e-06 -4.110844363296977144e-06 -2.346277886823012112e-05 -3.571780121625718271e-05 -5.258656202532681199e-05 -7.074338851618876766e-05 -9.087042262199905812e-05 -7.903060652180706955e-05 -9.278194838861983916e-05 -1.331659967125254512e-04 -2.355123101748926649e-04
7.163308372816577847e-06 -5.418246155515870901e-06 -1.510205156825174441e-06 -1.627116063094611958e-05 -1.145461050101590841e-05 -4.100237191346820243e-06 2.016784175428350945e-05 2.467102878172240888e-06 9.589658058638168982e-06 2.455144060913101432e-05 3.529527590749004478e-05 8.174533595084869397e-05 1.125709753433424827e-04 1.408989055564185391e-04 2.002959683092746333e-04 2.503999052699902085e-04 2.384942320585397397e-04 1.739764153812548941e-04 1.043897980625300075e-04 6.603415212864548103e-05
8.060675412370348983e-06 -2.423305906620792845e-05 -6.976775848699432023e-05 -3.045113686775523801e-05 -1.616405987192344186e-05 -2.898966084591290054e-05 -3.375158984222110262e-05 -2.884248403103993398e-06 1.761632338902339318e-06 -2.179149439738869195e-05 -2.155002741519891082e-05 -1.748698344780091901e-05 -1.401938949402595074e-05 -3.430066294423078040e-06 -2.957895318978970445e-06 -6.295645795248575917e-05 -1.477252606645369651e-04 -1.743775674417159306e-04 -1.423890128640939673e-04 -1.379408054871309581e-04
-4.274539818097181494e-05 -8.504783877267573620e-06 -4.559792790189345162e-06 9.438467923024368431e-06 1.091817908161072066e-05 1.040006572525107648e-05 1.872824306188727880e-05 1.040399545223353361e-05 8.988337236678187897e-06 1.089649113637539973e-05 -3.893670011001520680e-06 -1.453314496756768570e-05 -4.235441706533132807e-05 -7.347362111267433332e-05 -1.211353646233788515e-04 -1.721774026782210373e-04 -2.384855898535451354e-04 -3.531848540712817269e-04 -3.867977232120865480e-04 -4.251601993833069586e-04
-2.074511125086260624e-05 -5.114916636685907180e-05 9.472752404836577063e-06 -9.863798260657679099e-06 -3.776737485413338304e-05 -4.556112969256866872e-05 -1.978032567801313614e-05 -4.394467099132187666e-05 -6.210154450700630419e-05 -9.321674735420561750e-05 -6.294452144961539268e-05 -6.862370298437466107e-05 -4.666155267484338291e-05 8.818920476138261736e-07 9.522840120916483938e-05 1.665039615163572311e-04 2.599160242570987809e-04 3.017520679848274237e-04 3.207259957564617724e-04 2.619598196128906627e-04
-1.127228013735236475e-05 -1.231603877480497623e-06 -6.362776732352361650e-06 -1.103176697063475656e-05 -2.035522571155975086e-05 -2.687573890668728033e-05 -1.580250249448552082e-05 -1.999548374352622454e-05 -1.862069140491937213e-05 -3.216165180223145702e-05 -4.886748548596901742e-05 -6.348811857025987878e-05 -7.490419809023193441e-05 -8.585662546757492181e-05 -1.157609667589852738e-04 -1.315406764372216430e-04 -1.807630637526506641e-04 -3.045085048244360439e-04 -4.079573521827109159e-04 -4.476136744690536041e-04
1.262528712966722592e-05 3.159363801332935683e-05 3.175772282032425292e-05 2.169125719688040383e-05 4.711593947764411749e-06 -2.780986632917701343e-05 -1.784122197933113373e-05 -2.146573239327848604e-05 -6.460457038166627589e-05 -7.163097035634473180e-05 -9.096185995119070004e-05 -1.195026605268612567e-04 -1.624090027737819057e-04 -2.193316815415968042e-04 -2.167432880473024086e-04 -1.216479293671244053e-04 -1.371945077097482611e-05 6.001836970989918356e-05 1.107315586333362117e-04 3.679866697143199133e-04
-1.247504679462330625e-05 -8.559571951224333042e-06 -3.530136356104654271e-05 -5.504908706895224506e-06 -1.497084235308801910e-05 -5.274079873241037814e-05 -4.222445715640188701e-05 -4.693345903165272847e-05 -1.587823568085513452e-05 -7.844393012671089249e-06 -1.814953185301791037e-05 -3.184725229500262692e-05 -6.927435031608726991e-05 -1.077191102971700415e-04 -1.267423287615644678e-04 -1.548200751662841517e-04 -2.290035249939353717e-04 -3.070674736083495388e-04 -3.642308698273242096e-04 -2.411042078024137458e-04
-1.830598806468234057e-05 -1.346536191351175029e-05 4.167598852188029655e-06 1.412222390018747291e-05 2.628589089507315049e-05 1.713600743945028558e-06 6.635928661603601565e-06 1.763113718155312240e-05 1.756093586324562774e-05 6.425161872323515431e-06 4.144520516207810398e-06 1.942784403861817780e-05 -1.433431795957096347e-05 -2.807795324379528203e-05 -2.043802658868958997e-05 -2.937022745947095816e-05 -7.409457888542260158e-05 -1.105704202362522569e-04 -2.688362152717363083e-04 -5.354618003530202831e-04
2.297632334907153578e-05 1.551246329792178898e-05 1.030367719899634686e-05 5.548992676795221476e-06 -1.399906900771110306e-05 -3.020496365473442345e-05 -1.944862779312950111e-05 -6.431156240154733454e-06 -1.475191152404001133e-05 -3.466830083698009741e-05 -5.003070114795449546e-05 -7.794612408527500265e-05 -1.021823551309466007e-04 -1.309863088024747842e-04 -1.633838228983738362e-04 -1.462465982972983641e-04 -1.212707097911374960e-04 -1.463293242641077537e-04 -2.901799951723171671e-04 -4.856401745017634814e-04
-4.755671602922623690e-05 3.527667407747738822e-06 -8.926210845577266966e-06 -2.949126548765233891e-05 -4.887384009677784658e-05 -3.985278384169161763e-05 -5.616028896300801279e-05 -4.821080133342720676e-05 -4.002492076106143243e-05 -3.335018577882644953e-05 -4.854129336148156588e-05 -3.610969760130294570e-05 -1.871896682964263088e-05 1.567808756257804267e-05 2.285754154341599115e-05 -2.714519614179338784e-05 -1.977031285736039401e-04 -4.108433376803472632e-04 -4.732369682927964013e-04 -4.397154535220075739e-04
-3.482645625407929172e-05 -1.507444463508403950e-05 -1.496422583406495909e-05 -3.034018160614990878e-05 -4.096862275430858212e-05 -4.226901863815344399e-05 -2.135417622762409630e-05 -2.748399121422482233e-05 -3.784485360765320886e-05 -9.151437952303955004e-06 1.394123536961132941e-05 1.470474578948606560e-05 1.588158251540341205e-05 -3.164384789452461626e-06 5.061349465841741857e-06 2.098137513745253275e-05 1.616335851499953888e-05 2.307931890715954747e-05 1.828458624168177913e-05 6.719838157988842194e-06
2.498008310988530820e-05 9.130703334385670313e-06 3.564674814548872704e-05 2.213381228018267052e-05 4.212793524206161574e-05 1.023220180917126344e-06 3.176037832211677192e-05 3.914255012299956872e-05 7.009218968129686609e-05 6.720957178150431858e-05 4.842462230955999890e-05 3.613533348992600109e-05 5.140127249563958967e-05 4.862883012359601163e-05 9.467258375144861124e-07 -4.974347701262747174e-05 -9.341227245287421900e-05 -1.155739280426519762e-04 -1.257622241056394479e-04 -1.409623494148816956e-04
2.883026699694339400e-05 2.331784252834546140e-05 -3.247806272713307561e-06 2.154889386904794815e-06 2.482014856245492990e-05 3.623673011103507597e-05 3.160485914423883579e-05 -1.236982164205372738e-06 3.705271931426063345e-06 -2.690645953234459668e-05 -9.964619698878946128e-06 -1.652338461403917902e-05 -3.175847654375712234e-05 -2.319960320298726026e-05 -1.624445297020054896e-05 7.018509022192657351e-06 4.101069158034959650e-05 5.599054705960611566e-05 3.519187498870676983e-05 3.754562066667060650e-05
-2.719520702510754996e-05 -1.309390874680500939e-05 -3.574025020465550358e-05 -4.476312748050878624e-05 -5.518886210974364065e-05 -5.085181568158335787e-05 -3.241174933155233870e-05 5.334688904693581409e-06 -9.767109923337854066e-06 -1.114684005725864880e-05 -2.376797489086907643e-05 -4.796370205838633514e-05 -6.329451232241832905e-05 -7.203493672831109724e-05 -8.982392443450803868e-05 -1.279363631874203672e-04 -2.228115855048840293e-04 -2.759445551714411263e-04 -2.217904789538681593e-04 -2.107098679628531253e-04
-1.813565467062393035e-05 1.029247734113113425e-05 -4.504171911408290157e-05 -1.116312528860515352e-05 -1.087573221087219879e-05 -3.786649241271520318e-05 -1.531187452138388729e-05 -4.023980745399479228e-05 -3.408231399764819158e-05 -2.708877937222885546e-05 -2.168747146993045303e-05 -7.333662162385692581e-06 3.367110981581020389e-06 1.827546893494110691e-05 4.776855729180553141e-05 8.412367219218997902e-05 6.908426510133639550e-05 4.732212005083550921e-05 -3.673692072223462150e-05 -1.753354856173433628e-04
3.615879883943408390e-05 5.244999444544834997e-05 2.049034583149101659e-05 1.225408470619119346e-05 4.480777759055361910e-06 -1.095073256362185654e-05 -1.187472261483501109e-05 -2.741744675161326809e-05 -3.305201392078013870e-05 -4.325689481359680218e-05 -4.950329828157969667e-05 -5.773643448610135762e-05 -5.897549959658867811e-05 -5.588809504026429130e-05 -5.032607904928836784e-05 -3.963435496082417538e-05 -7.649282348756199354e-05 -1.151011885773328209e-04 -2.138035882261826194e-04 -4.487113348182416206e-04
-1.044847637345413391e-05 -1.374159288486931742e-06 1.969471540087603582e-05 1.615609799634035407e-06 -1.264052502483776267e-05 -5.468723124436753342e-06 -1.574154040025407684e-05 -9.531816837448074431e-06 2.851558061801350423e-05 4.693155853319973372e-05 5.531274067027079069e-05 7.892745744717974356e-05 5.889468826516449518e-05 -3.175461999814268432e-05 -1.387298538625505496e-04 -1.633008066780057912e-04 -1.546728384260503877e-04 -1.208066262598149297e-04 -1.826847373254076939e-04 -2.655174664541103623e-04
-7.443121540044341052e-06 1.957022854481910081e-05 -1.218083051206556888e-06 1.669696351292183629e-05 2.135004419936089074e-05 2.041009506266369831e-06 2.214883751973509147e-05 -2.261008113287845650e-06 -4.056380092162720815e-05 -3.662356714115178876e-05 -5.137344330140593669e-05 -7.443106847539651531e-05 -8.850637420008046366e-05 -1.233629490403936782e-04 -1.467682457880897795e-04 -1.288466099145148410e-04 -7.489908653309109267e-05 1.126499941125854687e-05 1.248084790210729044e-04 2.937804364797578236e-04
3.736468711349833155e-05 1.675593578467261547e-05 -1.395587892374964233e-05 -3.024091633677898611e-05 -2.459125267000625447e-05 -2.106838307238174352e-05 -1.620143238158467132e-05 -2.149602210117185379e-05 -4.249185960878996381e-06 -2.403908635540933513e-06 -2.078284715551147020e-05 -4.494658946821934808e-06 -8.088964318446950830e-06 -4.986642050449219542e-05 -8.532591579378524772e-05 -9.554750344253987930e-05 -9.781090742785059360e-05 -1.128741087552309396e-04 -5.057437143827880319e-05 1.078133597461243856e-05
-4.504807578108643634e-06 -2.285394486425756065e-05 -3.427732852234087945e-05 -2.229119733037751282e-05 -2.743719218249723659e-05 4.600288167032233610e-06 -1.496157181202831532e-06 4.609517315866648091e-05 4.515495563123786058e-05 3.346737181856054947e-05 5.287631788409606691e-05 9.194968127611340093e-05 1.181108736822302738e-04 1.168364439799910543e-04 1.420352976008849258e-04 1.453902341968460953e-04 1.528884287285057174e-04 1.870578755422170367e-04 1.829146961453079884e-04 2.234996859523412295e-04
-2.376804349348473009e-05 -8.623515979622935288e-06 -7.841592744939248957e-06 3.040612927072891739e-05 2.462635633584064370e-05 7.769891226731717745e-07 1.257694334429406900e-05 -1.582815796765201125e-06 -7.489819227863059900e-06 1.200344351436543988e-05 4.864218738492258055e-05 9.254810324366542990e-05 1.303343237614127694e-04 1.717442174955390087e-04 2.148165016542878507e-04 2.779652205941947926e-04 3.456866285538965364e-04 3.971995279091233063e-04 4.611292500425485789e-04 5.424042853688722157e-04
-1.537653853514478567e-05 -2.274019723921532956e-05 9.926069350437757342e-06 2.292827045668439998e-05 3.048426495821028422e-05 1.356265278965824574e-05 -1.064561615795853238e-06 1.014119345663489224e-05 -1.584186957874923396e-05 2.167008737707930230e-06 -9.201596696637334483e-07 2.666833443305398308e-05 2.989201801328082643e-05 3.182941250692554610e-05 6.039388279709818186e-05 1.662434229963608663e-04 3.261645685942215003e-04 4.027956621226679544e-04 3.492518354363822043e-04 3.488545679891455757e-04
5.387388251923658049e-05 2.246009687318436211e-05 1.806620217047622814e-05 3.821232911198295916e-05 1.828721058809485402e-05 3.959781635419455794e-05 3.103438263689553133e-05 2.709837698493985757e-05 2.843885172071785697e-05 3.368123125201805514e-05 4.626852245447120402e-05 7.979454283134939838e-05 1.242438676019320932e-04 1.853652029192165028e-04 2.474882875196808877e-04 2.780430700895156876e-04 3.302248641368258990e-04 3.933711455332009944e-04 4.814858100044215844e-04 5.835432681240002766e-04
9.139827774267706765e-06 4.066002274924790681e-05 3.167214362072471272e-05 1.714157408633159110e-05 -6.878024463079756999e-06 -2.857128587750799430e-05 -1.665513736822208529e-05 -3.314919639874924388e-05 -4.806175223148903910e-05 -5.790229401733971293e-05 -5.278899721995741144e-05 -4.492166216481160166e-05 -4.902619450906105355e-05 -6.967582618462116368e-05 -5.622381992952886796e-05 -7.670332805276275758e-05 -1.569473785966085449e-04 -2.308115286390791088e-04 -3.243280237316733942e-04 -4.540455619392007184e-04
6.178886718678007917e-05 3.874777975721880935e-05 1.561908708524185389e-05 -6.279319451674041399e-06 -1.631000229594160256e-05 -1.582169520934150373e-05 2.640216439474670575e-05 1.661394158686185365e-05 2.037197706900123633e-05 2.515803171013716511e-07 -5.726345338604473685e-06 1.075666158511428820e-05 1.364813894192952035e-06 -1.271771079671049886e-05 1.169554662902662366e-05 1.378683241524919903e-05 3.035025750900490231e-05 1.682217199174429348e-04 3.890801052384386589e-04 5.223033655226511042e-04
4.894091334293022643e-05 4.819194335256525292e-05 8.842317667926163457e-06 -5.715619208510854222e-06 2.608140003369551006e-05 2.371259197838424305e-05 2.413585793735058588e-05 5.349186117661896004e-06 2.187274602478082706e-05 1.273023215407349203e-05 -1.337891617655187728e-06 -2.404141000308670386e-05 -1.736205842156942893e-05 -3.118169958010613718e-05 -6.234797049200345605e-05 -1.269144159586553218e-04 -1.459626548005214721e-04 -1.769239932872444473e-04 -3.945309547703597028e-04 -6.796600432568616424e-04
-3.350433554784993219e-05 -1.609096579654470125e-05 9.044611387788676922e-07 -1.463178580448188297e-05 -4.449937100597000531e-06 -3.596482795115757463e-05 -3.195085868415188380e-05 -3.597190381229742220e-05 -1.797165745694238436e-05 -2.475519034371930459e-05 -3.437916714683098029e-05 -5.080132504150316363e-05 -5.139302596697895438e-05 -6.327401034806415258e-05 -6.225352206843831366e-05 -1.290916586105371889e-04 -1.756610410275269950e-04 -1.709634158729678405e-04 -1.078395889543815023e-04 -7.656225714511012649e-05
7.958678252978640540e-05 3.525793049182664038e-05 -8.230914567880984410e-08 -2.407653425820273921e-05 -4.780320980133971555e-05 -1.885234326663680015e-05 1.226036933003833490e-05 2.881121270777627435e-05 2.965479505351106831e-05 3.250397509192498661e-05 2.779183007163017044e-05 5.442969998024936514e-05 4.181494792776456579e-05 2.903581910812704834e-05 -1.225094508403643888e-05 -6.110139981884317722e-05 -7.006129004648267331e-05 -1.688683581041067623e-05 1.105859485421747772e-04 1.979605511199731801e-04
2.597884904395290223e-05 1.038486754698607181e-05 3.511583750936355557e-05 3.879777123865518236e-05 1.190046024021631570e-05 -1.311902256518443263e-05 1.468511302218649487e-05 1.257205736883594510e-05 -7.322201979326955187e-06 -4.053991179796486870e-05 -4.160204289548680363e-05 -6.537607559344797009e-05 -7.373400536734070932e-05 -9.086120441276085706e-05 -9.011947006256188191e-05 -8.793274932806706835e-05 -3.141112747709284104e-05 8.467121751721065365e-05 1.490985743487383160e-04 1.080055713010095077e-05
3.171672516452197319e-06 6.360059634041902083e-06 -5.074421484146879400e-06 -2.427374613297356807e-05 -1.790914496440263481e-05 -2.518393248386774944e-05 1.614531870137117682e-05 1.307762966930526803e-05 1.127208607242552724e-06 -1.225219484213984759e-06 1.915120814966854906e-05 1.109756092456763868e-05 -7.477098128667171156e-07 1.878825854220716131e-05 6.295889533739127916e-05 9.447275001461612719e-05 1.308403283857594089e-04 2.008586745228507081e-04 2.450786821813824828e-04 2.685073420090719107e-04
-1.334533743272479274e-05 6.464507005879325234e-07 -3.322685212191690443e-06 8.460656337527696079e-06 2.158251340524736312e-05 3.036223373034669035e-05 1.124195879648935818e-05 -5.373654054524189186e-06 -2.187621423683253031e-05 -1.177525567987113823e-05 -1.853022198048180055e-05 -3.341438277940027399e-05 -6.157137850515328331e-05 -5.413957981955318764e-05 -7.531094713860846416e-05 -6.890392337815653013e-05 -5.954437310190733328e-06 4.987556351016080139e-05 1.263350304006516573e-04 2.697947798763131178e-04
-2.860656918837610919e-05 -3.316733915780911945e-05 -1.235716438972718660e-05 -2.005168616087033863e-05 -2.574376846809540585e-05 -4.901342573817291906e-05 -3.018961112900299574e-05 -2.043518033120311886e-05 -1.774388656185210531e-05 -3.139543381078195431e-05 -2.033677343827814809e-05 5.647550209171734290e-06 1.458338467944550800e-05 1.811451505902239264e-05 1.846412838470852909e-05 -1.408186649804160883e-05 -5.728108189022340543e-05 -5.493964447416991665e-05 1.318694958594884937e-05 1.794625636089821545e-04
-1.990929585850954804e-05 -7.589217828872604013e-06 2.060539739145692649e-05 1.627368745682875224e-05 1.461238029781864893e-05 1.927185367130118232e-05 1.113116777893574106e-05 -9.079985828765536665e-06 -1.908428808744220631e-05 -1.209953073323362560e-05 -2.694241041529714248e-05 -2.332474426510392884e-05 -8.900346374096698151e-06 -2.731680189003082162e-05 -3.495073380977641829e-06 7.502277039789838971e-05 1.324020062974389672e-04 2.454620580043292608e-04 4.597717747996775818e-04 6.248458015840442159e-04
-7.505028488836025221e-05 -8.300852753041469841e-05 -9.155210352060049866e-06 -1.064365984473311620e-05 1.512330125471445641e-06 6.534245603489174643e-05 7.635701780838143873e-05 8.437460179878046140e-05 7.790508867459391995e-05 9.333612001876492100e-05 9.624940921506240903e-05 1.063832726451462748e-04 1.475596573449857233e-04 2.234411658935876353e-04 3.075060227044127651e-04 3.693807362984013088e-04 3.928826082836389504e-04 4.000670885810374061e-04 4.628900134780226613e-04 6.054990119466709857e-04
-4.459565180943556359e-05 -3.201088691794503835e-05 -9.664035600968756345e-06 6.517362410639694815e-06 -1.250102045609176577e-05 -2.080845491037261068e-05 -1.130595415891428459e-05 -2.821086271904349804e-05 -5.542745694863527141e-05 -8.406669490139142512e-05 -1.196624156542378155e-04 -9.965608073735694077e-05 -1.171380690302043388e-04 -1.524294740116034742e-04 -1.391730320756203213e-04 -1.192375441688775311e-04 -4.120138117104398846e-05 4.952255470898036654e-05 1.383809565184786943e-04 1.085798448775974134e-04
-2.262487362342182975e-05 -4.319334649678080977e-05 -3.668916016281457070e-05 -2.270970373246680664e-05 -1.309722795114580317e-05 -1.076099449613925001e-05 -1.899699179589040904e-05 -2.955880418845040740e-05 -1.529961055858305554e-05 -4.172337377479911643e-05 -4.127877148090998541e-05 -3.145758067881970570e-05 -3.806524168280342473e-05 -5.410925534844562813e-05 -6.844178494302082362e-05 -1.104209500562246396e-04 -1.007451890005350289e-04 -6.079660024477350074e-05 -5.381624459722255001e-05 -1.477309815854642742e-04
-1.672910147247897415e-05 1.828853757698711805e-05 1.162267103135207789e-05 9.950329994644094873e-07 -1.321492193889639978e-05 -8.693943688483444027e-06 9.321344381148593896e-07 -4.832524807975720748e-06 -9.216258031497354109e-06 -1.310506020614585057e-05 -2.488793753929696053e-05 -3.412448346432514728e-05 -6.747574224399228906e-05 -9.024912803720847639e-05 -1.286977432505228051e-04 -1.068863540458855785e-04 -3.543074517774846388e-05 -6.192661006835062064e-06 -1.660889338384597051e-05 7.228719908334365128e-06
5.166764461154014945e-05 -6.487440402570777120e-06 -6.785579824431002088e-06 2.745479847014181012e-05 2.975976877015229830e-05 2.498503019549729221e-05 -1.713516346949675963e-05 -1.251024416645645632e-05 -5.111555050329962006e-07 -3.329706931052370684e-06 2.370426648329851713e-05 7.480515312986752785e-07 -5.214992930975691259e-05 -1.191236432911421748e-04 -1.685482922101419609e-04 -1.388154816131389687e-04 3.677055996238713659e-05 2.386687941542850434e-04 4.718564173661792048e-04 4.457853752068557398e-04
2.205916163520931658e-05 5.661057106965704569e-05 1.693981777741746401e-05 2.778493092514565578e-05 5.831942383616314431e-07 -1.402422548635713517e-05 -1.902356198433860610e-05 -2.644887753568432774e-05 -8.223588612789720271e-06 -9.127777755502090607e-06 1.734984738344564514e-05 3.149515119999549931e-05 4.415138154409661473e-05 3.812858263268987445e-05 4.865042220587531292e-05 5.629336870841088045e-05 -9.596998917834163940e-06 -1.779248182899334117e-04 -3.989368669704784981e-04 -6.184473405332598442e-04
2.599705556833912685e-05 2.452734678489712147e-05 3.352150904503602906e-05 1.960676557412364892e-05 -8.557521349871678281e-06 -2.304464809047169501e-05 -2.288299026329145054e-05 1.471861830040117756e-05 1.771376351573639141e-05 2.159384281432559472e-05 4.837972313390355910e-05 2.080685189834037722e-05 5.268274821300925987e-08 -5.735873587859676874e-05 -1.017040208061118390e-04 -1.050912894618849362e-04 -1.093513408698671942e-04 -3.681036033774472447e-05 7.225523820160495751e-05 2.268731200796506443e-04
4.029827601777119956e-05 4.505688061264634468e-05 4.153594494047593155e-05 2.355475278544374735e-05 -1.869861223621407860e-06 1.532113740783275917e-06 -2.513335531508013821e-05 3.561058399256565494e-06 9.365365242111661876e-06 -4.507092062414732546e-06 -8.770697356518643235e-06 7.066640998750689820e-06 3.108145879245713275e-05 2.148964751372292814e-05 -3.325279297756482080e-06 -1.325533732533337580e-05 -1.099521812641852687e-04 -1.647959925562354950e-04 -1.292777478173102622e-04 -1.990639282229354464e-04
7.977081114881190026e-05 9.020529884341521836e-05 4.995516116816376751e-05 2.667658243646905881e-06 3.170292369580324413e-06 -6.177460428764109864e-06 1.584358078914127483e-05 3.362030314603700008e-05 1.941010922818343928e-05 5.560771779767481214e-05 8.545503488417770070e-05 1.000530883645918065e-04 1.247465795713954752e-04 1.579797640195311124e-04 1.796138223359378594e-04 2.013734344790051262e-04 2.126274753280808598e-04 3.103030101678631880e-04 4.499827044474370447e-04 6.510319100841039383e-04
3.181638627816830078e-05 1.018755998881769067e-05 -2.150558212007647312e-07 1.789275135001798542e-06 -1.186945172319786343e-05 2.502321239914740762e-05 -3.504556041732754195e-06 -8.520587373981031905e-06 -2.049252756801574205e-05 -1.843087911956548276e-05 -1.907358616910378687e-05 -1.169389624168480431e-05 -1.254747955355262164e-05 -9.689610204948461444e-06 -3.408571964236071695e-06 -2.140039012857386386e-05 -3.638738269550161329e-05 -9.026920947689566759e-05 -9.820713446409314311e-05 -1.218786887798298712e-04
-3.104885671560114854e-05 2.166986266366621811e-05 1.345647806029694039e-05 -9.977535048452898197e-06 6.360897109857661461e-06 -9.660701702807348319e-07 -1.462858038361805506e-05 -2.191840708852740374e-05 -1.503752391816351565e-05 -3.150028769860960519e-05 -3.994446515491637082e-05 -2.750520168085191170e-05 -3.319089463471956291e-05 -2.430146244181500810e-05 -1.097312734886435532e-05 -1.472838923438887113e-05 1.710417129717613799e-05 6.696499711616833782e-05 1.320724720837604079e-04 1.101520501659663772e-04
1.727741380333297982e-05 -1.037855735098064786e-05 -1.540897098078706847e-05 -4.112421555910540252e-06 6.842188493463924159e-06 2.704255765173222936e-06 2.137859334882766954e-05 1.090617401606016099e-05 1.681862450491605952e-05 2.092871104715947597e-05 2.104931355937794012e-05 1.957590671312236762e-05 9.309265548796339643e-06 -1.102957589304231177e-05 -5.582968032606142695e-05 -1.064725937824019568e-04 -1.634024345397502571e-04 -2.800301697032566155e-04 -3.726337224143991701e-04 -4.669743134448519880e-04
-3.534671957487848663e-05 -4.777760883095167097e-05 -2.480887141119735140e-05 -4.080816296642379574e-05 -2.327943651947747783e-05 -3.668909319769198838e-06 2.263103386216560177e-05 4.274553282140591815e-05 4.076677160128032863e-05 3.587261343404624000e-05 3.176191226795595002e-05 3.385653586616040733e-05 3.399282929568145844e-05 2.460031390880950073e-05 3.050643738699246145e-05 3.010519894160374100e-05 6.975704579520901805e-05 9.409520108195769774e-05 1.463911731524530164e-04 2.180578190152598981e-04
3.309607560432035022e-06 -4.104878759316947870e-05 -3.280486404949081692e-05 -2.820656451134355484e-05 -9.880926384151625372e-06 9.838801025752841556e-06 -9.790369562431000663e-06 -2.844773496369789697e-05 -4.262594434206708134e-05 -4.910046359209117579e-05 -7.571617876333157566e-05 -1.120598854315211043e-04 -1.203577611413095662e-04 -1.409225177278434560e-04 -1.771678136919408592e-04 -2.388939779790704527e-04 -3.501031775033676277e-04 -4.565555103705558034e-04 -5.456137542804557171e-04 -5.760971138605949131e-04
1.982439787407868004e-05 -2.341294192452694423e-05 -1.853780585864058610e-05 -9.073817645400629437e-06 -4.952300362142923937e-07 1.396914297829594702e-05 1.472104816158195638e-05 3.805871744312516458e-06 -1.172551446021030150e-05 -2.232040246105283297e-05 -2.463189469922602053e-05 -4.709701413144067354e-05 -8.718321461884409476e-05 -9.583608837369811157e-05 -1.210470324485773350e-04 -1.387366771288654646e-04 -1.732369862634041498e-04 -2.299282789791554354e-04 -2.611299778667239280e-04 -2.843218332176795623e-04
-2.505680765928815839e-05 -1.901112076566918125e-05 1.623384324961226631e-06 -4.057424905245425603e-06 1.826407053044996995e-05 1.906423546589394730e-05 2.971606704856104739e-05 2.823543277720885175e-05 4.251359904083035207e-05 5.938689452608688735e-05 7.541671751448539198e-05 8.978289721393674697e-05 1.021807127993646725e-04 1.202717467070252061e-04 1.429818523294185562e-04 1.757274998003456482e-04 2.140439206037725458e-04 1.828824720986059645e-04 1.146871076938828183e-04 -5.966754133313316369e-06
1.766954382078319812e-05 6.457948735638751680e-06 1.238062701111052460e-05 1.785933558736833214e-05 2.459122745708719113e-05 2.671523443759636447e-05 2.849793573571502293e-05 1.406037987390678798e-05 -7.037523955831035601e-06 -2.645308269874338890e-06 -1.319573542636023306e-05 9.558367557967134369e-06 1.289261272165035857e-05 5.149902462985724532e-05 6.502776374626222339e-05 1.003005121245398632e-04 1.401782265107902120e-04 1.013581361046299545e-04 4.402503468088208392e-06 -4.702594118970552937e-05
-2.602951911053117654e-05 -2.964727971617705572e-05 2.788743215630946537e-05 -1.555866958773078075e-05 2.630005985535375033e-06 1.509324759951259485e-05 5.749192270545671398e-06 1.494526745315093902e-06 -9.726217905383268208e-06 -2.664112998598409856e-05 -5.763196130046055174e-06 7.886199970659772259e-06 -4.827953817842649399e-06 -2.225283678093650653e-05 -1.643095636816411603e-05 -3.360205908491813875e-05 -8.966832590592328399e-05 -1.036756105836586923e-04 7.699922488640338283e-06 1.518249250218200487e-04
-8.195117413525452717e-06 -1.872980420483812324e-06 1.464263473690777030e-05 -1.465819487107903520e-05 5.391046210563473686e-06 6.651339133883084713e-07 6.389041193671449768e-06 9.181263917643744994e-06 3.015047759235804382e-05 3.634775052627143747e-05 3.002419882951713005e-05 -2.968167990006198954e-06 -1.197712888407181169e-06 -2.010688113305377875e-06 -6.073176124228430319e-06 -2.876734754753835344e-05 -1.107931909710979589e-05 6.497525424091565394e-05 7.864412410981578238e-05 -2.298894787589368874e-06
2.201543319300696661e-05 1.600368176434685671e-05 -4.706164291029879190e-06 -2.174973971565914967e-05 6.253674412386737963e-07 -4.724542572890390967e-06 -1.857586901026045027e-05 -9.910476945191313333e-06 -1.074546239468669261e-05 -1.579451143972763669e-05 -9.317732726630598326e-06 -2.639843569248611119e-05 -6.731713264447283484e-06 1.331622754061611402e-05 2.976043109054239970e-05 2.875320407949192150e-06 -3.366321909956953456e-05 -1.114293937035009595e-04 -2.466357019764804019e-04 -3.861405487508499761e-04
3.263387787437293104e-05 1.976406655777230339e-05 1.398852413851596597e-05 5.578211434058818124e-05 4.958052456825065660e-05 2.539910201943824497e-05 4.376627333660415851e-05 4.100315853786766214e-05 2.241585760224799019e-05 4.409270657669637355e-05 4.788480466225913062e-05 3.773480499012708253e-05 4.079883198784070038e-05 3.404299570149892990e-05 4.924581715556439925e-05 8.252365187260999138e-05 1.152959307074517673e-04 3.373475572405902129e-05 -5.790730131195799568e-05 1.039779019162248347e-04
-3.290707379724405319e-06 -2.783459509521563337e-05 -3.528906866485384612e-05 -2.478877503431117069e-05 -1.773005914066736401e-05 -2.727979960296832482e-05 -4.502262235397951225e-05 -5.659228951297062723e-05 -7.828567579041348379e-05 -1.240552607932645106e-04 -1.647930525983596608e-04 -1.983243859725787616e-04 -2.187351817148775596e-04 -2.632924841467170602e-04 -2.896593459038676144e-04 -3.029387860695117746e-04 -2.725282920098789138e-04 -2.561029813690231228e-04 -1.668121201265891922e-04 -8.024094684023495079e-05
1.989230031439952361e-05 7.086779186259004199e-06 -1.655648396900314713e-05 -3.618714938685179723e-05 -3.697211010381396261e-05 -2.668969262571433535e-05 -7.824352339553961250e-06 -1.356555655797383551e-05 -2.422906005717594916e-05 -1.515597285308920265e-05 -2.151912103858455926e-05 -2.438883929317194291e-05 -3.711957470738262358e-05 -5.809020311123060120e-05 -5.824466968194172986e-05 -8.549215263948537543e-05 -1.228675134115320665e-04 -1.528233595397962205e-04 -1.326614249386922620e-04 -1.569633078209722518e-04
-4.594263212281785670e-05 2.489966053830805785e-06 1.369477949339912001e-05 -5.936135948717459109e-06 -1.885470292804151701e-06 -1.299688337300659220e-05 -1.273450271170115693e-05 -9.417102081831850137e-06 -9.242020840915782362e-06 1.680005185361125035e-05 3.741554738675198066e-05 4.612583597825544780e-05 3.948441645218118127e-05 4.917938424512441808e-05 5.466608581656513208e-05 3.681767252027696552e-05 5.120491696579079375e-05 4.366251526934009070e-05 2.513460103063276793e-05 -4.490632365630408914e-05
2.794633855544335037e-05 -7.845030192472179892e-06 -2.252539727004099638e-05 -1.877281853515934984e-05 6.774940703719772261e-06 -5.414961577767880782e-06 1.411080009782824692e-05 2.245302548805742135e-05 1.902321570796503369e-05 1.718300809967776644e-05 2.932659936331404260e-05 6.090078253228756123e-05 8.204483915493073973e-05 1.327384820720281587e-04 1.607077741215307714e-04 1.782685813273298422e-04 2.103134793656764704e-04 2.715005923433693813e-04 3.039927113085492787e-04 2.901779610816321623e-04
-8.219126383788067061e-06 -1.053778177222387386e-05 -2.498375169801624217e-05 -1.990477236099674443e-06 7.619999062351384927e-06 1.305003991933731145e-05 2.577523142039730269e-06 7.920272889246000834e-06 5.495932949122515862e-06 1.059210767408834583e-05 -1.967832427875773312e-05 -2.135398375477282033e-05 -1.309000047652973659e-05 -1.669286904047791146e-05 -2.198420565829715644e-05 -6.467554538577689098e-05 -1.017392846834147367e-04 -8.662616724061214025e-05 -9.114467973263262746e-05 -2.646114541961171228e-04
-3.761314063133086762e-05 -4.122928241745976713e-05 -1.191415868364253161e-05 -2.076762764045655447e-05 -3.098763270060812987e-06 1.371815175326273015e-05 1.384837728065906956e-05 2.027895245817811436e-05 7.762250324586696522e-06 1.830070717761994432e-05 2.824664304642526515e-05 5.087382047034827009e-05 5.688456674656399206e-05 3.369083729300150420e-05 7.834550105667664486e-06 -3.984084756218937554e-05 -6.085351413158139231e-05 -8.981721748592619769e-05 -1.254691240455218886e-04 -1.445799639356187567e-04
-7.380005838769578419e-06 -1.031123614476293897e-06 4.374078650384731118e-05 4.215358254953084573e-05 2.625298922933526225e-05 8.624213080439815466e-06 -2.571258105479040984e-06 -1.888230842596866900e-06 -5.267450428298588146e-07 -1.092122043049239077e-05 -2.050204844064677564e-05 -5.851770575664199314e-06 2.884524055661374453e-05 6.983342469310101978e-05 9.667442955095179101e-05 6.570381445104687837e-05 -2.759438960566801328e-05 -9.685619844593650464e-05 -8.062254042427564426e-05 -1.266451445864962702e-05
4.843420664374684676e-06 1.227713057855555315e-05 1.818089730975630910e-05 2.725659055517494681e-05 -9.185450671453527352e-07 -2.188679116018151285e-07 1.561989603947964498e-05 1.035120833138979094e-05 -5.037725809603430914e-07 -4.930097565470258276e-06 1.225651096113119369e-06 -5.606793338617770371e-06 -2.378759100200554476e-05 -3.474793090269856532e-05 -4.791601205740621413e-05 -4.521347474516865548e-05 -1.152898154052810092e-05 -3.125116349411833201e-05 -9.738538971385892493e-05 -1.767660586884941360e-04
3.480415949972085908e-05 2.563292655692540512e-07 7.464395611984323770e-06 -1.269077196948997952e-07 -1.050907192909961957e-05 -1.033168533042397181e-05 7.542736210303436496e-06 1.677245932067933880e-05 2.577488078928719245e-05 2.090120154716190663e-05 1.229659852887936747e-05 2.803720343097979413e-05 3.719639758975334242e-06 1.188323906474394420e-05 1.819976453823886299e-05 1.375863122844527089e-05 -1.543209628228289109e-05 -9.470341915158596215e-05 -3.387739722689887389e-04 -5.814029430017484800e-04
1.564240910191012443e-05 2.869102879717244786e-05 1.954224598879059622e-05 2.185783613839405474e-05 3.544022252118078880e-05 3.578396384068336506e-05 1.363189869960257027e-05 1.274344272794280265e-06 1.828972677178687689e-05 -2.105180142790088981e-06 -1.445831419196515555e-05 3.005822485375265050e-06 -6.115414126307095743e-06 -3.318666980208077367e-05 -1.019065111925680761e-04 -1.597515512382011583e-04 -9.654637290602845103e-05 6.942910030731315766e-05 1.731596155875012347e-04 3.212347548961209769e-04
-5.753887251236978497e-05 -4.567605376959516088e-07 1.121123150079603970e-05 6.252695034110386033e-07 -3.911165267155298653e-06 -7.248229621114739185e-06 4.176035794043691283e-07 -1.149486887596114661e-05 4.435354184121890323e-06 2.991458803040374656e-05 5.932755249668662161e-05 7.110648823278992408e-05 1.120709126006862394e-04 9.262763289882984020e-05 7.143656768262913374e-05 7.245746715380575211e-05 1.174773709612513548e-04 1.126409941634005208e-04 4.488386736736126097e-05 7.198796009904365721e-05
1.049030978288180055e-05 7.968484480157722247e-06 8.387762449615609171e-06 2.871263333320887395e-05 -5.711626322408148607e-07 -2.233022879788200551e-05 -2.514881264384508298e-05 -2.252452387864152040e-05 -1.118145479372252527e-05 -7.217654433322420267e-06 -1.937145314108265189e-05 -6.239607047261309864e-06 -1.576664350638544405e-05 -3.529863759084247472e-05 -3.195131578387064351e-05 -7.828801612706392436e-05 -1.289078289241738125e-04 -1.463788507828197509e-04 -2.575837068510364466e-04 -4.661737225367033302e-04
-2.961733249915098575e-05 -3.164695480704678126e-06 5.628575744668955162e-06 1.652624966538230187e-05 -4.624884531484625425e-07 5.813010299079778920e-06 2.724172099952497836e-05 3.256955080778115307e-05 2.615237489766851186e-05 2.811242871895814564e-05 2.014013268626445202e-05 6.748598215521786744e-06 1.454188400684981149e-05 4.706209971340294428e-05 1.155879931333233038e-04 1.197503698000368757e-04 1.177380697815983091e-04 1.215430814920776377e-04 9.850994697567151844e-05 6.874188793416901992e-05
-1.446479530916683988e-05 -7.166241329030402119e-06 -5.936547834415369203e-06 -1.511738795611036016e-05 -2.744420968789735587e-06 1.902940942872877463e-05 1.769090571215897016e-05 1.399928264927010611e-05 -1.152765035834450132e-05 -4.035185098930406264e-06 -1.402648394969840788e-05 3.474976179834951149e-06 2.622408644269113478e-05 8.750543368399385112e-05 1.193772575953773397e-04 1.265167301648017692e-04 9.966798697178139513e-05 2.357765772366125540e-05 2.202848323423671865e-06 9.353837871482163985e-05
5.848133561037608313e-06 1.761957880162823704e-05 2.336724548904943265e-05 -7.618294431803084001e-06 -1.471044013344094207e-05 -6.807218183558891203e-06 7.489750821312169826e-06 2.771900791019619672e-05 9.859326093176322916e-06 1.355633336566764315e-05 -5.394169277199119021e-06 -1.889379066660576585e-05 -4.703687622369496178e-05 -7.842739026306975796e-05 -7.974447169323194639e-05 -8.105609135605854618e-05 -7.530681469569565801e-05 -6.076224200263813559e-05 3.768859541073527156e-05 1.461654647791296193e-04
-2.010874145114987144e-05 -4.036922542456098187e-05 -2.733541677631441516e-06 5.211831414932606612e-06 -1.287629522620394871e-05 1.445488869167063731e-08 3.548000180742581898e-06 -2.846604874951785602e-06 -1.716207239052717931e-05 -6.337002348070100765e-07 2.840002139557300570e-05 4.167639323951066873e-05 2.775141401043285561e-05 3.302496094216331277e-05 7.391155213777845301e-06 -2.802465530219098075e-05 -9.428064929965130237e-05 -1.644731636263721043e-04 -2.063358215974732239e-04 -2.077310830737140934e-04
1.803858310587520906e-05 2.510569448798548646e-06 4.405151044642616426e-05 2.126982387110822278e-05 -1.592350857287140744e-05 -1.647880120898865879e-06 1.663321811325706794e-05 5.553960833913813245e-06 -1.863626836440869403e-05 -1.421958526719226992e-05 -3.129630163783002919e-05 -3.900111240117620445e-05 -4.438065968941223307e-05 -8.043227699372470162e-05 -1.369535128566544576e-04 -2.165026338063586690e-04 -2.394260239463372306e-04 -2.264784279797171860e-04 -1.840165355118281404e-04 -1.219097362760983321e-04
-1.897845227290950263e-05 2.148792909294489553e-05 6.248970619764077135e-06 1.987927388421490592e-05 1.502434246577925980e-05 6.939080814916531415e-06 -1.185718657910078705e-05 -9.379557038774811276e-07 6.576387971847322560e-07 -8.501830247194287963e-06 -7.977969153503909126e-06 3.517713267606224297e-07 -1.229331348098634137e-05 -5.000679772512497257e-05 -8.448762898214657831e-05 -5.812128376635449103e-05 3.637942127184822129e-06 1.216392296010656909e-04 2.416428874689076356e-04 2.961205259849274108e-04
2.025393666880129210e-05 2.116458802526354144e-05 1.828528320394207028e-05 1.407819484338514607e-05 2.726578296572627468e-05 1.439511280815665230e-05 1.164735051721694677e-05 2.144080462461611273e-05 -1.638358861726235261e-06 4.759469307651825379e-06 3.216118180151747701e-05 2.527698180072120073e-05 4.880167804104182659e-05 7.860244360977520616e-05 9.122726593200940410e-05 8.259705743259972773e-05 5.872731847031124099e-05 2.866285841679144680e-05 -6.347605434405409139e-05 -2.029901956495330935e-04
4.280852585459414295e-05 3.108411831209855120e-05 4.105496400836090024e-05 4.591979549423139194e-05 4.701638626029119286e-05 2.459607878674564119e-05 2.580164518443523095e-06 1.269240781354137273e-05 7.070472098294214892e-06 8.111963568362551687e-06 2.491170421437279540e-05 3.531972076809217491e-05 5.907319637398110381e-05 8.021397834510544912e-05 1.066873461664616016e-04 1.233695280925065096e-04 1.360199619413066932e-04 1.534586873534212305e-04 1.338319371541944432e-04 1.145674730193775896e-04
1.219880840479613515e-05 -5.597764586565521625e-06 1.252459251546757867e-05 2.076290697107566785e-05 1.418000367272865708e-05 2.226964072134307376e-06 -1.487581116082003100e-05 -2.421426038397948301e-05 -3.376475695673168822e-05 -1.998655601983208622e-05 -1.627274885602968623e-05 -1.631573511338429050e-05 -1.382304257392227721e-05 -1.000858585442168171e-06 1.450937163264004939e-05 1.888979102804678081e-05 4.448445782435802410e-05 6.143955323560200269e-05 7.445829771717897810e-05 7.136547180283577809e-05
-4.986170503820571011e-05 -2.024078741855815503e-05 -2.956565249158342383e-05 -3.751303204159215596e-05 -3.462367489190022225e-05 -2.629690976866998572e-05 -3.806854380912953826e-05 -4.092078140079382986e-05 -4.980259608436256275e-05 -5.850781523754296681e-05 -8.380366104582655457e-05 -1.087982475835336146e-04 -1.089710240211595434e-04 -8.063897474147897477e-05 -1.015715761459379181e-04 -1.882698812450093074e-04 -3.158122012081364741e-04 -3.685910487362040189e-04 -4.083555440521292510e-04 -3.957418109044104782e-04
-1.603298070101006343e-05 -2.803110821719491293e-05 -3.363312334539557814e-05 -4.334955482521443221e-05 -5.736267041707595709e-05 -3.614575900794257706e-05 -3.001538558296330030e-05 -3.844454286221749939e-05 1.051605034416755272e-05 -3.054268731610240879e-05 -5.957835118219980879e-06 -1.101266910587287940e-06 6.004621749055126687e-06 2.748417087728809489e-05 9.079222875702153877e-05 1.530853737164361496e-04 2.010705965241987685e-04 2.174562982523277148e-04 2.844835499866315209e-04 4.324252870535322648e-04
-3.059049260217225121e-07 2.703202576424835809e-05 1.171364478824933115e-05 1.789005242092273548e-05 1.731397595409217452e-05 4.078971959727805801e-05 3.879885727941730539e-05 2.419767040148082513e-05 4.168350900187088527e-05 5.089781424642289494e-05 8.184219411159444351e-06 1.170437564671650525e-05 2.506340381311782545e-05 2.746478588980998540e-05 3.282070546262647444e-05 -5.711400006712456655e-06 -6.267010866858006976e-05 -1.020140247401721262e-04 -1.017453084580764461e-04 -8.702078928997813328e-05
2.341100834983097202e-05 8.515137046082343387e-06 2.295308866955770086e-05 -5.327483486545436540e-06 -1.845796061894867119e-05 -4.196571322811247210e-06 7.427192550945069482e-06 -2.521111213981593244e-06 -2.313025445330748494e-05 -2.960203501121534090e-05 -1.972633169520129803e-05 -3.811074132371484340e-05 -5.660374927515120127e-05 -5.844405682156274582e-05 -7.467478291982018528e-05 -3.391354187222941810e-05 2.979682078023573636e-05 6.038568267590849127e-05 1.183683160468112183e-05 -3.628437837249662404e-05
-6.048333910686687650e-06 2.664549663567406275e-05 4.754923234369499865e-05 3.923990586703151424e-05 -6.697079871746835879e-06 -8.915440553352911460e-06 -3.726931137996389873e-06 1.683568732390692356e-05 4.262295932270686387e-05 3.343369595629173160e-05 2.326618415312387742e-06 -3.352639205203275573e-05 -5.481873014307858915e-05 -1.101529112974971653e-04 -1.712730666480523367e-04 -2.152458406977136233e-04 -2.865742278243122560e-04 -2.765700704104655607e-04 -1.985712773987330327e-04 -1.134884627896498046e-04
1.448064526985860818e-05 4.397620781143544576e-05 6.180958562776965723e-05 4.497676686189972368e-05 3.034801360764885321e-05 -3.848369821794556373e-07 1.389726568683093694e-05 1.827485855575913871e-05 1.741362007938544924e-05 3.779241109699975093e-05 3.345803974291013865e-05 4.253173169345563111e-05 5.533038519624921295e-05 4.751865389102548820e-05 1.759126880105833457e-05 3.219446683146748203e-05 8.309074924451539414e-05 1.601287937793498630e-04 1.786122462768561711e-04 1.765606410319147280e-04
-3.118453881552687487e-06 2.182984210478316331e-05 1.454034422749399720e-05 6.753014688576775541e-06 -1.951499752298600272e-05 -2.076037000885254962e-06 -6.247996332638556089e-06 -1.920240297736386021e-05 -1.609456577306301784e-05 -2.918997431673552831e-05 -3.284599147871579373e-05 -3.660785550423198046e-05 -4.731612885322962595e-05 -6.248472562602391464e-05 -7.724420100868710645e-05 -5.471123138125854576e-05 4.875220213993717753e-06 6.507010093382157505e-05 7.521964580188721301e-05 6.808771057401858469e-05
4.644380890434802215e-06 5.841782496726102126e-05 4.228771590006991229e-07 -5.086364789193730857e-05 -3.656341180932778354e-05 -9.955489814844798810e-06 -5.503750370119666166e-06 -2.205079307254121607e-05 -1.484644606519109781e-05 -5.704452922475509350e-06 -3.391740246825247844e-05 -2.755579354178639540e-05 -2.206775252396622712e-05 2.386673678952706208e-05 6.124315944599987010e-05 6.166614495943154549e-05 3.080281561632634314e-05 -9.390658399186360748e-05 -2.494244058238273315e-04 -3.272132041459852449e-04
-8.028616313493825795e-07 2.641896707393930544e-06 -6.679292924642019530e-06 -2.138134283767486590e-05 -7.715568572350935283e-06 -6.739370717864335060e-06 -7.526554121604939901e-06 2.293509450210604490e-06 -1.363232755189235684e-06 2.462759006709834558e-05 3.253211752894532248e-05 1.554716710037848192e-05 4.369193052741441208e-05 5.875757546295891479e-05 5.625576374996830081e-05 4.791322644074338065e-05 7.927261640309224704e-05 1.587804193062510646e-04 3.041258064805122882e-04 4.203725520636023179e-04
-2.662494571437445490e-05 -2.327309149643681961e-05 2.031745609996418773e-06 -1.854670928218711998e-05 -1.700368215557342447e-06 -1.042607500742614109e-05 -8.650191901135949579e-06 -2.946850583968868830e-05 -1.838786545360024619e-05 -4.146823018272873641e-05 -5.532039957244330773e-05 -7.636151916467504572e-05 -1.318636196082187309e-04 -1.608550876521699501e-04 -1.755323182995306393e-04 -1.316361851257766041e-04 -6.908785768155030439e-05 -8.252385386496550470e-05 -1.700062267285068712e-04 -2.331792027434462700e-04
1.196109162280758082e-07 5.440543652131651999e-06 1.391307444438004492e-05 8.833277504943979589e-06 -1.188382765138069142e-05 -1.465102813268467619e-05 -3.430239704800230297e-05 -2.502774269983289775e-05 -3.159965713612421608e-05 -1.190843726563514020e-05 -1.292687146697693169e-05 -1.294700752116268660e-05 -1.017917524372449859e-05 -3.098886058438195685e-05 -9.957109087742067313e-05 -1.694769252593745178e-04 -2.637385798190508600e-04 -4.385192995925420254e-04 -6.562314874951295091e-04 -7.882800574727082685e-04
4.621826383657209349e-05 5.982111284739799141e-06 -2.404032688010659415e-05 -1.828004601537520007e-05 -4.610019743325847194e-05 -3.323665762493967061e-05 -2.617087609480521103e-05 -2.642078035113724552e-05 -5.703214082918710495e-06 4.856662267464641662e-06 4.055309130301037027e-06 6.708997363016403129e-06 3.420937455893594773e-05 5.119139690693106666e-05 7.567727714672322845e-05 7.819243960881701327e-05 1.151524475437589541e-04 1.483345401813755888e-04 1.517402795200271405e-04 1.212771125834416312e-04
-2.117431395438241026e-05 -2.377216109773065382e-05 -1.052834513860332516e-05 -1.326015817348320890e-05 -7.580106790096772589e-06 7.516834542482997578e-06 -1.261765680565558341e-05 -2.684830027884283128e-05 -3.341606702966822668e-05 -2.949203314298917865e-05 -2.153689871031681169e-06 1.545027486950651925e-05 1.146576058629050048e-05 -3.255392905979947522e-05 -8.793161077953944862e-05 -1.020780459270268241e-04 -1.007622909518529104e-04 -7.025196057950674035e-05 -8.006665366981679036e-05 -1.026832043248752897e-04
-3.392943363666405898e-05 -4.115789503296018726e-06 -2.475585589067069370e-05 -1.646371696006339885e-05 1.872628168226090056e-05 3.412828790316901495e-06 -6.244490658020813385e-07 6.435251801377754670e-06 3.736014260712839161e-05 4.366779748193670940e-05 7.200459903156740241e-05 7.281131400945437535e-05 7.680885909146869964e-05 4.340016440471072926e-05 3.525240827879026604e-05 6.829387677890035578e-05 1.072000401630220816e-04 9.716878385153675420e-05 8.665994603606855617e-06 7.858971552157356644e-05
-1.303486092340214767e-05 -2.824435786154621902e-05 4.327209737632483298e-05 3.561873641526770441e-05 1.324685631577430436e-05 -1.671062794707718375e-05 -2.110236463452488091e-05 -3.286387776514829287e-05 8.134404481785652754e-06 -6.369824476526424031e-06 -3.538735613030879019e-06 2.860022680644571915e-05 4.860274180016349062e-05 6.143161782183855836e-05 6.874542994490437896e-05 7.348197383801079782e-05 3.649451736717754165e-05 9.265920743236538747e-05 2.153961701093387744e-04 2.600406074628689172e-04
-2.097392264063012646e-05 -5.669483392106059274e-05 -4.493341759605459025e-05 -1.612953898473839617e-05 6.397255369073551180e-06 1.523813876668418585e-05 6.191678787416580723e-06 8.165460403204590262e-06 9.350822792166741394e-07 2.476503772824250777e-05 -4.906943456915417796e-06 -1.280017142694055065e-05 -9.942033854028410378e-06 -1.682064605684168619e-06 1.068138809693814822e-05 2.244403711839106064e-05 3.444789796849566035e-05 6.684237181421705070e-05 2.526242070528203379e-06 -1.158201495831024546e-04
-6.262432940835309606e-07 1.899081273274163363e-05 2.454058567745563232e-05 2.679654634636557793e-05 9.166649498756592932e-06 -1.055368508264501914e-05 4.629102926290737381e-06 -7.178264443455067849e-06 -1.314642769018528030e-05 -3.810750286274640396e-05 -4.060067034076889363e-05 -3.853398665719652864e-05 -4.405069087517844354e-05 -5.320603230007773138e-05 -8.978546921863608137e-05 -1.110843771785366088e-04 -1.610762332233278444e-04 -2.174219513671001209e-04 -2.600332585753723316e-04 -3.989780545098450164e-04
-7.012880420596616904e-06 3.555426136646475859e-05 2.278993017744111591e-05 1.512458829951473939e-05 1.412203337799539321e-05 9.080366562861174966e-06 -2.933014133121547151e-06 -3.091295930615031688e-06 -1.037715595644917674e-05 -4.528114523881850404e-06 7.287621877984630866e-06 2.302458953493394372e-05 1.428798077240603748e-05 6.134514245630291819e-06 -3.296636934480362481e-05 -6.487107224284985481e-05 -9.018659858619429025e-05 -1.854988719803069756e-04 -2.793337763242418606e-04 -3.195088548060080725e-04
4.633726901356932335e-06 1.629702178063376764e-05 8.769257084546483436e-06 9.195032049336262502e-06 8.610599638912555122e-06 -3.734585546759750942e-06 -2.089538239183268850e-05 -2.512055549546216628e-05 -3.312317912969199704e-05 -3.013720954101745464e-05 -3.128051412844659493e-05 -5.251337918928892633e-05 -6.579944402564274944e-05 -6.548775263115895235e-05 -7.814553858193431807e-05 -6.267039148167594207e-05 -5.137434808915689066e-05 -4.656210089242868801e-05 -1.432096229604749979e-04 -2.942908122968020362e-04
-1.224649129269493266e-05 2.796235805384807006e-05 2.754636970724812955e-05 4.442359337685993568e-06 7.703854442788965199e-06 -2.244913082391728716e-06 1.429183437238160684e-05 -6.127078901987893442e-06 1.622505955639003001e-05 -3.818862962428356085e-07 -1.233224098656345784e-05 3.508685004154554068e-06 2.140278945988673113e-05 3.090243693757106834e-05 6.876745657960813354e-05 6.540503802433249054e-05 8.343297425858251068e-05 8.211736774075315915e-05 9.748044284870258222e-05 1.903273694099400924e-04
1.057312282541667556e-05 2.500382022170833022e-05 5.230997917890481863e-05 2.153903222380705939e-05 3.590959859881480784e-05 2.957988284736092036e-05 5.911172628089924897e-06 -5.680229105757378181e-06 7.428868151421451955e-07 -4.499633872746561422e-06 -1.683802857000082380e-05 -4.350195965387957982e-06 -1.840710416580523874e-05 -8.323142434892827324e-06 -1.108199793757439462e-05 -6.064947984174329953e-05 -8.036899743569454507e-05 -2.074622595739019645e-05 3.869387239083754514e-05 2.192388339065941722e-05
3.879873027984171388e-06 3.238998153022149787e-05 1.484871441403372356e-05 2.184123188665552392e-05 1.009510936617675165e-06 5.251469791005664357e-07 5.651109182760945225e-06 -1.204166614660989640e-06 -2.359707392881169564e-05 -1.864960949045394321e-05 -2.417970966524213595e-05 -2.673556295020605765e-05 -2.309746313121505544e-05 -1.023291817877720226e-05 1.729406520484045079e-06 3.257860931918202962e-05 7.117352838266522189e-05 1.003299505183039258e-04 2.729797447510048068e-04 4.104791631088724893e-04
