# gt_boosted (sum of gt_boosted from all patches except for one, different each time)
2.682899621145078605e-04 3.009582762510696415e-04 2.963004738381288280e-04 2.627832592409361668e-04 2.223147471045468064e-04 1.912465009908453581e-04 1.657419723424238735e-04 1.452526278055062418e-04 1.253453917920177606e-04 1.123424855523631847e-04 9.795440675654973849e-05 8.634698668243333773e-05 7.990106968451523098e-05 6.917497323382824307e-05 5.637717702948178469e-05 4.796239254529366679e-05 3.972239564044160196e-05 3.237198625351584585e-05 2.190818392941205631e-05 1.701989061951576624e-05
2.680488286249924123e-04 3.009189007356605455e-04 2.963206760992896541e-04 2.623611003966777513e-04 2.224467312477704294e-04 1.908390685646533245e-04 1.652681413875010084e-04 1.452073244043157550e-04 1.254456656500281693e-04 1.121175534055730599e-04 9.773835146657821769e-05 8.584015538339554048e-05 7.954695433051470568e-05 6.886746013949596699e-05 5.595049138632993265e-05 4.784049152689867358e-05 4.015240997957399632e-05 3.294150511590015172e-05 2.169052465038432548e-05 1.683988192367363268e-05
2.678149925100960899e-04 3.012691860733447799e-04 2.961804496978571858e-04 2.623084589379546389e-04 2.220134418606934507e-04 1.906797445384815623e-04 1.653739659289372218e-04 1.454488112484588792e-04 1.253519154988493912e-04 1.122153720649393866e-04 9.769577199438712336e-05 8.589258101717882387e-05 7.971923091453635309e-05 6.905054927877519869e-05 5.659522698879241616e-05 4.852266730916115600e-05 4.020365324573632729e-05 3.310394511715935743e-05 2.223091058065259981e-05 1.722339705690699064e-05
2.679777484093692807e-04 3.005888647693900104e-04 2.962968491923124808e-04 2.625188388173015845e-04 2.222098778925222541e-04 1.906624176060504330e-04 1.652470891098099836e-04 1.449874323880363856e-04 1.251917409606773644e-04 1.119286724910339726e-04 9.763249249542159066e-05 8.586358555125979733e-05 7.980419294825382033e-05 6.925958869877067584e-05 5.651514313761978888e-05 4.821897347870607059e-05 3.986782651399374376e-05 3.267311051058464840e-05 2.175289403817617131e-05 1.658815925961536729e-05
2.677957153780535955e-04 3.008483615190811543e-04 2.966241925052289863e-04 2.629518626538160939e-04 2.227984837541774398e-04 1.911731981430382123e-04 1.660158426506282722e-04 1.455937480146236439e-04 1.255858983405046844e-04 1.121537549350944813e-04 9.775108858747569979e-05 8.609831595653528265e-05 7.968701508174111099e-05 6.906995675955405502e-05 5.635264051877470951e-05 4.815982859176271182e-05 3.994401945544907471e-05 3.261900298443728963e-05 2.168278100066743809e-05 1.694052269034695802e-05
2.682117624710141936e-04 3.010522613850702758e-04 2.965097626510433139e-04 2.626630548463107094e-04 2.225947377596555624e-04 1.909922702676937673e-04 1.658991698339129430e-04 1.455761813604835599e-04 1.256113051166128300e-04 1.120948291136958320e-04 9.777910698502308140e-05 8.603820926082139068e-05 7.966638515183958598e-05 6.924797198482682281e-05 5.667268850701603715e-05 4.834483569619363249e-05 3.994192857902923024e-05 3.259012134068378918e-05 2.172299375144651182e-05 1.663017960062352228e-05
2.682509075148003836e-04 3.011639018215153218e-04 2.969226407496644549e-04 2.631322263173415093e-04 2.228139077541234521e-04 1.912484665896668691e-04 1.657363655992453359e-04 1.452282336209940094e-04 1.251421632127510558e-04 1.115734010738473757e-04 9.735424145087765975e-05 8.572906167555366700e-05 7.951152503103372290e-05 6.903545160859508954e-05 5.620690600687675074e-05 4.752911970506937554e-05 3.911772241523044503e-05 3.191264028089700920e-05 2.101099592736389407e-05 1.610370161939548108e-05
2.675454016875679201e-04 3.007055952357192362e-04 2.959160211220686842e-04 2.623296992257234390e-04 2.221210616876800122e-04 1.908926999407580644e-04 1.653639929208289673e-04 1.451761037229950711e-04 1.252793102747312053e-04 1.121465550435899128e-04 9.796069792066574894e-05 8.620717615517240872e-05 7.983041821020591322e-05 6.899808039230208767e-05 5.640368185222228249e-05 4.835903080755004231e-05 4.005087364344959397e-05 3.269709726065498317e-05 2.189806471047912474e-05 1.711132316038429897e-05
2.683591573110163421e-04 3.009483529102965731e-04 2.967158296185024437e-04 2.629383218423276864e-04 2.228290262554233358e-04 1.914231978116093507e-04 1.657948381981447412e-04 1.452863331470041286e-04 1.252894110089640314e-04 1.119358114497816947e-04 9.782287732810891040e-05 8.601697501445166097e-05 7.958844877334313726e-05 6.908575394699483570e-05 5.631219684236854185e-05 4.802492092026848275e-05 3.985920388413381131e-05 3.254159874185675927e-05 2.158505636457478207e-05 1.657190151884282774e-05
2.682070972117400298e-04 3.010825580794466842e-04 2.962120226531238048e-04 2.623702599652286485e-04 2.221571904017554050e-04 1.907005486829933816e-04 1.654011624381740745e-04 1.449298666407937907e-04 1.249956808900001490e-04 1.118709942933563735e-04 9.772162838321180631e-05 8.597561588201859111e-05 7.962519852884640884e-05 6.937521330900769717e-05 5.674763230576654029e-05 4.830869162915965689e-05 3.994350439220812905e-05 3.269403377094869996e-05 2.180674455675968542e-05 1.677019665052556900e-05
2.684102009038513486e-04 3.010480322490214277e-04 2.963122811499483930e-04 2.625555221047048298e-04 2.222377706645582316e-04 1.909314461442313730e-04 1.652764248447844146e-04 1.446865157592519199e-04 1.250758531287626124e-04 1.120340098254814844e-04 9.782367310145932357e-05 8.598289230944828590e-05 7.972664881702979474e-05 6.932621493697440761e-05 5.664208891312613346e-05 4.816943917267844054e-05 3.972962410674672296e-05 3.245620029528860373e-05 2.161727014836387713e-05 1.685460056571335229e-05
2.679278478601073701e-04 3.006708190692441844e-04 2.956755133734931479e-04 2.621932001968528309e-04 2.218239222330965917e-04 1.907169909984268827e-04 1.653284880249703025e-04 1.448334890474808163e-04 1.250098329184471941e-04 1.119950385526708629e-04 9.774948383103421266e-05 8.601849317020808321e-05 7.963078765863003232e-05 6.901264394291652278e-05 5.601892733908006252e-05 4.768105858852145131e-05 3.915391178668970487e-05 3.187233450799580888e-05 2.102872474803361993e-05 1.640933341840730898e-05
2.684128607603802267e-04 3.013333676772920783e-04 2.965290197445472173e-04 2.628080902739619255e-04 2.223906133219853384e-04 1.909063630949584965e-04 1.657260697227503515e-04 1.456183630106928494e-04 1.254540905676553670e-04 1.122341922801263064e-04 9.792801180165831214e-05 8.620673845396024698e-05 7.985175038791245670e-05 6.890769346939602520e-05 5.614043582128566418e-05 4.787535940082258420e-05 3.966408179366640209e-05 3.248289392349615757e-05 2.165639599569310235e-05 1.670652567687086381e-05
2.681018498088914696e-04 3.013905625892917346e-04 2.966169726839456840e-04 2.630668319980671802e-04 2.226717666699851703e-04 1.911924639223111250e-04 1.657473188914282891e-04 1.452719073907828853e-04 1.252789287282099397e-04 1.120080024736981963e-04 9.749098139460503029e-05 8.566426010545147144e-05 7.926179699632998827e-05 6.870748505308471154e-05 5.587486183970170357e-05 4.781334276703728546e-05 3.944134319617967013e-05 3.193951010715747620e-05 2.093727029014767497e-05 1.613059087760196009e-05
2.685064598191760151e-04 3.011431084670379500e-04 2.966635170013275070e-04 2.626729460656287594e-04 2.225918326870888336e-04 1.908513522431143621e-04 1.653930940219419318e-04 1.453648441159919886e-04 1.255689201482916009e-04 1.118983215230065747e-04 9.758796840667647665e-05 8.597103037854997060e-05 7.943842031811888631e-05 6.889094825686285577e-05 5.635346698272554044e-05 4.832941142914065234e-05 3.989621218869289146e-05 3.244163890912957145e-05 2.145544082244578039e-05 1.641457669334819532e-05
2.682632474624505178e-04 3.009560095267025705e-04 2.965930623524383144e-04 2.626531045756952789e-04 2.224669762906472507e-04 1.911968025185260833e-04 1.658013760924151119e-04 1.454492193604507797e-04 1.255462844243675560e-04 1.124846981191243879e-04 9.799886311391793538e-05 8.585999247507763174e-05 7.981646208970175809e-05 6.928253098279921142e-05 5.649669644459041592e-05 4.807908260581233897e-05 3.978237460028247429e-05 3.272703311396107700e-05 2.227280147280718159e-05 1.742300577759124422e-05
2.681784844378210138e-04 3.008472551161584787e-04 2.962700937179059478e-04 2.624398895685683833e-04 2.223692169016889229e-04 1.908476010970727081e-04 1.655985555222464314e-04 1.455326209811230243e-04 1.257230955099163843e-04 1.125485879084988684e-04 9.802719324684460789e-05 8.638382349380163531e-05 7.969927752316109226e-05 6.876356151557479267e-05 5.596983393957538720e-05 4.823150529343315932e-05 4.045808200286743917e-05 3.312847336460035075e-05 2.208911047282564183e-05 1.659386926604302563e-05
2.682066267619047460e-04 3.009683241286045265e-04 2.967905545092531941e-04 2.628009991823389096e-04 2.224774808083976037e-04 1.911214887072842103e-04 1.657143796474166324e-04 1.453979641688204572e-04 1.252762408607102130e-04 1.119204495968646875e-04 9.763810251159424087e-05 8.571061865503848431e-05 7.930928518713338516e-05 6.859562784878654078e-05 5.569099370637296207e-05 4.721203764010555194e-05 3.911375565237115064e-05 3.195748472173718735e-05 2.125517154072307889e-05 1.655716519590971054e-05
2.675434080600104471e-04 2.998987967688279926e-04 2.955113777193001025e-04 2.616418942548114882e-04 2.217642476820610585e-04 1.905696993664585961e-04 1.652588766991776325e-04 1.450803691586792792e-04 1.254164282718072255e-04 1.120197186186018529e-04 9.746341206918056094e-05 8.560250276465816428e-05 7.947907855939153850e-05 6.892284131565138382e-05 5.623586545093677225e-05 4.815543936225054306e-05 3.995078442627663550e-05 3.286217799024624455e-05 2.227950584997706715e-05 1.702611479129315927e-05
2.681025864776657368e-04 3.010510418970824709e-04 2.962169534547797259e-04 2.626459596322712605e-04 2.225261344858917056e-04 1.909374780482651088e-04 1.653681268074696012e-04 1.448793300136693796e-04 1.253540350820629798e-04 1.121916633314869443e-04 9.797703047786076854e-05 8.613882748333788063e-05 8.010987085147905178e-05 6.928616647810800571e-05 5.639465644084679850e-05 4.803603925830954692e-05 3.968301862728146578e-05 3.263446747533640138e-05 2.197312484937240522e-05 1.667090286955548426e-05
2.678164833543875329e-04 3.003921013887171578e-04 2.958153548945927167e-04 2.619198794981829922e-04 2.217134314304780227e-04 1.903186032934891972e-04 1.648748484799715790e-04 1.446225763487510177e-04 1.248417581857654110e-04 1.115912795052633583e-04 9.753211852017963310e-05 8.570744428587249390e-05 7.912023049111507357e-05 6.853397719596840615e-05 5.609856311027365137e-05 4.778260547970225532e-05 3.971288686092716639e-05 3.253673133401408792e-05 2.171566179400203329e-05 1.676917347415991094e-05
2.677781131004457128e-04 3.011992491998226025e-04 2.965299514462837040e-04 2.627875780220358375e-04 2.227163254572407203e-04 1.910649567153522438e-04 1.654754562480392104e-04 1.450403528787345953e-04 1.252870538854441974e-04 1.122546845210259348e-04 9.810534836502618082e-05 8.637351975027653052e-05 8.019509551256995370e-05 6.987439586326434418e-05 5.683180423010689950e-05 4.824222758100239999e-05 3.989017068551408205e-05 3.257147358313045173e-05 2.162162637455146161e-05 1.670743961329840201e-05
2.680596013146498906e-04 3.009993816697659240e-04 2.966421465571451193e-04 2.627241598726101461e-04 2.226464660169246302e-04 1.912028360096327943e-04 1.658835795862003196e-04 1.454899507349685379e-04 1.255751309680347330e-04 1.121916338201832923e-04 9.798393277146958834e-05 8.613893155415713084e-05 8.010236250171808242e-05 6.940975229979915589e-05 5.671655568466752107e-05 4.852544762795158530e-05 4.028132247930048829e-05 3.297010078619872723e-05 2.194542061592369696e-05 1.701280586937693219e-05
2.678305487417631178e-04 3.010160086892356163e-04 2.961899000317298422e-04 2.627236208920685247e-04 2.222555205653524131e-04 1.908060131070911120e-04 1.654492759215388665e-04 1.452161338505296591e-04 1.256160944770368690e-04 1.123240603661054967e-04 9.791381603168463081e-05 8.602703525135388688e-05 7.991322678450173296e-05 6.923333142170280479e-05 5.654297459738866086e-05 4.823312534989782383e-05 3.994311326597965777e-05 3.280361548151507586e-05 2.189063955103530868e-05 1.706797439221038537e-05
2.682625424108221095e-04 3.011439082062147420e-04 2.967464398184306660e-04 2.631020808305361961e-04 2.228333732692306280e-04 1.909541748140878897e-04 1.655697678910091747e-04 1.453229963203635884e-04 1.255550600319971005e-04 1.122906233947001974e-04 9.786675941036235423e-05 8.607680356324648159e-05 7.978589670627990384e-05 6.917010818598301632e-05 5.606793953184731772e-05 4.775546915306517814e-05 3.943714148351761884e-05 3.235141533434202164e-05 2.156680491638421961e-05 1.683176009384088721e-05
2.674961147052232809e-04 3.008066096469117086e-04 2.955620274508378000e-04 2.619543505616184231e-04 2.216619903957612562e-04 1.902390525624667278e-04 1.653690975342167414e-04 1.451011346264446142e-04 1.250958477355663772e-04 1.118194835000049336e-04 9.746317963330609891e-05 8.579007333488158731e-05 7.968438280592602806e-05 6.879583753664452448e-05 5.594012597511838794e-05 4.774919571003505790e-05 3.923428725053948701e-05 3.213603601815761196e-05 2.109613200862538431e-05 1.619722743615670756e-05
2.682245337960627025e-04 3.010794347203052672e-04 2.966042294242491380e-04 2.627938307372202687e-04 2.222722735735586930e-04 1.903977995668827824e-04 1.652001866859904280e-04 1.452702710185631112e-04 1.256553043967770602e-04 1.125610932173115369e-04 9.807498336513672556e-05 8.606813230620818825e-05 7.972868716000730094e-05 6.914142714273740706e-05 5.637176127168049971e-05 4.807930781949719168e-05 3.976803901258923666e-05 3.282019423181950561e-05 2.202512692464172580e-05 1.739640096341506923e-05
2.680482025971455003e-04 3.010577648619384072e-04 2.961659826489908580e-04 2.625976122985034509e-04 2.228398504270415984e-04 1.915796560742745415e-04 1.661574566556538852e-04 1.454585486576135387e-04 1.255876147990993004e-04 1.123550695361628563e-04 9.804145993125980383e-05 8.612085773975679346e-05 7.976956553730325480e-05 6.915008442541826258e-05 5.617719126676310983e-05 4.803154457471982649e-05 3.965604623911189898e-05 3.233691429079025664e-05 2.151837273317446398e-05 1.644985376755665009e-05
2.680439525382541464e-04 3.010639731352038350e-04 2.964968740730011950e-04 2.628159373436766998e-04 2.225596881771688368e-04 1.911525746109293562e-04 1.655577688727947376e-04 1.453538377531744244e-04 1.254107725663497410e-04 1.122305759294666485e-04 9.785961147142145612e-05 8.624665683972535185e-05 7.975813292454449058e-05 6.900365691988324002e-05 5.605939577586813280e-05 4.795709325048680866e-05 3.990544240019039315e-05 3.300838396910418544e-05 2.228306756119171120e-05 1.692862837989152477e-05
2.679755556547020953e-04 3.010318484715271935e-04 2.966513239139797206e-04 2.624056184525879755e-04 2.223792951437388553e-04 1.908271201573542213e-04 1.653251196755569198e-04 1.450158026124509405e-04 1.250441442339672896e-04 1.118700621811402396e-04 9.776214955254049395e-05 8.598511334659331205e-05 7.989272479008932841e-05 6.927342799543257789e-05 5.637572338407201197e-05 4.797884980813926396e-05 3.972506301009727205e-05 3.227386653002416818e-05 2.190622626671717834e-05 1.723046167021086939e-05
2.677309918300762258e-04 3.005559868761774420e-04 2.961654647393463795e-04 2.621816359646664024e-04 2.217448137645083709e-04 1.905198374333645661e-04 1.652522590611367557e-04 1.450140313782782625e-04 1.251403145753862862e-04 1.120460759742916408e-04 9.779897377519967722e-05 8.603989054895435729e-05 7.966301336971718446e-05 6.898512915218607479e-05 5.624963797826519716e-05 4.826675471113432822e-05 4.010975865697657397e-05 3.288401971691221775e-05 2.203957275168081354e-05 1.706993568172848050e-05
2.676801592085749381e-04 3.010341978630610505e-04 2.961507196500431319e-04 2.624573150589716531e-04 2.223273730905767716e-04 1.908624486671742714e-04 1.654070864745761811e-04 1.451567861080150449e-04 1.252511041672254883e-04 1.120257816326196030e-04 9.757992546236443935e-05 8.576071039340401974e-05 7.970270928686377042e-05 6.919420887662335636e-05 5.652026227063344815e-05 4.833873706363679901e-05 3.996296784710232921e-05 3.256136701731123862e-05 2.158014380956725146e-05 1.660852485805488653e-05
2.679127426718406709e-04 3.012445917499287796e-04 2.959968418048594652e-04 2.625363213435583250e-04 2.221117562334850551e-04 1.906492512209785465e-04 1.653665055175425824e-04 1.448028090914986064e-04 1.249797606733703454e-04 1.120087849401115007e-04 9.791895308304055575e-05 8.650209482244326569e-05 8.029211400533377480e-05 6.951784938951996039e-05 5.693094568339960947e-05 4.851270389333818062e-05 4.003726505222286221e-05 3.274141904380122899e-05 2.175935164678723298e-05 1.680206917283550908e-05
2.683912269189079117e-04 3.015102370944497097e-04 2.966575697179432074e-04 2.628992153403515936e-04 2.224348436638920890e-04 1.910355061988819000e-04 1.655805076071193663e-04 1.450992871762820367e-04 1.253085845346119576e-04 1.123874127656625309e-04 9.806257427544284345e-05 8.622554857132379172e-05 7.984785697361381309e-05 6.909485702590004879e-05 5.628532250175379139e-05 4.820028604482909845e-05 4.019801261566443049e-05 3.300443226849955044e-05 2.181378739435983321e-05 1.686760872353384216e-05
2.678381141418194290e-04 3.003503750933277181e-04 2.959974723001572005e-04 2.623220905326005678e-04 2.222327449093951495e-04 1.907655848872806916e-04 1.653497116817431245e-04 1.449848794689220788e-04 1.251004473276483438e-04 1.120008897702368984e-04 9.765226439601788950e-05 8.589109621165871118e-05 7.956064427120989940e-05 6.893338728766080245e-05 5.653311463932145524e-05 4.814862821664970811e-05 4.005695447720911324e-05 3.285081647393315305e-05 2.195435636857801903e-05 1.701499536063468416e-05
2.679496084578612087e-04 3.005753337152984790e-04 2.956212040185700850e-04 2.626895019890565833e-04 2.220469513990689237e-04 1.909109009371522201e-04 1.656627409389744687e-04 1.453773337516975036e-04 1.251830699501042864e-04 1.124047384757601736e-04 9.810278635301364597e-05 8.611272562773378085e-05 7.999131943265492877e-05 6.971651035134926965e-05 5.690037289662326192e-05 4.867385872300725256e-05 4.016205606544362140e-05 3.263486106949843146e-05 2.152729993650841236e-05 1.657618435203672713e-05
2.683443323910577162e-04 3.010572232527547443e-04 2.961996246080886405e-04 2.625398462548503222e-04 2.222327698533401439e-04 1.906099323528706666e-04 1.654107818499804322e-04 1.451134876449635444e-04 1.251429103547550825e-04 1.116696255728857608e-04 9.746317601169314743e-05 8.566359501095345455e-05 7.924929974536497606e-05 6.918043186831778477e-05 5.639342224337471872e-05 4.814699518740716915e-05 4.008260289857909682e-05 3.265498546626390615e-05 2.196477608291884484e-05 1.693169295629213774e-05
2.684281541555117866e-04 3.010322467305958207e-04 2.963367974989563757e-04 2.625656172234868703e-04 2.223585373560077005e-04 1.907829809327517105e-04 1.656719936651795098e-04 1.453046648818735330e-04 1.253827319844266037e-04 1.121038936195884090e-04 9.778370595125670302e-05 8.588322436527149673e-05 7.974336371498054975e-05 6.915401158759527228e-05 5.643740539621648291e-05 4.830913275371639357e-05 3.985600026665951000e-05 3.240641353986182675e-05 2.137537321903841198e-05 1.620869104782595512e-05
2.680330554262594887e-04 3.009252957278923252e-04 2.961902788048774004e-04 2.626104652766917758e-04 2.223216041614882682e-04 1.910657520358630818e-04 1.657313454375524125e-04 1.454007949059276045e-04 1.255253030565517793e-04 1.123447918326464154e-04 9.800979684581521923e-05 8.622600005468543383e-05 8.008039406831593478e-05 6.934181775098572709e-05 5.645448391232321564e-05 4.820219778828672904e-05 4.014715986097919085e-05 3.283376730348831394e-05 2.208970733090604037e-05 1.702599016769370445e-05
2.683602359700653587e-04 3.011708493439174271e-04 2.965184586860888493e-04 2.627045539017352940e-04 2.225626217220696480e-04 1.910752484958302185e-04 1.657895486615105737e-04 1.453093105963343108e-04 1.253928634444262228e-04 1.122894654542268327e-04 9.803777919348837411e-05 8.624266429081287380e-05 7.979911622524108719e-05 6.908178396393165261e-05 5.614691589044084176e-05 4.797426330981551879e-05 3.994140980822558535e-05 3.292742113920277351e-05 2.196136374422098423e-05 1.688788611788279812e-05
2.682296703754801534e-04 3.007783900639788102e-04 2.961710215623650872e-04 2.623749542050152466e-04 2.223592524702101196e-04 1.910559919041272814e-04 1.655836204148450580e-04 1.452348843058614734e-04 1.253651300510723993e-04 1.121726041155233491e-04 9.783061429504526848e-05 8.590073764175856156e-05 7.952759344688013754e-05 6.884841773545073858e-05 5.600650157532150423e-05 4.800760731407340996e-05 3.964594381036330901e-05 3.234303254558439680e-05 2.144225649477975019e-05 1.643604168245392248e-05
2.679674070647459290e-04 3.008896727469986647e-04 2.962797158000631437e-04 2.624894784316818318e-04 2.224329306442815826e-04 1.909851885249174536e-04 1.654961309689016605e-04 1.452081017095710458e-04 1.253424614055535422e-04 1.121605349510010688e-04 9.789206535661821977e-05 8.607611149559809399e-05 8.006711646048289045e-05 6.959177322657656274e-05 5.692679416567082392e-05 4.854436415953776500e-05 4.031245703369645437e-05 3.304729084124941019e-05 2.212339438365267983e-05 1.713390089423587627e-05
2.683632006120768420e-04 3.011538317660679355e-04 2.966802853808062383e-04 2.627225419599976686e-04 2.223542838535051463e-04 1.908215141254103030e-04 1.653588681264136085e-04 1.450628454594391674e-04 1.251379329438408519e-04 1.120662703187045347e-04 9.762283269829048283e-05 8.598939323906231802e-05 7.967362930472002313e-05 6.927058183544332933e-05 5.651459811312447949e-05 4.824972264269931341e-05 4.003598454611704269e-05 3.278481396011125666e-05 2.195513510534186742e-05 1.680040439671160463e-05
2.687127233560308338e-04 3.013970643802751600e-04 2.967999866926749274e-04 2.627176441234808295e-04 2.225715599021782986e-04 1.911150591117617389e-04 1.656581114847380861e-04 1.456418684447684470e-04 1.259342902211467202e-04 1.126212282702344523e-04 9.830682746788823960e-05 8.640814810754196768e-05 8.009252875389024577e-05 6.947701332225265610e-05 5.677149038228595514e-05 4.869074455993938148e-05 4.032420795343247770e-05 3.284779050980605791e-05 2.194101097876986685e-05 1.699860699477456836e-05
2.680537383954071317e-04 3.011559613827066240e-04 2.963688018469642395e-04 2.623791142550612799e-04 2.223959197458830661e-04 1.910041271954186835e-04 1.656516372985872515e-04 1.455100893793740812e-04 1.255041530466571582e-04 1.120541789476154959e-04 9.777339900403054054e-05 8.592589436306337337e-05 7.961574323106272927e-05 6.875690575560893328e-05 5.604519049377001917e-05 4.805304343380248919e-05 4.007339128398320846e-05 3.263520650176602640e-05 2.196273402352133446e-05 1.717419358865064229e-05
2.682974505558521992e-04 3.004787101399755429e-04 2.957079260316599159e-04 2.620707198133552323e-04 2.216258251592783692e-04 1.902849229789651847e-04 1.650937603226064693e-04 1.453011388059310201e-04 1.254308630047355690e-04 1.122487404560035593e-04 9.779251411237924337e-05 8.594427220991331757e-05 7.985363750395577586e-05 6.917823487673924058e-05 5.647418415105744181e-05 4.814596708800288028e-05 3.975222356228077706e-05 3.252266439353216563e-05 2.172436354740907616e-05 1.689970680225973086e-05
2.682038483032627655e-04 3.012237107805905661e-04 2.962699678869791064e-04 2.627881631036099014e-04 2.225912253425666116e-04 1.908967374825962010e-04 1.655666491036139783e-04 1.451836222887170657e-04 1.251434677106533059e-04 1.120289375918529575e-04 9.755934139806295570e-05 8.599304595552318829e-05 7.932436710693694607e-05 6.869328760420603613e-05 5.621426750402869460e-05 4.813613497360487843e-05 3.970514792247568052e-05 3.214117214914700461e-05 2.115729008427030250e-05 1.618848898697808732e-05
2.682878276161396029e-04 3.012544512951962944e-04 2.962643500307952232e-04 2.627503658393976383e-04 2.226120873031942852e-04 1.912083026754027022e-04 1.655598489955012258e-04 1.454283354042262204e-04 1.256626084029459605e-04 1.124785356074436130e-04 9.797051552202755832e-05 8.604542788597375732e-05 7.979907726181943251e-05 6.901699858414125715e-05 5.632179343064439231e-05 4.808683122888348787e-05 3.996052574201659600e-05 3.258702989319710097e-05 2.169856071450880811e-05 1.702438928961139898e-05
2.677478126473709281e-04 3.007368201836460044e-04 2.963679550118368815e-04 2.622159434174934820e-04 2.221233945793059026e-04 1.907549416085557855e-04 1.654187617456631502e-04 1.450702698441505155e-04 1.251535942427448814e-04 1.122703494133384669e-04 9.804457443918133356e-05 8.636331818586802042e-05 8.001341856408104023e-05 6.938915223566857933e-05 5.669317362960890101e-05 4.846468781764016684e-05 4.015313436746398686e-05 3.283131192142615896e-05 2.185035528074738337e-05 1.700422407205937769e-05
2.677783036239817882e-04 3.007481915389229477e-04 2.965047909492696276e-04 2.626573867038509234e-04 2.224525277549729331e-04 1.910983563793842066e-04 1.657820543306403075e-04 1.454676406035797394e-04 1.253402857175520374e-04 1.119407086540109088e-04 9.789031069933553536e-05 8.626454296780495341e-05 7.983368591393101988e-05 6.903517286632389501e-05 5.636883655198805451e-05 4.813581689426218768e-05 3.983893118046879958e-05 3.242935186937858868e-05 2.159031580527066539e-05 1.673369941215314987e-05
2.680943525395344286e-04 3.014449636074032846e-04 2.966715636379349693e-04 2.628531368691465627e-04 2.223970114066694376e-04 1.911216806935587176e-04 1.659450216902747638e-04 1.456962761008553497e-04 1.257626309701039848e-04 1.124499327173118400e-04 9.804147590908592167e-05 8.625872316597556146e-05 7.993042822562861094e-05 6.932558530864300179e-05 5.687903206290929582e-05 4.870346457817918104e-05 4.035356716024404001e-05 3.280470396460001179e-05 2.177114007652047710e-05 1.690896374143663182e-05
2.684104937475537611e-04 3.008776671961362428e-04 2.965078033068967492e-04 2.625591769475931793e-04 2.223822429395403105e-04 1.910509611709528151e-04 1.657554819375530581e-04 1.453568063224025867e-04 1.253923947673695318e-04 1.121473083264989983e-04 9.779884322694634442e-05 8.598901082283959263e-05 7.969693926923986376e-05 6.929157515146577167e-05 5.649175053872876009e-05 4.816436503228984473e-05 3.986059654957717341e-05 3.259768373789532846e-05 2.208067858854644724e-05 1.725275954415624540e-05
2.676451573379634618e-04 3.002949082111341689e-04 2.959218449106091296e-04 2.622014102557047258e-04 2.220631582020330893e-04 1.908859918550999369e-04 1.653459254904108536e-04 1.449360460344561639e-04 1.252484772971098530e-04 1.119856692398885425e-04 9.777035181775097850e-05 8.596360010911756734e-05 7.951492764424444425e-05 6.895864944331623616e-05 5.620542136807822793e-05 4.791656288950858398e-05 3.975188363620601453e-05 3.256333686367414166e-05 2.181880210004579970e-05 1.719456870678382932e-05
2.682180384350976872e-04 3.009020653189896106e-04 2.963730654172612379e-04 2.629553404052518300e-04 2.225650275363972696e-04 1.908696040239015661e-04 1.656120328034799160e-04 1.452402206792903104e-04 1.254968025186071567e-04 1.121110194358046074e-04 9.766784080625972512e-05 8.551709370739980548e-05 7.906082863016485572e-05 6.850065076697317134e-05 5.571378808786489834e-05 4.734449782205374125e-05 3.930083462607617781e-05 3.232865304374279980e-05 2.135062159139569594e-05 1.626881454367374601e-05
2.678554967531382469e-04 3.010847033278817400e-04 2.968323032662385850e-04 2.631728994688969274e-04 2.228070158513040710e-04 1.912625216752431641e-04 1.658427213784360193e-04 1.451469991370231936e-04 1.251702019600813313e-04 1.121784804251770804e-04 9.787060427710626831e-05 8.609998046886677104e-05 7.977703976609696918e-05 6.915368686863750851e-05 5.654673308838086324e-05 4.836435416612450768e-05 3.996432684959910200e-05 3.261479824538601340e-05 2.155604249533197217e-05 1.661523255197947988e-05
2.683914154961147130e-04 3.007511335459998143e-04 2.965710941548643288e-04 2.625902415853768033e-04 2.224099274367194001e-04 1.908991287922453043e-04 1.655668968905026691e-04 1.454789111987442166e-04 1.254159615444895158e-04 1.118068249681792252e-04 9.750054733500819297e-05 8.574190005462034342e-05 7.941387495060932625e-05 6.873233713371698541e-05 5.633486851919125137e-05 4.830225306602514566e-05 4.033706020566784055e-05 3.288248517214973748e-05 2.184642575576649547e-05 1.685799110437915071e-05
2.678195569571624967e-04 3.007858492957729514e-04 2.962604958396564559e-04 2.627504056908458430e-04 2.226732724420270012e-04 1.911686248517891493e-04 1.656057184334355293e-04 1.452187470792697761e-04 1.253371279149324943e-04 1.123968785217417221e-04 9.807895049503675478e-05 8.619267154936802546e-05 8.011853385886535278e-05 6.921803157789771347e-05 5.651922201065939403e-05 4.823301297512814405e-05 3.985977398024832634e-05 3.251884504775966222e-05 2.181643250685298335e-05 1.696450726743275268e-05
2.682351073609309322e-04 3.003836361044660169e-04 2.963575588698940159e-04 2.624784104779253214e-04 2.224448516486080810e-04 1.909833333928087054e-04 1.657374449984088110e-04 1.453528152265847384e-04 1.254608137445964000e-04 1.119362412393418778e-04 9.771869777327229687e-05 8.581119952830821847e-05 7.964461061656639583e-05 6.889043625434743839e-05 5.641022154808960395e-05 4.809215004122300983e-05 3.971701042867791979e-05 3.244812438509506343e-05 2.159199606654856144e-05 1.665694437398559192e-05
2.681628273502862205e-04 3.011857360256302383e-04 2.964683454751862002e-04 2.627085431481954799e-04 2.227062700129935232e-04 1.909712962544868830e-04 1.654581623727817516e-04 1.449386532657880901e-04 1.251191999732041531e-04 1.123121126809392911e-04 9.821475929448194924e-05 8.604866096840565917e-05 7.949200680855326398e-05 6.889686490313001743e-05 5.617599499808408449e-05 4.802060664287877124e-05 3.967720173510668743e-05 3.276260477751848603e-05 2.169544325169329575e-05 1.715102354853515379e-05
2.679096063138617333e-04 3.007996831209778393e-04 2.963264200107520573e-04 2.627622597979547311e-04 2.221607900976356464e-04 1.906125593037899383e-04 1.652718877283112543e-04 1.451076321806302237e-04 1.252938493507675416e-04 1.120284358899942436e-04 9.778985980815164622e-05 8.598660159996770439e-05 7.965232755702465165e-05 6.878258649292626605e-05 5.610924248600149408e-05 4.806179735194742727e-05 3.990624253462938398e-05 3.283328252802398173e-05 2.188553329919434379e-05 1.675369951769357349e-05
2.678277578785865981e-04 3.007258881332610040e-04 2.965123569812662938e-04 2.619013296822145643e-04 2.218807756631372460e-04 1.906124776926981660e-04 1.653605716585240955e-04 1.450426079619508409e-04 1.252676057578622790e-04 1.119452578633999034e-04 9.752042983729406899e-05 8.553382970167900713e-05 7.925984815288739473e-05 6.907577279535319402e-05 5.678094483810773818e-05 4.865846595340051839e-05 4.032669508094232714e-05 3.254523928312441644e-05 2.121644686595460774e-05 1.653571531449957854e-05
2.678208278776414344e-04 3.005768058907867649e-04 2.958598518128340688e-04 2.622681412409175248e-04 2.218925255368737939e-04 1.905952261820463458e-04 1.653907075398558199e-04 1.450058004082334243e-04 1.251826964227915006e-04 1.121431968958866394e-04 9.789557877364249395e-05 8.600234903566706215e-05 7.980457716326522992e-05 6.922587661334514777e-05 5.651524475782960123e-05 4.841772798831030044e-05 4.016045418074518623e-05 3.280871106232692032e-05 2.190577020586259019e-05 1.677182188068720105e-05
2.681766103927549650e-04 3.009972135674637947e-04 2.964714345764774797e-04 2.626223971805045302e-04 2.225777094480445078e-04 1.907627405532458969e-04 1.654060938501596264e-04 1.452420884327228310e-04 1.254130892806735933e-04 1.121206988219286050e-04 9.780319175627206021e-05 8.601874437974762219e-05 7.995359217322389365e-05 6.929027578918068632e-05 5.652085281390239693e-05 4.841298474854633434e-05 4.004942050477503900e-05 3.264859704915583886e-05 2.196484120975989872e-05 1.688783769288236888e-05
2.678257822181239508e-04 3.010557251278236143e-04 2.965390878344349441e-04 2.624345797536529914e-04 2.224179804767654057e-04 1.908881971497235815e-04 1.653844146407299821e-04 1.450425963510305807e-04 1.251547071462361679e-04 1.116629596188546778e-04 9.755900576774655618e-05 8.568292238512025265e-05 7.925622715371718357e-05 6.865989291818076832e-05 5.565468002043566552e-05 4.754839080786730891e-05 3.911855611659339549e-05 3.160535325186548955e-05 2.104217058720918667e-05 1.648164545640247832e-05
2.685040428517785249e-04 3.013831646805550111e-04 2.962971403228023678e-04 2.627405696754993411e-04 2.221198981168466589e-04 1.910989115461612313e-04 1.655824970628401080e-04 1.455482659203566267e-04 1.256571439826986681e-04 1.122317982870248116e-04 9.788218873391183600e-05 8.620457330945518375e-05 7.986782943142751122e-05 6.895477256734049555e-05 5.621335878258835431e-05 4.817632130223687217e-05 4.017874628085726821e-05 3.305564185297889620e-05 2.198828801765988279e-05 1.697251554283693247e-05
2.676177449260706397e-04 3.007065297180516804e-04 2.961244544070081009e-04 2.622912750789967986e-04 2.218811200910076936e-04 1.902572342468107148e-04 1.651150235679282288e-04 1.448296232337141129e-04 1.248756518984441206e-04 1.116172102754399626e-04 9.729185152657731891e-05 8.570280196042261687e-05 7.926404465580084535e-05 6.877469734445166292e-05 5.592596422724902715e-05 4.774790739904524777e-05 3.975519270363627974e-05 3.246524434823024302e-05 2.111126049583359154e-05 1.584292683413738716e-05
2.678141434057987997e-04 3.008043326754624293e-04 2.961618383410116002e-04 2.621757902297886314e-04 2.222667309837270697e-04 1.909057072641521678e-04 1.655540376635032240e-04 1.451648617655761433e-04 1.250756897050094582e-04 1.118682518729869382e-04 9.776146230226210644e-05 8.600423662898414652e-05 7.983212397003920787e-05 6.929980608786311374e-05 5.633605953251526053e-05 4.774533708924677230e-05 3.955329407845476299e-05 3.223831762298201857e-05 2.144198424809976047e-05 1.641937907166313095e-05
2.676379317992356294e-04 3.007639208890981112e-04 2.965992197486373477e-04 2.624338926029087544e-04 2.222846246748584728e-04 1.910820464317201472e-04 1.657581069435953174e-04 1.454213828198845594e-04 1.252624246521637284e-04 1.122070927373875848e-04 9.760753709399413286e-05 8.597148610994989452e-05 7.964910831505252035e-05 6.888939624252125426e-05 5.624601906853675122e-05 4.818485504475744147e-05 4.002318669365593622e-05 3.257277482416791266e-05 2.141053229162559202e-05 1.656534526437363164e-05
2.684231081859888689e-04 3.014099046746238834e-04 2.966522835311227388e-04 2.631410228764997873e-04 2.226407933969583438e-04 1.909105485895228483e-04 1.653398658091430188e-04 1.453603028249305816e-04 1.255371005982778643e-04 1.121708628410159536e-04 9.779885581383803773e-05 8.600705966247572994e-05 7.955800307091105163e-05 6.875054705451348234e-05 5.626327543278146108e-05 4.816155491180414453e-05 3.981012673371680979e-05 3.230806105248213757e-05 2.157676089385568554e-05 1.681879936741647143e-05
2.681682338401032576e-04 3.009377365324715503e-04 2.961713649096917316e-04 2.624815211379499694e-04 2.222878216996833063e-04 1.908825976578820802e-04 1.654905778596666278e-04 1.450672980159596463e-04 1.251150734300804813e-04 1.120132959321068901e-04 9.784408582716352574e-05 8.603863759707635131e-05 7.964010316000819469e-05 6.930640846688952033e-05 5.638509760736870352e-05 4.811296971898999900e-05 3.966890897244315889e-05 3.246634020012995905e-05 2.164806383770227194e-05 1.667513977695131043e-05
2.680140640121940498e-04 3.010635614216568452e-04 2.964322084983414866e-04 2.627911143813594307e-04 2.224849820849631094e-04 1.910850781647330319e-04 1.657483511971446480e-04 1.453019112140088124e-04 1.255076239258634378e-04 1.120726104543307418e-04 9.766075379717742476e-05 8.598111989488806020e-05 7.987619384763968735e-05 6.923071350099725728e-05 5.650414357802222644e-05 4.823948644578467798e-05 4.009147461449870273e-05 3.284638896084166113e-05 2.200687912411189922e-05 1.682933072907989632e-05
2.680920558222073648e-04 3.007348301418135642e-04 2.963297912672468895e-04 2.625798740204058897e-04 2.223065590162619871e-04 1.910869301547109375e-04 1.654652400230342737e-04 1.451636267378425787e-04 1.253841336735077327e-04 1.121451613467917667e-04 9.793155199698946672e-05 8.599772579587054450e-05 7.937991610509091613e-05 6.851841210384799162e-05 5.609945900121038467e-05 4.800127061978225619e-05 3.983104367447435468e-05 3.241933692769698064e-05 2.141951225310772560e-05 1.634710944910412874e-05
2.678213661754444137e-04 3.007891455655922774e-04 2.961215069676306831e-04 2.621596155628199906e-04 2.220661567458264536e-04 1.906987512705190981e-04 1.653405720471709029e-04 1.452155308319477050e-04 1.255133266000783105e-04 1.123160848988389627e-04 9.806715018980672585e-05 8.620952746734654828e-05 7.972531782597211034e-05 6.921869342876305943e-05 5.658007752093990709e-05 4.825926983410293081e-05 4.008253311937656619e-05 3.263888586705323755e-05 2.163941443758032730e-05 1.666482226254034917e-05
2.680368649414489554e-04 3.008835878245170342e-04 2.965777847729720467e-04 2.629071738015508917e-04 2.225371047748532906e-04 1.910833461790624260e-04 1.656282926526505064e-04 1.452292142402291015e-04 1.254413583986125800e-04 1.123306635761604002e-04 9.789664403252204094e-05 8.605987085185542811e-05 7.987099822097948744e-05 6.916601573300781391e-05 5.636837218638244835e-05 4.828701968160497215e-05 3.989875921388304209e-05 3.270579142198641690e-05 2.179544038718214576e-05 1.709619956856456866e-05
2.679368285975744285e-04 3.011194308366920347e-04 2.967917247128377262e-04 2.627519234275546155e-04 2.225807292836036401e-04 1.913772636520724582e-04 1.658051023288108596e-04 1.452065175598742086e-04 1.251786050502611816e-04 1.118739935366581956e-04 9.768629667644473588e-05 8.596015861135194113e-05 7.981722501831891756e-05 6.940186775376304602e-05 5.647891210045530058e-05 4.819967136699948026e-05 4.007936320043465310e-05 3.310400357854470765e-05 2.231539605064964855e-05 1.755161513755663021e-05
2.678790820938627961e-04 3.006502946552364790e-04 2.957808294450209037e-04 2.622158405235609584e-04 2.219189865711191365e-04 1.905236811996006388e-04 1.652133075648984817e-04 1.451419555852112727e-04 1.255399438860640407e-04 1.121897077908027125e-04 9.787770662292187617e-05 8.600044586060125011e-05 7.955462534199195192e-05 6.917055376146461116e-05 5.655916167622350742e-05 4.839199716155076405e-05 4.023566632368991250e-05 3.310402006232997810e-05 2.236707010657742860e-05 1.748053405220045462e-05
2.680268559876650657e-04 3.010590456476150336e-04 2.965336728369195093e-04 2.625131581424933755e-04 2.224998412533380670e-04 1.911332049271129998e-04 1.658687054827885936e-04 1.454113392198212805e-04 1.255452495648604679e-04 1.123580820855207780e-04 9.819938436596480980e-05 8.614758097355991028e-05 7.993781732451030804e-05 6.953732730265648962e-05 5.690066703139286242e-05 4.845510639959139043e-05 4.014960261234865047e-05 3.288156163081647150e-05 2.192945245174636674e-05 1.712452397902722783e-05
2.679838173298138134e-04 3.005549814260703181e-04 2.960884985541073012e-04 2.624456193954145550e-04 2.222657137622090326e-04 1.910139478304889228e-04 1.656027654596011313e-04 1.450545405514351940e-04 1.251660882639491423e-04 1.120461832446277008e-04 9.795556864868554617e-05 8.606696476421492694e-05 7.977429679326684172e-05 6.913186186707252832e-05 5.606989743233129658e-05 4.784837464358193156e-05 3.957020504423757270e-05 3.226864009454866438e-05 2.155138161798009647e-05 1.667326769063378689e-05
2.676222896270580342e-04 3.003094645631283234e-04 2.959669940155748667e-04 2.624678567168446620e-04 2.221381613768254294e-04 1.905502958264899559e-04 1.650307250528959069e-04 1.447285368059377279e-04 1.249361620906940548e-04 1.117226494022918954e-04 9.749483076201534480e-05 8.565060948714385471e-05 7.940647505100747474e-05 6.878105407182804698e-05 5.603854496751830444e-05 4.781181038938138049e-05 3.993916037197131630e-05 3.277917692499564918e-05 2.205998870783003419e-05 1.708197571066665842e-05
2.677970551925660234e-04 3.006824794523214103e-04 2.960214924777107288e-04 2.624896065420089203e-04 2.225251941572505541e-04 1.910880577093455326e-04 1.658248346098780248e-04 1.453215566595699338e-04 1.254481570000182469e-04 1.121150808817867619e-04 9.785363281729894181e-05 8.605326938150132884e-05 7.999528311184514733e-05 6.934510702397161551e-05 5.635108352712461886e-05 4.805023353798230359e-05 3.980637707733571676e-05 3.267570712298416481e-05 2.182157783955085959e-05 1.664130310004849692e-05
2.679609380436864309e-04 3.008589507358652368e-04 2.962399816265461690e-04 2.624571218385540142e-04 2.223714256388118642e-04 1.913292867343520116e-04 1.656959421332713188e-04 1.451495797338270407e-04 1.253475689731418398e-04 1.118951748649166396e-04 9.729999793851272776e-05 8.565223386461701571e-05 7.976108755175654577e-05 6.923008484739236299e-05 5.695885359689591105e-05 4.857623805140367991e-05 4.017256777662956628e-05 3.299656846783857809e-05 2.188880050138487947e-05 1.661219898268342839e-05
2.680275834036632159e-04 3.007558281999143457e-04 2.959718186044344172e-04 2.619014587311640422e-04 2.218917597968207223e-04 1.903334688643342615e-04 1.651318156594606024e-04 1.449883142558055431e-04 1.250975362641291706e-04 1.118660791509795422e-04 9.777231577163905966e-05 8.588959604003273626e-05 7.949935438423826907e-05 6.917850916473247843e-05 5.627476464401621938e-05 4.827512934215826175e-05 4.026571562215908027e-05 3.292344560269858258e-05 2.160767043973745382e-05 1.692982751156893218e-05
2.681282088476844450e-04 3.009247185716215243e-04 2.959881417140295757e-04 2.623569215598764177e-04 2.220280311949392193e-04 1.907419109486809038e-04 1.654465879947911232e-04 1.452215885018279826e-04 1.251997542482887903e-04 1.119933447063998274e-04 9.775448335526416550e-05 8.590763232692507636e-05 7.950447353259252172e-05 6.891616269962294150e-05 5.620620005789129755e-05 4.791057854585340983e-05 3.983777846800161382e-05 3.270962800886698411e-05 2.176923890335028970e-05 1.677890644245848099e-05
2.678357479333527973e-04 3.005666667471986256e-04 2.960794645088912400e-04 2.626615147190102233e-04 2.222076655661735808e-04 1.909358147305504272e-04 1.653869348132344218e-04 1.453061325716386654e-04 1.254854401892347218e-04 1.124091816404184730e-04 9.807893916322863652e-05 8.628514949468180236e-05 7.974299256936538628e-05 6.904106844758896484e-05 5.666366083379747624e-05 4.842597440304291046e-05 3.988576146025658549e-05 3.270125181837580747e-05 2.180502347651608918e-05 1.689619820415356194e-05
2.682774072293034264e-04 3.011845619374072728e-04 2.967636888059532112e-04 2.628706228250709317e-04 2.223870558185389698e-04 1.910415060653630932e-04 1.653914442758199388e-04 1.451566492629168036e-04 1.252512340651533787e-04 1.120782680785224408e-04 9.770010837486087349e-05 8.614791863562755545e-05 7.970331552264907024e-05 6.902632926592341825e-05 5.638513789916800589e-05 4.808310184097078991e-05 3.987195742471147055e-05 3.266121371356296439e-05 2.186620644243776721e-05 1.695770104187992931e-05
2.687814117788446381e-04 3.013754318493437677e-04 2.965819047043981196e-04 2.626003416406652883e-04 2.225069613635379581e-04 1.909850359499201938e-04 1.655077658494361818e-04 1.451920433136157031e-04 1.253546182316291589e-04 1.121940678252578919e-04 9.812123019520869744e-05 8.622717015607933035e-05 7.975103005984705666e-05 6.896464962555178295e-05 5.619503695109818694e-05 4.810502575246734580e-05 4.007390492461939009e-05 3.293419919307823753e-05 2.206518208594223035e-05 1.729516298515540419e-05
2.680374669778587209e-04 3.009204817629596430e-04 2.961382089965548608e-04 2.624833875998197944e-04 2.223622894395361777e-04 1.911108911160906720e-04 1.658164723169763821e-04 1.453411720388422682e-04 1.254734072748255145e-04 1.123800617715986239e-04 9.817156055560420527e-05 8.637507023873404444e-05 8.010060136618079262e-05 6.938335377554921636e-05 5.653904983042104819e-05 4.826168069332918757e-05 3.999924837769447075e-05 3.257887677310502471e-05 2.195129569203384346e-05 1.692412002867455640e-05
2.686973513975007572e-04 3.011220132035271604e-04 2.963392032867939838e-04 2.625340816438483972e-04 2.223824252827251327e-04 1.912878553711731431e-04 1.659380805176283679e-04 1.452544964642184656e-04 1.252324860506249290e-04 1.122062287007104855e-04 9.775191108057911004e-05 8.612604196055502069e-05 8.005429006376325407e-05 6.944996959546263999e-05 5.664584136837367108e-05 4.841735866517084681e-05 4.021669100356489680e-05 3.312230378471571810e-05 2.238917558690796430e-05 1.759567580914578005e-05
2.684108824710349536e-04 3.008292663554318672e-04 2.962075595515860468e-04 2.626188826437051392e-04 2.222873365666436631e-04 1.909788668454929963e-04 1.654171228135505132e-04 1.449492468448363304e-04 1.252452978143615077e-04 1.122377445985461673e-04 9.800241498389804912e-05 8.641939536431421810e-05 7.986552745804278693e-05 6.925923176947208575e-05 5.672702096791170680e-05 4.837355884324090162e-05 4.003848004637133867e-05 3.293447931798988736e-05 2.213366414804994733e-05 1.695633653957285289e-05
2.682082701825357182e-04 3.009347119963874011e-04 2.961781463911175669e-04 2.624656291270436757e-04 2.223829200096298392e-04 1.909879479300051811e-04 1.657158640992317106e-04 1.452213788097036682e-04 1.254654777132888273e-04 1.123745689510234521e-04 9.775987810332004764e-05 8.612135546764610621e-05 7.943245162078420762e-05 6.870307162231044113e-05 5.592445025165739805e-05 4.781503760520698220e-05 3.994956733679021102e-05 3.291390266505656053e-05 2.192764878048870185e-05 1.724853628137003133e-05
2.678071491871713574e-04 3.000937582413067931e-04 2.955854892860329238e-04 2.618310280236931420e-04 2.218488455265361502e-04 1.904213663332104283e-04 1.648680268112301915e-04 1.447157090607189254e-04 1.250594532349263250e-04 1.117630529986905806e-04 9.761116772062353359e-05 8.595795212757168099e-05 7.974440979819302040e-05 6.905252933784858046e-05 5.656868691745617556e-05 4.816896449863855919e-05 3.986563522008103587e-05 3.294787883591108948e-05 2.215355804048382713e-05 1.688674619690525111e-05
2.674982252945387953e-04 3.003854405828279431e-04 2.959495658939307228e-04 2.622082282041621583e-04 2.217974505974320653e-04 1.904876102822553757e-04 1.652710795468089020e-04 1.450050687757572501e-04 1.253364754506627887e-04 1.122736819514354943e-04 9.785861510179856722e-05 8.588504468516424176e-05 7.951932394307392607e-05 6.901209922026035383e-05 5.651154108532919254e-05 4.810023465994658844e-05 3.959592273889501389e-05 3.236460340720870413e-05 2.146739784039766616e-05 1.683411849118230156e-05
2.682441611259975831e-04 3.008012797667987664e-04 2.966465137494200864e-04 2.627788366824518611e-04 2.225379370338826431e-04 1.912232719559416483e-04 1.656755623015205062e-04 1.453227327035917847e-04 1.250840646589544843e-04 1.115922528365872362e-04 9.730335342807750777e-05 8.575894375561166560e-05 7.950519209641934313e-05 6.898736015133530427e-05 5.640506788326703414e-05 4.810925463729318096e-05 4.024966020210561109e-05 3.322417280144447822e-05 2.213207193653587125e-05 1.705695470616839030e-05
2.684126759130904083e-04 3.011026841319450285e-04 2.966377841294186085e-04 2.626204419290863461e-04 2.228773800831876210e-04 1.911306852414257980e-04 1.654196742134853438e-04 1.454056594264230881e-04 1.255729936836096354e-04 1.122109112313892520e-04 9.766070535998970590e-05 8.577492082339788779e-05 7.951786632540136773e-05 6.904707074306742833e-05 5.640952789168902204e-05 4.831035882435709183e-05 4.001870226921820997e-05 3.270552456847107808e-05 2.169649302259651365e-05 1.663746063050577784e-05
2.683997868955227575e-04 3.006218672656207490e-04 2.958476165253691296e-04 2.623023450372742615e-04 2.221058210609989773e-04 1.908623690763250607e-04 1.656125398589667610e-04 1.453808598785281568e-04 1.257461449520515945e-04 1.126075165716500264e-04 9.809102573950901445e-05 8.605894115487504380e-05 7.966545939517697317e-05 6.894266899303749926e-05 5.607983496274925999e-05 4.811140762226682614e-05 4.013441382588524037e-05 3.277163601611656526e-05 2.168086963001559427e-05 1.677449487974968666e-05
2.681822379239552244e-04 3.010398655400243800e-04 2.961806101982227338e-04 2.625587633662400410e-04 2.225565015226671202e-04 1.906455846920646503e-04 1.654349406620133451e-04 1.449242085433515839e-04 1.248467861116387735e-04 1.118591212004778774e-04 9.785979667219765266e-05 8.599775406987797454e-05 7.952926198727786370e-05 6.897068562917386329e-05 5.619539185863453671e-05 4.780221187071522062e-05 3.943500545447345233e-05 3.189012639055558167e-05 2.114047643825498206e-05 1.647436714481517563e-05
2.677087024868489299e-04 3.007783164028392307e-04 2.961703931415850472e-04 2.623553174821687873e-04 2.223113217821463860e-04 1.908004551818479185e-04 1.654895494453113792e-04 1.451860671253944106e-04 1.252215340953765537e-04 1.119546179154528334e-04 9.751242608808774308e-05 8.567564918632619199e-05 7.938483942664937675e-05 6.866357681776362758e-05 5.632235073854800100e-05 4.821535092519135639e-05 3.985337535897274456e-05 3.246121419621282930e-05 2.168494338730888883e-05 1.701025217496257412e-05
2.682548066178649460e-04 3.008772072892156447e-04 2.964085260079924919e-04 2.626397046800839829e-04 2.220370578782662687e-04 1.909952488975002766e-04 1.654141647600049139e-04 1.447917723942291051e-04 1.250654042914245802e-04 1.119490569038867760e-04 9.725051284003169091e-05 8.507325692016696160e-05 7.885318372322982496e-05 6.837416699162512414e-05 5.600886366964325235e-05 4.772148452486554122e-05 3.940923405174811086e-05 3.240617434907002662e-05 2.172958200579061899e-05 1.635318920039584664e-05
2.679144871164977019e-04 3.009728720326023147e-04 2.961044543743366546e-04 2.624121577475404610e-04 2.219095399202793899e-04 1.907601225213299649e-04 1.654164095693949903e-04 1.448773210190886331e-04 1.251877831294966276e-04 1.122864795229850830e-04 9.819043137712138143e-05 8.631165921814573617e-05 8.009108789962462061e-05 6.945076770660495982e-05 5.666284645100627215e-05 4.836395326836569723e-05 4.029681003647026140e-05 3.283811382334604574e-05 2.191636176000163913e-05 1.690282065793859303e-05
2.679315764020075109e-04 3.003612185345026341e-04 2.964153873810737388e-04 2.625888231646920771e-04 2.223200201171231629e-04 1.906463323716072508e-04 1.652994320568784378e-04 1.450106328846657855e-04 1.253499941656884074e-04 1.124136790598939504e-04 9.815340207150011101e-05 8.615823673245861180e-05 7.975351868798026891e-05 6.962034866287590193e-05 5.677648865977525511e-05 4.854451293476924536e-05 3.994018011146981996e-05 3.254168529007439435e-05 2.150916566260211251e-05 1.705099313936753573e-05
2.685491250570317670e-04 3.010357390547087147e-04 2.963248922021911869e-04 2.624423840801792199e-04 2.222683946542507334e-04 1.907763931800566322e-04 1.654588839312584299e-04 1.450688287066350128e-04 1.252890347008695643e-04 1.120932316115937132e-04 9.790370857987577857e-05 8.612688236043471244e-05 7.964406986133392005e-05 6.884076334609359521e-05 5.604098524281609566e-05 4.787272360330443050e-05 3.950997327543288049e-05 3.222302707143189459e-05 2.178371624910091411e-05 1.690685563302529512e-05
2.678365197027834954e-04 3.007154319458078535e-04 2.961264889011904909e-04 2.623912433942141281e-04 2.221368903634046970e-04 1.908468791760160280e-04 1.654874997625608397e-04 1.450346419322250894e-04 1.250035035776439897e-04 1.113283129078837015e-04 9.692019828218282815e-05 8.523375770822649985e-05 7.915078432463769364e-05 6.825187109090179735e-05 5.553847942757189746e-05 4.736744824677599627e-05 3.948475521028477426e-05 3.250809184336375982e-05 2.162202535103302411e-05 1.675808549358035257e-05
2.682364310200542677e-04 3.014754795293882531e-04 2.968353951624136009e-04 2.628119407915109401e-04 2.225756202069201662e-04 1.907852144887268932e-04 1.653510560944169766e-04 1.449117387628435247e-04 1.251983681772675665e-04 1.120126217975021837e-04 9.802323700863132822e-05 8.634483205194754939e-05 7.973948536307483520e-05 6.932564361369977508e-05 5.659477259887602321e-05 4.828569746591590312e-05 4.015316590765216588e-05 3.275812174300679619e-05 2.190913927923067236e-05 1.699009719838830994e-05
2.681064207290406341e-04 3.002841906304620995e-04 2.959272533600921032e-04 2.621979346725526630e-04 2.220079059579165189e-04 1.906529696848563134e-04 1.652496829852021290e-04 1.449535253759959828e-04 1.249951897053757624e-04 1.118937834426809086e-04 9.777039116055202242e-05 8.606059611782983481e-05 7.947844255050734896e-05 6.882910820392914848e-05 5.612615564947870926e-05 4.803354542923674790e-05 4.008882326547875128e-05 3.278252919269591546e-05 2.165914837866520019e-05 1.677157787021997027e-05
2.685181040643392649e-04 3.012080560254608210e-04 2.964555136570534623e-04 2.628389242067217797e-04 2.223790501730364135e-04 1.910714623399423055e-04 1.655815312604115162e-04 1.452862038352544796e-04 1.253507380984612406e-04 1.118909736058527459e-04 9.760043822364317849e-05 8.594540804608997715e-05 7.980828901788876949e-05 6.958313391661584825e-05 5.672927693666312106e-05 4.840913179890560095e-05 3.996077127781381592e-05 3.242219768411258493e-05 2.145517988071550723e-05 1.625176706707714443e-05
2.683556002927176757e-04 3.010765573615861398e-04 2.962375878699940882e-04 2.628084083076238312e-04 2.224139964893515650e-04 1.909802182445205097e-04 1.656291884591756564e-04 1.452688543233966864e-04 1.253567272090300242e-04 1.121724209064895762e-04 9.777927719173657806e-05 8.582627310059051033e-05 7.935802600353890292e-05 6.870165549050587348e-05 5.599181575295621909e-05 4.794162520005424414e-05 3.971725107306888316e-05 3.227460866146923771e-05 2.145417583853155230e-05 1.650408863864154165e-05
2.685178940503632743e-04 3.006669881994775400e-04 2.964327865674637875e-04 2.627246828370096874e-04 2.222539394183078477e-04 1.905744174452647655e-04 1.652041741821899516e-04 1.451673926990878485e-04 1.255546129080087673e-04 1.124298248583090746e-04 9.800700856307446960e-05 8.611659739363365261e-05 7.965458308095758780e-05 6.903149289600903884e-05 5.666740875530560891e-05 4.841856435735510187e-05 4.014927964097574482e-05 3.275553230982090392e-05 2.189939787182107936e-05 1.683102072592375294e-05
2.682269596713464485e-04 3.013951122878580314e-04 2.967334191035387995e-04 2.628208870527972449e-04 2.225135527861455277e-04 1.908703302302147762e-04 1.654730263458718473e-04 1.452107115578888915e-04 1.254702815800361735e-04 1.119959398511016085e-04 9.752446094811135569e-05 8.579536900557139351e-05 7.949970750233589767e-05 6.885631431206717002e-05 5.618808424463908802e-05 4.802352815437389779e-05 4.003883596041438826e-05 3.263453265531956375e-05 2.195977976692456429e-05 1.671189575336027295e-05
2.682419861019485325e-04 3.010391115142509199e-04 2.962004188919155562e-04 2.625900108106590542e-04 2.223622337179884405e-04 1.908578688640410505e-04 1.655866949903455026e-04 1.450239219575436315e-04 1.249909046658287750e-04 1.118643596516084198e-04 9.759017079693055958e-05 8.581912200756263527e-05 7.962729001290765225e-05 6.926661134344358473e-05 5.680642302691361981e-05 4.833268202195729256e-05 3.986618607414949082e-05 3.273195686592921281e-05 2.197541548023411223e-05 1.708625912413670069e-05
2.685226722009373163e-04 3.009875420358328947e-04 2.960753744294194090e-04 2.622192553902287721e-04 2.221665173546628945e-04 1.907166076353688686e-04 1.652329721210753894e-04 1.448591023073961736e-04 1.250394683722517021e-04 1.117919383255023137e-04 9.769449528167391261e-05 8.580738873870954412e-05 7.946480439105766574e-05 6.892832764973460223e-05 5.615897633481656222e-05 4.803005933813257842e-05 3.978593450862683988e-05 3.256814507426288914e-05 2.160834694538492798e-05 1.678795288067995675e-05
2.682003501726668644e-04 3.010589867038596123e-04 2.964143083907242512e-04 2.626524912651607589e-04 2.226784982569633285e-04 1.910666014830003591e-04 1.656599325230139613e-04 1.453055815528352991e-04 1.252843720769184583e-04 1.120962946773909873e-04 9.766664671941515871e-05 8.600276953351832280e-05 7.952252874299523065e-05 6.920158019275911526e-05 5.643893040884309290e-05 4.828704056235497529e-05 3.973823703470548738e-05 3.218186388444250611e-05 2.125609939132522559e-05 1.653569731902349420e-05
2.678450049820105803e-04 3.009498318048095013e-04 2.960854680478679007e-04 2.623287043782753652e-04 2.219384010294524591e-04 1.905410164073060599e-04 1.654415409494032225e-04 1.449713160008410048e-04 1.250862850057887462e-04 1.119020441825324159e-04 9.759748741192919813e-05 8.561369735634279175e-05 7.926513105465216415e-05 6.843929784474814596e-05 5.557377809375743953e-05 4.725633394699442290e-05 3.922953378598490902e-05 3.249662630878531982e-05 2.185688528457770303e-05 1.699032936908757802e-05
2.682897382303824833e-04 3.008538841641998770e-04 2.966330828879178605e-04 2.628554050559863547e-04 2.225309142172884327e-04 1.913453212432497934e-04 1.657832504622864579e-04 1.454519233603246973e-04 1.254300120289814319e-04 1.123555688748700257e-04 9.760742932107389252e-05 8.562513148704105727e-05 7.926606479374509971e-05 6.901912880715611453e-05 5.635608126545716654e-05 4.801451227847693359e-05 3.922871213380405876e-05 3.172969257575368517e-05 2.113514760194785917e-05 1.657234768252456548e-05
2.678832506256122875e-04 3.008772800424108231e-04 2.957399070723445858e-04 2.622088590296513342e-04 2.220308763677800352e-04 1.907804870287388573e-04 1.653687767175425710e-04 1.452001996573957111e-04 1.254090696227226718e-04 1.121206383811693824e-04 9.768782587095890238e-05 8.568847942064716696e-05 7.953697932716395191e-05 6.906031229538562991e-05 5.646649252744857193e-05 4.816914579535004859e-05 3.963162030824147271e-05 3.229095629395381864e-05 2.146934963854231482e-05 1.674708881692724973e-05
2.682903139230108174e-04 3.008249247739197053e-04 2.967243137325208655e-04 2.627990589780954405e-04 2.225598126049814268e-04 1.908045349148875425e-04 1.652393580061723365e-04 1.450999085140001023e-04 1.253063035424349170e-04 1.121315026563765653e-04 9.761532640768929518e-05 8.565783055108782166e-05 7.933463045739531114e-05 6.883344563984679820e-05 5.630767342636897814e-05 4.828148567595304160e-05 4.022381172045642574e-05 3.297776247264047194e-05 2.174281007828893642e-05 1.651723546138059203e-05
2.676609119647463094e-04 3.006494379101612587e-04 2.964166313585363905e-04 2.622185105480980905e-04 2.224288209379223424e-04 1.908490039524905855e-04 1.655593400328120659e-04 1.453060299457843989e-04 1.253935986312804617e-04 1.121970446638952866e-04 9.802896506286121225e-05 8.622960302760756179e-05 7.981893748563643034e-05 6.893243593289137127e-05 5.613522565337255790e-05 4.767282883526986726e-05 3.954490293125081783e-05 3.242651866730795275e-05 2.191530243852832897e-05 1.693872526054666645e-05
2.676317327416671463e-04 3.008840920179978911e-04 2.966560332255382742e-04 2.628635404951129746e-04 2.229489600949840318e-04 1.913452760471001277e-04 1.661242716550288454e-04 1.457318323407261998e-04 1.255631793327812947e-04 1.121185863790688221e-04 9.770168356492136023e-05 8.605519795288086855e-05 7.975794287984024674e-05 6.897605974027147091e-05 5.624070172656847833e-05 4.817551961705583653e-05 3.998899540027741912e-05 3.261447920980388795e-05 2.192926043281290840e-05 1.720343678127015335e-05
2.680185563831178762e-04 3.009749878211435904e-04 2.962567327967712385e-04 2.625775983721663812e-04 2.225566854155443914e-04 1.912124701549658065e-04 1.656392867094531125e-04 1.452900204570146492e-04 1.253821444940380996e-04 1.120225576048589799e-04 9.781387297371217822e-05 8.618432248404592341e-05 7.995161207600254673e-05 6.915047564838881300e-05 5.649766632991503663e-05 4.821257094644798227e-05 3.992547571072403549e-05 3.247976929390427350e-05 2.145021511801953771e-05 1.655928950063462803e-05
2.676117111173283896e-04 3.010192062841127018e-04 2.964210974011707877e-04 2.624206388776905222e-04 2.220688590396535276e-04 1.906812544285892532e-04 1.652002335145864149e-04 1.449153198341666287e-04 1.253306249952936045e-04 1.121208632002141243e-04 9.767662742798434179e-05 8.589770391978969347e-05 7.961893097137588606e-05 6.880947714979112533e-05 5.595811486333852165e-05 4.787006126546172584e-05 3.989084959538332281e-05 3.263939031856132305e-05 2.144869803467409127e-05 1.655278855714014503e-05
2.687567152565361684e-04 3.014120608668625825e-04 2.967649751643547363e-04 2.628535471604656029e-04 2.225649098067669716e-04 1.904790683825549255e-04 1.651509286412529279e-04 1.449781857739275523e-04 1.251891953109672388e-04 1.118777350601689687e-04 9.765388155456375808e-05 8.599091561857799494e-05 7.980007730869872389e-05 6.892028019862947354e-05 5.637885783888671183e-05 4.809780940739621366e-05 3.973934700222161434e-05 3.249698588512082357e-05 2.175188259271257029e-05 1.683116636488590271e-05
2.681437685467982345e-04 3.011924918482336219e-04 2.964361828213977427e-04 2.626104597604336983e-04 2.222296124302491492e-04 1.910116910444597648e-04 1.655891540855324766e-04 1.453526202823222371e-04 1.254667497528336509e-04 1.122477080226555441e-04 9.803058082259997173e-05 8.605092872162124534e-05 7.964037615652166491e-05 6.907265390234861512e-05 5.660136130421142546e-05 4.843031395990763456e-05 4.019536273496560346e-05 3.279133045803308758e-05 2.194718755813829304e-05 1.684032072035555831e-05
2.684669453289460642e-04 3.008374499694293721e-04 2.963442993792623549e-04 2.630088636265427975e-04 2.225667918696488154e-04 1.910911494427195150e-04 1.656048688757035588e-04 1.454280085692745937e-04 1.256399097925443961e-04 1.124666928673756326e-04 9.792068234571630421e-05 8.624281784779917347e-05 7.990673337494244306e-05 6.904817579669179949e-05 5.611303231263276318e-05 4.788569937547177405e-05 3.972244111019046514e-05 3.261789795563892560e-05 2.200448373505951079e-05 1.716937152658021306e-05
2.684102522315985769e-04 3.008878616677802668e-04 2.964386667229752196e-04 2.626125420460142059e-04 2.222796089437468310e-04 1.908713456536096666e-04 1.652931194161115253e-04 1.449301175180904295e-04 1.251854608811567673e-04 1.123186494720188945e-04 9.771693248304752163e-05 8.585439690070764793e-05 7.952533322969300683e-05 6.887123778520177835e-05 5.604226173273616152e-05 4.785339824645359349e-05 3.981553934068091897e-05 3.262982085152187485e-05 2.196774408455929247e-05 1.677974623950038573e-05
2.673542949381627347e-04 3.005168326330816980e-04 2.962827487614275146e-04 2.626762887728095828e-04 2.224618779759520283e-04 1.908591053234921255e-04 1.655894235279303946e-04 1.454838949414135002e-04 1.254795288217522124e-04 1.121550775661573132e-04 9.767191636236291019e-05 8.577248260293809934e-05 7.928735276334689629e-05 6.857154582674017450e-05 5.561224492975815878e-05 4.699810015648356348e-05 3.875132854204648927e-05 3.174237683208247409e-05 2.117671196270109343e-05 1.680786357341088080e-05
2.678143148662045689e-04 3.004611248347927531e-04 2.960150842635553389e-04 2.621948991337288873e-04 2.220212819786699407e-04 1.904901572791426454e-04 1.651721714297124091e-04 1.448003199215773713e-04 1.248750103299469533e-04 1.117668306255659416e-04 9.732997977753636803e-05 8.573647290269074180e-05 7.925360296378379629e-05 6.856654439026277522e-05 5.584185747540641043e-05 4.786541401037211068e-05 3.967980477635925921e-05 3.203037685917699262e-05 2.093699708812593268e-05 1.597906757488062494e-05
2.678990404208643462e-04 3.003005924430512496e-04 2.960056163415554389e-04 2.623396516118095914e-04 2.220042934203419896e-04 1.908533105949999388e-04 1.655673083291105433e-04 1.453778929656887793e-04 1.256264810835828756e-04 1.122226055494347032e-04 9.780025272304413038e-05 8.583076723565830274e-05 7.961100411646109920e-05 6.911167053023286949e-05 5.654149582959929512e-05 4.831565658298458347e-05 3.998411313834842338e-05 3.277004386103460240e-05 2.198172144993603509e-05 1.703393266931746658e-05
2.674578299048876204e-04 3.001495904758324433e-04 2.954571840475566551e-04 2.620635418176668922e-04 2.223797951732651578e-04 1.911115597175372046e-04 1.657290964950166332e-04 1.453782683750317413e-04 1.251436741200371401e-04 1.119846211051215076e-04 9.758155844187509900e-05 8.596115710951391493e-05 7.942448920509980045e-05 6.878149035860482675e-05 5.599161843122504634e-05 4.778847168210522301e-05 3.958754250975562365e-05 3.246156290825350416e-05 2.184188857566319694e-05 1.700643625618926077e-05
2.684636368317803784e-04 3.012454660205664356e-04 2.965220823685350794e-04 2.625476326752994305e-04 2.224175636617468975e-04 1.910048156416732504e-04 1.657080008201224867e-04 1.453859262779788435e-04 1.254712249096194847e-04 1.122779774460919432e-04 9.778452173824911853e-05 8.590350959011528408e-05 7.965459486449831083e-05 6.891301355356984249e-05 5.611446278341607923e-05 4.801021323461102862e-05 3.998593605442718414e-05 3.269167547854029871e-05 2.200212832739815012e-05 1.709775957130241363e-05
2.684396217802819209e-04 3.010923739526531143e-04 2.965000963849599605e-04 2.629138989690134147e-04 2.226418438592272717e-04 1.912485303406702333e-04 1.656327383392974188e-04 1.451765497254920497e-04 1.252418977760920231e-04 1.120328912853663669e-04 9.769743411583398877e-05 8.607157559118323300e-05 8.007033482100339890e-05 6.942666145134914672e-05 5.683106858955434311e-05 4.873380522886649091e-05 4.034974316578136491e-05 3.283415155487553311e-05 2.193319175798045417e-05 1.698384957776572253e-05
2.684960696125122189e-04 3.007867304165565462e-04 2.966141075230603369e-04 2.624648128497627728e-04 2.223687257139478075e-04 1.912857264882240665e-04 1.658480977818695308e-04 1.455356816900636317e-04 1.256363276883840107e-04 1.122264945092920821e-04 9.805894362212317706e-05 8.606161522819407480e-05 7.982146171296979824e-05 6.910093354078208449e-05 5.649041043938148656e-05 4.824597614732404027e-05 4.010213842655299942e-05 3.290221024143082979e-05 2.188072297601938764e-05 1.694170106054133110e-05
2.679933379578126212e-04 3.008549654025816371e-04 2.965143419920755015e-04 2.625952400437355557e-04 2.222347451171942368e-04 1.909413314355445912e-04 1.654596258122451946e-04 1.451831342042934393e-04 1.253086407871977447e-04 1.122388173545216624e-04 9.802894406955292420e-05 8.629262362590150895e-05 7.993797054126549565e-05 6.960177303425038142e-05 5.683773359312914610e-05 4.859389722095967855e-05 4.051575945931155449e-05 3.324306859937386886e-05 2.217312533013869542e-05 1.700778727357604416e-05
2.683544482608645160e-04 3.014349496259396250e-04 2.965607928952564707e-04 2.629863767257796872e-04 2.224386604903931866e-04 1.912877293249307976e-04 1.657435586009998899e-04 1.453443839723837241e-04 1.254697154994554068e-04 1.123279172608335289e-04 9.794366068975955523e-05 8.615184438315661179e-05 8.006750531213022387e-05 6.967743251233092636e-05 5.691139893310440329e-05 4.857247860171906253e-05 4.037356567615869374e-05 3.302448402770889215e-05 2.177619452913064036e-05 1.698370854527499993e-05
2.680233830180682626e-04 3.006857439492326470e-04 2.963054763451292107e-04 2.623444171125705244e-04 2.223989744129914643e-04 1.907347623630523191e-04 1.654174367304381147e-04 1.448686538237346105e-04 1.251026206645098411e-04 1.119427009592229504e-04 9.790006861701509974e-05 8.596986269888654702e-05 7.928017854397704752e-05 6.857921420433099851e-05 5.614817976163150232e-05 4.792957434089015607e-05 3.956325127809291102e-05 3.213799954899508761e-05 2.133189446714403901e-05 1.655383977017791489e-05
2.683606866295509450e-04 3.010093972071393358e-04 2.965148500892129447e-04 2.627988610793152865e-04 2.223940727188667343e-04 1.911375767861462390e-04 1.657608916521486665e-04 1.453162222570342178e-04 1.253106815613104323e-04 1.120159288565339694e-04 9.767037693447043066e-05 8.607358034583046128e-05 7.994488197326694054e-05 6.930095261002310796e-05 5.634818441742545959e-05 4.806114839449694627e-05 4.020874294936420547e-05 3.275365410839561127e-05 2.204250516149264353e-05 1.702667134570641922e-05
2.678836580885278549e-04 3.010243017984896245e-04 2.965675640261045977e-04 2.625038446785713680e-04 2.224306026177772899e-04 1.907240562943708564e-04 1.655509401309051849e-04 1.453394964340768694e-04 1.251383789823628330e-04 1.119126133421727949e-04 9.789430670435061857e-05 8.615413178642758452e-05 7.966117120894126568e-05 6.862434610649884709e-05 5.599138768093426377e-05 4.788182899060651189e-05 3.936675222113447068e-05 3.224376016358315841e-05 2.157326904916723103e-05 1.671484568303945845e-05
2.677493530639511363e-04 3.006747709405060563e-04 2.963823198563100402e-04 2.625729501224577942e-04 2.222038257962616944e-04 1.909828361859124178e-04 1.659010206805196978e-04 1.455280866126789090e-04 1.253967176544609264e-04 1.121012291783216275e-04 9.796555877189830027e-05 8.605833987545640060e-05 7.987962024567507732e-05 6.920018109776291304e-05 5.669672286026278431e-05 4.823596017108449486e-05 4.001809487771600343e-05 3.272062603892745658e-05 2.203909023349801818e-05 1.682366833309134802e-05
2.679565562083995088e-04 3.007043148847533083e-04 2.962858361837030353e-04 2.627481847940436053e-04 2.225806383213432924e-04 1.910594767916401200e-04 1.655677608010093049e-04 1.452216176474136942e-04 1.253059036635976531e-04 1.120913546439924715e-04 9.774674917773365295e-05 8.600586107191086373e-05 7.954414607000972147e-05 6.906590801058777032e-05 5.655423385209259861e-05 4.805957858256711248e-05 3.963222935607750856e-05 3.231156227173001278e-05 2.157400558329704266e-05 1.659191656733064691e-05
2.679277791411944858e-04 3.010046525131186853e-04 2.962501431229856491e-04 2.628450814499147872e-04 2.226964470086469051e-04 1.912552628828483676e-04 1.657646787608137975e-04 1.453123680626608417e-04 1.255376038581487339e-04 1.122979991744609419e-04 9.791137273160426674e-05 8.588067840144971939e-05 7.958857995811568196e-05 6.909969248889093381e-05 5.639384052407489506e-05 4.833981621233422396e-05 4.001565136270791368e-05 3.264250095332587643e-05 2.170827943503770335e-05 1.678655629489182955e-05
2.677533416845469987e-04 3.007971583053249578e-04 2.959445553257320383e-04 2.623946739778902572e-04 2.222266840555860840e-04 1.907457074428342710e-04 1.654393062357195079e-04 1.449868670850472602e-04 1.254256650451231376e-04 1.123097360791960338e-04 9.782511495818033739e-05 8.599246730477847704e-05 7.953538944072271544e-05 6.908152714807808950e-05 5.643177405509047355e-05 4.824304080078776200e-05 3.985336915368149953e-05 3.257882395608153770e-05 2.161055810766730103e-05 1.653556553325553707e-05
2.682905475343924672e-04 3.014176028667777166e-04 2.966728352631021678e-04 2.628886849179671442e-04 2.228377297271399960e-04 1.910318816094114583e-04 1.656042825024842645e-04 1.451322344805309041e-04 1.252015522751817459e-04 1.121684717890599956e-04 9.783171494975751044e-05 8.603428905583286840e-05 7.952583849323017942e-05 6.867560139158543180e-05 5.595586585702189326e-05 4.807315527225567721e-05 3.994572237941448309e-05 3.261341217787656113e-05 2.205329804685718395e-05 1.715955343799883858e-05
2.680827577039781185e-04 3.011793233805629393e-04 2.963209955765314617e-04 2.628365414067527790e-04 2.225540865405732074e-04 1.910868596131183779e-04 1.654017506565839003e-04 1.449159000548815815e-04 1.251754597883944443e-04 1.120777146322787457e-04 9.786773071315955279e-05 8.611693423200076074e-05 7.977595891352913494e-05 6.910186596952127126e-05 5.639026076708080100e-05 4.796017853174059444e-05 3.962321651138732680e-05 3.227952375560634319e-05 2.153623433783536601e-05 1.637846455592662295e-05
2.676329170662401281e-04 3.003941899874417376e-04 2.961844729025491060e-04 2.625233217960620943e-04 2.221290334474764242e-04 1.908899210732085841e-04 1.656260429210039528e-04 1.453188502193738477e-04 1.253640039105458656e-04 1.121281540696107693e-04 9.778823959405455002e-05 8.586954787402742342e-05 7.956710446112596655e-05 6.895637808253193845e-05 5.646333891794093069e-05 4.810033413397021791e-05 4.000284168837280854e-05 3.263679642351894835e-05 2.155669993208912647e-05 1.667900264201289433e-05
2.679090047771835173e-04 3.006541566465383768e-04 2.963443412492920963e-04 2.624176197355374430e-04 2.221714484062173333e-04 1.909965122145968267e-04 1.656552955481033370e-04 1.453374958474047695e-04 1.255705521865962038e-04 1.124779859606528170e-04 9.794919954448731822e-05 8.599650235060219143e-05 7.937514196192584862e-05 6.878938830140423602e-05 5.592323541609456349e-05 4.759495464276551239e-05 3.993065940896290420e-05 3.241073846104022479e-05 2.157977010765968083e-05 1.678077569260615778e-05
2.679742808074031340e-04 3.009702108224072883e-04 2.960617419635474829e-04 2.625617888976792473e-04 2.222550784281362242e-04 1.907927376239563664e-04 1.655197721106213278e-04 1.452749256087058709e-04 1.253397461264550543e-04 1.121261999139898526e-04 9.785163942930965393e-05 8.596150238606521578e-05 7.946632572442985127e-05 6.901379437072913310e-05 5.624804611469857453e-05 4.815663190508177920e-05 3.991631998726620544e-05 3.256231812270984010e-05 2.162991366356410309e-05 1.682742737319279752e-05
2.683281195217884860e-04 3.010416417019868966e-04 2.964068101343300980e-04 2.627066077877348292e-04 2.225636039243009524e-04 1.909136765200193056e-04 1.656529509924979042e-04 1.454869156657709990e-04 1.255174891688462014e-04 1.119903574277709778e-04 9.737154475432441335e-05 8.560168347201376263e-05 7.925128957736941166e-05 6.866188001980938265e-05 5.602048743595368320e-05 4.779471566116228636e-05 3.942894633515803222e-05 3.225953065600656734e-05 2.162147498302577944e-05 1.695595052006477010e-05
2.676902491377393086e-04 3.008122085647618889e-04 2.958394584969467329e-04 2.617301491385050968e-04 2.220111208070719598e-04 1.905765606719032727e-04 1.655155077524004853e-04 1.452683332584570096e-04 1.255742598615804291e-04 1.124821004472393915e-04 9.808469889274244410e-05 8.635463894504809539e-05 8.013413082839873516e-05 6.943258114068297509e-05 5.695253032105595582e-05 4.882969931279742420e-05 4.027418641284303494e-05 3.287678008585563427e-05 2.200624327264724472e-05 1.683993255280317680e-05
2.678543639237793367e-04 3.006879618760162852e-04 2.961837241605375180e-04 2.625962855120387391e-04 2.224647621778491169e-04 1.909174570712943620e-04 1.657278028416280923e-04 1.455593499090288012e-04 1.257325103940342282e-04 1.124932099969760344e-04 9.799954754396560672e-05 8.596293583298590766e-05 7.974755352884955399e-05 6.922406701151554494e-05 5.680403309722312325e-05 4.834987956437374838e-05 3.996495430998920527e-05 3.283549759999463563e-05 2.209778568573614199e-05 1.706846066253499359e-05
2.677029430009342627e-04 3.006977813342858971e-04 2.958139349057878451e-04 2.621477586995076339e-04 2.218689919750556567e-04 1.906367338715597628e-04 1.652760169919355630e-04 1.451496921053413696e-04 1.252235016140107351e-04 1.120192372977274063e-04 9.761024449664373805e-05 8.585702362127999585e-05 7.954612854697976955e-05 6.886508425889402310e-05 5.631861398936293121e-05 4.829331040142529323e-05 3.977393582628651291e-05 3.255649119863670828e-05 2.160500236225547586e-05 1.691887849094218145e-05
2.680529130565879794e-04 3.007378936397516931e-04 2.963476681064898099e-04 2.627595806641215993e-04 2.226169949546773739e-04 1.908819278966142851e-04 1.656552745747966410e-04 1.452645264258598911e-04 1.253444357919092844e-04 1.121488463543790748e-04 9.800064498489337197e-05 8.606079257948175392e-05 7.957448292776600810e-05 6.897382707203883153e-05 5.641015911306873263e-05 4.838402973134336001e-05 4.006866349203893544e-05 3.260732248424015264e-05 2.177215231242334570e-05 1.678218390316016267e-05
2.676704246698270446e-04 3.008431784520134399e-04 2.963441176732909050e-04 2.626735450174961378e-04 2.223993560649322279e-04 1.909929014799200536e-04 1.654639370623710824e-04 1.451400564064399669e-04 1.252535173515752643e-04 1.121617641188800939e-04 9.781674797053753045e-05 8.609828724846476170e-05 7.991161548080893864e-05 6.925430344852346817e-05 5.636355166350449187e-05 4.807422130396219671e-05 3.986495400114301962e-05 3.250587301095337207e-05 2.168208133054869369e-05 1.683056290726218769e-05
