6.357944568660702789e-01 -3.837970460763319380e+01
2.345510338945438278e+01 -1.213367776053436842e+01
7.071708762143729565e+00 -3.169906316836627269e+01
1.601477004978780982e+01 -2.189707575850895793e+01
3.208005006615925225e+01 -8.609333393665250966e+00
1.003044499257238265e+01 -2.849521706656186026e+01
2.735138455449109074e+01 -1.211985083014851305e+01
4.110678054494018596e+01 1.216689505478418365e+00
3.047048731483390682e+01 -3.845222335122785218e+00
2.339325069029869297e+01 -1.653891288419367811e+01
3.448664548638471672e+01 2.756582874410538064e-01
3.046820262755081554e+00 -3.480701955793482938e+01
9.866646133336368862e+00 -2.348856421536815375e+01
1.398204479183694815e+01 -2.517104486844019462e+01
3.659369655803497778e+01 -4.374236054060157031e+00
2.072379214228901034e+01 -4.545232499935931259e+00
1.937767423138770084e+01 -1.481961953105556340e+01
3.413152957758685879e+00 -3.028169824006907618e+01
6.627860406156683482e+00 -2.651654171896397116e+01
1.955049224569582833e+01 -1.936345665268331118e+01
1.552558379518417908e+01 -1.740310666769314807e+01
2.409236557670228152e+00 -4.459061003984437832e+00
1.226879976612386614e+01 -2.047286720449605113e+01
2.623029963266099074e+01 -6.529488948983588337e+00
2.720731720507271234e+01 3.710921287490644427e-01
