# th, boost_factor, err_boost_factor
2.805046135754908576e+00 1.008018177378109614e+00 8.815800480528345785e-04
3.531343861556885511e+00 1.006462006603511927e+00 7.238939218166616073e-04
4.445698525097307119e+00 1.005437354446322429e+00 7.307890826700235223e-04
5.596802846420849242e+00 1.004223588395962263e+00 6.248257039395147200e-04
7.045957328161136068e+00 1.003903353047157720e+00 5.935212743551208274e-04
8.870334730839386950e+00 1.003355354468029370e+00 5.582961847389211101e-04
1.116708980377407912e+01 1.002586746489147140e+00 5.281424783088305847e-04
1.405853312975872704e+01 1.002632616619632433e+00 4.998608445521838042e-04
1.769864460960344488e+01 1.002429970497309419e+00 4.663545823683909117e-04
2.228127345334364406e+01 1.002420045867500109e+00 4.466520436894345762e-04
2.805046135754909287e+01 1.002199337648873811e+00 4.468281444014122940e-04
3.531343861556886310e+01 1.002035054995221941e+00 4.250037254245088978e-04
4.445698525097307652e+01 1.001763050962534374e+00 4.319957809854698305e-04
5.596802846420851552e+01 1.001506407782476016e+00 4.477413622251183163e-04
7.045957328161136957e+01 1.001407415052164129e+00 4.785509525821170858e-04
8.870334730839388726e+01 1.001254315924620553e+00 5.243199174299623816e-04
1.116708980377408125e+02 1.001128058760893502e+00 5.640120035152495267e-04
1.405853312975872882e+02 1.001178813238129406e+00 6.502082233281026398e-04
1.769864460960346548e+02 1.001401533824943346e+00 7.787999830000157456e-04
2.228127345334363838e+02 1.001656771722374106e+00 9.127071733791194529e-04
