# gt_boosted (sum of gt_boosted from all patches except for one, different each time)
2.414372961483100572e-04 2.646705606908363690e-04 2.635263889903005120e-04 2.351108813007574594e-04 2.016338976996805675e-04 1.700525309204084035e-04 1.483298506927885872e-04 1.291300004805052352e-04 1.107773873466981734e-04 1.007095020802687460e-04 8.790617984694374244e-05 7.792532506849753429e-05 7.173402826774071569e-05 6.190489330376504774e-05 5.046504445523449563e-05 4.283031678492645798e-05 3.540544336137748863e-05 2.901356084681349805e-05 1.976600221705406530e-05 1.510755966867495970e-05
2.414177400374003472e-04 2.648231781818269001e-04 2.635107512321483228e-04 2.353191908917804927e-04 2.017932473214340547e-04 1.697805093320881606e-04 1.480578679624102736e-04 1.291966480199030791e-04 1.109173498121136244e-04 1.004697043900305462e-04 8.765143048249667316e-05 7.744384903507809358e-05 7.143023952868522881e-05 6.167278522239950066e-05 5.017486041010675308e-05 4.279177864451989106e-05 3.578986178095417331e-05 2.944974280498926939e-05 1.956810085105898961e-05 1.494668074194989990e-05
2.411702886121331853e-04 2.642551612908334148e-04 2.633031738621748703e-04 2.350210949434140774e-04 2.012427799014183439e-04 1.695607455383310992e-04 1.481299840142705020e-04 1.292137090250031358e-04 1.107901056085813161e-04 1.005416095335938035e-04 8.765828141420635704e-05 7.751704381248442587e-05 7.152549837670949331e-05 6.178116157732840450e-05 5.060394326202801194e-05 4.322471662900501674e-05 3.576170644799529541e-05 2.953710773309940743e-05 1.993977244252395580e-05 1.520643479556278723e-05
2.411257203836237857e-04 2.646187882243499867e-04 2.632222915107635753e-04 2.350608540771721743e-04 2.014123557910539152e-04 1.696938095864776940e-04 1.480085401288048651e-04 1.288497075289073417e-04 1.106145874901791126e-04 1.003002392278797461e-04 8.755038722434118801e-05 7.749624458822673852e-05 7.161706688307366666e-05 6.201716738058062712e-05 5.061356940852481843e-05 4.305230163104062027e-05 3.555490716921847345e-05 2.925075788574258697e-05 1.967718456201662805e-05 1.479158282283412048e-05
2.411049540853574724e-04 2.645927837885581621e-04 2.636597805380734832e-04 2.355589094223614968e-04 2.018982792137910553e-04 1.701288033661689395e-04 1.486688253837373708e-04 1.294471270786559029e-04 1.108900362800736351e-04 1.004502462693979158e-04 8.773048409214984523e-05 7.765117509600269843e-05 7.154297830505053617e-05 6.181194072569762526e-05 5.048941019258334768e-05 4.302940751260099972e-05 3.560653178022573430e-05 2.917885866859826175e-05 1.958856781557592288e-05 1.507630770630520013e-05
2.414106102076582006e-04 2.649645389435363574e-04 2.635165350856167005e-04 2.353309251115389539e-04 2.017693377164568765e-04 1.702149244900822735e-04 1.485739619215101258e-04 1.293526593489239607e-04 1.110077022716978693e-04 1.004604414647322939e-04 8.775315269257770976e-05 7.760662191925820057e-05 7.150477971371068243e-05 6.195274603417537363e-05 5.072873395207890842e-05 4.318598946756895581e-05 3.563884823089695270e-05 2.917709607769310227e-05 1.965393769563653767e-05 1.484031381161879933e-05
2.411745091593949625e-04 2.646743262484160396e-04 2.635937188338332866e-04 2.355199095864916360e-04 2.020655995742811175e-04 1.700491640363030661e-04 1.482954473203593312e-04 1.291555550865451348e-04 1.105958544001580258e-04 1.000472162252770896e-04 8.744130075824611261e-05 7.741504218748519804e-05 7.138690666736217071e-05 6.179357663350905849e-05 5.035034049933789687e-05 4.248437017654143320e-05 3.494440465003538574e-05 2.864150537265528642e-05 1.906152676026406933e-05 1.438675755473925650e-05
2.409494184254730215e-04 2.643582490381711264e-04 2.632715071555622095e-04 2.349587550392698851e-04 2.013079248029921772e-04 1.697115593298333602e-04 1.481411055860196266e-04 1.289892621740855634e-04 1.106604349340712491e-04 1.003962542223350428e-04 8.773639176843370854e-05 7.770368901117053091e-05 7.161377805015343252e-05 6.169022128136705048e-05 5.040075606497338334e-05 4.315365026053860989e-05 3.571414070422573368e-05 2.928719981268092332e-05 1.979296979933294439e-05 1.521009434601763342e-05
2.411799492964027190e-04 2.646561543419849341e-04 2.634796779912740197e-04 2.356757880631343035e-04 2.021182376797469422e-04 1.700158730734036439e-04 1.483184294947859127e-04 1.291373060624430020e-04 1.106883330480532284e-04 1.002818117206514533e-04 8.778412609731658749e-05 7.762283714819907940e-05 7.142821406328171620e-05 6.177984201333633981e-05 5.038605875173905767e-05 4.283700992029353967e-05 3.547985690105014773e-05 2.910910203448464014e-05 1.952482809089713480e-05 1.477270749227221574e-05
2.414919976270752788e-04 2.643959741157087288e-04 2.634860361817647828e-04 2.350152426324945119e-04 2.014469272282458259e-04 1.697941035086469061e-04 1.480765622785433565e-04 1.288463587709190396e-04 1.103996846199758883e-04 1.002466434844920522e-04 8.770248933180248968e-05 7.755026774934636359e-05 7.148567828677953716e-05 6.207616757112188863e-05 5.088647190953880383e-05 4.316209903178992773e-05 3.566268724325488357e-05 2.931237307219093782e-05 1.970738103071382642e-05 1.492705275113065569e-05
2.413071693087417893e-04 2.649552568070846444e-04 2.635501364018546372e-04 2.351481573551558073e-04 2.016490491597032518e-04 1.698318435557647171e-04 1.479532239388349350e-04 1.286375738957982020e-04 1.105711181816118854e-04 1.004154405520237149e-04 8.777259737734619742e-05 7.756759380493058508e-05 7.157550704833411082e-05 6.200868055143717830e-05 5.065131505984430928e-05 4.297273722009881163e-05 3.546391474188623048e-05 2.908619087499066434e-05 1.957655452804327927e-05 1.503468964074144428e-05
2.415045126776866236e-04 2.643763342628945761e-04 2.630142179052065736e-04 2.348133540544710741e-04 2.014065784797700292e-04 1.696465275668805302e-04 1.481152058745124661e-04 1.289569361604472344e-04 1.105738246614166686e-04 1.003319393111309638e-04 8.762542583008805792e-05 7.759999760777934420e-05 7.139376815315021780e-05 6.169083255045052362e-05 5.012721655767985905e-05 4.252876943313534623e-05 3.479509608125291349e-05 2.846219309246765359e-05 1.907138939757089727e-05 1.469825920046276350e-05
2.411840426537339250e-04 2.647906984718565696e-04 2.636010428569597608e-04 2.353986348594436326e-04 2.017937113181436800e-04 1.698151276517192185e-04 1.483211502569131723e-04 1.293193487868512072e-04 1.108878373860543886e-04 1.005128930642236630e-04 8.784229101603934094e-05 7.781957681012471016e-05 7.167175308945581216e-05 6.165928624694959218e-05 5.023168260875984119e-05 4.273702232008333679e-05 3.532610326022540310e-05 2.902577803517407886e-05 1.956157431241146831e-05 1.484912378158605323e-05
2.414991942800020250e-04 2.648845983519326243e-04 2.638355205075355349e-04 2.355228603891883611e-04 2.020002988164908966e-04 1.700665267671659328e-04 1.484664438691161428e-04 1.292233500016040399e-04 1.107282571156802153e-04 1.004174233912007858e-04 8.757436454898680797e-05 7.735366061794985934e-05 7.120945427712825930e-05 6.148228468851076717e-05 5.006834742353470679e-05 4.265326287186687221e-05 3.515352447754035742e-05 2.866002295866996546e-05 1.900757298457872866e-05 1.442051966440126027e-05
2.411804950944665816e-04 2.648389632429214483e-04 2.634142714508340422e-04 2.351306078828775323e-04 2.015306900988812549e-04 1.699534131785563414e-04 1.482270946098864287e-04 1.292591212950844944e-04 1.109152764827468714e-04 1.004238488931940307e-04 8.757055350273067250e-05 7.758617772166736463e-05 7.137517294767395024e-05 6.169573895012966762e-05 5.048593450244834020e-05 4.309690650459706984e-05 3.555696710157642309e-05 2.905216634250681830e-05 1.943354818787190516e-05 1.468780721970899732e-05
2.413620734707423862e-04 2.646157941315324517e-04 2.635515696880838684e-04 2.354050475577385362e-04 2.015636593438804457e-04 1.699964190802285039e-04 1.484428352722101077e-04 1.293017469308063098e-04 1.109104274247751460e-04 1.007136870949410792e-04 8.784881420108367337e-05 7.748851047895310886e-05 7.161373556076891739e-05 6.199767037453818492e-05 5.061449069846030608e-05 4.297010097369090580e-05 3.553597100220280805e-05 2.931649260214640591e-05 2.006174885088519484e-05 1.543510635208637194e-05
2.409399232216283965e-04 2.647439067544428621e-04 2.631037538203137788e-04 2.352013030492675516e-04 2.016811826281268098e-04 1.697311643009944727e-04 1.482244116509248504e-04 1.294305239475325355e-04 1.112415387643051292e-04 1.008858428004271249e-04 8.791037416404519616e-05 7.788889663125188128e-05 7.156807838054760681e-05 6.156688852316591766e-05 5.019398765891018089e-05 4.304666626893701570e-05 3.595735045681429311e-05 2.956091960583226750e-05 1.989680207859922747e-05 1.476436785503646690e-05
2.412388001502597536e-04 2.651829478522322323e-04 2.636091277486138145e-04 2.351909565668767099e-04 2.017629201139269958e-04 1.699621007676850321e-04 1.482646812453308738e-04 1.291644455233871428e-04 1.106787419466754164e-04 1.003176399814550057e-04 8.758054289681536497e-05 7.735857267494441265e-05 7.120563372805078313e-05 6.137988068585378896e-05 4.985876562223466737e-05 4.216301983752419739e-05 3.490028577852802012e-05 2.861947966042150781e-05 1.922482357346175832e-05 1.473436621283464398e-05
2.407426060729969989e-04 2.641844255634136543e-04 2.625144468913533915e-04 2.345423457509968079e-04 2.011979350812250888e-04 1.695697231428818679e-04 1.479998742445470122e-04 1.289965427041941753e-04 1.107808301478243224e-04 1.004023505929439096e-04 8.752517427469595171e-05 7.729146163158844018e-05 7.137727374656081076e-05 6.170439325348828989e-05 5.041201455962332760e-05 4.299028567846565192e-05 3.556537391887367686e-05 2.939225136164029238e-05 2.010214098317882083e-05 1.511454689162825433e-05
2.411566871091919378e-04 2.645796755729981262e-04 2.637464292456473598e-04 2.349976286909045118e-04 2.017253922286606671e-04 1.698032039783182047e-04 1.480912084157847276e-04 1.288495967893765965e-04 1.107109709940557108e-04 1.005555445299658926e-04 8.790289136967488904e-05 7.774593556083177605e-05 7.185669768829671419e-05 6.200932978826900863e-05 5.051241230451417269e-05 4.290213730779638242e-05 3.544273956515614943e-05 2.924071658686263706e-05 1.986405701946145354e-05 1.485956086893819140e-05
2.412432220797065471e-04 2.639161831222528744e-04 2.626573812081204793e-04 2.344886558718138722e-04 2.012441482041861735e-04 1.693050939648793813e-04 1.477702462067852684e-04 1.286212648061718503e-04 1.103548261456894369e-04 1.001163368721018435e-04 8.752074148361921693e-05 7.744523821942862741e-05 7.110559566930822186e-05 6.135895886151832024e-05 5.027042382162959087e-05 4.265689062115338452e-05 3.541134894674789069e-05 2.912271091646918009e-05 1.963631258956192777e-05 1.497406256993229738e-05
2.415869927905885768e-04 2.649465867381806724e-04 2.635329842885414842e-04 2.350733538582421641e-04 2.015873343130153200e-04 1.700946285589165056e-04 1.481732400645314107e-04 1.289842093941240395e-04 1.107825082836271533e-04 1.005396852160669999e-04 8.794604787188295913e-05 7.793602541583670603e-05 7.190647191905293403e-05 6.242749096161858606e-05 5.084786606626739069e-05 4.305927197401508200e-05 3.552691667534636609e-05 2.914986361839003596e-05 1.958534835468796713e-05 1.488341928480418214e-05
2.415172680617854275e-04 2.647276320673848425e-04 2.635325892606304944e-04 2.352484488410309601e-04 2.016626921685538859e-04 1.700604099242127736e-04 1.485328399355072618e-04 1.292333140718435116e-04 1.110852148566454802e-04 1.006281734224035395e-04 8.797623145111504105e-05 7.769301125565938502e-05 7.185775101840432611e-05 6.209556331916440757e-05 5.079026177598095106e-05 4.333135357222824024e-05 3.587249825193505632e-05 2.947935045033586531e-05 1.983414380548190325e-05 1.513367849564024178e-05
2.411401320082966399e-04 2.646136469482812648e-04 2.635283168249785940e-04 2.352736541896230816e-04 2.016994976949342097e-04 1.699416278686784675e-04 1.481318712665339850e-04 1.291136912829808452e-04 1.109212823170122877e-04 1.006077283007855456e-04 8.785390190499169029e-05 7.764074014779828389e-05 7.173385485509362644e-05 6.194083894065233328e-05 5.061560914962402822e-05 4.307046775063132465e-05 3.562941429864681527e-05 2.935046317855902616e-05 1.975279520080737270e-05 1.517205807249852074e-05
2.412592114051792394e-04 2.647127263207874320e-04 2.634925976894927240e-04 2.356542511933381202e-04 2.019696136759957386e-04 1.699739271534278376e-04 1.483051416801780035e-04 1.292477995689769504e-04 1.109667019775394185e-04 1.006864940291951073e-04 8.784056257694357979e-05 7.771353783231666639e-05 7.166173882399711642e-05 6.185957368024028039e-05 5.020884238136182683e-05 4.266099117603884289e-05 3.519762337372978061e-05 2.901933772454241129e-05 1.958298656018244826e-05 1.503296649862845707e-05
2.408944044775747123e-04 2.645601164896161858e-04 2.627302676420871226e-04 2.349193196015198284e-04 2.013927738736350133e-04 1.694338683895352498e-04 1.480456927679248092e-04 1.290221039877976876e-04 1.106544095554009877e-04 1.003232136484942359e-04 8.757813932894232547e-05 7.743094745340941101e-05 7.157825698214385544e-05 6.166391967815339822e-05 5.018079828658840056e-05 4.271341110458824709e-05 3.508527785241504686e-05 2.881318086781724434e-05 1.914543101587564664e-05 1.448582160070012512e-05
2.411049852236530548e-04 2.648641920960517564e-04 2.637611986374701310e-04 2.356144089642796073e-04 2.016103006049246491e-04 1.695663393628047398e-04 1.480959919216247778e-04 1.291396260926046659e-04 1.110537893015663759e-04 1.008574305186249952e-04 8.806315931816300550e-05 7.766879395200964860e-05 7.159495013429768840e-05 6.189899271170984168e-05 5.047564986537567177e-05 4.292237518654211257e-05 3.546434388119625551e-05 2.933175070501820646e-05 1.989448296252234710e-05 1.542011804136389602e-05
2.412861542753505040e-04 2.647818716869292468e-04 2.634720282117737926e-04 2.354072428234828696e-04 2.019878825258885388e-04 1.701554978720749606e-04 1.486903762897260099e-04 1.292345135234793715e-04 1.109411042518741763e-04 1.006993249539813454e-04 8.795707192597012876e-05 7.771704802566044919e-05 7.153154655937900351e-05 6.183011225831896941e-05 5.034495662875526005e-05 4.289687588551531169e-05 3.536755032292870216e-05 2.896094957231005876e-05 1.945892741471596886e-05 1.465938782874462676e-05
2.415605260741396658e-04 2.651810510009563549e-04 2.638951934510326384e-04 2.355838291980763967e-04 2.018376139264573183e-04 1.699388219151990527e-04 1.483121262607190014e-04 1.292998338909155849e-04 1.108440080005985133e-04 1.006537270856592582e-04 8.787546445683187596e-05 7.783981587590055589e-05 7.159129623746634662e-05 6.181128309587640714e-05 5.025586402218080718e-05 4.283731585567983737e-05 3.556184478439125172e-05 2.949176408050958984e-05 2.008145161351374968e-05 1.507533698646750418e-05
2.413350979093202651e-04 2.647344744716950368e-04 2.633784830330757618e-04 2.351695770861139190e-04 2.016083950284371649e-04 1.696551397625336601e-04 1.480280374225397303e-04 1.288690878443024318e-04 1.105732880484087879e-04 1.002517957289599367e-04 8.770070604641456134e-05 7.755991143260223620e-05 7.168301251996103153e-05 6.199285854987995133e-05 5.048399060631119718e-05 4.283642383668237230e-05 3.545174369041459938e-05 2.889245480464571004e-05 1.969788852504090120e-05 1.521287818061803220e-05
2.412974897629174137e-04 2.644265750808597829e-04 2.631737873847509422e-04 2.349626105666959344e-04 2.013869568467228260e-04 1.694690891345204567e-04 1.478920690169697918e-04 1.289624015455833131e-04 1.106665262427460489e-04 1.004015114432839535e-04 8.776936195125273517e-05 7.768702398450493733e-05 7.156635559672783003e-05 6.174342064435606626e-05 5.041778598735141830e-05 4.312158240448632810e-05 3.576374655601772607e-05 2.941238017904320717e-05 1.985815847084316645e-05 1.515746430211654541e-05
2.410720989207162349e-04 2.645829610069841908e-04 2.634442206107320415e-04 2.350424633655528810e-04 2.017010019487163472e-04 1.695107533478417317e-04 1.481826059342635784e-04 1.290027053512149044e-04 1.106971489070089030e-04 1.004383018959241020e-04 8.759071765253241852e-05 7.741145763098785445e-05 7.155692034491975854e-05 6.196502308670120496e-05 5.063239943273986675e-05 4.316785832476690839e-05 3.560482811918622110e-05 2.916289564504639888e-05 1.953131005470258835e-05 1.482990905190307688e-05
2.408672900226929779e-04 2.642834051584498981e-04 2.629286221869716494e-04 2.349143374673599589e-04 2.011883895892006206e-04 1.696562898464651782e-04 1.481738975213008568e-04 1.289547890140734497e-04 1.105284659894191534e-04 1.003984850024518792e-04 8.783692068322222399e-05 7.805692723875668208e-05 7.205956000127577488e-05 6.216249477393164251e-05 5.092601565601705078e-05 4.328063391086760383e-05 3.567814504369337084e-05 2.931288970583068986e-05 1.968377596099102299e-05 1.496177313722884873e-05
2.417035318604222806e-04 2.648428200346866356e-04 2.638655896532638876e-04 2.355254809191736714e-04 2.017289644648513841e-04 1.698378135027553057e-04 1.483146278068405615e-04 1.290924297855094310e-04 1.107328050472134183e-04 1.006292645938272915e-04 8.792532097746191767e-05 7.780423626501945986e-05 7.162309664418178140e-05 6.184876384270728748e-05 5.042038257433842840e-05 4.303836248444115525e-05 3.582991678522553353e-05 2.951660005309407963e-05 1.969330546541997652e-05 1.497775589716710052e-05
2.411842881244116721e-04 2.646624733332301224e-04 2.632713245651239434e-04 2.350061647265375381e-04 2.013952138291178156e-04 1.696654453964265507e-04 1.480931807438847501e-04 1.289129087867901943e-04 1.105714953441118745e-04 1.002716038690043505e-04 8.763970673975017014e-05 7.750655075627286292e-05 7.141437546740918914e-05 6.168689768704118900e-05 5.058861135551219175e-05 4.298683516092732435e-05 3.570831091245443037e-05 2.939360230382066701e-05 1.982449403863191227e-05 1.511886400996301334e-05
2.412442058059001231e-04 2.645269458973471648e-04 2.633199099352858969e-04 2.351337635246995199e-04 2.017790766671484807e-04 1.698537821061741238e-04 1.483495379538699662e-04 1.291848535657078760e-04 1.105967049197758407e-04 1.007666813403782993e-04 8.798530615689493953e-05 7.768525071854664446e-05 7.175745629831957451e-05 6.231481632412235350e-05 5.090727637806966688e-05 4.334888635195405753e-05 3.573055168574130515e-05 2.916126571576709849e-05 1.945003680354943037e-05 1.473784763596492707e-05
2.411737020638784579e-04 2.645867362236073374e-04 2.632134060695214212e-04 2.351939640485169560e-04 2.015432531823815995e-04 1.697116749678968567e-04 1.481297147999892090e-04 1.290834174070150907e-04 1.105490752810679478e-04 9.997991980491047312e-05 8.746780711533888618e-05 7.730872245195998991e-05 7.120382047126387560e-05 6.189095068067999026e-05 5.048923153025421492e-05 4.294453188102351888e-05 3.567346181141115610e-05 2.922790811692937168e-05 1.983287878851077105e-05 1.507424197625430919e-05
2.414412362928919451e-04 2.648640256541693445e-04 2.633287676566262105e-04 2.352621237645590379e-04 2.017635053880106151e-04 1.699976732594575351e-04 1.483594577186242403e-04 1.291783434240356579e-04 1.108159238456845523e-04 1.004998985751613558e-04 8.776096350719155264e-05 7.752753433668716583e-05 7.161726000037209154e-05 6.190801178589757953e-05 5.052012053774554022e-05 4.311658558026877587e-05 3.554611247340084721e-05 2.903111975382315058e-05 1.936243066343051408e-05 1.447549157501650462e-05
2.412385772112959957e-04 2.648342032714658817e-04 2.632550204177922393e-04 2.352808185408766914e-04 2.015719117497613816e-04 1.701430621899108957e-04 1.484690715120938313e-04 1.292172029848988205e-04 1.108376705472432155e-04 1.007139028297844395e-04 8.786236103430002413e-05 7.778954813554094080e-05 7.185703510929895876e-05 6.205633758463708727e-05 5.054440905022025959e-05 4.302356484281890487e-05 3.572344891668883263e-05 2.934191221910227731e-05 1.989059821137198654e-05 1.511111328093896561e-05
2.416008662523647251e-04 2.649114512358120063e-04 2.634641042488928674e-04 2.352465985589028178e-04 2.019680219109119563e-04 1.700260753238614481e-04 1.484115997398832297e-04 1.291057249848538799e-04 1.108193595157415016e-04 1.006449553914432252e-04 8.798003642344792469e-05 7.785171893711545813e-05 7.168453174925442436e-05 6.184890676932237007e-05 5.032296694700862496e-05 4.284088360021357585e-05 3.559869218022784190e-05 2.943910464180290350e-05 1.981758744479865337e-05 1.502305527967125527e-05
2.407749247535240504e-04 2.643699835557629602e-04 2.632931404047665364e-04 2.350816643554626728e-04 2.016512528874855675e-04 1.699248840858069308e-04 1.482758084564314517e-04 1.291172134433404936e-04 1.108084060073041794e-04 1.004825964416801616e-04 8.780581286754636234e-05 7.754448844782700005e-05 7.139196715922191264e-05 6.162628474934955640e-05 5.014121898378545727e-05 4.278603594271772163e-05 3.536950686363408541e-05 2.896418771615962202e-05 1.937190374003081717e-05 1.462442651540833325e-05
2.408428188460762134e-04 2.648489503473887112e-04 2.633882007838967039e-04 2.353719568193395864e-04 2.017789834023707169e-04 1.699386627461506143e-04 1.482024791737903834e-04 1.290835659303886493e-04 1.107478427542582945e-04 1.005096357424975820e-04 8.786995621167205319e-05 7.768428977526366350e-05 7.181013913439749004e-05 6.219700408173839336e-05 5.088662996450459344e-05 4.330484254344194012e-05 3.589640565791056592e-05 2.950318705197533430e-05 1.992004561587149171e-05 1.521880191548407525e-05
2.413466245111311255e-04 2.648602594961529813e-04 2.634737411028202961e-04 2.353958240708647746e-04 2.016933355121984495e-04 1.698069373287946799e-04 1.481555377384616897e-04 1.290546460747163241e-04 1.106425576437612479e-04 1.004147725674428175e-04 8.760309370983055289e-05 7.757987371986118763e-05 7.152082118388260494e-05 6.198264168187796576e-05 5.061645639844616044e-05 4.309721912435529557e-05 3.571225681447090001e-05 2.932215211098168614e-05 1.980049853081749516e-05 1.491808363844352560e-05
2.415308079116521294e-04 2.649431301181338926e-04 2.638582507979188438e-04 2.354023033062361452e-04 2.018178399476927749e-04 1.701630119492003135e-04 1.484535497019394000e-04 1.293778784640602748e-04 1.111771589908399667e-04 1.007836067883614601e-04 8.816036013696192857e-05 7.787361033611617852e-05 7.189582516222828886e-05 6.215090335980837761e-05 5.081924727204960643e-05 4.343247897316785007e-05 3.595327538155120044e-05 2.940506497075542346e-05 1.978184956973070969e-05 1.509075448220946389e-05
2.413856438100597552e-04 2.647669498199684912e-04 2.634640518984732410e-04 2.352459962073845444e-04 2.015902290152666297e-04 1.698090078522363443e-04 1.483411422959801966e-04 1.292338506741382280e-04 1.108193049888703784e-04 1.004592918179499263e-04 8.776430492354445783e-05 7.763207671302741473e-05 7.153112066777270661e-05 6.167585933195320611e-05 5.030021908501764756e-05 4.299560503871824785e-05 3.575948032885084565e-05 2.921598804288254048e-05 1.980645321769136273e-05 1.520845337979859423e-05
2.406716682994306878e-04 2.642539803088174584e-04 2.630268753458479694e-04 2.345861418208444087e-04 2.013488852930029249e-04 1.693873950922701621e-04 1.478454537684904932e-04 1.291629698159486525e-04 1.108480016220387594e-04 1.006099868936590505e-04 8.780722670610833494e-05 7.763481558492042300e-05 7.177361687400170092e-05 6.195337974846864073e-05 5.058193919874162165e-05 4.304958002291618560e-05 3.546783556139900592e-05 2.915378048934928095e-05 1.966377325635112233e-05 1.504680903900302724e-05
2.412320731853723102e-04 2.650227311911004086e-04 2.634209275758565057e-04 2.351604813096856478e-04 2.018400811184932757e-04 1.700002377177022245e-04 1.483036146366367995e-04 1.290874221307964970e-04 1.105412527009218444e-04 1.003978487888559538e-04 8.759413327097909324e-05 7.761211592805342693e-05 7.127780195741006801e-05 6.156750694618773475e-05 5.037360535786313486e-05 4.299286858078907092e-05 3.539176736232019167e-05 2.879787771462691647e-05 1.918766714244736610e-05 1.447437224754151968e-05
2.413169951067384300e-04 2.648554243335460951e-04 2.637096733610777176e-04 2.352945776775514791e-04 2.019144818688323303e-04 1.701673795351005985e-04 1.484022680706005820e-04 1.292336677605018965e-04 1.110173879588969529e-04 1.008631650122141790e-04 8.789708315637187312e-05 7.765650615486369851e-05 7.165920920459486348e-05 6.181648571257539030e-05 5.045590168798609447e-05 4.292121091762370982e-05 3.559602337483258985e-05 2.914515261409559901e-05 1.957903423589650037e-05 1.512247285785003881e-05
2.410975191134737908e-04 2.646466972510037874e-04 2.635578038796907168e-04 2.350440814891613470e-04 2.015877594652227861e-04 1.696927667846694109e-04 1.480728052125113202e-04 1.290029599540524151e-04 1.106937128104885644e-04 1.006147129255285851e-04 8.798454125353598527e-05 7.786923067875587811e-05 7.177341388056858950e-05 6.205586328619055439e-05 5.071513221239973810e-05 4.318572143747175445e-05 3.573956554275058779e-05 2.937216847449202319e-05 1.970897998782095284e-05 1.507538156424333832e-05
2.410008954799309870e-04 2.647994181659212931e-04 2.631403592421983038e-04 2.354220128838036940e-04 2.016987444945102226e-04 1.701626860205537742e-04 1.485722623167839626e-04 1.293358543626951275e-04 1.107546654156422279e-04 1.003286594009509619e-04 8.782728308812172186e-05 7.778005964258452218e-05 7.166458476384923758e-05 6.183048649154757688e-05 5.051245602244169841e-05 4.298002088943549099e-05 3.552067072180233612e-05 2.908310534531705340e-05 1.954406802547286307e-05 1.490772619193963847e-05
2.416858393774192967e-04 2.651053659664514423e-04 2.638144419021966032e-04 2.354648961803953902e-04 2.017282312890103545e-04 1.701970142658331135e-04 1.485985655861254355e-04 1.295529325203574101e-04 1.111494254639473604e-04 1.007162908296538735e-04 8.797856591386583479e-05 7.786407684648877919e-05 7.175322122283017733e-05 6.199349896464016838e-05 5.085191808761955058e-05 4.339773132609791098e-05 3.588312197150092823e-05 2.931542383631516508e-05 1.965919994851168242e-05 1.503890847804814256e-05
2.409811296191010179e-04 2.645715595787890249e-04 2.632650820160245542e-04 2.352224650852296789e-04 2.018131502994579250e-04 1.701030291399289757e-04 1.484601055367677184e-04 1.291629722247692456e-04 1.107309483832877875e-04 1.004321037457003477e-04 8.774498178460144436e-05 7.755196409841713797e-05 7.151034028621662889e-05 6.198233033868018782e-05 5.055888380864361994e-05 4.300200062288296328e-05 3.556132994689989408e-05 2.919671152035583069e-05 1.987328879718066268e-05 1.527339066639662993e-05
2.406311510869827623e-04 2.641294054039653263e-04 2.628734494139344001e-04 2.350080604791703748e-04 2.015417292619020194e-04 1.696149182979575650e-04 1.480658768968579823e-04 1.289209496257277495e-04 1.106675744067775301e-04 1.004163295002602697e-04 8.767282794106687140e-05 7.759531046939660234e-05 7.141816026692208823e-05 6.170061664429410755e-05 5.032971077938148383e-05 4.278145954186764882e-05 3.539823876756870033e-05 2.913107033798858648e-05 1.968414231775587718e-05 1.521721516893964725e-05
2.414115092374138709e-04 2.646195743552133008e-04 2.637872616649611021e-04 2.354187253622215287e-04 2.018904350294469072e-04 1.699656608354362076e-04 1.482952893157628912e-04 1.290648750514689980e-04 1.108953291683165609e-04 1.005301893014766087e-04 8.765172544806860597e-05 7.735120279083326441e-05 7.118044362823520055e-05 6.144551882252148991e-05 4.998811078024865219e-05 4.240101912800674428e-05 3.511061462961495881e-05 2.898530509306533151e-05 1.936168276099870160e-05 1.457188328960862708e-05
2.414012923808832865e-04 2.650136301116235013e-04 2.638928771823289437e-04 2.357503113482024393e-04 2.021316670865024989e-04 1.701208221654652701e-04 1.484789039033797818e-04 1.290854429201347610e-04 1.106694284456169637e-04 1.005735992379973179e-04 8.785278621032313454e-05 7.770130136339256763e-05 7.159607693464596092e-05 6.187279240234163898e-05 5.061930423259365755e-05 4.314690729420889587e-05 3.565304459246973039e-05 2.919730263029659745e-05 1.947769047286007052e-05 1.479926594796803261e-05
2.413364032198674698e-04 2.646480118589267412e-04 2.636349694701699449e-04 2.352124968176007552e-04 2.017834541589142545e-04 1.698912335106672405e-04 1.482572567690160974e-04 1.292459005044409531e-04 1.108147730395741122e-04 1.002427148907574384e-04 8.758632821543577119e-05 7.748243717137543612e-05 7.134572968291232075e-05 6.160106904807930177e-05 5.045145180818741556e-05 4.310305416382799476e-05 3.587651926990681125e-05 2.938203368447978389e-05 1.973442607847712799e-05 1.501371456249694832e-05
2.412003613935577472e-04 2.646444679070293344e-04 2.632823197079758502e-04 2.352964143097646286e-04 2.018447749781030539e-04 1.699129314123453988e-04 1.482400144792437625e-04 1.290615847961827547e-04 1.107331193594842360e-04 1.006644376576705318e-04 8.789249768289544244e-05 7.767687730995942712e-05 7.183721312424455401e-05 6.187790289905669924e-05 5.053343336062389440e-05 4.302289297098090725e-05 3.551819328966346437e-05 2.913810437271034887e-05 1.967531684911804583e-05 1.506208761649074393e-05
2.414742532213644353e-04 2.645547367119835879e-04 2.632540630821420327e-04 2.353510882174032076e-04 2.017424678349680656e-04 1.700969618731138519e-04 1.483392442408031369e-04 1.291658760042655601e-04 1.108292540620165882e-04 1.003667690644412887e-04 8.771784202530711900e-05 7.745888334334851669e-05 7.152339226043156052e-05 6.171956768728221576e-05 5.054721149621628783e-05 4.296643908794685069e-05 3.547794931231295555e-05 2.910080610761890785e-05 1.956149668537167591e-05 1.483089058371036333e-05
2.415241033120931336e-04 2.650590016252980926e-04 2.637534664332618945e-04 2.354327679980141609e-04 2.019331126940151773e-04 1.700127645334522373e-04 1.482594530336503122e-04 1.290132853583408044e-04 1.105887614199284563e-04 1.006768536084778301e-04 8.809092554766091113e-05 7.766730125303979387e-05 7.132744674245826975e-05 6.164679585239936214e-05 5.028737214642243082e-05 4.281743870533804186e-05 3.530756409269203048e-05 2.923489695581099116e-05 1.952373796248193402e-05 1.511409161392552984e-05
2.413395638980039219e-04 2.650072628849319142e-04 2.633135234338237281e-04 2.350582989433052891e-04 2.015080584533772662e-04 1.696839572037947509e-04 1.479846011808167827e-04 1.290171549243394856e-04 1.107577299481916504e-04 1.004214685136437267e-04 8.773026860694113486e-05 7.762408365601139958e-05 7.150806202861030982e-05 6.159861397721290454e-05 5.027522320842399558e-05 4.295234766253285474e-05 3.557836670283024165e-05 2.938740632368837458e-05 1.977044052110149867e-05 1.490105460696045851e-05
2.420731644132978477e-04 2.645032666546668514e-04 2.632373895410317966e-04 2.350382176345049764e-04 2.013822645796595635e-04 1.696753691112924385e-04 1.480039928902961708e-04 1.289297385063401858e-04 1.106503801555145771e-04 1.002642743799762328e-04 8.746843587306977108e-05 7.716431043468827220e-05 7.119129426359824644e-05 6.177750470584038181e-05 5.078300174093825647e-05 4.335063659653066765e-05 3.583942163960351489e-05 2.911365669187359945e-05 1.926585325334719139e-05 1.474662460719909635e-05
2.412591682904583260e-04 2.646263190902584041e-04 2.631352584348995729e-04 2.349838950122818944e-04 2.014392032229264228e-04 1.697139730492632002e-04 1.482179672466589818e-04 1.290050132702920535e-04 1.107342801507187996e-04 1.005318117855610172e-04 8.776818592164287202e-05 7.763818483564344512e-05 7.165599491636266509e-05 6.197586746460352831e-05 5.060485351439271277e-05 4.320157862988479892e-05 3.577567678940747105e-05 2.935612584986802421e-05 1.976384983310290033e-05 1.492422215021611481e-05
2.414790964587304174e-04 2.647518158465976090e-04 2.633767586119876883e-04 2.353368111621034948e-04 2.017320547136231847e-04 1.697376451813574678e-04 1.480362105258464203e-04 1.290583610158998291e-04 1.108251111649827605e-04 1.003945917782299497e-04 8.767970460229829925e-05 7.756582942966808896e-05 7.173942724820672875e-05 6.200837764206096683e-05 5.060994176717662261e-05 4.321643038912735324e-05 3.566934561043550036e-05 2.923499456327687337e-05 1.983033739982896016e-05 1.502269852489975346e-05
2.414656200824224271e-04 2.648463283784195134e-04 2.636020804468278437e-04 2.352011200220300614e-04 2.016299259152958142e-04 1.697731534888239345e-04 1.481258460666705357e-04 1.289772149506399784e-04 1.105780640057226757e-04 1.001856310256093058e-04 8.756961566236599230e-05 7.734623674605976915e-05 7.116289497754784907e-05 6.148977055120306509e-05 4.992846433875119266e-05 4.249546813195549433e-05 3.488156107538023504e-05 2.835790594418789601e-05 1.902708086670695250e-05 1.462711056731974393e-05
2.414566284141659463e-04 2.644366201246890129e-04 2.632382648583523753e-04 2.351713042762768925e-04 2.016169285103088166e-04 1.700595318003979273e-04 1.483086180858266239e-04 1.293129537437566576e-04 1.110070420236568419e-04 1.005277214149757529e-04 8.781523435286750067e-05 7.775776741587809909e-05 7.172651327178833662e-05 6.179275909859923972e-05 5.039851063401168543e-05 4.299992011501069884e-05 3.578806185393998299e-05 2.952638912074032738e-05 1.983104207794448198e-05 1.506729958295630539e-05
2.414317602482492415e-04 2.648613051038490565e-04 2.633646151568312167e-04 2.348572321536555299e-04 2.012861488662015487e-04 1.695069861146291214e-04 1.478225839065971275e-04 1.288325178041045281e-04 1.104229913989543936e-04 1.000312558057334935e-04 8.733935387277084713e-05 7.739785657722529221e-05 7.122280446205613675e-05 6.162965170166146973e-05 5.010535329493821512e-05 4.263124700500409576e-05 3.541275671942803054e-05 2.905451494647336101e-05 1.915791648377083192e-05 1.422503245726656346e-05
2.412606778793197656e-04 2.642478801847962023e-04 2.630209904221348077e-04 2.350135492006027278e-04 2.015895544734908952e-04 1.700456828235718436e-04 1.481976309755552021e-04 1.290520483128133823e-04 1.105670670532653792e-04 1.002934937824747036e-04 8.769811230710157924e-05 7.760408442067314068e-05 7.163438481206784326e-05 6.199308078201177738e-05 5.039395953771050129e-05 4.265228222288546027e-05 3.528161216665232693e-05 2.891127720786955182e-05 1.944920817726061973e-05 1.466842665162733488e-05
2.410925820199184681e-04 2.645635508448012448e-04 2.634542119776685882e-04 2.352361606270377892e-04 2.017250651142254102e-04 1.700662107320196920e-04 1.485270977931385462e-04 1.291964504219193950e-04 1.107297789336105816e-04 1.005962785564281785e-04 8.763660847707571775e-05 7.757948540590435180e-05 7.151875167351763444e-05 6.169407420202661257e-05 5.038172307842702659e-05 4.299077648333422781e-05 3.561173356981569952e-05 2.914633175129815689e-05 1.939787759493707346e-05 1.477923188540627790e-05
2.415345377708879150e-04 2.648210532125011823e-04 2.637839940425332555e-04 2.356158600693707573e-04 2.018461842511688655e-04 1.700028947861193472e-04 1.480937236564118867e-04 1.292217830477068372e-04 1.109395065294806345e-04 1.004453542251998905e-04 8.775775782254300651e-05 7.764775946864874720e-05 7.148598055883035110e-05 6.157646062309846916e-05 5.040125591846099102e-05 4.299728915516459683e-05 3.549828687232714031e-05 2.894527156708920482e-05 1.951951487940786789e-05 1.497226448290179988e-05
2.412139422452465310e-04 2.647709355692800886e-04 2.631556873613960968e-04 2.352402096224869346e-04 2.015077788778279501e-04 1.697764930368888040e-04 1.480932980938817116e-04 1.288897872589969305e-04 1.105455052891060814e-04 1.003460882853138785e-04 8.781828568882404332e-05 7.766086759294111859e-05 7.150173683106316965e-05 6.196746887191698463e-05 5.047233041341776393e-05 4.290516086382890014e-05 3.534162696918278086e-05 2.907148822617369564e-05 1.956887394108769690e-05 1.485074699849870037e-05
2.415867775722925926e-04 2.648172145864183865e-04 2.637032496171499269e-04 2.353042062781145530e-04 2.018478257994284935e-04 1.699696587717410543e-04 1.485019826305029737e-04 1.292475715457640088e-04 1.109249040891935079e-04 1.003649263886496190e-04 8.757994023436617729e-05 7.753382959663869057e-05 7.170386437316596674e-05 6.198190363581675578e-05 5.060180846271293933e-05 4.309214164059177254e-05 3.572673989662971940e-05 2.935669022521710818e-05 1.987542661594736060e-05 1.496564547199457741e-05
2.409510965785212398e-04 2.645804500671961219e-04 2.634205797234184083e-04 2.352728192812436159e-04 2.015373027426992417e-04 1.699156371812283821e-04 1.484427360968115556e-04 1.290881673309549136e-04 1.107697023133039310e-04 1.005120069255835901e-04 8.781155844811850807e-05 7.758067322334316087e-05 7.123596999079495238e-05 6.134810278257687923e-05 5.021679761262492933e-05 4.283927514669560316e-05 3.550425324127842226e-05 2.904056912230922955e-05 1.944576171442071624e-05 1.464197507169763206e-05
2.413843485283683615e-04 2.642950430217427468e-04 2.634391456964800776e-04 2.350722664672982203e-04 2.016062515889707198e-04 1.697272322276636904e-04 1.482049532937241578e-04 1.290612386470538632e-04 1.107356310706361939e-04 1.005793437197494540e-04 8.789413291948371067e-05 7.776600140993836935e-05 7.150571660512869865e-05 6.186205513017155788e-05 5.055455944795331989e-05 4.302184230080590614e-05 3.565187436726533968e-05 2.912269805884837911e-05 1.951667990114471017e-05 1.483659031094052354e-05
2.412426998634194339e-04 2.648444364612547526e-04 2.636522427729338252e-04 2.354416817900871668e-04 2.019296922998436701e-04 1.700769134815884834e-04 1.484630042133637258e-04 1.291988793831326564e-04 1.108623542393181191e-04 1.006415893013027301e-04 8.785284222132970413e-05 7.771857866272613826e-05 7.166783685167400710e-05 6.190918161492673082e-05 5.049043882702816785e-05 4.307904292987970867e-05 3.557646902607738227e-05 2.926410692102048201e-05 1.967232179615210040e-05 1.515541997510774505e-05
2.412693451826262265e-04 2.648741780717771169e-04 2.637564280421451587e-04 2.355378510412294230e-04 2.019307213695876665e-04 1.701214355861624286e-04 1.485861202886408678e-04 1.291073432715299848e-04 1.106593923541454827e-04 1.002447902746139079e-04 8.764071691627514605e-05 7.751364805262381307e-05 7.157850301406109325e-05 6.202951772091843481e-05 5.052686255093411020e-05 4.305411815958497230e-05 3.565211586829614891e-05 2.954030342025564811e-05 2.009712331916900830e-05 1.551469151284151326e-05
2.410684597637886893e-04 2.646727071507646786e-04 2.631685527082759418e-04 2.350393335451334996e-04 2.012699797748588064e-04 1.696490437499579629e-04 1.481026177916865952e-04 1.291342652043861352e-04 1.108652511416928537e-04 1.004494508392435011e-04 8.775987699946585785e-05 7.754223720732093502e-05 7.138653859543433512e-05 6.186780303940046159e-05 5.059426781573234984e-05 4.316033484625170550e-05 3.583917761741066134e-05 2.961555552261833750e-05 2.011037672669368297e-05 1.542640860539008747e-05
2.415439814682733132e-04 2.650500687048391456e-04 2.635439362325332660e-04 2.350305246640315446e-04 2.016190174350881992e-04 1.701600835829983349e-04 1.484349097262188850e-04 1.291906437259045595e-04 1.109486616557161468e-04 1.006669658208478600e-04 8.807263304838104266e-05 7.770602373272889420e-05 7.173384462830559565e-05 6.218666195292047371e-05 5.091642920820599604e-05 4.323314079686719791e-05 3.576950329842936376e-05 2.941831832386494994e-05 1.978010982593661103e-05 1.520340100179228129e-05
2.412793396051378532e-04 2.645054016725464636e-04 2.633857395481523588e-04 2.352752189740560504e-04 2.016573269293905121e-04 1.699804601303560672e-04 1.483246962032917652e-04 1.290411911940787847e-04 1.106605157553735772e-04 1.004300891431138964e-04 8.786202014959758702e-05 7.771285704265516465e-05 7.163432057199252076e-05 6.190231147505244704e-05 5.025216125564966783e-05 4.276597244890125848e-05 3.531414689001358137e-05 2.890204674464109526e-05 1.947209045496704289e-05 1.483605624584563759e-05
2.405704010228110234e-04 2.642800751863133763e-04 2.629993566050634925e-04 2.351842048629829585e-04 2.015570682890512207e-04 1.697104079431536224e-04 1.479710978896242189e-04 1.287570570976640948e-04 1.104336051467662250e-04 1.002545831567544049e-04 8.758320270087907654e-05 7.744417211937535143e-05 7.135622452610940094e-05 6.160391272737054382e-05 5.024654093773348279e-05 4.277267970716449105e-05 3.563240382635918653e-05 2.935492911317594990e-05 1.988704898923415555e-05 1.512565802168107543e-05
2.412420212910653652e-04 2.644334084916587463e-04 2.634129069689482728e-04 2.353561790753314553e-04 2.018041793150011421e-04 1.698782756902006647e-04 1.484976367057952494e-04 1.291109891637831793e-04 1.107787431979790721e-04 1.005662877239441022e-04 8.786199812001779363e-05 7.770678705165112439e-05 7.182575131499270690e-05 6.204865344638481057e-05 5.045470957941774738e-05 4.288328944795871363e-05 3.544766944348304392e-05 2.920658534950712723e-05 1.967347748505065357e-05 1.483270801059484872e-05
2.410911967570599716e-04 2.643016529032087545e-04 2.631376726592934848e-04 2.354204798960365030e-04 2.017338926678995613e-04 1.700142726208277567e-04 1.483341221323814581e-04 1.289359013301600828e-04 1.107300100252886423e-04 1.003131676750018670e-04 8.733616955413111671e-05 7.728492438993864590e-05 7.150741686914035427e-05 6.189398922208682501e-05 5.096071880807383361e-05 4.339321704803614276e-05 3.580253027010079243e-05 2.948191281052342088e-05 1.976364481777551649e-05 1.481150102973462893e-05
2.411711192997853406e-04 2.647827602582143746e-04 2.632200553787232989e-04 2.349438627904275529e-04 2.013739688422213454e-04 1.695820501927465421e-04 1.478789159482373644e-04 1.289570647844725105e-04 1.106859582289771110e-04 1.002780087136878839e-04 8.778738942624260075e-05 7.757194822400115589e-05 7.143921225301947309e-05 6.189033600247479088e-05 5.038933971933196520e-05 4.309943806939572209e-05 3.585349032288031045e-05 2.941177081729460621e-05 1.953218759216168910e-05 1.504837864502009345e-05
2.415034628267208859e-04 2.649914205557871464e-04 2.635620016703644304e-04 2.349949844342450931e-04 2.015240443229817714e-04 1.697118953282556147e-04 1.483253323925895408e-04 1.290846248455937905e-04 1.106313197317199869e-04 1.003630032082722991e-04 8.768929204409650028e-05 7.752765845343019926e-05 7.136915765788322263e-05 6.170019469785868792e-05 5.036158547984711370e-05 4.283460596089689465e-05 3.550162684371116543e-05 2.924610133906387402e-05 1.962071237203118481e-05 1.490036014595588372e-05
2.415654947483515896e-04 2.647954534055080322e-04 2.633156800561537738e-04 2.353044576518290129e-04 2.016936175992485657e-04 1.698045326520366432e-04 1.482948387545463269e-04 1.291287710448703135e-04 1.108342362189002376e-04 1.007054087502683794e-04 8.802060706909060862e-05 7.784144960113114828e-05 7.155019527956953747e-05 6.177410164606800887e-05 5.070796843642676226e-05 4.322239210568760038e-05 3.556970799238252549e-05 2.925770250628652566e-05 1.967551631239257331e-05 1.500542826116782377e-05
2.413502983875416292e-04 2.647030013268339638e-04 2.637214505643646991e-04 2.354201587180375116e-04 2.016613031631151148e-04 1.698944591002694079e-04 1.481947717010063579e-04 1.291111831016011056e-04 1.106544314673226192e-04 1.004514137145755010e-04 8.765104439781095345e-05 7.769462231541976872e-05 7.149905188613904950e-05 6.178737517825002234e-05 5.049410516198845304e-05 4.297102544898605042e-05 3.554792629710303709e-05 2.924176683632100822e-05 1.972961443263114776e-05 1.506462878675784182e-05
2.414125744428470620e-04 2.649191575063351389e-04 2.633485060529618506e-04 2.354248365175231120e-04 2.016564454265461876e-04 1.698833451966972490e-04 1.482674960950933587e-04 1.290678066968034218e-04 1.107560562287366544e-04 1.006300383445129257e-04 8.809787946596514844e-05 7.779691240858255090e-05 7.159092499466893826e-05 6.176297228337017126e-05 5.038366286169465336e-05 4.296341500501843681e-05 3.570459445899326335e-05 2.944454280245374278e-05 1.987695383011963836e-05 1.531343383609014053e-05
2.410440545840806007e-04 2.646708004298027324e-04 2.635617902982284361e-04 2.350740775973667030e-04 2.018132424309856737e-04 1.700802309110437561e-04 1.484089510558382694e-04 1.292197951303861452e-04 1.108750852957097023e-04 1.007331729557283653e-04 8.807963812305515095e-05 7.791659972289062888e-05 7.190016131185554202e-05 6.206767389376089013e-05 5.064344048510416443e-05 4.305879553358094594e-05 3.563309011182058905e-05 2.916318735676720774e-05 1.978523829545528911e-05 1.502328331725773281e-05
2.412703554118146966e-04 2.646664022729839564e-04 2.638281056041738115e-04 2.353486101979840165e-04 2.018827738518218316e-04 1.702382513618277201e-04 1.486184560553966999e-04 1.292104154745882098e-04 1.107504421647523849e-04 1.005568590436851353e-04 8.782145639142611439e-05 7.780810412877646768e-05 7.184817805479032024e-05 6.213385205177835856e-05 5.074669709383966142e-05 4.322033528926718532e-05 3.585683654434427729e-05 2.960320030550053327e-05 2.014247954169248592e-05 1.553632491197567953e-05
2.416412096906901175e-04 2.647578166524535196e-04 2.634563622408919790e-04 2.352263168794686019e-04 2.017266179510485938e-04 1.699002202088547957e-04 1.481208147303020068e-04 1.288391321352153984e-04 1.106670613322401385e-04 1.005281424287531418e-04 8.790034792344775141e-05 7.792442989634021388e-05 7.170516496923767097e-05 6.200162932560083248e-05 5.076384035246326340e-05 4.314817144823114201e-05 3.565510344517538229e-05 2.941594373786354460e-05 1.996479003502923556e-05 1.508325305609499055e-05
2.414534288552775505e-04 2.646168568942312599e-04 2.634662362988562565e-04 2.351197851670095850e-04 2.016638910183267039e-04 1.699624511180843317e-04 1.483598853901236375e-04 1.291016178426095215e-04 1.108806317232424922e-04 1.006577660932422245e-04 8.774692581465471319e-05 7.766788769945434938e-05 7.138081458751239041e-05 6.153566197992244306e-05 5.020019841736671163e-05 4.274224701939562544e-05 3.564140541970061831e-05 2.942061154506020695e-05 1.977507381679304019e-05 1.529941859641109782e-05
2.412584212776546606e-04 2.641475352777894361e-04 2.630212366206777512e-04 2.347362525202196972e-04 2.011782400289396401e-04 1.694701819746879110e-04 1.477976542676955442e-04 1.286268862853446053e-04 1.104720164210962218e-04 1.000888898585163895e-04 8.753222375858634103e-05 7.755010904293813232e-05 7.154976229753919460e-05 6.182784387521988165e-05 5.063429641010432330e-05 4.297751306008717759e-05 3.550564588137854503e-05 2.946304679744086714e-05 1.997447549216449758e-05 1.501015862161267462e-05
2.411014718311985095e-04 2.646224805361124767e-04 2.629711479988917607e-04 2.349422043356198505e-04 2.010888049715725632e-04 1.695421831271979869e-04 1.478605973539861922e-04 1.288960886271544237e-04 1.107228569309389430e-04 1.005623370978152010e-04 8.771730048201120818e-05 7.757249150758705348e-05 7.140219740787996487e-05 6.170982127480819886e-05 5.055790085794456719e-05 4.291901755030413961e-05 3.534518034960528019e-05 2.904058688592226896e-05 1.946559662937329078e-05 1.496704857073908603e-05
2.415860057605610420e-04 2.647156693674678147e-04 2.634848538821673658e-04 2.355853620730755029e-04 2.018387561067569588e-04 1.701143332819500704e-04 1.483724324961059810e-04 1.291847121072402964e-04 1.106111502605788296e-04 1.001422044788159504e-04 8.740307315157946942e-05 7.744705805094492974e-05 7.144132973816447597e-05 6.181156492485210478e-05 5.051889746608557150e-05 4.295014596195373960e-05 3.579962004868281542e-05 2.963838254789363094e-05 1.989877700182364538e-05 1.512286150939225048e-05
2.413244140025496993e-04 2.646021557709105597e-04 2.635687667423013180e-04 2.353041600576875447e-04 2.017544486555109700e-04 1.699653124610146120e-04 1.481907973730963726e-04 1.292461518152898745e-04 1.108899262362648936e-04 1.005385863456792771e-04 8.765186235574367636e-05 7.745386687792174605e-05 7.140040215001045021e-05 6.177673747470439122e-05 5.050520098698787472e-05 4.311917981536681160e-05 3.568046937488797351e-05 2.928549846755093550e-05 1.964497889877690482e-05 1.485692798143693069e-05
2.411666116309136828e-04 2.647154137587432528e-04 2.633308329452598451e-04 2.351194769275123718e-04 2.016433050468461751e-04 1.699809684855420572e-04 1.483291605019857210e-04 1.292799714453250000e-04 1.110030533175775607e-04 1.007921230008793182e-04 8.801049485960447201e-05 7.769210318887437045e-05 7.156880955302263034e-05 6.174063654117293621e-05 5.029548433548178754e-05 4.294933480393597046e-05 3.576170513988854207e-05 2.933710156919027405e-05 1.960784293414562086e-05 1.492516030376334646e-05
2.412067995777023282e-04 2.649945002462145193e-04 2.634308736959890276e-04 2.352152726363474888e-04 2.016754011384816264e-04 1.698334510833898368e-04 1.482324058313697979e-04 1.289418912068290217e-04 1.103947734380463159e-04 1.003407612573651875e-04 8.780378358755652117e-05 7.764993367682103984e-05 7.138615300310135602e-05 6.171199321543518199e-05 5.032274725554470419e-05 4.269635417284807163e-05 3.519436858320701460e-05 2.861210123934990760e-05 1.915732505713754131e-05 1.468138164754988423e-05
2.412943224572484003e-04 2.647802583444568256e-04 2.633312725528021083e-04 2.351412754577099904e-04 2.016687675526802762e-04 1.697826618799167008e-04 1.481347477689971825e-04 1.290774618547760062e-04 1.106690094346384618e-04 1.003223128965234352e-04 8.747177668578414497e-05 7.729122694353029554e-05 7.131996576445865201e-05 6.146686446046895763e-05 5.038929978195569673e-05 4.301398425035515794e-05 3.556657118456368834e-05 2.910783227117169620e-05 1.962910187451635176e-05 1.510235877604892969e-05
2.410684929695425911e-04 2.647078123318057563e-04 2.632505665662141663e-04 2.350515653453193697e-04 2.016638074142489145e-04 1.698775080042146221e-04 1.480922072482994455e-04 1.288761786814019675e-04 1.105729321379779679e-04 1.003897432357838212e-04 8.739131349103207414e-05 7.700696591356620015e-05 7.100762002359705955e-05 6.139952142055072465e-05 5.025276238281800123e-05 4.267339531147950368e-05 3.516842101900755253e-05 2.902496879052319151e-05 1.960501578939164084e-05 1.455422023604066738e-05
2.414002009118573408e-04 2.645524740255198294e-04 2.631405455311083830e-04 2.349324847411719591e-04 2.014258383191025621e-04 1.696087119997861351e-04 1.480254057190022920e-04 1.288083740150275846e-04 1.106311929675178921e-04 1.006157328142875891e-04 8.800379762369483941e-05 7.783737100557656865e-05 7.180868774000769862e-05 6.211754695973188906e-05 5.075878076105354444e-05 4.317944079827163697e-05 3.587424723301925651e-05 2.937062936801902296e-05 1.978392489310645510e-05 1.502255046674006757e-05
2.414486136075286215e-04 2.651085913611033796e-04 2.635089445508658249e-04 2.350943887196277847e-04 2.015582694028742600e-04 1.697748441250383192e-04 1.480780607925958931e-04 1.288895879195099019e-04 1.107063731796064727e-04 1.005719330652350712e-04 8.801797081092414398e-05 7.771916494219003907e-05 7.159546775232986506e-05 6.225281956130738212e-05 5.078292009515348508e-05 4.331868017321221473e-05 3.563055956695036834e-05 2.913401068775631951e-05 1.945104558365265716e-05 1.509012968210592109e-05
2.417375500200970469e-04 2.647383924281930079e-04 2.633887213982703097e-04 2.349708674622097112e-04 2.016842544559799028e-04 1.696234998623081061e-04 1.482779682256867633e-04 1.290837571646783648e-04 1.106730051660970854e-04 1.004618455256310632e-04 8.787359702906034876e-05 7.775942758130549809e-05 7.155255148177452147e-05 6.170097032240156546e-05 5.025686414234857401e-05 4.277160436459242322e-05 3.525709438730955075e-05 2.889429786759056625e-05 1.966857692517526814e-05 1.501410312578805422e-05
2.409487875601277335e-04 2.642623342624455477e-04 2.631548634297121493e-04 2.349453345193852768e-04 2.014066287768432576e-04 1.697789126381007931e-04 1.481335422470903549e-04 1.288810603817874486e-04 1.104564609768681014e-04 9.976019618791693916e-05 8.708446486234950961e-05 7.703681158727404197e-05 7.104159168225795734e-05 6.109695234047325847e-05 4.969715652413634629e-05 4.222629632710358025e-05 3.509092213449527264e-05 2.907523150757839893e-05 1.956463476013985418e-05 1.499643433457690518e-05
2.415195594231199321e-04 2.649762716636324994e-04 2.638108500900714255e-04 2.353345082159765116e-04 2.017707768412733168e-04 1.699414087266601337e-04 1.481914849913325131e-04 1.289614274387942939e-04 1.106578740344919392e-04 1.004692468242570947e-04 8.799067343133913849e-05 7.792359179146604348e-05 7.161189599364419032e-05 6.201678560003058213e-05 5.062707247427355951e-05 4.312098152961318194e-05 3.575272021669949037e-05 2.928977273101768922e-05 1.975414279154690482e-05 1.511071264056983392e-05
2.409900915410113790e-04 2.644438497479072408e-04 2.632397004574459705e-04 2.349395289529602983e-04 2.013187384521110640e-04 1.694806602152565801e-04 1.481002666296307225e-04 1.288833784710738633e-04 1.105627121682842409e-04 1.003155114977914193e-04 8.773438512620722178e-05 7.763427399543464005e-05 7.138992919113198673e-05 6.165756934795110506e-05 5.028906117134788664e-05 4.286024682983086603e-05 3.567336588239583480e-05 2.928893941261743311e-05 1.954733890265225000e-05 1.489846424962412264e-05
2.416885027276291324e-04 2.650845745598638366e-04 2.633548130392410615e-04 2.350727998123042651e-04 2.017360370205852679e-04 1.699985163788628813e-04 1.483047054613950385e-04 1.291205491898335129e-04 1.107980171877254101e-04 1.002754135747687899e-04 8.754404895360115612e-05 7.750548916512871572e-05 7.164068254235833773e-05 6.218649365725647496e-05 5.074645829546108858e-05 4.316715180694795492e-05 3.559422357282041158e-05 2.904264440734677637e-05 1.940891141217939152e-05 1.448516258866100255e-05
2.416049290213880571e-04 2.649601930432030159e-04 2.635853056493553176e-04 2.353711153322255475e-04 2.017622003678877789e-04 1.699577665595568916e-04 1.483652899837506012e-04 1.292454355700076065e-04 1.108182131138105159e-04 1.005745658695301646e-04 8.775668061506360800e-05 7.753179073679395501e-05 7.127175689559221163e-05 6.151320714872901595e-05 5.017175517179552378e-05 4.283622461092218177e-05 3.542845628250285649e-05 2.892779661344350363e-05 1.940861543296465200e-05 1.469357445011429236e-05
2.408891586286740700e-04 2.646469102188397536e-04 2.636420852913951159e-04 2.353670053336340317e-04 2.016751549682641693e-04 1.697206119527296683e-04 1.480413905008737035e-04 1.289881284822364524e-04 1.108719067270855750e-04 1.006801624565478937e-04 8.788570345727518118e-05 7.770414034988422109e-05 7.153250514741844792e-05 6.180418029675706360e-05 5.068157993891564780e-05 4.317649741625848633e-05 3.574890933636817137e-05 2.927920638631080778e-05 1.978402969853515432e-05 1.499775927336557071e-05
2.420739507877793842e-04 2.652709199980064466e-04 2.639863019673573314e-04 2.354089911936857427e-04 2.017576181162067644e-04 1.699303465055068988e-04 1.482652812422305855e-04 1.292147574825661734e-04 1.108808519312628896e-04 1.003616716344966588e-04 8.755264569462122926e-05 7.744448982299928540e-05 7.137028903489899066e-05 6.164127775286687753e-05 5.032312918176438547e-05 4.287826477620323968e-05 3.563343207648204470e-05 2.921220609754296337e-05 1.980871167928534876e-05 1.489929521697006218e-05
2.410255914476774723e-04 2.646333625091656016e-04 2.633664986657320377e-04 2.351505295894939455e-04 2.016009224822643442e-04 1.699601495314557184e-04 1.481917436299584915e-04 1.288982724938802550e-04 1.104384690786216236e-04 1.003242901705279292e-04 8.758336848661959963e-05 7.744712604390508240e-05 7.147299423441578049e-05 6.199506098259334290e-05 5.080697033653484444e-05 4.311889986263814226e-05 3.552531405671339098e-05 2.929093616426328971e-05 1.983366095749821724e-05 1.522739852582765595e-05
2.412911960408599551e-04 2.642164358650895238e-04 2.631249938175980372e-04 2.348235947946257951e-04 2.014734944420269269e-04 1.696443895522275699e-04 1.478821600266175859e-04 1.287564824053931910e-04 1.105597743958686071e-04 1.002608852506317025e-04 8.764861784102169625e-05 7.747404066606532029e-05 7.134508521807803906e-05 6.171519758992380757e-05 5.031528323128610304e-05 4.291347452088307751e-05 3.547538006421575765e-05 2.911975807430593519e-05 1.953976760393281282e-05 1.494927019408448163e-05
2.419172777387431316e-04 2.648764991795817740e-04 2.636814092156823750e-04 2.350959149048142331e-04 2.018018766048012950e-04 1.699163034530940506e-04 1.482801452412307007e-04 1.290892422497977061e-04 1.107565148573370158e-04 1.004476291258987655e-04 8.765302880716473860e-05 7.759708631944217693e-05 7.144242742500253476e-05 6.195104973419808677e-05 5.057390731670893889e-05 4.312569215687237639e-05 3.545484331780778746e-05 2.882675358864324747e-05 1.922311034242997537e-05 1.474031655318059287e-05
2.407286376484299103e-04 2.647478285257166939e-04 2.633311288637913859e-04 2.352667244547291235e-04 2.015044727083147122e-04 1.697319881024043464e-04 1.482967424155946768e-04 1.291274720208641393e-04 1.107193966634032768e-04 1.003969725047490724e-04 8.768905757438629194e-05 7.730578272685478629e-05 7.121863287415169334e-05 6.135030268026889721e-05 4.985618669358764390e-05 4.224271264941018001e-05 3.504031333838679554e-05 2.912083855255141762e-05 1.978613457950156499e-05 1.511384138510010545e-05
2.411192156470339280e-04 2.647462443814252550e-04 2.635698834794697140e-04 2.354242924168511238e-04 2.015925422310471215e-04 1.698062736678853572e-04 1.484926317824087651e-04 1.292552111505368829e-04 1.110051182660449321e-04 1.005484333890958106e-04 8.767740894286849484e-05 7.737757773829626463e-05 7.125742106556593098e-05 6.182462249039704771e-05 5.054168983800953323e-05 4.286516690697130032e-05 3.500311693373852701e-05 2.843576510652835287e-05 1.912895489912609708e-05 1.476486864110101031e-05
2.407295054565578669e-04 2.644970241872692516e-04 2.631872074573659149e-04 2.349943504621300266e-04 2.015318633082012316e-04 1.698175413378940029e-04 1.482285447006599069e-04 1.290832081336496082e-04 1.109183165107169658e-04 1.005295318418939019e-04 8.764073083786244481e-05 7.735367725532146127e-05 7.145035518288290371e-05 6.179708480666757980e-05 5.054315022541544782e-05 4.296277815126275869e-05 3.530532164259781141e-05 2.891523109224375349e-05 1.941561886469665062e-05 1.492920816895875248e-05
2.412730742900345382e-04 2.645346522391674323e-04 2.631895416250330084e-04 2.352174270282883755e-04 2.016508850358641168e-04 1.697996114953068017e-04 1.479992143960997273e-04 1.289266029347976752e-04 1.106500179164027561e-04 1.003919577061550570e-04 8.756219871484964199e-05 7.728447397912545304e-05 7.123208652663921836e-05 6.156034644851410991e-05 5.042343929378049854e-05 4.307860575454839947e-05 3.580314425875094354e-05 2.946079860699455928e-05 1.963656657724753728e-05 1.474370456358290066e-05
2.413010837971518068e-04 2.647977021546588984e-04 2.635662706968537844e-04 2.349478304155896979e-04 2.016837641094510868e-04 1.698912139700721328e-04 1.481877877704122261e-04 1.291043862117381030e-04 1.107468192521373344e-04 1.005968791797802036e-04 8.786972133892193872e-05 7.777980040821456280e-05 7.166986473753061276e-05 6.174346345692387466e-05 5.032730202079852867e-05 4.262049861750237100e-05 3.527946944609667977e-05 2.906539041406558212e-05 1.979788329969863647e-05 1.506628777626720140e-05
2.409194285959565787e-04 2.645532254612191383e-04 2.635886093029693911e-04 2.354002016098243240e-04 2.022092721813246400e-04 1.703661713611459778e-04 1.486815480500707745e-04 1.294561944747982599e-04 1.108780983970315484e-04 1.006169763389385975e-04 8.773735808689774333e-05 7.766013470672228347e-05 7.157478978976551838e-05 6.171505401167450152e-05 5.036274080382222642e-05 4.296513529004385639e-05 3.561827364309113416e-05 2.920959185273143023e-05 1.982473454204344713e-05 1.527083295844119563e-05
2.413475183898286947e-04 2.646436844475968594e-04 2.634147857210204823e-04 2.353306214031187246e-04 2.019567215272350834e-04 1.700891105413534729e-04 1.484579813159575079e-04 1.292000054751349630e-04 1.108653654421328975e-04 1.003926748217198359e-04 8.776626879927812354e-05 7.775876555974612682e-05 7.171772336637465765e-05 6.188950452009076085e-05 5.058789551745991890e-05 4.308497897450390261e-05 3.562952197402676651e-05 2.909377298827350172e-05 1.943426861691842266e-05 1.475514801976100934e-05
2.412719596029488207e-04 2.642063144780697898e-04 2.633562843599986190e-04 2.350644214665851813e-04 2.014988155776848019e-04 1.697705578091949618e-04 1.480148437579854870e-04 1.288783752843387291e-04 1.107841747663886050e-04 1.004867940193380452e-04 8.759996547105466545e-05 7.756881357743998246e-05 7.149787765150338980e-05 6.161601487315939991e-05 5.012759226685788155e-05 4.271182948830647700e-05 3.549335793521984157e-05 2.913211006816832644e-05 1.936125799339126147e-05 1.474850610331726479e-05
2.418043485018228633e-04 2.652225177699631510e-04 2.636071966554894854e-04 2.355355336855313828e-04 2.017953923363794506e-04 1.695567896633795135e-04 1.478307256621327317e-04 1.288927430637367604e-04 1.105465044579348108e-04 1.002742352654359263e-04 8.770105492704611259e-05 7.767289685426748483e-05 7.166396611936317544e-05 6.172047517454547531e-05 5.050991613629161219e-05 4.295219603106256257e-05 3.545614748022330619e-05 2.910150613835287646e-05 1.963370879847941270e-05 1.498602325058699936e-05
2.412512051560103692e-04 2.647290905584727275e-04 2.634905357708226315e-04 2.352671594494215438e-04 2.017085444093369071e-04 1.699196260486730641e-04 1.483487973441175941e-04 1.292090934607728148e-04 1.108666301232714513e-04 1.006570504690706768e-04 8.795487626704981150e-05 7.763396035469812950e-05 7.152056780821787658e-05 6.181705420911124760e-05 5.067415262160473587e-05 4.320410382963143137e-05 3.580603044598784890e-05 2.933519854093199559e-05 1.981566704260018420e-05 1.499202232256570966e-05
2.410628691308555865e-04 2.645371581996146682e-04 2.634495303356725309e-04 2.353496999531258006e-04 2.016798395976983501e-04 1.698730927782204545e-04 1.483501835841024566e-04 1.292329233567908334e-04 1.108867812811981384e-04 1.006901330424557278e-04 8.784322224943789405e-05 7.778225440001873255e-05 7.167092234503521055e-05 6.177284711262034304e-05 5.028185680161231330e-05 4.275737549375674504e-05 3.543723592005063223e-05 2.919518186460537686e-05 1.987253565296024572e-05 1.524216946382603947e-05
2.412609987481409977e-04 2.645426928257397473e-04 2.632228967737686013e-04 2.353069471565989062e-04 2.015369246611554131e-04 1.697805195099895967e-04 1.480710325906932725e-04 1.289701668359096234e-04 1.106920413400526681e-04 1.005342210413046007e-04 8.766465512356465609e-05 7.748969696085310135e-05 7.144366425243341276e-05 6.171015956994622238e-05 5.024672333189048447e-05 4.276801886619449649e-05 3.550427803737967039e-05 2.923812474770280244e-05 1.983492902555890894e-05 1.492789146348898354e-05
2.411672872991630333e-04 2.644052886688259309e-04 2.633028535750131689e-04 2.350031409876981732e-04 2.015499091364433512e-04 1.697889453186926089e-04 1.482762962347919063e-04 1.292826326755886900e-04 1.109225890467699989e-04 1.005694579677230761e-04 8.768425158861320630e-05 7.750088696117768113e-05 7.126196225080851478e-05 6.144722225511025412e-05 4.989803754576156643e-05 4.208961599506794545e-05 3.467537347683249108e-05 2.855922820265012119e-05 1.923071000264462937e-05 1.495246022269796225e-05
2.408647769804124668e-04 2.641438043767721077e-04 2.631819751958616987e-04 2.348009343458916061e-04 2.014498650296713488e-04 1.695693461972423439e-04 1.478899416645679157e-04 1.286557364807692540e-04 1.103076449146790731e-04 1.001401224570607948e-04 8.735236291313114645e-05 7.744162868354769131e-05 7.112829842349191901e-05 6.136602756170567955e-05 4.999384385225859160e-05 4.271507714598596323e-05 3.535870626821126212e-05 2.872425901191254593e-05 1.898750567448969425e-05 1.428116723928333592e-05
2.408650975262772748e-04 2.644481767955880161e-04 2.629719588529327357e-04 2.350726120538541744e-04 2.015276317196386326e-04 1.697362375874261894e-04 1.482924157655703915e-04 1.291521183173724462e-04 1.109914064064760264e-04 1.005975894296043947e-04 8.773850810959134077e-05 7.744735038189783137e-05 7.147110438556912495e-05 6.181317304445568990e-05 5.063374642996630620e-05 4.311578995165370811e-05 3.563530927405426300e-05 2.929688689331482311e-05 1.981074929629974887e-05 1.510715821944908260e-05
2.410157873167438321e-04 2.645549681954934115e-04 2.630298420592384369e-04 2.349762517777772240e-04 2.015060791033453525e-04 1.700293670054590716e-04 1.482902476149801742e-04 1.292203538320228036e-04 1.107273902123309250e-04 1.004473979835640958e-04 8.776912251846563456e-05 7.763061585812191915e-05 7.140797755130900027e-05 6.160856170815653379e-05 5.016791714695981424e-05 4.265630420740027716e-05 3.530412571162767796e-05 2.907141328111800718e-05 1.973893852309047424e-05 1.510018907020375570e-05
2.415137300679139499e-04 2.648702184743870766e-04 2.636060085708791375e-04 2.352347389655864941e-04 2.017167295913277329e-04 1.700157753835881242e-04 1.483357529154972912e-04 1.292634997126153752e-04 1.108502834880388814e-04 1.006029607618335041e-04 8.777049063760244030e-05 7.758257201742412663e-05 7.147264536854860983e-05 6.166290015176917013e-05 5.022463902147185854e-05 4.281295436963422000e-05 3.558797850264854663e-05 2.927575642895087246e-05 1.987164367201089079e-05 1.516725989636324397e-05
2.409434966784312394e-04 2.648578349028454424e-04 2.636748633836679279e-04 2.354407363792792587e-04 2.018957158059260114e-04 1.701353047651862828e-04 1.482403802705124297e-04 1.289372518456007998e-04 1.106520683179120342e-04 1.004150240577182267e-04 8.772180300902245856e-05 7.772854377021612274e-05 7.186736828918736323e-05 6.216763371455370898e-05 5.087776522446060064e-05 4.345694096468024340e-05 3.592858799086201955e-05 2.936784979433887952e-05 1.980745683853826319e-05 1.509548749513767567e-05
2.414230923870215584e-04 2.648458303895777810e-04 2.636566233891376445e-04 2.351510276044297136e-04 2.017804177029216314e-04 1.700810262110742589e-04 1.486225539938275928e-04 1.294131227343820541e-04 1.110687907544224870e-04 1.005924632036829720e-04 8.790618028944494847e-05 7.769285659319748389e-05 7.167469001935128695e-05 6.185288838665170834e-05 5.062715164464984865e-05 4.307852762872706935e-05 3.572473087727114500e-05 2.940053753207279419e-05 1.976678500349060330e-05 1.504975225983211165e-05
2.413082986672905801e-04 2.646240784788367979e-04 2.636255494147828993e-04 2.353933453883849940e-04 2.018355536388061135e-04 1.699552225558600613e-04 1.483116768181813984e-04 1.291129674373311660e-04 1.108632437289622230e-04 1.005997845408250496e-04 8.791893629824140655e-05 7.779450126278597967e-05 7.175695798033287348e-05 6.220690305847858940e-05 5.083813548086933817e-05 4.332497872314640565e-05 3.601747650770840406e-05 2.966718198205048779e-05 1.995267373981728104e-05 1.510979517552576915e-05
2.413378053838511326e-04 2.650335234224791554e-04 2.635353413781755822e-04 2.353322866645956961e-04 2.018047003937451791e-04 1.701309950474547779e-04 1.484401493356128133e-04 1.292422000806958877e-04 1.109131095954081747e-04 1.006131056525528893e-04 8.784135757818853666e-05 7.768701718756762964e-05 7.176417885034567915e-05 6.227397581110525064e-05 5.088181599370090232e-05 4.333379290759841167e-05 3.593095910484628698e-05 2.951225552301962155e-05 1.966667721160957543e-05 1.507525294485988232e-05
2.410408157851703015e-04 2.645356279662492457e-04 2.632959877842260834e-04 2.348982473768170963e-04 2.015473918638436743e-04 1.699254198285157801e-04 1.481044045379625396e-04 1.286968382408803829e-04 1.105453411066834328e-04 1.003133928360441844e-04 8.779919350828368759e-05 7.752487260477732012e-05 7.118126547989541341e-05 6.136465187491361756e-05 5.023560455714048983e-05 4.277834103341186057e-05 3.528817625590869727e-05 2.887037308124176590e-05 1.936028379502982544e-05 1.477468193924040573e-05
2.414391745280611420e-04 2.648681790923182585e-04 2.635931503616244188e-04 2.354281959419094632e-04 2.017083602318124657e-04 1.700154088772347274e-04 1.484848532143818740e-04 1.291837508352991536e-04 1.107011827632376454e-04 1.003415579635351910e-04 8.767085065954072481e-05 7.763086223473922840e-05 7.171029828246699349e-05 6.198836090298645454e-05 5.043576616375717393e-05 4.286371924026377496e-05 3.577241693029868511e-05 2.930613707927685782e-05 1.990021736857886143e-05 1.514805295877751833e-05
2.410255209033329907e-04 2.647364387933972413e-04 2.635411839326027130e-04 2.353140860372630926e-04 2.016963431093547450e-04 1.699992469208466131e-04 1.482154314131989639e-04 1.291540707007563969e-04 1.106668391280949993e-04 1.003586503051819001e-04 8.787065396767074427e-05 7.774160431957474195e-05 7.154776530064425194e-05 6.149012615351662453e-05 5.015889542566919580e-05 4.273060647500573984e-05 3.511734032255358810e-05 2.890247167173825283e-05 1.957446449481225855e-05 1.491226517287495604e-05
2.412752712893291866e-04 2.645265775601907078e-04 2.634296028771475383e-04 2.353752194179348461e-04 2.015713316122134632e-04 1.699521736135910482e-04 1.485295091910114314e-04 1.292697793718016862e-04 1.107959319918539842e-04 1.005244760275253695e-04 8.790528345663161324e-05 7.770686905701702828e-05 7.167307789053531972e-05 6.192949560529422684e-05 5.071504511396579740e-05 4.302837398104289283e-05 3.562356623782144321e-05 2.924245991492487531e-05 1.985210673787007080e-05 1.497961121282894046e-05
2.412852153448731096e-04 2.644842462351419199e-04 2.634639864356359417e-04 2.354438552997462856e-04 2.017763268084898573e-04 1.699875047010190930e-04 1.483148299740213170e-04 1.291235050427520076e-04 1.106694896988135026e-04 1.004226288654134602e-04 8.766525422273106403e-05 7.759117173809807692e-05 7.141595412430256219e-05 6.186986362845182019e-05 5.067242143763324365e-05 4.294523431455447691e-05 3.537839541799194816e-05 2.895902425788864795e-05 1.953203227796046804e-05 1.480776068861523607e-05
2.412676409338970263e-04 2.646089979761588498e-04 2.635364674042234854e-04 2.353504523062531896e-04 2.020272613292311452e-04 1.701428600720753795e-04 1.483723337724446279e-04 1.291551157858508432e-04 1.109116984623316688e-04 1.005944352734900821e-04 8.785505291643590014e-05 7.755698233008018151e-05 7.149965360996228341e-05 6.193446874896567540e-05 5.052088120842666727e-05 4.315903631099025038e-05 3.569441296667405505e-05 2.925415574134880781e-05 1.964627586964378726e-05 1.497041329788006651e-05
2.411591208781807961e-04 2.644946228886450607e-04 2.633860177064557698e-04 2.349940099230814607e-04 2.014305469749589792e-04 1.697396633591573408e-04 1.480122314595931556e-04 1.288716768687988505e-04 1.107358673348546969e-04 1.006245159649746479e-04 8.768294824230537382e-05 7.750460785614211141e-05 7.132174166953479167e-05 6.180748547069183101e-05 5.055185894968182561e-05 4.311043719801646996e-05 3.554858279174531570e-05 2.918136099560034296e-05 1.956776136660571825e-05 1.473373384348386007e-05
2.414479196952319391e-04 2.653951359767891031e-04 2.635982855650112868e-04 2.356679419603950794e-04 2.019876062238547688e-04 1.699752825343670210e-04 1.482445712797057097e-04 1.291327719915933011e-04 1.106345082652189596e-04 1.004805711057788793e-04 8.777783494461570803e-05 7.758942188088712312e-05 7.145928906386653354e-05 6.151181885647148153e-05 5.012398582863472298e-05 4.285379243752630813e-05 3.556004409646727326e-05 2.914069406790206480e-05 1.984454671310932554e-05 1.518698339495054052e-05
2.416081523554978279e-04 2.648648053400227140e-04 2.638288370402897508e-04 2.354334536219650036e-04 2.019004807610755910e-04 1.701072099062387287e-04 1.481107929605417011e-04 1.288859561863181361e-04 1.107024883076468250e-04 1.004463714817626486e-04 8.780032998237713633e-05 7.769206273323917716e-05 7.159902904316297896e-05 6.183430837901285478e-05 5.047727858188507028e-05 4.283114607190486721e-05 3.529925481411640343e-05 2.887851808202935804e-05 1.942523807981408392e-05 1.460419787108920811e-05
2.411458891862239555e-04 2.643851913356880267e-04 2.635361483365710866e-04 2.351100400722433653e-04 2.015169826632053638e-04 1.697862082349073213e-04 1.482170664762403321e-04 1.291494514326228707e-04 1.107766780294084681e-04 1.004738065745613301e-04 8.776623103190161709e-05 7.749388277341457375e-05 7.144764980441484789e-05 6.169396841402999092e-05 5.050881746130865763e-05 4.294210544430051787e-05 3.564850982831577620e-05 2.921137459144210907e-05 1.947181300681424899e-05 1.483303653197683372e-05
2.410216411179016418e-04 2.646092602864280586e-04 2.633369406578599009e-04 2.350841271121469945e-04 2.016143245695150340e-04 1.698724762468349127e-04 1.482867933750941873e-04 1.292539927304666965e-04 1.109423679315645788e-04 1.007442720356688628e-04 8.779317287169981557e-05 7.759942828532529564e-05 7.125885464731402058e-05 6.156622492050538385e-05 5.012399821029768542e-05 4.257600943593642785e-05 3.558474552294101269e-05 2.902397112855766589e-05 1.948674236410820090e-05 1.495584752514039184e-05
2.415846694575156373e-04 2.650509777047044876e-04 2.635903288196532164e-04 2.352930574930108931e-04 2.017031240431432055e-04 1.697691880022649132e-04 1.483616890129833984e-04 1.290834179718144644e-04 1.108510673962945589e-04 1.004713131619727339e-04 8.779542135004602212e-05 7.762194988459786608e-05 7.138719207666021336e-05 6.177662374807094754e-05 5.039111454036621134e-05 4.300570165084149888e-05 3.558923964579686683e-05 2.914803025222273696e-05 1.955506976207916834e-05 1.493287995971307261e-05
2.413796715224056963e-04 2.646002870241383783e-04 2.635681589464935483e-04 2.353566688158988097e-04 2.018293489921607945e-04 1.699311789537731154e-04 1.483019952692971142e-04 1.292545544406074453e-04 1.108732002627879680e-04 1.002750092515595316e-04 8.737181921928271631e-05 7.723291289365283763e-05 7.115821081934471399e-05 6.149795081842303010e-05 5.020727494481843386e-05 4.273184168664393345e-05 3.516162776714244575e-05 2.889793403856775087e-05 1.955604338412357478e-05 1.505940977220904652e-05
2.412915710530280839e-04 2.646160477370115708e-04 2.629427316285791764e-04 2.349331197023765325e-04 2.012547870655645996e-04 1.696694272590555869e-04 1.481534055336550129e-04 1.290245249948519975e-04 1.108544279760805115e-04 1.006612615527320727e-04 8.793293309689030645e-05 7.781333100402943804e-05 7.179383025039814416e-05 6.199946916388282005e-05 5.091271979288673532e-05 4.345595499089452006e-05 3.585687429885049758e-05 2.937325305541615503e-05 1.981833957784045187e-05 1.491821717874899228e-05
2.408032179503491932e-04 2.648263283894420651e-04 2.632975739391793415e-04 2.349940886517688213e-04 2.016281340632244447e-04 1.697103081924453052e-04 1.484065050696149442e-04 1.293506435840444558e-04 1.109923323129746069e-04 1.007686366635459068e-04 8.788251167065869293e-05 7.763434141443582154e-05 7.163406396389257176e-05 6.198329264292038701e-05 5.084140957242647385e-05 4.316475748858946760e-05 3.559406617482780251e-05 2.935060170698639600e-05 1.992840787014834049e-05 1.516508370720615782e-05
2.406705799321090197e-04 2.642806786549108436e-04 2.633017911164929181e-04 2.348314734117606007e-04 2.013907704078325754e-04 1.696064453990130431e-04 1.481349513347699550e-04 1.289159510173604650e-04 1.105361874820153591e-04 1.002656821562572927e-04 8.752016279589228825e-05 7.746241550613116797e-05 7.142762745057399331e-05 6.171090132678706786e-05 5.046751219774659445e-05 4.311888238366481577e-05 3.549373063328153764e-05 2.914229489535604889e-05 1.947619075319157407e-05 1.497496046484855626e-05
2.411606677295167545e-04 2.650036406812714194e-04 2.635554367617205470e-04 2.351261433877514047e-04 2.018122321313104827e-04 1.699594757762214431e-04 1.482936292927491202e-04 1.291345873075989980e-04 1.107362728713651569e-04 1.004528239563049928e-04 8.792774145850589418e-05 7.766708383172595800e-05 7.142771339573082776e-05 6.171706554015536682e-05 5.049483592460300366e-05 4.318405771252605441e-05 3.570737226084029253e-05 2.919579846106133141e-05 1.967200654733467966e-05 1.494278888751726388e-05
2.412320800976510294e-04 2.646301685685978474e-04 2.631587702465036128e-04 2.351780692913079112e-04 2.016424386910771493e-04 1.699719670659610455e-04 1.481784955377187451e-04 1.290624189149303515e-04 1.107190576636373148e-04 1.005239315969027014e-04 8.778251341637504138e-05 7.765843472900358984e-05 7.170284356481244339e-05 6.189737422251759171e-05 5.042613279318549317e-05 4.290813469165512386e-05 3.551207236304922940e-05 2.909474951388244974e-05 1.959465298366729933e-05 1.497804009655472460e-05
