# weights (sum of all JK regions)
4.883805004915857315e+08
7.622473313278032541e+08
1.194055458031440258e+09
1.872934578341727734e+09
2.942558011613527298e+09
4.625184500034311295e+09
7.278122397105611801e+09
1.144172821805264091e+10
1.799800476268538284e+10
2.832782457714303970e+10
4.456315770728453064e+10
7.009489748414363098e+10
1.101856891301533813e+11
1.732006572191967468e+11
2.720719913411374207e+11
4.265369748593355103e+11
6.678054409785756836e+11
1.042661898323023315e+12
1.621980264827145752e+12
2.512971562293054199e+12
