# weights (sum of all JK regions)
3.158096860235626698e+08
4.969334719061434269e+08
7.831313458176378012e+08
1.234225796843182564e+09
1.945797222092806101e+09
3.071886777760259628e+09
4.849368396941744804e+09
7.644523461689300537e+09
1.205322258370532990e+10
1.901779242017808151e+10
2.997665951908483887e+10
4.724615078547679138e+10
7.440661204248330688e+10
1.171491905469942474e+11
1.842256896831607056e+11
2.890816707314324951e+11
4.529037610551245117e+11
7.075697906347491455e+11
1.100981049669434326e+12
1.705755724839025635e+12
