9.945625458368274317e-09 -8.195403286769064553e-11 4.925994653694895130e-10 -8.934937420461299340e-11 4.416282481689393109e-10 6.443790618330729266e-10 1.314787058208363344e-10 1.314461381117395404e-10 2.497893948064119912e-10 1.143465075949057289e-10 -7.629668531344238311e-12 -6.896646717012202773e-11 6.803753101722021505e-11 1.281921501012186172e-11 4.216442441838449735e-11 3.257764922628777944e-11 9.686406701136697779e-11 1.165324150439668971e-11 -5.305795129435516325e-11 4.479154417225454068e-11
-8.195403286769064553e-11 9.937822255352473789e-09 4.285723843856630661e-10 4.389325649504379137e-11 3.358519990348798341e-10 -1.935381984717489017e-10 -3.785944597785233191e-10 -3.815056704162860919e-10 -2.883233209581468230e-10 9.428607609908673911e-11 8.299906100007315876e-11 -9.002340326530722740e-12 -7.526530020973208698e-11 -1.913878609368670914e-10 -9.415747387625900532e-11 5.434182700850767334e-11 1.864017028034007961e-11 4.495922941771737520e-11 6.134052044565679761e-11 4.238494961955721300e-11
4.925994653694895130e-10 4.285723843856630661e-10 5.384348315449630114e-09 -1.121696470952274057e-10 7.157873119668614549e-10 3.615500836079758737e-10 -2.167630598488101881e-11 1.582709648160084533e-10 1.975303053701894096e-10 9.197186723849421858e-11 3.363889309422204369e-11 1.209542529657290276e-10 2.854042581609459474e-11 6.964626459661425481e-11 -6.786533735783873081e-11 -6.955626021495150569e-11 -2.654431148231910535e-11 8.007629693648592973e-11 3.748899905563700985e-11 2.355374342600788779e-11
-8.934937420461299340e-11 4.389325649504379137e-11 -1.121696470952274057e-10 3.826891727683558304e-09 -1.844273492487215436e-10 -1.636456271577035226e-10 -5.152004185804514260e-12 2.355146595301184872e-11 -6.903004049019869860e-11 -1.759375853615715256e-11 -6.220582201529128941e-11 -3.215692616871299012e-11 -5.903234573236818051e-11 -3.798442187487394068e-11 -8.377728502543753282e-12 6.539701685923415015e-12 -5.411095752196136865e-11 -1.652994443365384025e-11 2.607655295589257385e-11 -7.522316168815547409e-12
4.416282481689393109e-10 3.358519990348798341e-10 7.157873119668614549e-10 -1.844273492487215436e-10 2.361143108048960910e-09 2.230450780756441519e-10 -1.226137063982455185e-11 -1.227492413318501380e-10 -1.022256738885856370e-10 -1.907843577574651074e-11 2.295591680556972287e-11 4.187414818364526949e-12 -4.656952801795915682e-11 -2.433717012060458261e-11 -5.219788847948839971e-11 -8.874075118612724023e-11 -1.058211616057503313e-11 -1.907371698166963271e-12 1.142860472058038317e-11 1.903649679292012245e-11
6.443790618330729266e-10 -1.935381984717489017e-10 3.615500836079758737e-10 -1.636456271577035226e-10 2.230450780756441519e-10 1.984650044768137821e-09 4.929885548129888823e-10 6.979972453041682694e-11 1.952143830820798855e-10 2.794968701602085805e-11 1.441964076595264608e-10 6.413338440495012467e-11 7.506728268743762494e-11 7.247314175297884754e-11 4.840101888010828279e-11 1.375339487654435773e-11 2.416217222836256340e-11 7.244224535313841813e-12 2.516300955566225402e-12 3.360848643472599637e-12
1.314787058208363344e-10 -3.785944597785233191e-10 -2.167630598488101881e-11 -5.152004185804514260e-12 -1.226137063982455185e-11 4.929885548129888823e-10 9.913690054125069823e-10 1.548405836706244152e-10 1.654122636707146126e-10 -5.312241248288840533e-11 1.312336747623455758e-11 -6.760363254948386620e-12 3.341215267854009421e-11 3.787267916187828578e-11 6.490053914152227069e-12 2.183911110884814710e-11 2.724376519676003371e-11 1.329942477369685633e-11 1.152369151732018238e-11 1.351563198264541893e-11
1.314461381117395404e-10 -3.815056704162860919e-10 1.582709648160084533e-10 2.355146595301184872e-11 -1.227492413318501380e-10 6.979972453041682694e-11 1.548405836706244152e-10 6.582404903461963911e-10 1.135118446640205379e-10 1.928347371242197698e-12 3.606530797784378997e-11 -4.268214239069267916e-12 -4.495879653915677113e-11 7.252300140499531571e-12 -1.004218184161520232e-11 7.835453799376102125e-12 2.056526104417982085e-11 3.522329601460733681e-12 1.153717548795328664e-11 6.315321945936209183e-12
2.497893948064119912e-10 -2.883233209581468230e-10 1.975303053701894096e-10 -6.903004049019869860e-11 -1.022256738885856370e-10 1.952143830820798855e-10 1.654122636707146126e-10 1.135118446640205379e-10 4.198127112776311689e-10 5.147854759230929596e-11 1.071262743112598642e-11 6.413671129718622478e-11 3.647750884240471884e-11 3.101916191996909395e-11 1.487598193148945051e-12 1.529717243847365108e-11 1.052777281014155913e-11 5.455400192969830418e-12 5.536196103543813752e-12 -3.309402835090054559e-12
1.143465075949057289e-10 9.428607609908673911e-11 9.197186723849421858e-11 -1.759375853615715256e-11 -1.907843577574651074e-11 2.794968701602085805e-11 -5.312241248288840533e-11 1.928347371242197698e-12 5.147854759230929596e-11 3.565722906819587743e-10 1.011581705353320537e-10 3.651438438341015881e-11 3.432159315170443914e-11 2.811441929158432470e-11 3.729684790653613821e-12 1.201493028822617627e-11 1.457254232212752096e-12 -2.246670345229553238e-12 -5.528559089719769769e-12 -7.065242998192245247e-12
-7.629668531344238311e-12 8.299906100007315876e-11 3.363889309422204369e-11 -6.220582201529128941e-11 2.295591680556972287e-11 1.441964076595264608e-10 1.312336747623455758e-11 3.606530797784378997e-11 1.071262743112598642e-11 1.011581705353320537e-10 1.898669381919614420e-10 4.871829030366719476e-11 2.133754316714628701e-11 8.579428491041494085e-12 -2.936770124722504621e-12 -2.532715066238905759e-12 -6.454128302948820844e-12 -7.306381066357257520e-12 -8.371778469465789335e-12 -2.669324876721306881e-12
-6.896646717012202773e-11 -9.002340326530722740e-12 1.209542529657290276e-10 -3.215692616871299012e-11 4.187414818364526949e-12 6.413338440495012467e-11 -6.760363254948386620e-12 -4.268214239069267916e-12 6.413671129718622478e-11 3.651438438341015881e-11 4.871829030366719476e-11 1.955571031323599447e-10 6.482284898308814902e-11 4.164525359680160250e-11 1.126414603947383182e-11 1.407682758972654335e-11 2.682081979828920621e-12 7.953384123877687304e-12 1.220583377977087936e-11 -8.352416594031392183e-13
6.803753101722021505e-11 -7.526530020973208698e-11 2.854042581609459474e-11 -5.903234573236818051e-11 -4.656952801795915682e-11 7.506728268743762494e-11 3.341215267854009421e-11 -4.495879653915677113e-11 3.647750884240471884e-11 3.432159315170443914e-11 2.133754316714628701e-11 6.482284898308814902e-11 1.678323179556979746e-10 6.800402910187454683e-11 1.047033872670942171e-11 2.435889624627188546e-12 -4.449197665352239041e-12 4.001464759433764374e-12 4.351520695971127587e-12 -7.578607908055191995e-12
1.281921501012186172e-11 -1.913878609368670914e-10 6.964626459661425481e-11 -3.798442187487394068e-11 -2.433717012060458261e-11 7.247314175297884754e-11 3.787267916187828578e-11 7.252300140499531571e-12 3.101916191996909395e-11 2.811441929158432470e-11 8.579428491041494085e-12 4.164525359680160250e-11 6.800402910187454683e-11 1.015272744489799239e-10 2.925957353717766524e-11 1.361927163168687568e-11 7.931715953297830704e-12 8.272362393666697573e-12 2.082477750489419647e-12 -2.502054686596590843e-12
4.216442441838449735e-11 -9.415747387625900532e-11 -6.786533735783873081e-11 -8.377728502543753282e-12 -5.219788847948839971e-11 4.840101888010828279e-11 6.490053914152227069e-12 -1.004218184161520232e-11 1.487598193148945051e-12 3.729684790653613821e-12 -2.936770124722504621e-12 1.126414603947383182e-11 1.047033872670942171e-11 2.925957353717766524e-11 5.965197201668300174e-11 2.592750045157251659e-11 8.996511159207735402e-12 4.615265090228327593e-12 3.368524135070750916e-12 2.411289498979276524e-12
3.257764922628777944e-11 5.434182700850767334e-11 -6.955626021495150569e-11 6.539701685923415015e-12 -8.874075118612724023e-11 1.375339487654435773e-11 2.183911110884814710e-11 7.835453799376102125e-12 1.529717243847365108e-11 1.201493028822617627e-11 -2.532715066238905759e-12 1.407682758972654335e-11 2.435889624627188546e-12 1.361927163168687568e-11 2.592750045157251659e-11 5.935473693638724683e-11 1.762843961254487145e-11 9.588960103674142435e-12 1.005806072297280132e-11 4.550584796645356633e-12
9.686406701136697779e-11 1.864017028034007961e-11 -2.654431148231910535e-11 -5.411095752196136865e-11 -1.058211616057503313e-11 2.416217222836256340e-11 2.724376519676003371e-11 2.056526104417982085e-11 1.052777281014155913e-11 1.457254232212752096e-12 -6.454128302948820844e-12 2.682081979828920621e-12 -4.449197665352239041e-12 7.931715953297830704e-12 8.996511159207735402e-12 1.762843961254487145e-11 4.480633178007928114e-11 1.784326906575974393e-11 8.043440288700406756e-12 7.677971243514188053e-12
1.165324150439668971e-11 4.495922941771737520e-11 8.007629693648592973e-11 -1.652994443365384025e-11 -1.907371698166963271e-12 7.244224535313841813e-12 1.329942477369685633e-11 3.522329601460733681e-12 5.455400192969830418e-12 -2.246670345229553238e-12 -7.306381066357257520e-12 7.953384123877687304e-12 4.001464759433764374e-12 8.272362393666697573e-12 4.615265090228327593e-12 9.588960103674142435e-12 1.784326906575974393e-11 3.569597375320831771e-11 1.385236130144918863e-11 6.459128065925694853e-12
-5.305795129435516325e-11 6.134052044565679761e-11 3.748899905563700985e-11 2.607655295589257385e-11 1.142860472058038317e-11 2.516300955566225402e-12 1.152369151732018238e-11 1.153717548795328664e-11 5.536196103543813752e-12 -5.528559089719769769e-12 -8.371778469465789335e-12 1.220583377977087936e-11 4.351520695971127587e-12 2.082477750489419647e-12 3.368524135070750916e-12 1.005806072297280132e-11 8.043440288700406756e-12 1.385236130144918863e-11 2.993571261186838315e-11 8.004692840307546234e-12
4.479154417225454068e-11 4.238494961955721300e-11 2.355374342600788779e-11 -7.522316168815547409e-12 1.903649679292012245e-11 3.360848643472599637e-12 1.351563198264541893e-11 6.315321945936209183e-12 -3.309402835090054559e-12 -7.065242998192245247e-12 -2.669324876721306881e-12 -8.352416594031392183e-13 -7.578607908055191995e-12 -2.502054686596590843e-12 2.411289498979276524e-12 4.550584796645356633e-12 7.677971243514188053e-12 6.459128065925694853e-12 8.004692840307546234e-12 2.370681081978281810e-11
