# gt_boosted (sum of gt_boosted from all patches except for one, different each time)
3.828442575058991679e-04 4.351669676508205967e-04 4.310240307151743397e-04 3.798965118127907805e-04 3.238183066579022732e-04 2.693415135242195483e-04 2.255432965743966924e-04 1.956694898809473442e-04 1.692183702168289865e-04 1.447613532269986271e-04 1.266506346397988452e-04 1.104056948919620034e-04 9.763951769152268449e-05 8.810393276642400253e-05 7.815635513201007762e-05 6.733889058814854093e-05 5.650080128029185105e-05 4.542274528377363978e-05 3.428197061713560086e-05 2.718871113285831328e-05
3.821024576391620210e-04 4.355527601988299583e-04 4.312033591492166174e-04 3.801006883501113634e-04 3.236395410104033832e-04 2.689185058383961697e-04 2.254280702163280698e-04 1.957305375729559828e-04 1.692723650405857734e-04 1.447036337147040443e-04 1.264169447639619862e-04 1.102316906310608533e-04 9.750007205910581867e-05 8.763839951770111122e-05 7.759987374754465344e-05 6.706854996377008347e-05 5.677423108181731197e-05 4.594791448212773760e-05 3.447361078253829546e-05 2.711867779853409938e-05
3.824706033435316998e-04 4.353625324294395230e-04 4.310762901928773413e-04 3.805535993735164766e-04 3.240825314683006345e-04 2.697023253310470146e-04 2.258686956464849146e-04 1.958824175671936647e-04 1.695617429810766851e-04 1.451149708809603236e-04 1.269645948701780456e-04 1.107571858638734696e-04 9.775405330427017702e-05 8.811899824878227292e-05 7.805595623023428770e-05 6.729445376637367476e-05 5.661899841199598770e-05 4.545405390229425815e-05 3.426431245709510537e-05 2.681065359572492820e-05
3.826485162591279762e-04 4.354171058534584402e-04 4.309428246464203451e-04 3.803856063125282986e-04 3.241778878404217700e-04 2.698807759375656222e-04 2.259771418076612437e-04 1.958599099993697725e-04 1.694083290451787332e-04 1.450735802493619713e-04 1.269330889940789781e-04 1.106540833693114015e-04 9.756368580828425412e-05 8.779082082139534821e-05 7.755757973784581296e-05 6.689235267265669909e-05 5.657540340420752614e-05 4.559409814112320959e-05 3.425515687736261185e-05 2.683791447732521496e-05
3.827443244942735400e-04 4.354311768396786010e-04 4.309105922675043063e-04 3.802509709789713799e-04 3.241077658668932524e-04 2.698179996210785074e-04 2.261344334721100810e-04 1.962283705884642184e-04 1.694201191192825674e-04 1.450040339644043780e-04 1.268558057325472419e-04 1.107922178519884891e-04 9.781153979796057823e-05 8.826671147451750968e-05 7.804725017941331188e-05 6.752092023682550669e-05 5.686020331057537358e-05 4.586461559123360739e-05 3.472823664909373021e-05 2.728227329707861280e-05
3.822529527037212774e-04 4.349258530340749233e-04 4.311131544575006673e-04 3.800588230612470452e-04 3.234481660491769555e-04 2.695989544344515191e-04 2.261072671359029660e-04 1.960145055878078637e-04 1.695077105124653523e-04 1.451303603036438147e-04 1.269585845532428465e-04 1.109907073731697977e-04 9.792411668233299150e-05 8.846766604282534920e-05 7.832618730464375469e-05 6.742050909993340855e-05 5.681622595508331093e-05 4.567686410900285857e-05 3.433543504661931006e-05 2.707811268335813521e-05
3.827071511668406353e-04 4.355042956386834252e-04 4.311220266613221132e-04 3.801804778509361568e-04 3.238824045384864226e-04 2.696715840237771749e-04 2.260589618656548973e-04 1.962649557846814653e-04 1.695384010887620858e-04 1.450050595323437881e-04 1.269952627820122143e-04 1.109001061529626530e-04 9.784215660996668340e-05 8.791465946843898956e-05 7.769874031132087270e-05 6.698570115064761583e-05 5.643500732324910102e-05 4.523504491168517312e-05 3.399166240465426069e-05 2.661126419521966984e-05
3.824434730360575332e-04 4.347209916856243370e-04 4.305590350728388479e-04 3.798571692282473470e-04 3.235883801390699948e-04 2.696326588046163929e-04 2.257704052570324422e-04 1.956093693685761342e-04 1.693005168383694063e-04 1.448644024706406642e-04 1.267805426597585214e-04 1.104822141838846347e-04 9.757583299071339374e-05 8.782614233914117462e-05 7.771018710832415478e-05 6.711982263947767523e-05 5.659075487557591234e-05 4.580790331754290817e-05 3.459036651127500302e-05 2.731672990779700536e-05
3.821715239489661335e-04 4.353413788004395339e-04 4.308330749327310134e-04 3.800540662886246583e-04 3.240784029263338415e-04 2.698205166042256945e-04 2.260929962824851432e-04 1.958109487402758865e-04 1.693684945209364434e-04 1.447752389074828899e-04 1.268077557450489193e-04 1.105898149547674959e-04 9.768096730183259977e-05 8.821482112064210840e-05 7.811174293703622993e-05 6.732370391442951782e-05 5.667625435324047996e-05 4.520324246639762097e-05 3.383978651988488504e-05 2.648049829720029963e-05
3.828516888794647271e-04 4.356181098177209186e-04 4.311711295165626722e-04 3.802103311721281528e-04 3.236604878046544457e-04 2.693184069255843732e-04 2.255935086011782694e-04 1.959421696416241822e-04 1.696066916142561424e-04 1.450326881706197628e-04 1.269913838344244403e-04 1.110045291254350188e-04 9.783431397950786512e-05 8.801081740388232535e-05 7.800360537305260882e-05 6.720902597786622022e-05 5.661987341544303255e-05 4.571046311805771845e-05 3.463822598613369892e-05 2.703846661983936699e-05
3.822532858103990980e-04 4.354026613622590013e-04 4.306516115286241741e-04 3.800417533364011972e-04 3.239179118470779969e-04 2.695136003708659025e-04 2.256921629088572958e-04 1.955625813377752365e-04 1.692934886521281132e-04 1.451092829662274447e-04 1.270219416055952822e-04 1.106832051097151524e-04 9.749087602593604007e-05 8.818079876041994794e-05 7.791468127036030203e-05 6.695206227749624865e-05 5.612981210523322395e-05 4.515267474731469359e-05 3.424438201831973469e-05 2.721153618331561964e-05
3.818347258036733512e-04 4.342459181928264998e-04 4.300439830887127198e-04 3.795857421174154717e-04 3.234034917568425968e-04 2.692866255521821940e-04 2.257211653918578861e-04 1.954699870039480357e-04 1.689231676826312846e-04 1.445050213275493318e-04 1.268862542754785935e-04 1.108186484971933724e-04 9.808452731101812447e-05 8.820461278874723316e-05 7.802091728733255961e-05 6.728410723614185651e-05 5.665196243138533695e-05 4.536536409666624519e-05 3.400667712630614932e-05 2.661899748438749914e-05
3.824662289857513474e-04 4.352209907740089479e-04 4.310708149883592201e-04 3.802087182668345620e-04 3.239217691856977922e-04 2.696020144449771407e-04 2.260129396790660757e-04 1.959945302126120501e-04 1.694696722713812500e-04 1.450225894879366491e-04 1.268470442997107913e-04 1.107493487523886552e-04 9.784749193675955727e-05 8.797147543399260546e-05 7.785011053467246085e-05 6.716649728902628297e-05 5.651290020150517976e-05 4.547555580992824109e-05 3.408962173568175593e-05 2.653981385564210387e-05
3.824811384068883802e-04 4.354163036355069216e-04 4.307660191624748452e-04 3.801331289995536072e-04 3.237131999068388537e-04 2.696498208568924473e-04 2.258879802326687171e-04 1.958948098660301190e-04 1.694342942633114896e-04 1.448974117826814449e-04 1.265872663250939764e-04 1.104835156652547381e-04 9.756979557352584104e-05 8.780301262366062049e-05 7.775827862530923604e-05 6.734102489961374751e-05 5.663154124245090964e-05 4.561984444516244824e-05 3.437700676059970913e-05 2.706123968140857782e-05
3.818129960331796365e-04 4.348587781791367324e-04 4.305354797187282393e-04 3.796252646251202902e-04 3.234451250033289812e-04 2.692197046125249143e-04 2.257318865200122504e-04 1.959813355122154964e-04 1.695425482884874580e-04 1.449692478184858935e-04 1.269170626915163845e-04 1.104106902738979180e-04 9.748893001529541913e-05 8.811977728695275316e-05 7.807978596197858747e-05 6.729741993566820527e-05 5.645263374284069748e-05 4.499460498303515469e-05 3.381347129740332858e-05 2.665250882538143453e-05
3.827672919017066394e-04 4.350481700775264975e-04 4.306519138077611166e-04 3.799728490755657296e-04 3.237035580879979620e-04 2.693816353832958511e-04 2.259495544452620015e-04 1.960880546380235675e-04 1.696108719838456682e-04 1.451429885913428620e-04 1.269368426434915422e-04 1.108714557767613058e-04 9.788463485448624184e-05 8.819776765719465682e-05 7.800362892987944036e-05 6.716528558379970283e-05 5.646925363495083520e-05 4.562996149193783186e-05 3.465991891047557190e-05 2.724593156470227082e-05
3.824735897227066303e-04 4.348071995499684541e-04 4.305556150144223106e-04 3.797728393078743489e-04 3.236250804387002080e-04 2.693068862519819306e-04 2.255526680051283292e-04 1.957127701014197937e-04 1.691231148520731104e-04 1.443184720068743643e-04 1.263880324465192502e-04 1.102366438463469033e-04 9.696485195027017994e-05 8.686798379047004799e-05 7.690404688004789284e-05 6.622959455292610348e-05 5.576636831769582188e-05 4.498612941680360077e-05 3.390211298063786776e-05 2.629943900752284959e-05
3.825202915202765772e-04 4.355511835939014794e-04 4.309496475497352655e-04 3.802229557685409098e-04 3.238475839910414972e-04 2.694854278533328129e-04 2.259117937252189047e-04 1.959788785984423176e-04 1.694169508553443641e-04 1.449208586156788695e-04 1.268702054691264508e-04 1.104055939013190310e-04 9.742330570418526541e-05 8.783305923053849433e-05 7.763679290406759893e-05 6.701027960421713646e-05 5.650362600051911263e-05 4.547894052163918799e-05 3.416115602718559744e-05 2.684162408989369878e-05
3.827367922593789265e-04 4.353067322011217781e-04 4.308383070488501694e-04 3.802517839092801151e-04 3.238567473352435186e-04 2.695227235989194566e-04 2.258774927089914780e-04 1.957918567841253192e-04 1.693496062999235233e-04 1.449020271697478996e-04 1.266609245501925188e-04 1.105559827646060645e-04 9.754239920148280593e-05 8.781649102065096542e-05 7.777747064159593765e-05 6.701467027747938618e-05 5.653445929599662572e-05 4.545796054337461185e-05 3.445524656694564768e-05 2.701872126687122170e-05
3.823428832434144753e-04 4.349627123292149826e-04 4.309011090323071357e-04 3.801056565509322669e-04 3.236796549881222813e-04 2.697566065153990042e-04 2.260934723312627438e-04 1.957834646596008003e-04 1.692779667386580783e-04 1.450439584225426644e-04 1.266533750805156461e-04 1.101001566508402009e-04 9.711814834642782117e-05 8.747743199909783325e-05 7.730076004195933644e-05 6.690405550061133107e-05 5.656103104327258989e-05 4.581064165580176476e-05 3.441379488418481791e-05 2.685635845114291839e-05
3.825725966362114334e-04 4.346502229162773094e-04 4.305013195641839972e-04 3.794843862999195978e-04 3.235240983018215994e-04 2.691396574127900582e-04 2.256782026683077172e-04 1.957781509814892956e-04 1.693200155898687905e-04 1.449200107709984746e-04 1.266410553656119255e-04 1.101897038266257632e-04 9.730177852542065328e-05 8.743426946481339481e-05 7.753674179268121944e-05 6.691403538365788049e-05 5.637284836730641318e-05 4.512539940195132369e-05 3.410113926455194831e-05 2.696027335024193985e-05
3.823613515455951588e-04 4.353294084412898286e-04 4.309865089623274260e-04 3.798519928111384280e-04 3.233473155618023080e-04 2.689777723124460343e-04 2.255726445092367258e-04 1.957693065428444009e-04 1.694603067196121318e-04 1.451087233415728579e-04 1.269461491713707452e-04 1.111476766344273733e-04 9.810134292143579649e-05 8.822645977398512493e-05 7.809228884358413900e-05 6.712699588926579572e-05 5.637483147654788425e-05 4.511933471818421282e-05 3.421240602782304113e-05 2.692221763019393341e-05
3.824764169187152923e-04 4.352003771173182834e-04 4.308269570204408525e-04 3.803678646486232068e-04 3.239661498665156493e-04 2.696579815335936299e-04 2.258511256087927929e-04 1.955427698438308198e-04 1.690852123015935125e-04 1.445924877468971251e-04 1.264251565859845453e-04 1.102847628038924828e-04 9.731159413428950005e-05 8.764385273104318102e-05 7.770368889099140927e-05 6.692004995985942686e-05 5.620562077105590530e-05 4.506430892503096998e-05 3.391410052523534678e-05 2.681825966793086451e-05
3.824251481828647267e-04 4.348204764258993701e-04 4.304183369880167130e-04 3.797391572604757776e-04 3.234230046404379735e-04 2.692813139360519716e-04 2.257950833322015880e-04 1.958436970605421967e-04 1.694395686005361094e-04 1.449508840764587956e-04 1.269724179455576554e-04 1.107269381441264397e-04 9.780497010611754886e-05 8.815026308396463534e-05 7.812430119701814523e-05 6.727130767000476209e-05 5.682450998143325990e-05 4.575948964534273832e-05 3.452933268538947145e-05 2.701832453618250533e-05
3.824771117894355549e-04 4.351018977658969631e-04 4.308927572387816554e-04 3.801793181433060450e-04 3.237511295156569316e-04 2.695507166053861614e-04 2.260306458247148085e-04 1.959169227463694119e-04 1.692849046348451295e-04 1.449663347752447784e-04 1.268272592456347087e-04 1.106614100075547797e-04 9.761614024718469676e-05 8.772308481770787038e-05 7.755905847953270646e-05 6.678918542103478206e-05 5.599217272613916604e-05 4.525835088044777033e-05 3.440739322912588790e-05 2.696598173702590900e-05
3.816371749637442225e-04 4.352801207557132832e-04 4.309955719925553062e-04 3.803313231274002993e-04 3.239576294735147508e-04 2.696454055611300867e-04 2.256867376319310206e-04 1.956699413346917136e-04 1.693476628920078904e-04 1.448821451975327212e-04 1.264751387402067667e-04 1.104442605678253477e-04 9.769571329936482438e-05 8.799548072076060262e-05 7.802035068560219538e-05 6.722869049390379505e-05 5.622773282673977044e-05 4.506606127455840339e-05 3.401144608743926891e-05 2.656225817846253028e-05
3.826759322776560252e-04 4.350344007375436220e-04 4.312372966862560797e-04 3.799384948210002754e-04 3.234721331822457721e-04 2.696714922785465674e-04 2.260156403497064843e-04 1.959329828364419048e-04 1.695911864606128696e-04 1.452245766174466927e-04 1.270409436861053639e-04 1.109210277671399369e-04 9.788094656750899057e-05 8.810346378209158152e-05 7.801829949503741020e-05 6.721225841211595766e-05 5.659114658438342614e-05 4.556041822470748774e-05 3.447136143211731053e-05 2.727257334355417465e-05
3.829632859429280261e-04 4.349768624593344226e-04 4.309156463270831386e-04 3.801552493299072198e-04 3.237020015781320870e-04 2.695347039648520533e-04 2.255520047716280370e-04 1.956209572980288527e-04 1.692180310398725817e-04 1.448365165175579392e-04 1.269280735270887975e-04 1.111381477093963962e-04 9.808143522357432769e-05 8.816477604839178606e-05 7.811215152531963556e-05 6.735000346174737902e-05 5.664102665140369474e-05 4.557601285050208743e-05 3.430291527611204698e-05 2.692433749741922100e-05
3.823093746466033472e-04 4.358115492560242130e-04 4.312572627136653240e-04 3.801838276986803486e-04 3.239074447111023759e-04 2.695635047845274987e-04 2.261273006544593214e-04 1.962298952113450976e-04 1.698421390636640311e-04 1.452768327107370710e-04 1.271906209186747733e-04 1.109910465928856048e-04 9.770802204907115345e-05 8.776988645742453377e-05 7.731016818549317797e-05 6.658725835061185018e-05 5.603955186205899721e-05 4.533328199125470929e-05 3.466647652642262012e-05 2.735584600581602541e-05
3.817390799113436813e-04 4.352476579946874249e-04 4.306124446583147023e-04 3.801629767951377999e-04 3.235434019374309588e-04 2.694741261752300562e-04 2.258294513678780872e-04 1.959416290866700312e-04 1.695212038376740131e-04 1.450397694766965989e-04 1.271787081842190657e-04 1.108339883172751607e-04 9.774912409180532848e-05 8.786447393278358628e-05 7.791617251135534328e-05 6.710696694730471437e-05 5.638980608064307599e-05 4.552301421550830510e-05 3.441892900630078272e-05 2.719208195916326175e-05
3.821936295664126381e-04 4.346417502083752275e-04 4.306229307763254511e-04 3.799257113121875694e-04 3.237314896554456469e-04 2.696597779898396528e-04 2.259636554557578982e-04 1.960456735744948976e-04 1.695294650986112314e-04 1.449295637722216906e-04 1.267114808416371508e-04 1.105047403382227855e-04 9.761135813747323425e-05 8.785194795887481863e-05 7.764596486484585003e-05 6.714206784579567454e-05 5.668511649922444875e-05 4.566097465839945286e-05 3.450053007876499898e-05 2.680260052911230678e-05
3.823204473912174012e-04 4.349302120580502491e-04 4.305721355354331882e-04 3.801463110452747577e-04 3.236311601425451178e-04 2.694408193605223783e-04 2.258610996537187873e-04 1.959312312765062113e-04 1.695102029786905182e-04 1.449419416359112736e-04 1.263834383794905716e-04 1.103761472437092924e-04 9.753193575407033877e-05 8.811225752754067362e-05 7.789083273809365186e-05 6.732789003803365863e-05 5.653853326887071175e-05 4.559943920901660380e-05 3.445878485711683964e-05 2.698493906314122041e-05
3.825179239616911440e-04 4.347114212768123770e-04 4.306673736271835287e-04 3.798959324623411133e-04 3.237194264007935075e-04 2.694973065022160212e-04 2.259301744333025463e-04 1.959857045653204486e-04 1.694915505939935418e-04 1.449089526664523329e-04 1.268865353824355599e-04 1.105848616898349882e-04 9.774495321561782533e-05 8.788714078803459894e-05 7.777441175468352205e-05 6.698294365806305747e-05 5.651210607136964120e-05 4.537474906136408637e-05 3.397178847860528008e-05 2.676138594343431578e-05
3.828500803091551140e-04 4.354839141775030840e-04 4.311663790935675979e-04 3.804215476245956630e-04 3.240544013413063236e-04 2.696806152312689856e-04 2.259848845086724785e-04 1.960113731974572082e-04 1.694342302597407358e-04 1.449319557346886544e-04 1.269365123349591447e-04 1.109325116043329685e-04 9.787707709620937894e-05 8.828224076427598104e-05 7.800095598874598186e-05 6.710219464699538955e-05 5.642860719802215042e-05 4.530947977983387266e-05 3.407260158017033739e-05 2.686402301599468429e-05
3.823047295151511728e-04 4.352493262820947327e-04 4.307341001066892138e-04 3.803403698073628538e-04 3.239139812142719974e-04 2.698510027342202280e-04 2.263505029231325280e-04 1.960832480454196528e-04 1.693497651272262328e-04 1.449635438763780036e-04 1.268831169104914854e-04 1.107020918287798214e-04 9.780319028861071348e-05 8.793877709991649043e-05 7.783887940824225405e-05 6.711517861512385479e-05 5.646214731731485041e-05 4.558999080450873713e-05 3.462785260557743340e-05 2.712860643076875906e-05
3.819079066788251325e-04 4.349151741402150170e-04 4.307819347540711654e-04 3.798601096721614741e-04 3.236394755506162156e-04 2.694439223592225434e-04 2.259045477531614293e-04 1.958404068852196583e-04 1.695251817991855019e-04 1.449920361448510657e-04 1.268504072564621355e-04 1.104748027647387026e-04 9.759483711592388967e-05 8.795933848026397505e-05 7.803830005604384134e-05 6.753162305231677172e-05 5.674205304437195460e-05 4.541411595080110757e-05 3.405850007204128983e-05 2.683166588758666236e-05
3.816397716048969160e-04 4.339761969234331063e-04 4.297496928017599657e-04 3.782774710351352642e-04 3.224441283349506492e-04 2.682584853980883740e-04 2.248693118598887885e-04 1.950813917314965496e-04 1.686988513149119330e-04 1.444357578235323564e-04 1.261042332575355038e-04 1.101006309596527501e-04 9.737496536085453425e-05 8.764826837049544833e-05 7.733900663152686993e-05 6.671164782691525947e-05 5.643992237902632726e-05 4.536471989129687129e-05 3.430875289312800041e-05 2.658853859152633480e-05
3.822786447468264591e-04 4.350305236950435892e-04 4.308325316671502174e-04 3.798177574521513066e-04 3.236087056613207950e-04 2.694805679006336387e-04 2.259235153775679048e-04 1.961124208976141475e-04 1.696880847530073252e-04 1.451561575191975188e-04 1.269695798231826279e-04 1.108093544341729857e-04 9.785359352777026651e-05 8.809184176527691513e-05 7.795644327084957491e-05 6.717078272725643200e-05 5.662773739733827105e-05 4.547545888953941225e-05 3.430755326217626845e-05 2.705142803078571382e-05
3.823215805657469266e-04 4.351473252750967199e-04 4.304832551378387582e-04 3.797721952107828230e-04 3.235977272627313861e-04 2.697411091361216805e-04 2.262240113975776460e-04 1.961118098232840132e-04 1.696115095309595386e-04 1.450611079442904274e-04 1.268923088942672380e-04 1.107700959952934996e-04 9.781346050675667663e-05 8.826533297405998225e-05 7.808611722618769805e-05 6.725926009091065592e-05 5.678790937946874459e-05 4.558084049501096561e-05 3.435180150599731794e-05 2.702509059901805717e-05
3.825760223556951261e-04 4.347973259335857353e-04 4.305608132152718395e-04 3.799117495803586413e-04 3.236733296470495282e-04 2.695984522356064555e-04 2.259829040817944602e-04 1.958610675148830349e-04 1.692786767650859760e-04 1.447192274989822665e-04 1.265040072070352552e-04 1.103783537634089672e-04 9.728519797397049737e-05 8.762414472462299209e-05 7.772869793608835670e-05 6.702769294115762692e-05 5.657597477464884275e-05 4.564548685373128075e-05 3.445967229775750024e-05 2.701868749643839094e-05
3.829108646058639325e-04 4.349460294963718361e-04 4.304985804188880523e-04 3.800193680551426189e-04 3.232402894396683339e-04 2.693779049778079215e-04 2.256817972464584220e-04 1.959328813991273292e-04 1.698090716119039746e-04 1.452114786601076059e-04 1.266988890641679744e-04 1.105793769592915534e-04 9.742709126057960624e-05 8.782446250025373032e-05 7.767522013315881666e-05 6.695478868167973425e-05 5.632043420490615704e-05 4.538275928641533768e-05 3.438371522839806541e-05 2.700064396016952655e-05
3.824058492802495288e-04 4.355406199331508148e-04 4.307792889640601488e-04 3.799950382914091024e-04 3.237869960434078070e-04 2.696044833219180263e-04 2.258220206422061592e-04 1.958301796369396283e-04 1.694054933364221103e-04 1.447348543551652141e-04 1.265353381102591311e-04 1.104192243570803055e-04 9.744177163419510262e-05 8.784879511313318774e-05 7.773545032248175136e-05 6.703221774704109224e-05 5.638506128130653654e-05 4.533374853223738821e-05 3.424391610229293980e-05 2.689190721354344849e-05
3.830006866084073765e-04 4.354895089807062731e-04 4.310321728530506959e-04 3.801371596755372877e-04 3.239043385501890436e-04 2.696533348499266644e-04 2.256557745470228805e-04 1.956012284507836806e-04 1.690691379723381345e-04 1.444561595896637774e-04 1.264205003257069977e-04 1.105063559278013808e-04 9.771597783304550051e-05 8.794162979017909067e-05 7.779013748557851704e-05 6.709997701077308175e-05 5.655667943721911806e-05 4.577025322386984839e-05 3.452540077997313180e-05 2.709996133126092613e-05
3.831917888574405359e-04 4.358268090057694369e-04 4.311684467518349102e-04 3.803452107205075356e-04 3.240393936667209447e-04 2.696733772952648596e-04 2.257650801879624485e-04 1.957217552116756855e-04 1.693605724166415572e-04 1.449973169704642337e-04 1.267019903419476414e-04 1.105346299072846537e-04 9.756552974160385971e-05 8.798367287569174391e-05 7.802512864797275349e-05 6.751764040672852615e-05 5.668821192672205821e-05 4.556048334902883544e-05 3.448065087863742698e-05 2.711500844261390442e-05
3.818045470461393096e-04 4.353845046803984150e-04 4.309020824885512429e-04 3.800172948023786525e-04 3.236112484964263599e-04 2.692913127034846955e-04 2.256161147968550082e-04 1.955597753462150635e-04 1.689855135716724353e-04 1.442842096760431326e-04 1.261530119194107403e-04 1.100142673620179220e-04 9.732176459113977619e-05 8.754237116679946737e-05 7.746161372584839009e-05 6.686392857488732458e-05 5.655647608937315748e-05 4.585405928442324160e-05 3.454254332191229764e-05 2.707375072197310803e-05
3.823665671415324993e-04 4.356463232229712112e-04 4.308430887065978752e-04 3.798447020209946173e-04 3.233482375531843123e-04 2.692743062931106770e-04 2.258402670014293678e-04 1.956675380958302452e-04 1.689110387905986860e-04 1.446873571971215233e-04 1.267188748576479162e-04 1.104270392927386100e-04 9.744284830959873422e-05 8.768425202084284358e-05 7.770484350644004312e-05 6.703895849445184899e-05 5.640379674640132602e-05 4.553337600398869964e-05 3.440197277703320634e-05 2.698788585024711054e-05
3.827449288824190279e-04 4.348979805091700117e-04 4.308004382080640824e-04 3.796993880209795485e-04 3.236137580360177383e-04 2.693915793999180817e-04 2.257772212324408447e-04 1.957553346882174195e-04 1.691442075200964086e-04 1.446516110174930118e-04 1.265238617069586852e-04 1.103125037416553464e-04 9.708327448294669880e-05 8.741988501164830083e-05 7.763544356066073317e-05 6.683815006011328765e-05 5.632286775063636826e-05 4.548609835418619598e-05 3.465330774221291976e-05 2.715983399208952550e-05
3.826202449077508914e-04 4.353852813122719182e-04 4.310020240997842794e-04 3.804351163640701120e-04 3.238367654753351713e-04 2.696001467740440842e-04 2.259452737009178523e-04 1.961242804894376332e-04 1.695290403163103718e-04 1.452606793011390499e-04 1.273992819290285078e-04 1.111529908744193898e-04 9.817117453942197024e-05 8.846884540210656273e-05 7.814675223561645527e-05 6.751519487389443951e-05 5.681565965944158366e-05 4.561894377011531734e-05 3.438750099200658234e-05 2.687485957964213227e-05
3.824323632806938167e-04 4.351973109234973038e-04 4.304837070840155842e-04 3.798041880411899031e-04 3.234167446932195602e-04 2.692787500542813449e-04 2.258539035358248339e-04 1.959132085806257863e-04 1.691557199851201777e-04 1.446852285728275232e-04 1.267393123769852074e-04 1.105884321158550666e-04 9.741924303976399720e-05 8.791669191690403787e-05 7.790236961868747762e-05 6.717972120548620246e-05 5.655343564675671848e-05 4.570887581155662262e-05 3.449998845950978232e-05 2.710239392483581431e-05
3.820497942699384222e-04 4.349134349207332047e-04 4.308521847274369748e-04 3.795824435740681544e-04 3.234918289989385841e-04 2.695740550260864073e-04 2.259518854100945045e-04 1.959502176481304136e-04 1.694524627316309562e-04 1.451485375735582864e-04 1.271289953225549863e-04 1.107816180788159609e-04 9.786796876483810123e-05 8.798631193038318303e-05 7.794331589380267510e-05 6.728241480935474969e-05 5.669819338997211176e-05 4.571601531979402485e-05 3.454982147977740816e-05 2.707448390429771068e-05
3.828316509424713470e-04 4.355262114705909203e-04 4.312899747020974730e-04 3.804325007555229231e-04 3.239660391720998304e-04 2.695943615414714647e-04 2.259292900345503160e-04 1.958470511299223416e-04 1.692616686149099701e-04 1.446183940040376514e-04 1.264665132405015224e-04 1.103318205975564970e-04 9.747886070987417265e-05 8.796808802978747495e-05 7.811726999563894881e-05 6.732340206733755943e-05 5.664567613733057638e-05 4.565479104679660935e-05 3.437750620750291660e-05 2.712245336978881603e-05
3.827097095106395965e-04 4.357793919541365357e-04 4.310096797499406271e-04 3.803617267933655753e-04 3.237802452540949395e-04 2.692596796007598820e-04 2.256265876862833565e-04 1.957940747862794940e-04 1.695763010030889673e-04 1.450620735841593562e-04 1.269466640171211958e-04 1.107072590561203416e-04 9.775480543992223629e-05 8.808102511622645345e-05 7.787062406770575425e-05 6.712624242621566544e-05 5.640860366936929310e-05 4.522536537652231317e-05 3.406657422087076527e-05 2.685439328635342567e-05
3.823207003177807209e-04 4.350157306897909758e-04 4.306652726424819934e-04 3.799089841778713426e-04 3.239403551287102848e-04 2.695432312759448649e-04 2.256986471026680059e-04 1.961104771509467558e-04 1.694953574952382761e-04 1.451240893117741780e-04 1.269207064560360428e-04 1.107891583869370286e-04 9.777310565723182486e-05 8.785055418164638117e-05 7.782878446053476671e-05 6.724732998726447113e-05 5.668641556802713941e-05 4.564960991974206783e-05 3.440743034953412302e-05 2.673722374531228458e-05
3.819646447966615300e-04 4.345879562680802968e-04 4.305335772855385787e-04 3.798620201529121247e-04 3.237015528239832289e-04 2.697378993684609806e-04 2.258740014585345593e-04 1.958196867173524604e-04 1.693969612309939056e-04 1.450160714991921551e-04 1.265156231142378377e-04 1.101646087107308524e-04 9.726602818594713381e-05 8.769620149866998529e-05 7.781535086256965615e-05 6.726406398903295636e-05 5.643952275970971945e-05 4.541437367112512538e-05 3.405780122479849250e-05 2.671995118995014126e-05
3.824024861618281366e-04 4.353567181360061436e-04 4.308321526468173032e-04 3.803123731115668708e-04 3.238822377437464563e-04 2.698625704369130365e-04 2.261923615578088713e-04 1.961022590091395759e-04 1.694602209653096826e-04 1.450250825759579409e-04 1.270713413372698405e-04 1.108703883028054512e-04 9.790200641835208179e-05 8.819431084492730221e-05 7.831434465282043924e-05 6.768786010193499091e-05 5.688154470903126423e-05 4.581446233972599167e-05 3.459897425022900365e-05 2.717319863096921538e-05
3.817992174684821816e-04 4.346629307787795650e-04 4.303090846956879388e-04 3.797188027656059686e-04 3.235162883767156656e-04 2.693902924093683599e-04 2.254173654813610773e-04 1.954092759734991653e-04 1.688371347425727544e-04 1.443620354638605922e-04 1.262024840303091423e-04 1.101141154149952792e-04 9.722211834216992440e-05 8.758527036171788601e-05 7.740882579730505066e-05 6.681736691045456829e-05 5.637234785079284270e-05 4.527896966801232365e-05 3.432281042845661723e-05 2.709410949589200675e-05
3.829093608304986345e-04 4.347976657685266848e-04 4.306413967378202212e-04 3.797768039566178761e-04 3.237894499062810125e-04 2.697122922859069801e-04 2.259995721507546465e-04 1.959403915847642594e-04 1.694493952551955269e-04 1.450928340162114117e-04 1.269316341399100384e-04 1.106476512210074711e-04 9.777968056256368813e-05 8.811516127987330564e-05 7.807417999992692203e-05 6.740189631258773607e-05 5.665138639414299675e-05 4.552898148941924054e-05 3.444867450351539131e-05 2.711537110637209357e-05
3.818930489644123969e-04 4.350692182082709016e-04 4.310203666175895887e-04 3.799610130781739636e-04 3.237132903897167171e-04 2.693362292117648681e-04 2.257351702362427655e-04 1.957979983818986609e-04 1.690648168003542880e-04 1.442642884387897119e-04 1.262265732104689525e-04 1.102617843120427685e-04 9.739955700409214903e-05 8.748018928900991808e-05 7.730631502762844935e-05 6.669779677468807265e-05 5.644877202307748456e-05 4.535124257411072760e-05 3.410527008790315294e-05 2.687768140247865519e-05
3.827977910000160714e-04 4.354256314947585840e-04 4.305850617211457571e-04 3.800507231716742859e-04 3.237367926153086515e-04 2.695385075873708912e-04 2.258198578829245708e-04 1.956559265430231418e-04 1.691522247349344882e-04 1.449401022576429776e-04 1.270083273146317389e-04 1.107525056810688361e-04 9.769547969526108492e-05 8.780644714259556603e-05 7.783327868476917538e-05 6.696965261227319759e-05 5.616623010430329130e-05 4.506939656995825996e-05 3.394314494421008015e-05 2.695187725950248114e-05
3.821595005533349717e-04 4.347786602176935346e-04 4.308177111362788297e-04 3.798707947741269703e-04 3.234820459124736832e-04 2.691903890868331626e-04 2.254893216717075493e-04 1.956218533328415792e-04 1.694257031023926983e-04 1.449333920129209068e-04 1.265689186938142175e-04 1.104562151651707834e-04 9.748937312797579721e-05 8.760162188985741764e-05 7.751381386673802899e-05 6.681110572588439477e-05 5.613116980951729973e-05 4.524007169299066277e-05 3.466623875969749511e-05 2.736836611076796293e-05
3.824286822137318276e-04 4.350713784127892584e-04 4.306958697263624171e-04 3.795153556953466856e-04 3.235010041382884176e-04 2.690798600759459862e-04 2.255122018229373281e-04 1.953523382728407376e-04 1.690788500505724086e-04 1.447614404356781139e-04 1.268191970708632563e-04 1.104356724747402495e-04 9.704881115365940163e-05 8.715302338615530059e-05 7.692401634414097668e-05 6.616834387445455371e-05 5.583883466080485718e-05 4.528111344797225766e-05 3.441680843111948279e-05 2.715063652830820065e-05
3.826592150483973127e-04 4.353375260785135388e-04 4.309266743379928217e-04 3.803986163154687112e-04 3.239781112035527077e-04 2.697452269519428616e-04 2.260728379260497399e-04 1.959806490118171118e-04 1.695683052401411193e-04 1.450561781245991516e-04 1.267108697570102130e-04 1.105372332699531879e-04 9.760961006049104975e-05 8.805558310075593570e-05 7.790121539371796958e-05 6.729396477739315566e-05 5.672291340602098189e-05 4.575841799827286738e-05 3.480454570935740972e-05 2.720247842984175552e-05
3.822021554269183492e-04 4.354772682342549894e-04 4.309354297653437754e-04 3.800993476742854193e-04 3.239330228190596744e-04 2.697056072735864183e-04 2.261283008640004618e-04 1.962070455286061676e-04 1.696205722788362365e-04 1.451780789640852009e-04 1.269964360859553393e-04 1.107550250948963547e-04 9.773954739038313681e-05 8.804465480027921038e-05 7.806708581148443372e-05 6.740212191128623111e-05 5.670203692595410916e-05 4.565120678833516727e-05 3.460558877172112017e-05 2.726392782795200088e-05
3.824515816104955652e-04 4.348452289953891130e-04 4.301663861124977156e-04 3.798425599649294325e-04 3.237197595691185758e-04 2.693502985456533287e-04 2.258578770359293572e-04 1.958929053643401394e-04 1.693005916534570708e-04 1.448471247433177846e-04 1.266482888062498953e-04 1.106149077366281821e-04 9.769102471648224864e-05 8.801881197778623346e-05 7.770684293776352616e-05 6.687355680692216539e-05 5.627475886130738747e-05 4.529753675285356601e-05 3.403759482761371178e-05 2.684458266058763738e-05
3.825437515538457952e-04 4.358495777616071460e-04 4.308985716491552380e-04 3.800906054339204740e-04 3.238937685011006578e-04 2.694266551934910059e-04 2.258473201288209344e-04 1.961131725190495671e-04 1.694285843661797451e-04 1.450553872594205213e-04 1.269862050273902953e-04 1.109294469088914259e-04 9.774766422860741702e-05 8.802281992897820673e-05 7.785406809617010455e-05 6.712152122800343608e-05 5.652262250059642446e-05 4.552850346415013939e-05 3.431276302702961415e-05 2.698548790610267244e-05
3.825377461790196824e-04 4.357054871889655921e-04 4.311188955305701926e-04 3.806082122014748693e-04 3.244428825767057645e-04 2.697180525594097952e-04 2.260452220758585383e-04 1.959772204017449886e-04 1.695199198170519535e-04 1.448635524215832889e-04 1.265073838714535453e-04 1.102963715532121771e-04 9.708161731585693483e-05 8.734907401979640255e-05 7.729789352233248738e-05 6.690583506548073724e-05 5.659730054842758993e-05 4.568585763999330549e-05 3.440691692842007542e-05 2.709033620118988359e-05
3.826982538108126999e-04 4.353938140951500810e-04 4.309010473641302231e-04 3.803857453755834237e-04 3.239597871860475944e-04 2.695932297454178860e-04 2.259981069979604459e-04 1.961111156143630063e-04 1.696927109215324865e-04 1.452035885016344401e-04 1.271724701922934066e-04 1.108768371799386139e-04 9.764591424220072085e-05 8.795623767600102810e-05 7.775607258485702162e-05 6.706634024408168629e-05 5.646492527704244450e-05 4.530726661298658956e-05 3.414831076177932541e-05 2.645209600313309299e-05
3.824193419322537233e-04 4.347731894592023476e-04 4.303172716770561706e-04 3.800274158279752556e-04 3.240693291083950674e-04 2.694910019459157173e-04 2.257840920693114900e-04 1.957700131343996324e-04 1.693339317573074043e-04 1.448631623082920357e-04 1.266191392139480562e-04 1.104085165695791896e-04 9.755703009440778843e-05 8.801813502677500881e-05 7.799850333750479447e-05 6.733830249576003312e-05 5.672067558947384210e-05 4.558803136968994494e-05 3.437861405224766349e-05 2.696404599377455908e-05
3.824203876889722487e-04 4.347880557191051367e-04 4.306954996516914225e-04 3.795287104471597767e-04 3.234710702628470070e-04 2.691626228815409785e-04 2.257723586750270766e-04 1.959063717408135105e-04 1.694449545821450861e-04 1.450072779923208973e-04 1.268611629988057544e-04 1.107810796153788465e-04 9.766686518804862849e-05 8.791688304766915620e-05 7.778095589354384800e-05 6.721405794477293264e-05 5.648268558816166670e-05 4.521830548365435672e-05 3.409672418331004642e-05 2.682717551072852190e-05
3.823355017726419685e-04 4.346102098685528082e-04 4.303963495011741943e-04 3.796247683790776053e-04 3.234135115044614963e-04 2.691919046167565079e-04 2.256356534762067308e-04 1.954767131224676357e-04 1.690743498479239200e-04 1.447576576287900436e-04 1.266464278017452073e-04 1.104602200484888259e-04 9.758173576697683129e-05 8.797386141153299853e-05 7.773220549721395205e-05 6.715954846536012241e-05 5.648129812734761432e-05 4.542317883850644481e-05 3.430400994141053747e-05 2.703405316996373113e-05
3.826647227805826256e-04 4.353645965368996718e-04 4.311027271333494563e-04 3.800839894684667690e-04 3.237007127978780755e-04 2.694194042828806815e-04 2.259816796477023923e-04 1.960395273489653426e-04 1.695452572970692880e-04 1.448435094248624779e-04 1.266464279615511866e-04 1.106821384827704662e-04 9.763909274600170651e-05 8.787358540753511409e-05 7.779038680446794397e-05 6.704046388809075014e-05 5.664432451127873102e-05 4.573117121312559956e-05 3.461748138465059710e-05 2.719909249250466101e-05
3.826555436198969561e-04 4.355625250492021019e-04 4.312190426534131290e-04 3.802560849264865106e-04 3.237385696571533811e-04 2.690715437587039294e-04 2.257045551360138376e-04 1.959171262025388314e-04 1.695932482920848910e-04 1.453938751922147427e-04 1.269217035837413171e-04 1.106345860398281545e-04 9.739582750502885362e-05 8.779277674506604206e-05 7.773984135506466079e-05 6.702395420605978692e-05 5.661007370600980315e-05 4.579691187361861993e-05 3.468417746104136080e-05 2.698889734847890583e-05
3.826693723259714098e-04 4.355135534039295095e-04 4.307825590374849745e-04 3.802246556302686870e-04 3.237631675165886778e-04 2.694336157894697834e-04 2.259646845067807860e-04 1.961129527169255284e-04 1.694887211861747719e-04 1.450459867847198590e-04 1.269388173254825725e-04 1.107630953753582559e-04 9.748529154329837944e-05 8.810611582861556531e-05 7.800226479253883705e-05 6.704746717834522761e-05 5.657789804051921732e-05 4.546911980419078656e-05 3.407340595612662863e-05 2.673475220770275040e-05
3.826191671252079365e-04 4.352548361227847684e-04 4.307468552094508084e-04 3.801362624551190466e-04 3.237970813287168359e-04 2.692518898135034524e-04 2.258188343174754838e-04 1.958581670957766218e-04 1.693884483037337335e-04 1.451607209370202323e-04 1.271451501178127693e-04 1.108395777104156796e-04 9.769260775216358976e-05 8.796069656000493891e-05 7.784373448378814088e-05 6.719876533679146238e-05 5.642916665024539307e-05 4.539425039888893304e-05 3.438127413025219111e-05 2.684380679709912694e-05
3.823677168444734767e-04 4.347469674400818900e-04 4.306763972659736518e-04 3.799416561009858373e-04 3.236920678603609296e-04 2.696074131504183863e-04 2.258362820183738070e-04 1.955522770024669852e-04 1.690540739935870258e-04 1.444797330302273215e-04 1.267464205884301408e-04 1.104220283675530788e-04 9.763517177461799039e-05 8.796452887513074223e-05 7.802660379180488548e-05 6.746944860182467409e-05 5.698583839672672198e-05 4.585245197501312153e-05 3.448383603888859912e-05 2.731499881593922808e-05
3.823386601669138355e-04 4.349500768551516116e-04 4.308906125538290201e-04 3.802751147106803132e-04 3.240208709014302411e-04 2.696649690663375089e-04 2.261313637351250211e-04 1.963165761003616248e-04 1.695713264601824886e-04 1.450314896362812011e-04 1.267964701687298603e-04 1.104958428136909674e-04 9.758398864118266358e-05 8.789382091492706629e-05 7.777949236629980569e-05 6.735065673384683991e-05 5.664598795400293282e-05 4.548949105408667980e-05 3.425098508523983945e-05 2.684317277202723532e-05
3.822163303069710119e-04 4.347072743975683036e-04 4.303600058545940105e-04 3.796712966540539058e-04 3.234819816881158092e-04 2.692154391316300423e-04 2.258613573353458542e-04 1.958702734437299054e-04 1.693901442094699434e-04 1.450785837041972093e-04 1.269251509476655086e-04 1.107013669911859581e-04 9.762514246765632581e-05 8.807445469347492629e-05 7.780664964361023507e-05 6.710535349440310349e-05 5.663295113718103531e-05 4.578989957295010485e-05 3.450100299296928304e-05 2.719925167334017279e-05
3.824439616403272073e-04 4.352663452651433693e-04 4.311923102980362360e-04 3.800699155573932691e-04 3.240631089994929479e-04 2.696778225331270722e-04 2.258267490216468330e-04 1.956312353495144379e-04 1.693412464075343138e-04 1.449247266868431024e-04 1.268811262434950350e-04 1.106786806989706190e-04 9.772616113585565461e-05 8.811872557506667566e-05 7.795978243434610426e-05 6.735787112494505922e-05 5.652667578606649084e-05 4.534347521172954823e-05 3.404713747450441731e-05 2.691528552050383852e-05
3.826039412693693284e-04 4.348372061982807104e-04 4.307260638900056271e-04 3.795155931178326538e-04 3.228867525076983911e-04 2.688083975325496764e-04 2.253576017230601901e-04 1.953698415925862622e-04 1.689564838811861774e-04 1.445220565409224530e-04 1.264124212349348271e-04 1.103440531955058608e-04 9.740580676163794320e-05 8.751503212220586043e-05 7.737533789023271738e-05 6.686874067436596712e-05 5.625365954957416078e-05 4.534947068763842414e-05 3.439335470798628451e-05 2.706794433171750175e-05
3.829852907880346223e-04 4.353561025355024653e-04 4.313100803328966007e-04 3.802427917525473501e-04 3.240367763779702535e-04 2.698574396424584807e-04 2.260299909874870445e-04 1.959613621250556393e-04 1.693903306644192969e-04 1.449232436741564089e-04 1.268583458716549494e-04 1.107105203412203089e-04 9.782830781488245544e-05 8.828231104813578142e-05 7.816164472332626635e-05 6.757840094973612238e-05 5.690559993054069567e-05 4.551472556693141139e-05 3.420909326275945090e-05 2.685073751771661178e-05
3.820681640048712632e-04 4.346093278510191997e-04 4.302435901846577847e-04 3.795130054921362021e-04 3.233820401508442802e-04 2.695577647962895253e-04 2.259514868628445061e-04 1.957032684488798583e-04 1.692112964232022579e-04 1.447546881856962583e-04 1.264608672980094305e-04 1.105026034307487218e-04 9.773799792010431475e-05 8.835129590402046530e-05 7.817114946126907946e-05 6.718779657854161906e-05 5.656356759640692795e-05 4.559095096758660073e-05 3.436932865920234732e-05 2.698376804745250334e-05
3.820488621166061435e-04 4.353636305111563323e-04 4.308125366442701809e-04 3.801603888878744776e-04 3.237741992292722743e-04 2.696630443241386076e-04 2.258659117858139852e-04 1.958149453203135025e-04 1.694528708158564391e-04 1.449786961946260169e-04 1.266363439941967735e-04 1.104513270516208285e-04 9.719724750777840349e-05 8.749659608743856826e-05 7.739239590506294495e-05 6.679186231833420179e-05 5.639919898976067706e-05 4.560553852652310641e-05 3.434840530629874688e-05 2.699858270724732028e-05
3.821170055123221669e-04 4.348828410233575520e-04 4.306802527162324518e-04 3.800113309104251780e-04 3.236854963701014769e-04 2.695406726025295781e-04 2.259752240908799166e-04 1.960274377740943311e-04 1.693943481264330200e-04 1.447649336174430107e-04 1.264708632722962316e-04 1.102990251018002454e-04 9.740807017578042898e-05 8.766272049509006461e-05 7.761720600924698675e-05 6.676392227897143933e-05 5.628868471336520357e-05 4.544727920752414640e-05 3.446217320587090005e-05 2.700973959745275806e-05
3.826481448186843607e-04 4.352067734353296099e-04 4.308914397460975325e-04 3.799259335496708682e-04 3.238848645688619009e-04 2.693053806343950534e-04 2.255519981724358428e-04 1.955685181069883780e-04 1.692281931901171155e-04 1.449214849323416006e-04 1.269941852192053541e-04 1.107292849605079116e-04 9.781317245315583424e-05 8.814203446980734978e-05 7.813063747025771836e-05 6.742224034288099273e-05 5.671970513108197262e-05 4.561020651740355932e-05 3.448826312946775126e-05 2.712941125565358977e-05
3.828733349253784384e-04 4.356834688681882214e-04 4.312828738337285838e-04 3.799623627701058577e-04 3.239306655889012654e-04 2.696563247944836882e-04 2.261632206019837115e-04 1.962109686598078760e-04 1.698062448268738555e-04 1.453464410937617499e-04 1.272064510666313811e-04 1.108893175254179478e-04 9.788995933989128322e-05 8.817677662061166905e-05 7.794379701265568444e-05 6.699828076785838279e-05 5.617999297257569727e-05 4.515498208639908307e-05 3.415655022962115281e-05 2.697419715965039126e-05
3.816956913367303595e-04 4.346592209508132556e-04 4.304555552539842821e-04 3.798524033741110988e-04 3.236150779795247717e-04 2.693620909192868430e-04 2.257070037509391065e-04 1.957307705165703860e-04 1.694551050313024992e-04 1.448772923220375500e-04 1.267315027790970458e-04 1.105914782577891375e-04 9.754907197772550776e-05 8.766428038553146290e-05 7.773997410642426197e-05 6.727785982313079852e-05 5.691842388026059624e-05 4.580875422934552248e-05 3.436777666238585748e-05 2.677974621627463980e-05
3.825837501204708171e-04 4.354237693198341778e-04 4.309006326764558328e-04 3.802881084686818465e-04 3.239977104264763494e-04 2.696790425526035756e-04 2.262068738722374395e-04 1.963083467372161062e-04 1.697405237875308835e-04 1.451428990865435379e-04 1.269274437080315386e-04 1.108165328247154513e-04 9.775349466090472333e-05 8.791566438938797534e-05 7.778529469410802556e-05 6.701499620109581010e-05 5.633560999557586272e-05 4.525209432314695579e-05 3.407719171738461558e-05 2.675899221667014756e-05
3.825011031038169770e-04 4.349051540958166436e-04 4.305346151862863473e-04 3.793864988314649069e-04 3.235288879893706299e-04 2.692883282069099605e-04 2.259067170593260620e-04 1.959111933430527242e-04 1.694856811513076474e-04 1.452201245071425742e-04 1.270431074180972543e-04 1.107361406322092385e-04 9.788203724800521291e-05 8.826766083751850990e-05 7.798146209037824751e-05 6.724704755848414370e-05 5.679943537951936592e-05 4.555797741468146288e-05 3.442738480201461450e-05 2.727691040317391390e-05
3.821796709202112210e-04 4.352411768840346571e-04 4.306808695374645638e-04 3.800129741431120889e-04 3.235261736392670059e-04 2.692806824835675952e-04 2.255861752488929034e-04 1.956611891329794017e-04 1.693797317923090610e-04 1.451547820909655979e-04 1.272968885232295155e-04 1.110012929258126648e-04 9.791876953106924469e-05 8.818382947363030406e-05 7.824447147359488435e-05 6.745216374594534161e-05 5.690222736495369237e-05 4.579065716186711961e-05 3.454626135410933851e-05 2.705590935513319399e-05
3.820467231172085623e-04 4.345557223283374321e-04 4.300790242276879304e-04 3.793979418338874776e-04 3.233976378845792037e-04 2.694302025383151400e-04 2.256383018896264804e-04 1.954842270326156625e-04 1.692524632136505676e-04 1.448417883846327690e-04 1.263638828987979316e-04 1.105191810502210970e-04 9.741227822217348494e-05 8.764575662197539188e-05 7.764457643070032228e-05 6.719797516884441128e-05 5.666448990052863703e-05 4.561543075810089044e-05 3.446575668984130903e-05 2.735644901977748940e-05
3.819221251794347230e-04 4.341310193979435188e-04 4.300423949130907273e-04 3.791245666682120804e-04 3.230466322419585585e-04 2.689446880511043377e-04 2.254509550482651948e-04 1.954233392325391294e-04 1.691451687251499482e-04 1.446021045247329671e-04 1.263432000361211103e-04 1.101714001359421069e-04 9.737341366927318388e-05 8.776037525451329461e-05 7.773396740771443823e-05 6.705239343487047878e-05 5.649503385856132040e-05 4.564984202308530644e-05 3.439521981367436821e-05 2.696238687278229443e-05
3.822608438765456168e-04 4.350428915048553031e-04 4.304905425743972558e-04 3.797769377445470163e-04 3.234946617156445351e-04 2.693287485491712091e-04 2.259413097620790621e-04 1.958087992173969134e-04 1.691512567252997175e-04 1.447724535753165903e-04 1.266635343257680694e-04 1.105468382525302633e-04 9.731551787094558869e-05 8.768006578287526869e-05 7.765100213448743042e-05 6.699429129471942733e-05 5.656620626935581012e-05 4.547322714257940002e-05 3.434255848155043177e-05 2.699574012856385927e-05
3.830276766526024700e-04 4.348441676425413818e-04 4.307977616990529141e-04 3.799742687862023250e-04 3.235119789041024851e-04 2.692848867116264390e-04 2.255878308876396634e-04 1.955558455358758873e-04 1.693583616302025497e-04 1.451029078066817498e-04 1.268131002776840314e-04 1.105251099580584629e-04 9.747898114750184410e-05 8.772615341225029019e-05 7.751861525603192507e-05 6.662336998636622654e-05 5.610834345542105761e-05 4.518279677589707343e-05 3.439635392966750932e-05 2.704627368138547481e-05
3.820008182359424498e-04 4.347154810358026767e-04 4.308731339192823674e-04 3.799309331105769818e-04 3.235553974050746156e-04 2.696827171217862536e-04 2.259790018623222666e-04 1.958877108346819453e-04 1.694783029426400823e-04 1.451227624497104611e-04 1.266439580485314990e-04 1.102626864504154539e-04 9.736250251401571711e-05 8.786060770816029924e-05 7.781440941751974075e-05 6.723455039822420353e-05 5.638267277386494174e-05 4.513119148711576751e-05 3.414452167861007704e-05 2.666074883038049468e-05
3.825386054855363046e-04 4.356193260391039634e-04 4.311158358011578655e-04 3.801278121637588405e-04 3.242155059449363221e-04 2.699418992023852365e-04 2.261264556937195714e-04 1.959007747552774209e-04 1.695992544844175480e-04 1.452229271594412084e-04 1.271198780470508393e-04 1.109063472806571241e-04 9.783650223028839338e-05 8.801592000291382054e-05 7.813144801948801910e-05 6.751828800704342539e-05 5.678765015499436620e-05 4.564747940698736647e-05 3.427835602069448530e-05 2.690149876714803101e-05
3.825377296425506567e-04 4.349530683104985010e-04 4.304313324450472389e-04 3.798553691960830626e-04 3.235203824389556592e-04 2.692049928269342105e-04 2.254629601101271208e-04 1.957265182852851754e-04 1.690863585920300799e-04 1.444730838690978618e-04 1.263752876833644306e-04 1.101101371297306405e-04 9.725369051011452642e-05 8.750965359495734973e-05 7.731046895014294926e-05 6.664165380343440713e-05 5.616785349870987142e-05 4.516126995289503618e-05 3.399652426395958089e-05 2.707198897701497585e-05
3.821099245962266723e-04 4.348971484994399112e-04 4.304153717808983492e-04 3.798233106093713927e-04 3.236110549916627150e-04 2.693284576046921968e-04 2.256922958948686861e-04 1.956750079106317031e-04 1.689928320507607534e-04 1.445196681540206261e-04 1.266433067366565148e-04 1.106695537785503265e-04 9.752381413179566478e-05 8.782747718040453575e-05 7.808812607401621883e-05 6.729494662784610704e-05 5.661543970489282281e-05 4.527466338911267279e-05 3.404462456715422858e-05 2.672803303906101161e-05
3.822434413464902169e-04 4.353696301737991145e-04 4.304582687268700657e-04 3.797252857639926834e-04 3.237211101989719768e-04 2.695936161300579352e-04 2.256633962857987428e-04 1.956372981481387704e-04 1.690177828195630087e-04 1.445498856963331436e-04 1.264664279174586748e-04 1.104209602653191821e-04 9.760551637470562029e-05 8.784099284734745350e-05 7.766198656921350415e-05 6.684664784136128905e-05 5.634479413377870986e-05 4.554423954708126400e-05 3.438169933428041465e-05 2.705117543486902353e-05
3.821393662215628764e-04 4.348271386362086220e-04 4.306276039609360003e-04 3.801920017758826718e-04 3.237909382192189107e-04 2.694735962435109442e-04 2.258172518937714491e-04 1.960015580673360317e-04 1.692729576361907658e-04 1.446653847547134527e-04 1.267257174859959669e-04 1.102998782014078167e-04 9.731083361544226107e-05 8.768524859807768203e-05 7.749022006678965265e-05 6.674064229723758739e-05 5.615731928627329438e-05 4.507424536954643374e-05 3.412623434223019620e-05 2.682728068991528637e-05
3.822585475841445979e-04 4.346333777210284704e-04 4.305625086044350455e-04 3.796287358208693145e-04 3.232266316680031939e-04 2.691796257026499899e-04 2.259292183018597549e-04 1.960787410759543209e-04 1.698388193084760531e-04 1.450696912547805783e-04 1.268303741067022448e-04 1.105536933423369503e-04 9.747614139124948418e-05 8.777705331911588341e-05 7.774125310484754608e-05 6.698801151595765125e-05 5.656408785143418518e-05 4.565011942073982223e-05 3.448574043975144259e-05 2.695144649981937330e-05
3.820163953601481534e-04 4.343459967294499417e-04 4.301318572158685386e-04 3.793257167956107863e-04 3.227230618822232158e-04 2.688647907363125888e-04 2.251212995873663367e-04 1.954625844955442835e-04 1.692947916526801053e-04 1.446900810817172668e-04 1.266217667608578699e-04 1.103203106260251467e-04 9.730224883127140852e-05 8.756627440298118069e-05 7.731623897447817580e-05 6.666782010790938892e-05 5.621793385097233436e-05 4.559687312492008356e-05 3.484059780456088390e-05 2.737936375946602684e-05
3.820160579004445805e-04 4.345569680444505401e-04 4.306068154149301206e-04 3.797013544423665996e-04 3.233372481756642482e-04 2.694628842847729454e-04 2.256137968787234047e-04 1.954462960794566321e-04 1.690012104327213549e-04 1.447297650150388825e-04 1.265710659330859409e-04 1.102491425926795067e-04 9.731511178589483026e-05 8.753853784213012749e-05 7.738671160906545005e-05 6.634324994281584566e-05 5.568189791750309818e-05 4.484310259702782179e-05 3.416532824344814453e-05 2.710241888523948556e-05
3.827704516349598411e-04 4.355155544430883174e-04 4.310776765527829057e-04 3.802183685495519718e-04 3.239072497641150576e-04 2.696027982292748047e-04 2.261215936734924721e-04 1.960271518422486935e-04 1.696357082992895659e-04 1.449786404870544046e-04 1.267840238980073365e-04 1.104920691739943170e-04 9.751553767854113941e-05 8.796634105581355948e-05 7.783266272723070149e-05 6.726946414744112621e-05 5.649045520258983111e-05 4.536689879455695442e-05 3.419883859743122912e-05 2.686705867385372803e-05
3.823752784587199603e-04 4.349786258127557106e-04 4.308013160031248421e-04 3.799289529854806479e-04 3.234890590206451343e-04 2.693376957636028457e-04 2.257540249558268410e-04 1.957105678395937407e-04 1.693030574548617115e-04 1.450316075119809621e-04 1.268873802181593726e-04 1.105718784025742658e-04 9.729746419468986184e-05 8.740408183736650589e-05 7.747289238727969227e-05 6.678102234199931363e-05 5.631974316924082829e-05 4.557857969207701791e-05 3.446820723399208824e-05 2.707857186389426215e-05
3.826854420165651271e-04 4.353469480193516354e-04 4.310471342216069682e-04 3.802543482346964045e-04 3.238705339131747675e-04 2.693701395604002416e-04 2.256027822929398041e-04 1.952241815610550356e-04 1.686680898877924593e-04 1.442620299707126339e-04 1.261613382563201032e-04 1.102577043622113094e-04 9.759074301258164263e-05 8.796256764098987226e-05 7.790405297178934051e-05 6.731987940168390283e-05 5.649277268679948644e-05 4.525767728175573426e-05 3.414955662999372642e-05 2.696812088212599141e-05
3.822080277666708363e-04 4.352789138984976660e-04 4.306912072451366067e-04 3.800956706423194004e-04 3.239711480720669154e-04 2.697344143177359791e-04 2.262433312391896911e-04 1.961023641803194193e-04 1.694663244940811076e-04 1.448672793733615696e-04 1.269301307492396748e-04 1.107024089921358517e-04 9.765075025745871377e-05 8.795368830162571358e-05 7.780676932906926122e-05 6.698772911729940108e-05 5.629793433932484930e-05 4.519022564457437477e-05 3.440971486878494496e-05 2.718907345866200488e-05
3.823283707557889469e-04 4.349983362450089664e-04 4.307260464736681034e-04 3.796094079524536553e-04 3.229655691048981172e-04 2.687255124018992714e-04 2.254999224038051555e-04 1.956586897251745734e-04 1.690913615678854792e-04 1.445763850134037468e-04 1.262093367386442225e-04 1.102921135423722346e-04 9.735018177465576048e-05 8.793110237618384690e-05 7.834751997231200707e-05 6.776857277215334789e-05 5.695178158458407840e-05 4.552167934465120520e-05 3.465090662208724802e-05 2.731180193972596263e-05
3.825579654979508522e-04 4.357157127265592336e-04 4.312793438934995759e-04 3.797782111401182964e-04 3.239505261341189520e-04 2.694851907932879331e-04 2.259141191021784699e-04 1.959836040796046402e-04 1.693509353940904415e-04 1.447645017615040077e-04 1.268767474419200936e-04 1.108166768128490963e-04 9.782864222501649323e-05 8.812412326855751006e-05 7.802957235718259866e-05 6.742703626936084979e-05 5.674615019830662733e-05 4.556271585538927053e-05 3.435616810428150647e-05 2.708237244010526171e-05
3.824672887859704475e-04 4.351826381929579479e-04 4.305874900851087961e-04 3.800540048852636384e-04 3.237819387889241305e-04 2.696754359816825415e-04 2.261388822372976438e-04 1.959099946175239999e-04 1.694923962149094969e-04 1.450510289051180088e-04 1.266770870580101677e-04 1.103555138103391476e-04 9.718863697515529821e-05 8.781600693240729932e-05 7.772375932264762011e-05 6.704942590581536397e-05 5.672725258027223655e-05 4.571979097675153849e-05 3.446755654711752175e-05 2.727043287544984540e-05
3.816948961621573081e-04 4.350214927188915197e-04 4.307429583248833333e-04 3.797198412418870106e-04 3.234384212400768393e-04 2.690371649465125772e-04 2.252476344849840362e-04 1.952500422160363875e-04 1.687766019339892638e-04 1.443412578536355578e-04 1.263120537936289814e-04 1.104888572575215373e-04 9.772008043935619137e-05 8.782545135191178510e-05 7.762049332966909989e-05 6.711340091538832333e-05 5.670129992885049829e-05 4.588056133044805340e-05 3.439391478218035189e-05 2.679520566469181662e-05
3.820097403640527740e-04 4.351319243654427557e-04 4.305844185842399923e-04 3.801133416087289457e-04 3.234738735852820866e-04 2.692223718710532159e-04 2.258792159103200422e-04 1.959129270497837717e-04 1.694566644378378236e-04 1.452031740934434632e-04 1.270298831128763035e-04 1.109224521980709053e-04 9.767866283325329988e-05 8.793727314137977555e-05 7.770852109926334442e-05 6.698814616379745839e-05 5.645647909655579949e-05 4.526670370832220806e-05 3.422998586483623967e-05 2.704351781528242479e-05
3.826188508675126116e-04 4.355410300492725960e-04 4.311784512948188953e-04 3.804287944073536849e-04 3.241947280028662491e-04 2.696086780983560148e-04 2.257965582360355809e-04 1.954734314175319242e-04 1.690458913091934896e-04 1.447469563248194777e-04 1.269931309915667370e-04 1.108118750503449214e-04 9.779793231244679334e-05 8.816366667563853873e-05 7.792038681252824218e-05 6.727187284109025780e-05 5.670751674598473136e-05 4.567303487734806090e-05 3.444766447014037261e-05 2.716599980404332251e-05
3.821483548098547427e-04 4.347047559939045259e-04 4.302148682582870431e-04 3.797495415436664902e-04 3.234061761135810617e-04 2.694089067337454937e-04 2.260674307207032876e-04 1.963892902054632772e-04 1.698329804159326797e-04 1.450912079155865187e-04 1.269827804284637002e-04 1.103324919679276862e-04 9.716437375385533228e-05 8.745363809815048111e-05 7.791101446787308685e-05 6.699264537362148561e-05 5.617861778357417834e-05 4.534319668361827451e-05 3.419950573549607951e-05 2.688164058448099029e-05
3.821327847961253636e-04 4.353362200004482320e-04 4.307931708805891454e-04 3.801122683789679162e-04 3.239355935023667944e-04 2.696571615241396820e-04 2.263074076615058979e-04 1.962370072749552270e-04 1.697002084846634031e-04 1.449969106804448377e-04 1.267512751893463876e-04 1.106955572664665162e-04 9.778806998848556730e-05 8.817337297637952874e-05 7.793052695493385179e-05 6.695856469669071243e-05 5.631639495116969041e-05 4.536585062309088893e-05 3.436706596614050031e-05 2.699593567248900395e-05
3.826213357040578493e-04 4.351851297418725070e-04 4.303261091627194721e-04 3.797095111052909496e-04 3.235576719700704405e-04 2.696529009029813382e-04 2.259365825333671789e-04 1.961471301532393189e-04 1.694449554093255326e-04 1.448692463847517375e-04 1.263532270399554951e-04 1.100900491250638238e-04 9.727577235475838916e-05 8.761981422375181934e-05 7.784478025551598167e-05 6.711651129902423680e-05 5.675428443574610061e-05 4.591886291778670147e-05 3.457687885785393282e-05 2.703313454632786883e-05
3.821324764010509663e-04 4.352939757669132409e-04 4.304958053419192686e-04 3.798987999676542806e-04 3.233660919431895599e-04 2.690723233151375493e-04 2.253940299239973796e-04 1.956312990527615152e-04 1.695604588155597600e-04 1.452195875921281725e-04 1.271468604797530624e-04 1.106635416548838898e-04 9.776884044560372599e-05 8.799649778764397957e-05 7.783849450250367879e-05 6.696183254574573419e-05 5.611635198894138752e-05 4.507658039989506931e-05 3.419413051727227427e-05 2.668776055349608099e-05
3.824148259986204961e-04 4.352386625278478055e-04 4.309413754544432038e-04 3.800216500523649361e-04 3.236643975509116071e-04 2.693470883463684371e-04 2.256966908907374718e-04 1.956166228261670701e-04 1.692099796250662867e-04 1.449151873149452294e-04 1.266228223056532114e-04 1.104512450670890348e-04 9.758050072469137616e-05 8.802799310561350819e-05 7.803062868378947241e-05 6.715775768407564465e-05 5.630873111792963583e-05 4.538160594604705302e-05 3.422594810369221997e-05 2.724917339681057112e-05
3.822110260281332385e-04 4.352585236588516859e-04 4.306031159412898233e-04 3.798105419421056233e-04 3.237287503839546407e-04 2.698082157920466827e-04 2.261527808213477093e-04 1.960645817236084370e-04 1.694845884467642897e-04 1.450099280226054379e-04 1.267157971172313072e-04 1.104147247253564992e-04 9.742724758394172519e-05 8.748421554037850523e-05 7.729275433700628873e-05 6.673133178585517343e-05 5.630543983191298700e-05 4.528202100850059421e-05 3.424412800461524832e-05 2.670640423518380024e-05
3.828962435042441406e-04 4.353151904727912145e-04 4.309584282788703788e-04 3.799141401764178586e-04 3.239497081662406257e-04 2.696153257242682628e-04 2.259149629958566332e-04 1.957799425081939242e-04 1.693002642250123889e-04 1.450599735900158526e-04 1.268206387096892593e-04 1.105001957782935360e-04 9.754906867341569263e-05 8.778103264637931189e-05 7.787807938526087248e-05 6.704917780962799817e-05 5.636050500500634812e-05 4.539022365108401878e-05 3.430495737836410851e-05 2.691486247095576151e-05
3.820298536505969175e-04 4.348600496134364811e-04 4.305204295712973615e-04 3.796179602757511224e-04 3.233737551472394534e-04 2.691980745925568559e-04 2.252082203832137290e-04 1.951043099295492363e-04 1.689200749841965885e-04 1.445625851201379046e-04 1.264810493129048989e-04 1.102578779920869505e-04 9.723172833220172361e-05 8.765437208220810061e-05 7.783210860873310071e-05 6.707233831917982472e-05 5.649472777567722504e-05 4.537591390207182943e-05 3.426181092927748679e-05 2.691279980551185787e-05
3.818797933111519661e-04 4.351044415709441572e-04 4.303812613647761470e-04 3.798119231305980312e-04 3.234944342897420975e-04 2.694437700080039885e-04 2.256076364750276132e-04 1.954351928770219863e-04 1.690894126899217394e-04 1.448027281688916935e-04 1.266040417398265705e-04 1.102818988801011269e-04 9.727112522048794762e-05 8.758205836170846728e-05 7.793999330881108559e-05 6.751096477980951852e-05 5.713964841471228667e-05 4.568936310456684968e-05 3.440772124256301248e-05 2.694215342029231293e-05
3.830905920602795394e-04 4.353115173777466766e-04 4.311580934407235909e-04 3.798070293186574372e-04 3.239131183427949824e-04 2.694602866606617456e-04 2.258507801542329239e-04 1.957562881010963928e-04 1.695765181761420271e-04 1.449283779710993573e-04 1.266064704231089418e-04 1.103182338919561872e-04 9.721638059389662082e-05 8.741610190182419590e-05 7.740001518796856971e-05 6.700096873805093389e-05 5.606421854876053406e-05 4.504606172588626552e-05 3.455636432178002554e-05 2.743436481929483167e-05
3.824679305617382846e-04 4.350551634045828888e-04 4.304068568167831988e-04 3.798233091889645775e-04 3.236513715295084338e-04 2.695225549133389246e-04 2.259078787932964510e-04 1.960084831008819279e-04 1.694064534617481152e-04 1.448801374756305247e-04 1.268025762057296379e-04 1.105152699007776391e-04 9.774781537715980431e-05 8.791326302142306532e-05 7.769809572573499706e-05 6.695709955442574117e-05 5.636958612914504487e-05 4.553878881310246651e-05 3.441116894615420566e-05 2.715340511147809794e-05
3.825242964856624358e-04 4.350362445717228729e-04 4.302400655251153636e-04 3.797148720556953053e-04 3.238010755986292163e-04 2.695310895891005068e-04 2.259333343988188770e-04 1.958950916602707302e-04 1.695307488828364515e-04 1.451630757574978964e-04 1.268022968809269025e-04 1.102133464871942115e-04 9.739853550380554259e-05 8.774560105690226903e-05 7.712791722286785703e-05 6.634571729862235722e-05 5.565191716276615751e-05 4.500665658533880144e-05 3.404859123374149969e-05 2.711097984578442850e-05
3.826251760229788974e-04 4.346718903452916061e-04 4.303961050918420658e-04 3.795656478342411154e-04 3.231993817735216300e-04 2.689254008242467769e-04 2.253252768708323742e-04 1.954797285472701231e-04 1.689484824572327025e-04 1.445096237055810463e-04 1.265073231612785125e-04 1.104797032857295633e-04 9.759900408015481871e-05 8.781596778416759564e-05 7.775259726442302873e-05 6.696826525758256825e-05 5.646433689607985399e-05 4.525976550513733499e-05 3.394574045182915164e-05 2.655289950262755699e-05
3.825095257039871845e-04 4.346017352317522249e-04 4.306264449481679167e-04 3.802875669772678557e-04 3.236811360765089814e-04 2.699310244434778420e-04 2.261688739903777712e-04 1.960076114608129405e-04 1.695575516464820239e-04 1.449408283980640176e-04 1.267052711536653989e-04 1.105203865972419365e-04 9.737929858466776384e-05 8.781599189517250918e-05 7.770833216555383320e-05 6.713651150918715463e-05 5.646985693013575544e-05 4.554272656460819972e-05 3.438773578209118717e-05 2.698279613395432796e-05
3.824949420984893769e-04 4.346681775165974295e-04 4.304281187732191308e-04 3.802376089372040040e-04 3.234831369499839115e-04 2.692869199312771878e-04 2.257030114202265305e-04 1.957509563544162742e-04 1.693121850009649270e-04 1.449927597193485307e-04 1.271381160920103824e-04 1.109664486195050101e-04 9.776778183902242521e-05 8.816189917052977981e-05 7.807374373151374880e-05 6.723889819647948238e-05 5.650937952649550772e-05 4.550298567801638617e-05 3.443044032915397191e-05 2.716587994132272315e-05
3.823432973354245058e-04 4.352945340250857862e-04 4.309434528495280424e-04 3.802162599419756659e-04 3.237182535296575744e-04 2.694164087745349700e-04 2.258832044156979294e-04 1.960948660215033532e-04 1.695864637052988755e-04 1.448421613339650473e-04 1.267745666999987929e-04 1.105503136916078901e-04 9.788175327621132513e-05 8.815969144274188297e-05 7.800262012452774027e-05 6.723596769251469088e-05 5.668428835646264439e-05 4.576842471458180837e-05 3.440350936791406117e-05 2.706448573044552359e-05
3.824103858261696984e-04 4.352360232232602068e-04 4.311215158416610745e-04 3.799988065895853681e-04 3.236414293334811476e-04 2.694450905050319554e-04 2.261859999363851617e-04 1.961733874426078972e-04 1.697424860791903146e-04 1.451554747088988737e-04 1.269669920756022008e-04 1.107447878194508118e-04 9.754836169988230705e-05 8.781869562724544081e-05 7.773724991828362310e-05 6.694845034919292496e-05 5.629447937176565100e-05 4.516196521821764555e-05 3.428874223691673226e-05 2.726267936242308214e-05
3.831868444474505371e-04 4.356776407899597050e-04 4.311502574808077155e-04 3.800520142955540249e-04 3.238498667455819049e-04 2.698119862882355537e-04 2.260329555839020259e-04 1.958740069870220334e-04 1.693826374500380524e-04 1.451035409415164031e-04 1.267448370415377853e-04 1.103656492915557877e-04 9.752536742764768654e-05 8.797216179334752244e-05 7.768667359536237792e-05 6.718480150867948053e-05 5.666989575061788108e-05 4.567479445961708095e-05 3.482706099690599597e-05 2.720852912607443856e-05
3.821629182183547760e-04 4.349353636850147842e-04 4.304798956579471646e-04 3.798733760158781291e-04 3.236427900028539489e-04 2.694143306927868401e-04 2.255389419919460157e-04 1.955344005161617146e-04 1.688824869479599278e-04 1.446445035453118176e-04 1.266556284872108820e-04 1.105914131276132946e-04 9.739298670456136430e-05 8.749263186735923886e-05 7.757392271126833765e-05 6.701376418706084335e-05 5.639115861455571690e-05 4.526110536777682651e-05 3.394328230871635833e-05 2.660244834958247023e-05
3.823861462086309442e-04 4.353762490980555102e-04 4.310623389432514095e-04 3.801382364545621189e-04 3.236942318306681283e-04 2.693551172106968083e-04 2.259480393947165596e-04 1.959103461991815046e-04 1.691325043967934361e-04 1.445724239099818894e-04 1.265122878874693001e-04 1.104659242370301911e-04 9.742670868698734786e-05 8.777480525861249341e-05 7.789821666603796734e-05 6.716263077095646801e-05 5.650260650651254955e-05 4.554882833364237135e-05 3.431456252382802529e-05 2.697161466890888042e-05
3.820737557353222759e-04 4.350693045596772330e-04 4.303564931468023763e-04 3.798794140857773990e-04 3.238083698901026244e-04 2.693569122734369692e-04 2.260482027052387042e-04 1.954838647529565099e-04 1.690539348970589476e-04 1.446283173479471812e-04 1.267034224667214735e-04 1.108563364648473544e-04 9.777536014050853879e-05 8.804442677332676055e-05 7.803609155398537713e-05 6.717056546184035177e-05 5.651062495467474764e-05 4.530293027149387842e-05 3.426986368907760028e-05 2.673718378758244797e-05
3.826959589590199474e-04 4.355053108630225372e-04 4.312963043106424524e-04 3.801752950236526548e-04 3.235810682965600620e-04 2.691904520303329130e-04 2.255585743232791989e-04 1.955886823526596847e-04 1.693304297151345219e-04 1.447478503520384602e-04 1.267956614402899042e-04 1.105717957081236134e-04 9.754446155894308372e-05 8.773496802636269283e-05 7.768111066045459915e-05 6.698039544397121437e-05 5.612832176918842395e-05 4.495327655566182934e-05 3.414889487447528115e-05 2.678148115325114598e-05
3.824473215312334477e-04 4.356943619356865331e-04 4.312901082138146714e-04 3.802560105079441101e-04 3.241987664467550637e-04 2.698583241322167711e-04 2.264057061502928602e-04 1.961852082853434061e-04 1.694091034669172480e-04 1.451655062054283199e-04 1.269620448772723305e-04 1.106454238382946698e-04 9.765445829941742919e-05 8.782870070941770817e-05 7.784394830479343533e-05 6.737587608109274647e-05 5.650954274014146169e-05 4.528833198410598131e-05 3.398253298577276596e-05 2.667164884491505508e-05
3.819113831250804583e-04 4.350507593370651536e-04 4.303804862728180828e-04 3.795345287540310671e-04 3.234671829776287881e-04 2.693064013933700661e-04 2.258802230330289476e-04 1.956896122994095826e-04 1.690874758354510136e-04 1.446945342471972972e-04 1.266685189688103366e-04 1.105296053384972898e-04 9.772716404866693858e-05 8.796419206248315935e-05 7.776416815983757259e-05 6.708072620753688289e-05 5.647448163711300654e-05 4.545482534118520891e-05 3.426610803797156105e-05 2.706238655154251391e-05
3.823242801707471376e-04 4.352675302856931017e-04 4.306978081380520964e-04 3.800694936589623643e-04 3.238234232249134412e-04 2.696887768718146238e-04 2.260107404783512559e-04 1.959169954041186138e-04 1.696753593234373418e-04 1.451209144029906833e-04 1.268084839413655606e-04 1.106481192990496854e-04 9.761469423885530457e-05 8.800224712561767395e-05 7.763671586568733944e-05 6.668202702058867069e-05 5.613734831613969255e-05 4.520201717877342373e-05 3.410213838727725041e-05 2.661139940282360235e-05
3.822907637358384340e-04 4.353841465580186279e-04 4.306213924453921107e-04 3.795866638921237377e-04 3.231496506580359735e-04 2.688840432928800189e-04 2.254125152142133904e-04 1.954504820929071332e-04 1.688700602445677719e-04 1.446125646859536403e-04 1.268123926488350680e-04 1.103953516455495279e-04 9.693809000888451376e-05 8.727316825299126773e-05 7.738859926450483880e-05 6.715106536107775072e-05 5.642854455466874168e-05 4.531252646445278455e-05 3.436737087917883380e-05 2.742382375453618996e-05
3.821903129881825973e-04 4.341994726440461558e-04 4.299666453963152174e-04 3.795619319628151279e-04 3.231645127328089265e-04 2.690991475566119145e-04 2.258024447609901803e-04 1.959436602183113813e-04 1.694679783065049477e-04 1.451905281360708574e-04 1.268506251611215940e-04 1.101946237456312991e-04 9.733714424351230994e-05 8.763727384757848539e-05 7.757532363491224676e-05 6.675900432871013576e-05 5.609625713250649624e-05 4.516734985433510757e-05 3.424408436853149508e-05 2.703789955130549312e-05
3.821746602797673211e-04 4.356245478853054448e-04 4.308052675711983586e-04 3.802313485713087787e-04 3.239357682018672658e-04 2.693699808590977623e-04 2.261072594074940430e-04 1.961546260910424877e-04 1.694892401956496822e-04 1.451743653011681697e-04 1.269395980886989131e-04 1.106203225653811114e-04 9.746244415689318623e-05 8.786166398698790113e-05 7.759008338743850913e-05 6.718478516125582164e-05 5.698796485208086930e-05 4.581798944334420439e-05 3.463023124762808723e-05 2.722209211027179019e-05
3.824405837544347150e-04 4.350445334398999903e-04 4.310210939133505854e-04 3.798367244662297776e-04 3.236003578223517235e-04 2.693166418001616486e-04 2.257063199423390578e-04 1.957085411506235021e-04 1.692023805985895339e-04 1.447904838254512481e-04 1.267930844964316789e-04 1.105323524747873722e-04 9.747506245173665081e-05 8.780707724922636522e-05 7.769497103785619413e-05 6.696054499038292356e-05 5.629297674951709904e-05 4.536070071003345982e-05 3.446916361204204414e-05 2.703345747688225335e-05
3.824993634142465700e-04 4.352331409369541494e-04 4.309316126404007696e-04 3.800866796131701221e-04 3.238917235722872439e-04 2.696219337851844290e-04 2.259773515802636086e-04 1.959498312032198367e-04 1.693315165999299571e-04 1.449877017237787339e-04 1.268666875818263019e-04 1.105438175988110704e-04 9.750575421271921088e-05 8.803658545066373289e-05 7.791860098362081454e-05 6.707956619989553456e-05 5.661011667476099348e-05 4.546438455381743656e-05 3.412708891930407625e-05 2.665406622692699412e-05
3.827791069847981116e-04 4.348637520017239804e-04 4.306833618168176732e-04 3.799714066827961610e-04 3.239037454017744898e-04 2.693432240894965920e-04 2.258407029546144593e-04 1.958433891437607688e-04 1.695183166752289665e-04 1.451217127281910632e-04 1.270146178081606961e-04 1.105651005655947067e-04 9.754857360901825702e-05 8.799283100503127442e-05 7.774764076611852259e-05 6.676099035768151470e-05 5.629883573461355492e-05 4.525728957998302994e-05 3.417035461669826977e-05 2.704648838156569968e-05
3.827034789695292114e-04 4.355487321116775540e-04 4.311107879342530652e-04 3.799260059614352242e-04 3.237584137011700544e-04 2.694300100061042627e-04 2.257148769942623546e-04 1.959215328527778486e-04 1.692204073042828400e-04 1.445865381973796080e-04 1.265207856963248157e-04 1.106556207454251445e-04 9.789240655061740742e-05 8.816075742220020510e-05 7.774153556244115611e-05 6.702768238401303155e-05 5.655562938477123885e-05 4.576525686030797290e-05 3.464931889986631191e-05 2.693862929199547837e-05
3.824197123707660535e-04 4.347312297066731660e-04 4.309380620416960669e-04 3.800458616528281058e-04 3.237652081816898243e-04 2.696093573622596030e-04 2.260176359149549590e-04 1.958590900279807805e-04 1.693828013381152068e-04 1.447576149723721220e-04 1.267512122763623475e-04 1.104643938386294655e-04 9.750409731952526179e-05 8.800410405688555116e-05 7.811584023818621823e-05 6.734105364176865742e-05 5.647842741163945732e-05 4.550076344976406828e-05 3.445350736333369567e-05 2.711583090371912043e-05
3.821111871503112272e-04 4.347237811176395150e-04 4.300233625627127888e-04 3.793453609651641252e-04 3.229719805269961534e-04 2.684141648925272806e-04 2.252283275682143669e-04 1.952113071738295158e-04 1.686419201972395334e-04 1.444226615698886412e-04 1.265194190692624861e-04 1.104051921711905114e-04 9.731791021908227943e-05 8.776383223369999757e-05 7.784561587853530186e-05 6.725202541404274985e-05 5.666971644747776954e-05 4.563792908520875475e-05 3.433003982661521634e-05 2.670949942263636193e-05
3.826666327678907497e-04 4.345752327579341075e-04 4.300801041024424347e-04 3.791599508513472097e-04 3.231799535341166730e-04 2.690208644167193250e-04 2.253576487320192257e-04 1.956185935677545685e-04 1.692749539096337569e-04 1.449234882765673531e-04 1.268972038580762276e-04 1.108778563545765000e-04 9.766697357518422601e-05 8.763358336226134888e-05 7.774137181672501886e-05 6.704756124902117270e-05 5.650733908233539064e-05 4.528228409417172176e-05 3.418402784574294033e-05 2.710762480310345042e-05
3.822862713409672379e-04 4.353337931960456165e-04 4.312581757256114270e-04 3.800145678904290423e-04 3.238584906995770020e-04 2.693626801046867473e-04 2.256820983095938625e-04 1.958940105990668768e-04 1.694827435329899123e-04 1.450285445092331748e-04 1.266724931734751849e-04 1.104557510032639023e-04 9.752481132914350009e-05 8.764668301281337479e-05 7.770991517446963791e-05 6.725508874657773288e-05 5.649972285195778383e-05 4.573261959833650671e-05 3.468483241461069931e-05 2.729843193479899880e-05
3.817356983051866412e-04 4.351133435434238988e-04 4.309476736423029021e-04 3.801493988326285259e-04 3.240336548968923507e-04 2.698290975451869559e-04 2.261588025202031628e-04 1.960071338490987380e-04 1.692665465988104593e-04 1.446513547249480723e-04 1.263815551063232753e-04 1.103527141487257546e-04 9.745329585045493716e-05 8.786421748799000387e-05 7.764228453675652843e-05 6.700849922830926517e-05 5.645582970463273797e-05 4.534913551087572990e-05 3.418848653727947799e-05 2.681468887486918051e-05
3.822752450226737627e-04 4.352600113165568801e-04 4.305367332025048129e-04 3.799726663103628554e-04 3.234718994891130558e-04 2.693333890020283613e-04 2.256467714726649945e-04 1.956594698445086682e-04 1.694425247398814109e-04 1.451439758766922021e-04 1.269766631046373873e-04 1.107368980874987420e-04 9.773517538244120726e-05 8.809240354801430993e-05 7.815433105593327478e-05 6.733329525592395861e-05 5.660846405813167471e-05 4.565729932445406429e-05 3.434012782114953191e-05 2.699193248764923008e-05
