# gt_boosted (sum of gt_boosted from all patches except for one, different each time)
2.153077567354170290e-05 2.676428725116366809e-05 2.394869540514634113e-05 2.417628104150646326e-05 1.982073569251021125e-05 1.721595625481778567e-05 1.604071811674997956e-05 1.482435628130940082e-05 1.365117643975116621e-05 1.068300112467385991e-05 7.114194850662141071e-06 5.685842174847505316e-06 6.406366725984866890e-06 7.530706943529947058e-06 4.945989181477661560e-06 2.965206747411676666e-06 2.878466294508504341e-06 4.755765437660501197e-06 3.299487526163217517e-06 -5.723330374134082958e-07
2.124593410370254764e-05 2.619107823428315070e-05 2.363540225844781048e-05 2.397711790121039195e-05 2.013584044948029062e-05 1.742649843039789580e-05 1.617818519069582679e-05 1.520239766256530440e-05 1.374376777515910510e-05 1.079851712915258009e-05 7.275875921193893763e-06 5.885270170057032640e-06 6.686263125974177469e-06 7.696459444751831288e-06 5.123006915272696863e-06 3.102266685838190867e-06 2.855475531295839265e-06 4.790010563218169614e-06 3.358638184039677499e-06 -7.427159381856438984e-07
2.114614570823420214e-05 2.652472827701589828e-05 2.367833175044984408e-05 2.435326129694404494e-05 2.004082985935967437e-05 1.725929175126216211e-05 1.573163607377256706e-05 1.479920838270246965e-05 1.345221607171950292e-05 1.057280754040233181e-05 7.133443827064763314e-06 5.809041881641314456e-06 6.701839632286564506e-06 7.669676803519726125e-06 5.260357433041949864e-06 3.223938624625764317e-06 2.980349830236687894e-06 5.255791444165038042e-06 3.670927776971169691e-06 -4.670815948883886256e-07
2.137344491561342187e-05 2.670920938256651295e-05 2.340244963290190566e-05 2.393270473862481516e-05 2.015316422051465704e-05 1.760655068531242795e-05 1.616500811236229210e-05 1.475488820296326889e-05 1.327211705430742191e-05 1.059333268571498194e-05 7.170006563544589827e-06 5.538907523353450649e-06 6.362734656976241485e-06 7.428866748550426796e-06 4.921980253727809563e-06 2.815494636619915465e-06 2.657857800856801585e-06 5.008360617012968872e-06 3.422801554095300520e-06 -9.479863377473837107e-07
2.109360727893701948e-05 2.622672127257842954e-05 2.332848890947723512e-05 2.407534728827631838e-05 1.983766389291565841e-05 1.724714164576995526e-05 1.592489648085205895e-05 1.470885869255948345e-05 1.354554833294973796e-05 1.063220436551683503e-05 6.978891793318203582e-06 5.595730305677923436e-06 6.210095478710646200e-06 7.210729005880441965e-06 4.711404523288155425e-06 2.587157470266814182e-06 2.486619629360957153e-06 4.628818624687766458e-06 2.966862282773405136e-06 -1.110418421531678137e-06
2.140818817753873250e-05 2.666536665413751840e-05 2.398057902914325069e-05 2.418784570298654338e-05 2.004049731877338643e-05 1.753468221357299892e-05 1.620779605118379200e-05 1.501537094786498921e-05 1.358583857991602366e-05 1.071464234998667911e-05 7.284035933477947511e-06 5.878815011394064156e-06 6.863555333992933832e-06 7.911579967408183961e-06 5.487682405921071685e-06 3.470060124706742915e-06 3.025640671927074310e-06 4.828630328383784413e-06 3.295362934479469609e-06 -7.036484885334029566e-07
2.119458599768754960e-05 2.679800758581584922e-05 2.367519541529324696e-05 2.421189264089559313e-05 2.006317159662159716e-05 1.743454206603679810e-05 1.611997236749120887e-05 1.505998922472379018e-05 1.376411102923431827e-05 1.071288827806053109e-05 7.000500035203553406e-06 5.482065204783857822e-06 6.511824031406688990e-06 7.505449424389022637e-06 5.141075078430953649e-06 2.963992840033279275e-06 2.788235231833812718e-06 4.951732084258715500e-06 3.391794750366986856e-06 -6.836026621559685458e-07
2.127100157903541534e-05 2.639973629721883912e-05 2.354257601880733141e-05 2.410563537635420511e-05 1.997453648390360229e-05 1.740038475107149693e-05 1.603703783381649260e-05 1.503137692315860271e-05 1.367134323308988067e-05 1.079428717362800048e-05 7.109170175007129018e-06 5.671713210965943357e-06 6.662400313533246752e-06 7.517060806181549560e-06 5.084246364074883226e-06 3.058442545223370506e-06 2.711434073644210728e-06 4.730768516870368089e-06 3.230599026349614223e-06 -9.850259383865792285e-07
2.186951397563818001e-05 2.618455243233956388e-05 2.377651726594557207e-05 2.425238227724797066e-05 2.051478104302598065e-05 1.781666459530705413e-05 1.620439217621911791e-05 1.474414523326976313e-05 1.333684421320072322e-05 1.048261419516624562e-05 7.346396106709034063e-06 5.845917365936901875e-06 6.720056487962684773e-06 7.759523057140358535e-06 5.263294991340245732e-06 3.395285344440238290e-06 2.893660285794720788e-06 4.815182039182997908e-06 3.330852531458427381e-06 -6.218408133103107844e-07
2.167535849908382782e-05 2.655490778709855063e-05 2.362181257889081802e-05 2.429215821898742862e-05 1.996796128138406308e-05 1.752132920726546609e-05 1.616377573686267278e-05 1.489319704237923025e-05 1.367903218779828853e-05 1.062311086245248987e-05 7.010886069211593325e-06 5.582157667431242644e-06 6.452098489570159420e-06 7.614218416416094535e-06 5.216093443814334887e-06 3.143945311884269597e-06 2.847023292727360125e-06 4.680541880176236004e-06 3.214744592826202588e-06 -8.877950606334280421e-07
2.125730202203969163e-05 2.628327564006821679e-05 2.337068333508062983e-05 2.363958872280494066e-05 1.960419318092592781e-05 1.719958280208027640e-05 1.578955363764262849e-05 1.465024594076603556e-05 1.337757484743290706e-05 1.065159502941367594e-05 7.171831982873129041e-06 5.637128161434344704e-06 6.469019536400583855e-06 7.624358618471427017e-06 5.023416836503387157e-06 2.990371315230334954e-06 2.635567169025726120e-06 4.839534384408565707e-06 3.434002587353382390e-06 -5.760999961286408681e-07
2.133636626319325024e-05 2.666595257194735315e-05 2.355630855948107270e-05 2.421216725371262379e-05 2.007709856207012765e-05 1.730805590622108350e-05 1.587077232200591814e-05 1.462722781018211482e-05 1.343144250057731676e-05 1.081245254023983698e-05 6.983446315615677228e-06 5.391612814413526011e-06 6.345679094811802145e-06 7.453852237041034690e-06 4.817153459720349072e-06 2.772041203429475306e-06 2.541081704775263238e-06 4.598347560532263886e-06 3.203141543030640901e-06 -8.120424786354152649e-07
2.112159189259675351e-05 2.643171257045290109e-05 2.330998896278714771e-05 2.380602692832095758e-05 1.993001266859900601e-05 1.737307344403453307e-05 1.629847151559165591e-05 1.520822536184592367e-05 1.385773445979234433e-05 1.089900883407691634e-05 7.300185054415622334e-06 5.954980548418446035e-06 6.854095329567087335e-06 7.643788262997709487e-06 4.907169261268084644e-06 2.936455277516575793e-06 2.719946672249406202e-06 4.820179341809904475e-06 3.304651364306238899e-06 -7.373156065739400849e-07
2.125178486749359556e-05 2.654861654391496562e-05 2.375265418920330249e-05 2.433091955599946685e-05 2.006179368182586833e-05 1.752292882972880731e-05 1.605260809613702789e-05 1.495268090553235648e-05 1.359676396706968142e-05 1.072698651383904845e-05 7.139054273222341497e-06 5.591221601156236755e-06 6.463957298917769693e-06 7.359948485784110312e-06 5.039356992403931625e-06 3.011820636187900293e-06 2.794517619585198286e-06 4.853267005656786207e-06 3.366190860924818039e-06 -6.942095066413706231e-07
2.164991855183286809e-05 2.666408824450599920e-05 2.352765630187339584e-05 2.404736735559584511e-05 1.999437744831270242e-05 1.730915015918791633e-05 1.597393290706783432e-05 1.501347214416907803e-05 1.400376982740716662e-05 1.119067509142833590e-05 7.279646629443682840e-06 5.888592346086001601e-06 6.932368559992314223e-06 7.729440098092163575e-06 5.179083730268091172e-06 3.094958308118615077e-06 2.848604787299959597e-06 5.025714283862983684e-06 3.346261453771766319e-06 -7.339151391945599134e-07
2.097650994889707472e-05 2.658182231076876542e-05 2.354074028894289020e-05 2.418754135976349250e-05 1.985091699780696712e-05 1.745149575571834034e-05 1.608631213065391557e-05 1.490446408715304365e-05 1.355889423250861125e-05 1.057235332878729075e-05 6.971903093207005751e-06 5.381696477230162887e-06 6.380818755723171658e-06 7.529860490931977791e-06 5.211207923424856710e-06 3.180073429520302182e-06 2.878217823015645325e-06 4.693089389125935541e-06 3.236437965929298923e-06 -8.364376181870918227e-07
2.132076221874616066e-05 2.642222436520772321e-05 2.371824619603018534e-05 2.397741645339169730e-05 1.991375190036313598e-05 1.749674328171158677e-05 1.607002787242268614e-05 1.495843081636950519e-05 1.373554581760182422e-05 1.076759486433808139e-05 7.107160853565631330e-06 5.454722689988202936e-06 6.692750999296909106e-06 7.877054047886853871e-06 5.138657482818217901e-06 2.970162206498411415e-06 2.488322716719610594e-06 4.495925679130997981e-06 3.017794574559439157e-06 -9.225876497930551901e-07
2.177819741011450768e-05 2.645889624787579701e-05 2.347996270050389258e-05 2.407830302108459252e-05 2.004460884631115630e-05 1.746879765625831149e-05 1.610009666072684530e-05 1.479255094987665823e-05 1.355787322664785347e-05 1.071294726508779771e-05 7.117742547572008890e-06 5.521764359041548028e-06 6.231767300475551146e-06 7.462167419058377482e-06 4.926494640551661767e-06 2.799806535374991180e-06 2.520991885402609351e-06 4.624859534761063689e-06 2.997136832673231374e-06 -9.566809022561809366e-07
2.139952327759221272e-05 2.655748984932465690e-05 2.358004694819992690e-05 2.400321898781105305e-05 1.987121362678608097e-05 1.733575405561736419e-05 1.616276021412867654e-05 1.510477160853143622e-05 1.392832845193920463e-05 1.107954607645202531e-05 7.302656756108236223e-06 5.696763670939869410e-06 6.723301308237344295e-06 7.730201678557652254e-06 5.204900887756985155e-06 3.358285900604943083e-06 3.021848802863260212e-06 5.074079674749652117e-06 3.471828340691279941e-06 -8.242962900183693699e-07
2.142994023279947612e-05 2.617596521713066426e-05 2.343475938623053306e-05 2.405435077620459212e-05 2.009148262083924606e-05 1.769827861298120587e-05 1.644961717774981555e-05 1.498954839600739886e-05 1.358532948412114857e-05 1.060421802844944310e-05 6.909439839728460684e-06 5.681586713939726652e-06 6.986739899270626554e-06 7.734456635999900951e-06 4.992284064416895473e-06 2.963370224425489912e-06 2.545177414591604465e-06 4.427824365832337308e-06 3.075777388768304178e-06 -1.054923948342859773e-06
2.139029014543085446e-05 2.643448907435196155e-05 2.311996820997857114e-05 2.386743557891675695e-05 1.974575479733935119e-05 1.731744198670336096e-05 1.604858791957528347e-05 1.482515257400448766e-05 1.344210031754285473e-05 1.051206597559105921e-05 6.926961358593453868e-06 5.927898364447182598e-06 6.835801266373976891e-06 7.689333361245214777e-06 5.211448409032727171e-06 3.068252235002691417e-06 3.015670200844344559e-06 4.999336259048683285e-06 3.472685576887566857e-06 -5.607598028939758008e-07
2.101072287498945140e-05 2.632700945866155634e-05 2.354145372181282042e-05 2.394014560031501574e-05 1.985043109254019638e-05 1.741811626038827424e-05 1.615041028070136319e-05 1.507351946576680999e-05 1.377234821831063625e-05 1.087374588371454118e-05 7.249334612125694579e-06 5.893176682726253329e-06 6.932404922082732003e-06 7.669939503091609869e-06 4.853984341917502994e-06 2.805328609876062432e-06 2.646214634770279167e-06 4.692198294918782250e-06 3.188763995261459391e-06 -1.129921277008032383e-06
2.167850324488525569e-05 2.640646114513457438e-05 2.386754305634679571e-05 2.403452767459192551e-05 2.011860623560569105e-05 1.753670038743748911e-05 1.630131301568218973e-05 1.515237355086306977e-05 1.388525302887151658e-05 1.092879074563973441e-05 7.303389161932392898e-06 5.841057226807582728e-06 6.731903749267189578e-06 7.614327626102355608e-06 5.033830115085800267e-06 3.060954445569897135e-06 2.905077396516211625e-06 5.039340014081761407e-06 3.428457377870950773e-06 -8.120899050996016918e-07
2.149593509401955368e-05 2.665593054801244661e-05 2.360798459473055806e-05 2.395717601404878609e-05 2.010218958859098624e-05 1.742792497545056743e-05 1.607887541969447236e-05 1.503912888952023134e-05 1.366879095331264071e-05 1.071815139634860955e-05 7.115178562736730651e-06 5.733881424966623644e-06 6.673844433890953390e-06 7.642165081090824944e-06 5.014220336823598369e-06 2.985609035536331632e-06 2.827022341462605179e-06 4.805243324353168900e-06 3.347669769963856653e-06 -6.468212681551586068e-07
2.169859678277210658e-05 2.678470858794118096e-05 2.368592044325201710e-05 2.421076560125269320e-05 2.003251412431317099e-05 1.750086958879087617e-05 1.605816205708988264e-05 1.513377049654547606e-05 1.371890391541488772e-05 1.095804300223988384e-05 7.129525726064034451e-06 5.746537898664103474e-06 6.692154867467754391e-06 7.530944895911262699e-06 5.030652634474541617e-06 2.918659956897635658e-06 2.654557250517148871e-06 4.691614269258590783e-06 3.300530698236054284e-06 -5.557821023169647245e-07
2.156365222060838290e-05 2.670882976370649118e-05 2.361942403477543083e-05 2.397426856686149334e-05 1.998003923003627792e-05 1.723703024514038450e-05 1.581778839369115276e-05 1.467899281501686471e-05 1.320858975515058493e-05 1.031925490414626007e-05 7.058927178849896336e-06 5.724806359699879292e-06 6.395907173158198343e-06 7.406991420475570232e-06 4.921903656867106750e-06 2.810074836369521282e-06 2.459074716867714597e-06 4.426991840505527232e-06 3.207427622455433547e-06 -7.125621727724349279e-07
2.125166670289809281e-05 2.647390562389293671e-05 2.356656218233327957e-05 2.412008298627577911e-05 2.025146558665035220e-05 1.771624982680285849e-05 1.651584414349818841e-05 1.522656820661897791e-05 1.383071151886260147e-05 1.084757545860454503e-05 7.377296280572053577e-06 6.232184886042114307e-06 7.165766181456634720e-06 7.871214229521654524e-06 5.147212330600876782e-06 3.059885034957196197e-06 2.561851904211802288e-06 4.654979035933181893e-06 3.079892352691398413e-06 -8.524008642299692801e-07
2.154189324884674879e-05 2.656638315598468540e-05 2.326080203237054799e-05 2.423170648210481442e-05 1.999220737447269399e-05 1.773543802640754327e-05 1.625987645865030351e-05 1.518105877408651167e-05 1.352781944983160512e-05 1.075700288382111550e-05 7.051745572031678505e-06 5.546019852402826363e-06 6.384799141308743091e-06 7.501755172717997984e-06 5.163397184891410203e-06 3.224766408353286573e-06 3.006207910169534716e-06 5.052535491010614600e-06 3.386705233949389192e-06 -6.970713977487385519e-07
2.101865804796775801e-05 2.633980219560386527e-05 2.371440672515824614e-05 2.377180232249192851e-05 1.971444620480242732e-05 1.721445667266804266e-05 1.616594667096243757e-05 1.513395281736529452e-05 1.390136919697949457e-05 1.092215675909008340e-05 7.442283191263798667e-06 5.920239770143239768e-06 6.728880148841408278e-06 7.803438296677753109e-06 5.156494676896171288e-06 3.088862190231971450e-06 2.710491356056024575e-06 4.772057683533083080e-06 3.246838237615569004e-06 -9.611375699595958026e-07
2.095290130204587744e-05 2.614880984974314509e-05 2.322349033437239672e-05 2.356127856406841549e-05 1.953005856062459196e-05 1.700675252563551442e-05 1.570926486494776900e-05 1.466739721490927527e-05 1.364011053302961825e-05 1.113284471026008754e-05 7.560620918336417713e-06 5.647826887968279117e-06 6.675140246404799092e-06 7.765188652865758853e-06 5.096257919488977877e-06 3.147231899735687825e-06 2.771363517133637614e-06 4.601003708283208831e-06 3.143410332440384759e-06 -7.198600898610280959e-07
2.114532526499973686e-05 2.652273131868045341e-05 2.347674093073861111e-05 2.428155307644493644e-05 2.019390510990209825e-05 1.768332193104567434e-05 1.627040811159045268e-05 1.507438313242019721e-05 1.354335428244061444e-05 1.064740547269611905e-05 7.213067571001744695e-06 5.764984840267113459e-06 6.718001485516159938e-06 7.555675525346510568e-06 5.006852545808502680e-06 3.129781996733064663e-06 2.841470507569281611e-06 4.721647471033585461e-06 3.125735971709676105e-06 -8.741731696337920914e-07
2.155860370378640670e-05 2.621905977278455200e-05 2.371127320791054622e-05 2.401281642196361014e-05 2.004866020971253425e-05 1.752847336808160901e-05 1.601583436108181371e-05 1.491224113431381772e-05 1.341901188150767934e-05 1.064383191634437035e-05 7.294124932119698025e-06 5.864556416871879827e-06 6.721340873952418943e-06 7.560348326546022453e-06 5.231544729621107828e-06 3.209004852722163694e-06 2.977782427969451644e-06 5.239681181440726721e-06 3.793388466422236028e-06 -4.493825392189702624e-07
2.126122120647250366e-05 2.665774884017040682e-05 2.421871658759905730e-05 2.431496978285792833e-05 2.055416259142821243e-05 1.793582589815318845e-05 1.626729712540300190e-05 1.499126809201623066e-05 1.373414537807167635e-05 1.091824185159333071e-05 7.302033600322614993e-06 5.841691869398977457e-06 6.905723549185687823e-06 7.809687732353434581e-06 5.349060345483333725e-06 3.219820254430404185e-06 2.739346498250154747e-06 4.634740255530677875e-06 3.100915644158509329e-06 -9.224396104682255806e-07
2.102089379707856065e-05 2.675125938433965179e-05 2.335782215791604752e-05 2.395807633690735601e-05 1.960842687153224154e-05 1.730572142852362092e-05 1.596111285168979365e-05 1.480224684159970473e-05 1.355109215889501851e-05 1.060223831500794525e-05 6.878635821310268922e-06 5.632097173655499796e-06 6.582491626182013813e-06 7.442738135572683070e-06 5.041001008255606537e-06 3.115431054790674820e-06 2.943593217570581225e-06 5.017026523648076091e-06 3.408327976696587075e-06 -7.628788861256492859e-07
2.122390190913695700e-05 2.663054618091629784e-05 2.340564250545120378e-05 2.407580955483696393e-05 2.013322471320379270e-05 1.740373395532247852e-05 1.610912200430056397e-05 1.517224100397730996e-05 1.389031864080344937e-05 1.074780241614010699e-05 7.250532186115063441e-06 5.555370864954266020e-06 6.562920537727411298e-06 7.584518415305802999e-06 5.115296888230396885e-06 3.120251559832716551e-06 2.724166736216273914e-06 4.710553663742622158e-06 3.405422237133940180e-06 -4.331526020863327212e-07
2.099422854462456640e-05 2.650414867637496542e-05 2.352409576540852610e-05 2.379184490515341582e-05 1.998006204669359388e-05 1.757220066819325095e-05 1.621837227907184061e-05 1.495551415613283203e-05 1.341968856072191478e-05 1.054321947934315269e-05 7.198136651939280581e-06 5.820267707865743751e-06 6.640624306647738242e-06 7.461542799836483554e-06 4.890397402956043873e-06 2.825428036069780836e-06 2.647517141143855296e-06 4.595693723743948289e-06 2.890951261325443668e-06 -9.737160617883422643e-07
2.115285170643431900e-05 2.665309536729193124e-05 2.390643598795267800e-05 2.473974603581324298e-05 2.061262452471084131e-05 1.799624835507054676e-05 1.635285886806763731e-05 1.497519410842370580e-05 1.365040749299752726e-05 1.063542492765391977e-05 7.079757187354743521e-06 5.863985062300627573e-06 6.930127432218450141e-06 7.829729674208889801e-06 5.168851242154140221e-06 3.395957400184599206e-06 2.970375403849009287e-06 4.559761039004246777e-06 2.864458646637471464e-06 -7.991933965508976116e-07
2.094405611967358315e-05 2.650700955014162114e-05 2.335413665795036761e-05 2.392715620707175584e-05 1.976513637317620783e-05 1.724873871976411274e-05 1.594760728795171549e-05 1.475278231684075244e-05 1.333248973926769458e-05 1.044615109451577941e-05 6.886171225368685851e-06 5.472802461865169475e-06 6.432990635676695556e-06 7.500696785462838829e-06 5.070297962479554048e-06 3.058706386418421693e-06 2.746372351221567990e-06 4.575098083703636589e-06 3.040087360136324671e-06 -8.228940169345948608e-07
2.133444787966337245e-05 2.643210789647521894e-05 2.383041888420624917e-05 2.418448567527884419e-05 2.005375619295671829e-05 1.740922757146917522e-05 1.621690436830543444e-05 1.518893417268962907e-05 1.393020508860187523e-05 1.091216829545644507e-05 7.125386528431915486e-06 5.583439906061416986e-06 6.621236686131455819e-06 7.613535758777323345e-06 4.981332046872769674e-06 2.852608160732658056e-06 2.780318429104277084e-06 4.971154504567164018e-06 3.389511407272885101e-06 -6.404145465188122083e-07
2.137750483549307625e-05 2.643483552936778103e-05 2.373642373574178115e-05 2.406536406642674272e-05 2.007628209784081670e-05 1.754156508426356857e-05 1.616084343162968432e-05 1.499871609404466172e-05 1.377662677622210653e-05 1.087376361444187201e-05 7.199116339712654036e-06 5.818080932127706425e-06 6.587857037817004745e-06 7.565393590644345013e-06 5.183728281617810176e-06 3.105757240152652574e-06 2.833112980098408393e-06 4.891896740190807032e-06 3.299411410109905710e-06 -6.690812152219351458e-07
2.143382030609528724e-05 2.670123022277627519e-05 2.346069217216241315e-05 2.408853346453126764e-05 1.981108097967158413e-05 1.745835581241608186e-05 1.601935488128140850e-05 1.502259330104083388e-05 1.348470263076954409e-05 1.064896876599147929e-05 7.254435396548459362e-06 5.724349624003811644e-06 6.674603437684440830e-06 7.696129148220238897e-06 5.008698342779383097e-06 2.808130117053065490e-06 2.424878912212930970e-06 4.435986608377667517e-06 2.911163388177692621e-06 -9.551336848355568950e-07
2.089017295595371903e-05 2.621490704083912892e-05 2.348076092107367042e-05 2.409502688230186096e-05 2.010771286743192663e-05 1.744487654771274116e-05 1.609881406351656877e-05 1.495440967953822124e-05 1.349461165585003988e-05 1.066977646103190853e-05 7.060872113489242397e-06 5.688201710055832682e-06 6.717984102096445737e-06 7.705935719538506136e-06 5.100066827651853407e-06 3.099830109601826871e-06 2.906728239994431186e-06 4.898294658452669725e-06 3.393325121925968102e-06 -7.407774701616147077e-07
2.163353250273292915e-05 2.672029367148449799e-05 2.355895894365236690e-05 2.437015068940282198e-05 2.018297267833932555e-05 1.762842626967888162e-05 1.619761933348415670e-05 1.511342826575854547e-05 1.376169040301940797e-05 1.080602279428659768e-05 7.302030761868639719e-06 6.017594158801059363e-06 6.906084517200848762e-06 7.935117293924558908e-06 5.328471276938528054e-06 3.333468830032488950e-06 2.836029447061309327e-06 4.692687104766098736e-06 3.230320683770655113e-06 -8.616565816661163313e-07
2.164984029680060227e-05 2.667322043636538616e-05 2.389722603971443057e-05 2.415290546040509809e-05 1.993165171223001546e-05 1.741751951755887495e-05 1.628492898535611821e-05 1.498343844436979986e-05 1.381273809317231437e-05 1.097656458736204861e-05 7.197786768035094483e-06 5.723758974837063144e-06 6.763423897502216089e-06 7.648791710659106973e-06 5.067059417588842701e-06 2.905198616990203754e-06 2.638345004306603897e-06 4.657002681255313871e-06 3.331688315390127149e-06 -6.506092784353861071e-07
2.095855328104269703e-05 2.661573937835356795e-05 2.379780119927933456e-05 2.404410094383071278e-05 2.004060092393029384e-05 1.738599847362037702e-05 1.620633597238117901e-05 1.517729920760938824e-05 1.379019404862168758e-05 1.066290255394269966e-05 6.944186248389704217e-06 5.563590265512845548e-06 6.612025184315406537e-06 7.498691005855134150e-06 5.145234034601685505e-06 3.213244989765090170e-06 2.805519888478483203e-06 4.880025388588289848e-06 3.269339511427376030e-06 -6.692578729964772552e-07
2.088894139515252643e-05 2.631792317481687735e-05 2.344275829628359400e-05 2.384576553455354042e-05 1.983304049532323511e-05 1.733774824853722020e-05 1.608850416065852243e-05 1.507608493665905256e-05 1.351401105647042431e-05 1.058272557334913918e-05 7.176084519691826926e-06 5.584205769188345298e-06 6.606561336868259509e-06 7.454590237434957146e-06 4.875830722023075961e-06 3.149397869402786689e-06 2.931873752190898263e-06 4.959527961649967989e-06 3.394604040643624669e-06 -7.566399098282859030e-07
2.140537683931109447e-05 2.675872284084122312e-05 2.385158806345131699e-05 2.407517752352626009e-05 1.993598142009697611e-05 1.733661929608780838e-05 1.586186695429798608e-05 1.476580944722523221e-05 1.347221272568317596e-05 1.047248679175495045e-05 6.930184478501738239e-06 5.486848954891061771e-06 6.476201054384952487e-06 7.404669366200161999e-06 5.056619736726572601e-06 3.155189195988130600e-06 3.001032754055134391e-06 4.797077050450955853e-06 3.460191623651850855e-06 -8.293843996598470323e-07
2.132040765831992485e-05 2.666151164646803962e-05 2.377005941434307546e-05 2.442763664910592653e-05 2.018881553130218859e-05 1.759745367912244186e-05 1.606199726483666351e-05 1.474824991976102355e-05 1.375110535822791592e-05 1.075342032452165865e-05 7.002085684739724463e-06 5.610393050122533149e-06 6.536088905226782771e-06 7.486259477126950834e-06 4.953551065955009467e-06 2.963929822208298618e-06 2.748112956714607378e-06 4.796318676925526344e-06 3.282933054116212275e-06 -7.611066811440889813e-07
2.145602120365183675e-05 2.637796968119824058e-05 2.381577791883062131e-05 2.411797133905161443e-05 2.000210455147536292e-05 1.751586565059305435e-05 1.629138339615554226e-05 1.529398930756648535e-05 1.393733456236434970e-05 1.085546588449833827e-05 7.257858580019944760e-06 5.685589205220491094e-06 6.594135907500254291e-06 7.629798803985002109e-06 5.230095072780385038e-06 3.227019014196932960e-06 3.028945622411831682e-06 4.975056362644441208e-06 3.441138407844640139e-06 -6.611681183683497333e-07
2.154706074608598278e-05 2.668256591130254305e-05 2.389722883310392286e-05 2.426358745077633543e-05 2.009845279821312537e-05 1.762741951156289081e-05 1.624689346490720558e-05 1.485993099453783480e-05 1.342253979329260717e-05 1.079147076371762904e-05 7.361482659067222695e-06 5.849702972455454974e-06 6.556881635169581332e-06 7.494102145501760729e-06 4.950564840336881118e-06 3.051901275926998387e-06 2.719523092099461450e-06 4.892182761938708991e-06 3.299737040814582733e-06 -6.872921284953969589e-07
2.106846755066844811e-05 2.664755745126346151e-05 2.367634492500107575e-05 2.398823712603608650e-05 2.007006258279131123e-05 1.763093314343008912e-05 1.630417361809699916e-05 1.525125242705172100e-05 1.378399430644983629e-05 1.080645148864534169e-05 7.178756107018024763e-06 5.688939666782229386e-06 6.525885887830917942e-06 7.543413068513019090e-06 5.174387329551609931e-06 3.169337932990472304e-06 2.880064760262798567e-06 4.723109188913408585e-06 3.275847061024841333e-06 -7.074202949773073809e-07
2.125609028352242968e-05 2.659613551973863049e-05 2.368914452512197567e-05 2.420121803843078322e-05 2.008684447396735437e-05 1.771251344324789519e-05 1.621313342809730160e-05 1.506467844964460056e-05 1.371248150186414060e-05 1.084481765334857724e-05 7.212590647565218989e-06 5.667510837000812070e-06 6.542642177788041175e-06 7.657331708539099810e-06 5.319883337184893419e-06 3.249235458030167328e-06 2.894464848998454012e-06 4.861408158363039064e-06 3.311642854261357101e-06 -9.761147847738926183e-07
2.180103600873068906e-05 2.657713718072401138e-05 2.348779771924599670e-05 2.422194538028939304e-05 2.010708706913563596e-05 1.759686144959718475e-05 1.621232541136151932e-05 1.510084541980534709e-05 1.361472209094861818e-05 1.070970386002526038e-05 7.164406903154664528e-06 5.591029882641269268e-06 6.529223270528565520e-06 7.466930437325118149e-06 4.959806129602327704e-06 2.957362474360049864e-06 2.712192677057557224e-06 4.677396781974754893e-06 3.241697540009545843e-06 -8.749123229592437392e-07
2.099083409791855235e-05 2.653670099461654552e-05 2.341316354138130832e-05 2.388422454482189814e-05 1.967285166570654961e-05 1.728982153636949803e-05 1.609379286661210003e-05 1.479866400424518274e-05 1.341711669034378105e-05 1.055093614516049601e-05 6.898793716982103776e-06 5.422054937496273690e-06 6.471532589023766212e-06 7.378959696059534885e-06 4.814311455100825249e-06 2.736362741764057193e-06 2.412115723597887655e-06 4.604594284699028283e-06 3.197911379783805537e-06 -7.558031243492657058e-07
2.108602413681111504e-05 2.655533200776430435e-05 2.349733574591353591e-05 2.436256716207953343e-05 2.015750862791377383e-05 1.742976229376615388e-05 1.604997659352725659e-05 1.474417212068858515e-05 1.346715993547546885e-05 1.057103120537954244e-05 6.893149024161978190e-06 5.517544482739895461e-06 6.456874198879006498e-06 7.471947830971187283e-06 5.181115266102211825e-06 3.010809792966867766e-06 2.745664416059185489e-06 4.812164732091958799e-06 3.295079513750783451e-06 -8.569515173282693172e-07
2.169661031685078581e-05 2.625056263309220986e-05 2.365629219210972596e-05 2.400665338896026680e-05 2.008277281519062771e-05 1.757987945097346343e-05 1.657119479971812568e-05 1.548951417817163859e-05 1.387769047745986202e-05 1.099408596982528171e-05 7.269992125927976240e-06 5.862008153726618091e-06 6.727659040141900515e-06 7.469549941566331328e-06 4.971549244628185127e-06 3.127618013458464566e-06 2.717132788567266575e-06 4.737831199410230731e-06 3.238820811065937721e-06 -6.975783528268743384e-07
2.133582565637735893e-05 2.639493402662370242e-05 2.341547702451465487e-05 2.420739624730791525e-05 2.001758247868075166e-05 1.742955197671623859e-05 1.611643124955519678e-05 1.488414428737892502e-05 1.370622239551504959e-05 1.089554828942297634e-05 7.344751015316360284e-06 5.934430045783541819e-06 6.789611680308830106e-06 7.599286891788520984e-06 5.004678726657276215e-06 3.004278509469900471e-06 2.486931053589799368e-06 4.548977311847230677e-06 3.131351794504083324e-06 -7.810333652028371042e-07
2.151020180456938877e-05 2.691900396711808125e-05 2.351227197842844786e-05 2.424533513795861986e-05 2.017057266034414100e-05 1.770413625220461969e-05 1.617927925332488654e-05 1.472690438932606207e-05 1.329715416948509705e-05 1.035190684605200486e-05 7.009770890018338542e-06 5.481472272026076072e-06 6.424782623666673429e-06 7.399668443251594668e-06 5.071225452932104107e-06 3.143271801070288200e-06 3.039235907739581284e-06 5.108559680616340933e-06 3.469140635435403815e-06 -6.071339375986251287e-07
2.116784598464316393e-05 2.621712120366724347e-05 2.369181728204601900e-05 2.400279737211910911e-05 2.006624628965075671e-05 1.746027702875046995e-05 1.619097211822094213e-05 1.509745148087535100e-05 1.366664218479790024e-05 1.093106320624953758e-05 7.455961295801732938e-06 5.849983085875859435e-06 6.574525017905044453e-06 7.602510701921591556e-06 5.082921743906390329e-06 3.188115033709226429e-06 2.780869041327566018e-06 4.835034369600005877e-06 3.292475729321840092e-06 -5.327269095666998665e-07
2.123357988709051634e-05 2.666362212241597319e-05 2.369690737572528153e-05 2.440801892545488958e-05 2.032114715090544462e-05 1.755075468009228984e-05 1.620084409099077573e-05 1.507943180248282397e-05 1.369883498075881730e-05 1.064613188565776593e-05 7.197812551254056772e-06 5.902744062281038119e-06 6.733557275258768903e-06 7.871756178024867854e-06 5.557593504546332965e-06 3.517581875540028822e-06 2.968374966756121601e-06 4.842292034300779604e-06 3.356507227819307048e-06 -7.317928865550879579e-07
2.124284969285165645e-05 2.673608393987807162e-05 2.348870285843592136e-05 2.425189833221273077e-05 2.022991318435939738e-05 1.777908952375655539e-05 1.637074460348479754e-05 1.515434761788720279e-05 1.380523774570133438e-05 1.098373274798829927e-05 7.236141266390168399e-06 5.807921523547862765e-06 6.769196489176490956e-06 7.879086144970580546e-06 5.456627013583493081e-06 3.195960875717148104e-06 2.827912933623402558e-06 4.909528613642367441e-06 3.379786687090849694e-06 -5.225919291725835246e-07
2.096122159991697272e-05 2.657974812614482242e-05 2.347640106159636515e-05 2.413445314825279084e-05 1.998713126298362012e-05 1.754666362916413143e-05 1.613239451911385736e-05 1.503783798086612800e-05 1.379914774062550896e-05 1.102430641772683425e-05 7.472968343823536576e-06 5.890885580121403113e-06 6.842729231341084484e-06 7.845148975425046171e-06 5.310368312605830412e-06 3.212528657571379025e-06 2.842828743630429145e-06 4.862509853348418201e-06 3.246618957853818547e-06 -7.653724336548436747e-07
2.095377278445657827e-05 2.664052025165131499e-05 2.352396045103529777e-05 2.423534853615588684e-05 2.022087246271989761e-05 1.751973710383734773e-05 1.618064227044629060e-05 1.497005940334637829e-05 1.371526392115440107e-05 1.075704217968324250e-05 7.317092907028724158e-06 5.758962953395341635e-06 6.615455438535079972e-06 7.672575378063276188e-06 5.201886514301804730e-06 3.061436081121828267e-06 2.749404428422580355e-06 4.819829999667679733e-06 3.317426543613514891e-06 -8.533173846051374970e-07
2.136021754078499261e-05 2.647082075245375533e-05 2.349211756321964179e-05 2.426384707748790716e-05 2.008242715858809819e-05 1.740041093042562890e-05 1.610457398430619098e-05 1.505555606388610814e-05 1.362437802353499613e-05 1.082402845538356747e-05 7.201655898107221577e-06 5.527941216418310242e-06 6.446272147947106804e-06 7.552516282955553631e-06 4.950691903299770727e-06 2.920941705147764308e-06 2.790615034931249750e-06 4.696255834435550187e-06 3.223271465259053013e-06 -8.999102150073339837e-07
2.119103645465311275e-05 2.668998421559710854e-05 2.342561912871497432e-05 2.401143058001949928e-05 1.994667857373101067e-05 1.745299326865206899e-05 1.620634288794671474e-05 1.495501803865820513e-05 1.363946724251918714e-05 1.073054279081356626e-05 7.072778424596168836e-06 5.745983513056242495e-06 6.612708330997237891e-06 7.579557911310439828e-06 5.061802900417974662e-06 3.107200466977743975e-06 2.892347333456218611e-06 4.698376740262376603e-06 3.302197996270006415e-06 -6.527039369700356825e-07
2.132072693040288860e-05 2.640930445964739142e-05 2.365592791307121926e-05 2.406822775784667805e-05 1.979012118231383632e-05 1.717952559270392429e-05 1.578521812795435401e-05 1.470609255171797423e-05 1.327206650149186174e-05 1.056120851195340488e-05 7.180551656744770962e-06 5.668604834327298391e-06 6.505932963800764698e-06 7.528036293044258328e-06 4.949996853717064589e-06 3.117633993393391724e-06 2.913524878002874796e-06 4.981025132678706687e-06 3.420612691538356668e-06 -7.038481772886812137e-07
2.116788274645475600e-05 2.657601137913747095e-05 2.368901187716055710e-05 2.435344595263105679e-05 2.001541045257548948e-05 1.757528694565629602e-05 1.617994454428850587e-05 1.517130431805105714e-05 1.380479092580763952e-05 1.077892895689049574e-05 7.257716531845185487e-06 5.769292272442960006e-06 6.504578612734625187e-06 7.717153645918525785e-06 5.142195223190962530e-06 2.952631510754401915e-06 2.795113065927500224e-06 4.927205442367233745e-06 3.276759434531478584e-06 -9.294521785063882853e-07
2.085492831955415598e-05 2.662784591185013354e-05 2.359944130171159952e-05 2.419504723105724876e-05 2.026155189976401971e-05 1.762171921703414382e-05 1.636839409686798646e-05 1.500600909890118943e-05 1.382374890845884395e-05 1.095112163590739324e-05 7.215267878065476415e-06 5.725538944068781924e-06 6.488038162941522560e-06 7.500840875646571988e-06 5.096976419949087478e-06 3.183610584741494083e-06 2.752364838000235724e-06 4.953148459179947684e-06 3.587129104437999089e-06 -4.592144965062396678e-07
2.135611408756567183e-05 2.656750262243833080e-05 2.336362442734817629e-05 2.400770890066499224e-05 1.997062171460483706e-05 1.724308195573516785e-05 1.586509290970284459e-05 1.481208304028579857e-05 1.360137619211668551e-05 1.064306093359810548e-05 7.229934564999196098e-06 5.725784689837008451e-06 6.645893418393448312e-06 7.511181462724158178e-06 5.237959549227531034e-06 3.169813403902751770e-06 2.957959156429215266e-06 4.817448493492609237e-06 3.122362425688020217e-06 -9.567788836256194280e-07
2.139742973520195751e-05 2.663317918065882274e-05 2.391601701082494475e-05 2.425104775337820221e-05 2.004348691980930707e-05 1.766697204258787349e-05 1.643255558167715173e-05 1.513330930974012914e-05 1.372836987358795099e-05 1.068482803100888485e-05 7.243082657996825888e-06 5.923689173157659233e-06 6.780828810070193252e-06 7.678282941391527942e-06 5.126543094046323179e-06 3.103436428805993157e-06 2.711686312874014460e-06 4.843772663860247238e-06 3.274533805380284196e-06 -7.086078071132821098e-07
2.136027589979578936e-05 2.662311542117727387e-05 2.371613068196050026e-05 2.433003890403863707e-05 2.031226070611973560e-05 1.771553285455590180e-05 1.631872377172789276e-05 1.519363199286492366e-05 1.381023273714618179e-05 1.090634493644750152e-05 7.339959244670670516e-06 5.740579996480305376e-06 6.628049011391790770e-06 7.520538958584645335e-06 5.045240926514730920e-06 3.020951631484280866e-06 2.917515022077710280e-06 4.994495167630043581e-06 3.495915444692408747e-06 -7.677260789326953151e-07
2.115528213977712417e-05 2.616682224184211806e-05 2.361990103768779928e-05 2.371167821871576729e-05 1.964171028072938128e-05 1.716934323230227493e-05 1.602914193599321024e-05 1.480874705127884905e-05 1.353665503820167609e-05 1.063550246465386085e-05 7.014655222232432121e-06 5.521402431964058397e-06 6.459961399000344143e-06 7.707226750966013473e-06 5.234837134434566517e-06 3.169244073851098044e-06 2.805908393582692974e-06 4.745627304355587693e-06 3.412750708112405174e-06 -6.045719509975373607e-07
2.121529724301485890e-05 2.646188863185460014e-05 2.352606177988053257e-05 2.401196076252980343e-05 2.007324789827055444e-05 1.727741262704644040e-05 1.595209064462213094e-05 1.497923478234009458e-05 1.385265606470873981e-05 1.106517095658402630e-05 7.486285784816744640e-06 5.914174148163052873e-06 6.706378783889352912e-06 7.586022379697807610e-06 5.052395483252585997e-06 3.161301385140797588e-06 2.872664357563790872e-06 4.868638776535835067e-06 3.322787423007436512e-06 -8.260803945632083492e-07
2.100409512638747066e-05 2.633425328000153773e-05 2.349494114884628746e-05 2.405716438204104002e-05 2.011147918940927050e-05 1.753543999553466688e-05 1.611004930291024472e-05 1.500540064839269481e-05 1.363719015465603901e-05 1.057662440170643436e-05 6.915944163372112944e-06 5.528160457196416658e-06 6.550546175240514692e-06 7.634366648215940303e-06 5.028553579716519436e-06 3.006202714375828953e-06 2.726433728716501160e-06 4.935085128475319133e-06 3.388338867672447477e-06 -5.458696733348108774e-07
2.091749898045778928e-05 2.625117351606235473e-05 2.349719380014678706e-05 2.404301119505907724e-05 2.003489659912080243e-05 1.743897883149664527e-05 1.628315647685656746e-05 1.504971529616502117e-05 1.392591964736394947e-05 1.107844817229649492e-05 7.347955174926017093e-06 5.885050362130973239e-06 6.790729218540757642e-06 7.898188440773311889e-06 5.550456461574073171e-06 3.303676785343451727e-06 2.679352226359362458e-06 4.819564432195126879e-06 3.371796381671517508e-06 -8.907947610520772368e-07
2.102320415291481038e-05 2.665632056399752721e-05 2.392614819663835225e-05 2.436081291552141413e-05 2.027180464925403266e-05 1.738560192662080446e-05 1.588645999940829838e-05 1.496703643593588008e-05 1.374354774512283214e-05 1.078127810482141422e-05 7.132501776992746741e-06 5.667159417300832421e-06 6.569813922684670784e-06 7.661848369228342799e-06 5.323886752541479555e-06 3.295458384368374904e-06 3.030303560236913229e-06 4.990700530826113290e-06 3.484966403513759661e-06 -5.673039014455805375e-07
2.135883962022273123e-05 2.647741168492175268e-05 2.361371858818866711e-05 2.405935166936675458e-05 1.997305636535369919e-05 1.743195431973108104e-05 1.602843653875006368e-05 1.486163871114522937e-05 1.350863861322740540e-05 1.066716764447140778e-05 7.052753336376334804e-06 5.621704083905997017e-06 6.498433815909212642e-06 7.676955424245324901e-06 5.195662582896131292e-06 3.113794229802845647e-06 2.915363613648394514e-06 4.962557661350008600e-06 3.404935868596032827e-06 -7.454480613903551887e-07
2.149200827571424768e-05 2.648007839309346652e-05 2.366580343896285585e-05 2.418799153752518544e-05 2.012417205920372321e-05 1.758585206124458087e-05 1.624460674981208108e-05 1.525441014624696195e-05 1.382615195910322174e-05 1.076690683710283267e-05 7.236923622249416942e-06 5.672679341891877667e-06 6.733267052011632192e-06 7.780515986140843423e-06 5.064969453681802910e-06 2.886659385105131805e-06 2.650106740275447211e-06 4.695091823051613779e-06 3.181356263698097024e-06 -9.099931226393965915e-07
2.146235757408276884e-05 2.683206799025986236e-05 2.382082967676309233e-05 2.421119743346037751e-05 1.994424693888077556e-05 1.735707864958253692e-05 1.596979131495097619e-05 1.515208252546462995e-05 1.383715742621750174e-05 1.073121137011428868e-05 7.255189425450326420e-06 5.759753923859209190e-06 6.795401252299198372e-06 7.660604070682731128e-06 4.981534723730295223e-06 2.950031892116179662e-06 2.765080066483445228e-06 4.770275584042260418e-06 3.377818752539326551e-06 -5.909491111077185419e-07
2.104156046956289142e-05 2.672343787220678358e-05 2.352802373674247309e-05 2.399648264560741513e-05 2.006169989688084837e-05 1.749371854271061875e-05 1.601391089315207515e-05 1.499990715809488386e-05 1.375516904580962403e-05 1.094071732278166071e-05 7.318251469384320782e-06 5.751255396019771316e-06 6.627329106929287866e-06 7.574925160150359247e-06 5.020070774764462992e-06 3.089314195029072014e-06 2.807873195810111739e-06 4.871262987083246340e-06 3.350931352065886654e-06 -7.012627594064744587e-07
2.166818371663560010e-05 2.683581216491335845e-05 2.402839092724921827e-05 2.430891502636546377e-05 2.022740662533913789e-05 1.755388205546848333e-05 1.626603523106880808e-05 1.503774445057580720e-05 1.379640541169792888e-05 1.101369467383954915e-05 7.162811799591570750e-06 5.449388509598945897e-06 6.465736954001480397e-06 7.649320440821708570e-06 5.269997659286295044e-06 3.201357023718975140e-06 2.930416894449951962e-06 4.853454021348007895e-06 3.293591941663978110e-06 -7.980163734220640439e-07
2.148876362751850642e-05 2.669321591777485019e-05 2.359622125735331592e-05 2.420119265280099721e-05 2.004309871403314418e-05 1.731744339224174263e-05 1.602049350866099564e-05 1.497671137546652582e-05 1.364052847939611217e-05 1.065103564289435549e-05 7.016917760551640103e-06 5.750664319074874016e-06 6.601951109129843434e-06 7.557564772350353974e-06 4.986298012897755825e-06 2.977553025481261508e-06 2.679500134715295807e-06 4.705775572443645173e-06 3.159985274770293851e-06 -7.586453059777808962e-07
2.111472698173427336e-05 2.626457491075800884e-05 2.357702027653684273e-05 2.392520721630177750e-05 2.007644180657280772e-05 1.728594169689871764e-05 1.597122792141861939e-05 1.479748633652421490e-05 1.342123999767408540e-05 1.053681371998381857e-05 7.107714142514626296e-06 5.762337840924627856e-06 6.556669303640699507e-06 7.476156769970019461e-06 4.903978945566158663e-06 2.877389333033848206e-06 2.580415326578483487e-06 4.585028712194671156e-06 3.111973961960595827e-06 -8.480510489813125148e-07
2.113165034405027471e-05 2.649632781959390744e-05 2.335381381766124851e-05 2.402111338665620016e-05 1.977289249231494581e-05 1.721347726312795007e-05 1.607418971284925655e-05 1.504408680411392728e-05 1.369710849584357675e-05 1.085535876082164883e-05 7.240470692703866120e-06 5.875110480152675768e-06 6.715671198895821039e-06 7.614988343148792033e-06 5.025596009193671573e-06 2.997350002514564882e-06 2.680541484499086771e-06 4.588850097727311558e-06 3.280226887091982030e-06 -7.661537286642397817e-07
2.105069062131975543e-05 2.640265002120976975e-05 2.346398031263337216e-05 2.415887585802567816e-05 2.014048491620712035e-05 1.744735221746681914e-05 1.600410272402668402e-05 1.485628043774715976e-05 1.337677175640756008e-05 1.059430155702979012e-05 7.167315884765104100e-06 5.809287504254631656e-06 6.655169287699120994e-06 7.635167692953675542e-06 5.125995603898417314e-06 3.009940901031641979e-06 2.870064524869520731e-06 4.889407782062303297e-06 3.324916397935250797e-06 -7.757203277818969430e-07
2.159265442760655682e-05 2.698351832687776231e-05 2.359319917679329303e-05 2.415425565552490366e-05 2.006934348563474483e-05 1.755304215391514396e-05 1.613487968686254349e-05 1.492374019230326241e-05 1.347664311259480387e-05 1.068264987546705628e-05 7.229011674649710212e-06 5.769085570262691515e-06 6.314703173093810852e-06 7.365002029079840745e-06 5.005054908262643804e-06 3.102925261522724804e-06 2.821319880361232978e-06 5.031172657224485353e-06 3.283078346711793943e-06 -7.048107962155154617e-07
2.161222900896890545e-05 2.668870562206577827e-05 2.340688506846067912e-05 2.412547140482040531e-05 2.008101060009336676e-05 1.726832270959546037e-05 1.598269355572983906e-05 1.490253021723803560e-05 1.357878512705461018e-05 1.071396508645957214e-05 7.128273989077186289e-06 5.748304962262755215e-06 6.681584641633970478e-06 7.613807520010740397e-06 5.151254741181205929e-06 3.038427968511093981e-06 2.756334243398578551e-06 4.747652636727980784e-06 3.498961873843834502e-06 -4.887653900271186149e-07
2.158333201276941611e-05 2.674344342989147034e-05 2.378134939167809707e-05 2.394310781262573405e-05 1.993505807482522026e-05 1.751244065997882750e-05 1.606713322963884921e-05 1.488909088920316908e-05 1.331627274440531554e-05 1.046420898735793685e-05 7.227851577048141828e-06 5.912131105688296616e-06 6.751558954253068720e-06 7.792997874000382315e-06 5.301360589762825853e-06 3.400184493667118534e-06 2.996111183837746934e-06 4.889204905331265299e-06 3.410355280433203967e-06 -4.996623704202064111e-07
2.114719549634058466e-05 2.657198044493520365e-05 2.362696185917314448e-05 2.410399300222336913e-05 2.007970070881310486e-05 1.787989202758863167e-05 1.643717076224189352e-05 1.526075266511709065e-05 1.378524114784334669e-05 1.087278286724552955e-05 7.526768280362829746e-06 6.013062188553944858e-06 6.807494556928464778e-06 7.866815536411215262e-06 5.381718090974360473e-06 3.216579570003211575e-06 2.720063305630463342e-06 4.768479541015271544e-06 3.323327704682294069e-06 -6.015198057215287469e-07
2.087576614492930705e-05 2.634477750357689209e-05 2.355346231688132760e-05 2.391474594741325958e-05 2.002474296566907281e-05 1.722429043460146138e-05 1.585885654864204190e-05 1.476367187651042866e-05 1.333228927208957402e-05 1.048213013731442661e-05 7.053542446987216392e-06 5.580700775177965589e-06 6.522898415084453120e-06 7.438224612997367866e-06 4.712974397690413807e-06 2.877684411399683809e-06 2.675647017628757678e-06 4.619651620888588646e-06 3.129959214609051164e-06 -7.536275955127519408e-07
2.121651305205799929e-05 2.654993447120121089e-05 2.368964516069256259e-05 2.402181067815660210e-05 1.975479115111214624e-05 1.720860593014721855e-05 1.608223702380137966e-05 1.522083682889018102e-05 1.377609795126685179e-05 1.072215531847665036e-05 7.099232094601596994e-06 5.845278129589369267e-06 6.761254018343965496e-06 7.703657617805527831e-06 5.142797375647336063e-06 3.040850484409890179e-06 2.694701778104638321e-06 4.827245612870321266e-06 3.285195751685161829e-06 -7.260230695238098873e-07
2.152800909730864169e-05 2.659837971798715778e-05 2.358492348239261372e-05 2.396063551767539163e-05 2.003441033934038560e-05 1.751291943698607452e-05 1.627387407951911329e-05 1.524738627162077666e-05 1.375438075912417350e-05 1.081708316230174687e-05 7.245403244507280862e-06 5.622103932477709853e-06 6.733249959066595247e-06 7.798980031670182082e-06 5.389765391085823043e-06 3.291392123595588529e-06 2.843893919114271162e-06 4.906110995857499408e-06 3.448888746021308562e-06 -7.106712311816459664e-07
2.141112694519469782e-05 2.655854958243445462e-05 2.421198922609813650e-05 2.414956259577470728e-05 2.006719634823807958e-05 1.732952583023283723e-05 1.593396965049770052e-05 1.491066435660621143e-05 1.368864265019292872e-05 1.067454476298227234e-05 7.195291302053144921e-06 5.664262668779659757e-06 6.512221806334823439e-06 7.654963492294030228e-06 5.173420029663224268e-06 3.211081423069646548e-06 2.837395017375217979e-06 4.881644766875693955e-06 3.252945961780973253e-06 -7.045667563351866075e-07
2.114289254728595643e-05 2.664404603544904732e-05 2.393277780215844551e-05 2.433074697442692597e-05 2.038486148201221177e-05 1.751111798170523523e-05 1.621450118970732451e-05 1.516722008256467962e-05 1.378433196864659469e-05 1.079127729964259249e-05 7.222525454054019628e-06 5.763347265875107199e-06 6.550110855853981441e-06 7.628913335864528108e-06 5.264504393113805129e-06 3.289143217054231232e-06 2.737927444417153243e-06 4.848740361964989940e-06 3.504898756667455013e-06 -5.716093874829373380e-07
2.121444042950563434e-05 2.636153462654258810e-05 2.361386202991266062e-05 2.403292714139515103e-05 2.005475690159277152e-05 1.749570155475911132e-05 1.623328163793619021e-05 1.516235061439617391e-05 1.360215197706379147e-05 1.074886326050926060e-05 7.069069637048977645e-06 5.593008205262846685e-06 6.433404178995248266e-06 7.349214241685415853e-06 4.877147428262979121e-06 3.097930450959549143e-06 2.880434861228973040e-06 4.867345176149449166e-06 3.243881213102775497e-06 -8.543519961826039565e-07
2.093037989982039079e-05 2.600511907915382766e-05 2.340059457927348065e-05 2.372104191103375476e-05 1.982847520092666740e-05 1.727776993184799715e-05 1.609430474477841530e-05 1.497297101582468572e-05 1.360374271249871586e-05 1.065604325060770135e-05 7.067858004842654038e-06 5.614962350926042945e-06 6.522527426241662716e-06 7.465230048827300316e-06 4.855827110236099036e-06 2.935135742362917959e-06 2.634288451299837863e-06 4.674812778024594543e-06 3.163899419824573880e-06 -8.649709535405439866e-07
2.165505483529186061e-05 2.659729637207075461e-05 2.382487075087900456e-05 2.424657543245739853e-05 2.018781484674355510e-05 1.762428054336791407e-05 1.624062935820304817e-05 1.515527969492444902e-05 1.387491622038772244e-05 1.078722815547803616e-05 7.385623209856028308e-06 5.814866749768031443e-06 6.593600044230116421e-06 7.752333896714088174e-06 5.264777289396789266e-06 3.065747206495829863e-06 2.674984749810858139e-06 4.586185302399309614e-06 3.164916577988018052e-06 -7.016154687510839964e-07
2.128666008627392886e-05 2.666858312290295015e-05 2.373923323012666967e-05 2.409058882233369340e-05 2.010901608593839465e-05 1.752897895218550201e-05 1.600993848572639298e-05 1.491403470796286096e-05 1.365988979441904446e-05 1.071548641794346882e-05 7.126518034932862227e-06 5.543722339430899002e-06 6.488780659664893614e-06 7.345006101717675752e-06 4.800508069595938051e-06 2.999381529102283724e-06 2.684782884501652156e-06 4.708521195247065765e-06 3.257583586837242003e-06 -6.939678460681366881e-07
2.125404804208191287e-05 2.658676021643555771e-05 2.388378435163132798e-05 2.426224463326898039e-05 2.036430343482040854e-05 1.756060690146804033e-05 1.602876092583655450e-05 1.492300521376638890e-05 1.356553415555613249e-05 1.059850896287281954e-05 7.059849691345205407e-06 5.535666055178618496e-06 6.481869322861925515e-06 7.439363710054560936e-06 4.947873676047035212e-06 2.664904795208037880e-06 2.338425294676143611e-06 4.458612539219242439e-06 3.065560840895361854e-06 -8.448179421435966647e-07
2.109948961187916246e-05 2.612889961485843858e-05 2.352245530518267839e-05 2.385200392490235597e-05 2.016700918363827083e-05 1.745759248092396745e-05 1.642001710330928668e-05 1.511156626959186069e-05 1.362501329481942067e-05 1.096031912952026643e-05 7.295202524436566175e-06 5.672731068372428063e-06 6.556407585335260205e-06 7.657502674502962358e-06 5.081568511976203347e-06 2.826028528898273638e-06 2.572944318007444999e-06 4.564864295747429374e-06 3.039171222168191582e-06 -8.952954708971345310e-07
2.169267978261811677e-05 2.680752563287866307e-05 2.381541572319392845e-05 2.452469176368951096e-05 2.025482407172264382e-05 1.751151635808150173e-05 1.598289403762139456e-05 1.486380482372747183e-05 1.354677204297969573e-05 1.060135322439623226e-05 7.378769151683884225e-06 5.952139457396138280e-06 6.832928013875354466e-06 7.617748336777358488e-06 5.214325582471938847e-06 3.198761118173228789e-06 2.828225401272233432e-06 4.744577240745812390e-06 3.077077472619727167e-06 -8.202398608531023220e-07
2.128354932284467777e-05 2.659397958469394391e-05 2.348550838214184073e-05 2.426607612747566571e-05 2.031277401325661986e-05 1.766122476492802966e-05 1.624333908315898849e-05 1.509891281364898328e-05 1.357841842547932463e-05 1.071169702366536659e-05 7.200474776868422126e-06 5.801767248356737105e-06 6.641740122339380625e-06 7.479068642833646927e-06 5.052684722014408223e-06 3.123950478832326554e-06 2.802905167044406643e-06 4.888978547866853847e-06 3.283663923731704012e-06 -9.060281843968608208e-07
2.130512073697964209e-05 2.688313270041035251e-05 2.369732008095947582e-05 2.402572598634741165e-05 2.017659390267119080e-05 1.748058730480773112e-05 1.628237429960158165e-05 1.522519191686442872e-05 1.365460939722888671e-05 1.084040046444937003e-05 7.280107970860007673e-06 5.881405774286282853e-06 6.818565328177957218e-06 8.036973635292917181e-06 5.568169864620905915e-06 3.404506408178790580e-06 2.953436608872732972e-06 5.090753029360635504e-06 3.680180401580607510e-06 -4.497704523864146126e-07
2.086900541227204004e-05 2.632822727038853974e-05 2.363161593671708394e-05 2.411633442497221273e-05 2.000179289077253631e-05 1.774547879577014525e-05 1.630809446124311190e-05 1.524323851393752599e-05 1.393704145375998597e-05 1.085485775867533631e-05 7.331134203613725850e-06 5.854359849259541644e-06 6.430781318330660176e-06 7.442045464081332767e-06 4.870023552001497398e-06 2.878525516187912851e-06 2.657509909460810294e-06 4.592554710945150821e-06 3.106461529035962398e-06 -9.503414770801354936e-07
2.135945171611805266e-05 2.684003937632300691e-05 2.385072335622669714e-05 2.434590718016967374e-05 2.017435279147615436e-05 1.779401982895154299e-05 1.635879491340946128e-05 1.511572901679123315e-05 1.368361406044795287e-05 1.066956992636826944e-05 7.078505285639099570e-06 5.829508154732664422e-06 6.705838597547654617e-06 7.645462474424220291e-06 5.277214122650643529e-06 3.156225941543665060e-06 2.589079875542554107e-06 4.418309998784095609e-06 2.892954379844045333e-06 -9.282429217111388065e-07
2.116484371537139480e-05 2.643030797140061549e-05 2.342791831092634605e-05 2.399081867456766761e-05 1.993572114119133279e-05 1.758905859751815157e-05 1.613187497539084222e-05 1.505859253053897291e-05 1.341386329294158708e-05 1.072331064994919389e-05 7.230908136593340184e-06 5.716765145507621904e-06 6.582561098518132174e-06 7.408824832693312968e-06 4.826392929681260280e-06 2.901922419105281346e-06 2.734278548608163645e-06 4.797794087467315997e-06 3.182307778928379509e-06 -8.828819200357341017e-07
2.119532375280751795e-05 2.641332867926177169e-05 2.315516084576929817e-05 2.384840252201024641e-05 1.940633618465821320e-05 1.719091311122583491e-05 1.578229333093234422e-05 1.443132161093463018e-05 1.322053561231677412e-05 1.067133812828186211e-05 7.284981683691530688e-06 5.727900739123117158e-06 6.799538908954147861e-06 7.751071623443511825e-06 5.279805081352841684e-06 3.141424101460910201e-06 2.710728163812177046e-06 4.413784239595764957e-06 2.790898061122681596e-06 -9.777513120128244742e-07
2.158474475589180629e-05 2.640492244751906520e-05 2.365488019996487656e-05 2.440900922518426217e-05 2.045644292136449742e-05 1.773542746865514416e-05 1.637219284380595535e-05 1.510510883900879474e-05 1.374407095105023373e-05 1.072839764066284010e-05 7.399609291781987791e-06 6.115957719643103854e-06 7.021603980159342429e-06 7.903710103048364034e-06 5.374855280338734801e-06 3.473191548736646228e-06 3.294349436950217363e-06 5.034134889712570319e-06 3.435301941820335432e-06 -8.012436273820364445e-07
2.147717561392175514e-05 2.647254239540082358e-05 2.376827636917611686e-05 2.416470796843055803e-05 1.970404300452605349e-05 1.728676188557527591e-05 1.607258060610796221e-05 1.497733951096926077e-05 1.348043315149567882e-05 1.058815066281972172e-05 7.091443627959788656e-06 5.696454904109959600e-06 6.664476105318309400e-06 7.694502673751538917e-06 5.092918261629762264e-06 2.949618453563805053e-06 2.566147901300714373e-06 4.744720895699546468e-06 3.282898600211186012e-06 -7.092120719221480185e-07
2.170449804152342854e-05 2.635074082647833184e-05 2.373838043727449594e-05 2.414439429153431279e-05 2.003196383560002799e-05 1.729188448759979730e-05 1.600182911958269102e-05 1.505879961923281222e-05 1.377836567227694935e-05 1.075580919061063885e-05 7.155116923972315034e-06 5.619753084638186416e-06 6.620660185121444066e-06 7.881270017196471210e-06 5.277625875342213205e-06 3.026194868250548903e-06 2.823050505238427965e-06 4.883058117109208273e-06 3.320445977025557342e-06 -7.217291671835400098e-07
2.107737165915124091e-05 2.659996522680324656e-05 2.352105673291106711e-05 2.417518546270039142e-05 2.031968555268434643e-05 1.752183164427206414e-05 1.627787939612378862e-05 1.521684520628495334e-05 1.396958147877560095e-05 1.110160498673117729e-05 7.358339814991547918e-06 5.723166917365896907e-06 6.492333107719962338e-06 7.666757024320402893e-06 5.043329067280434127e-06 2.803857590032889927e-06 2.655286371321833153e-06 4.711911873743883733e-06 3.129274472617994376e-06 -7.125070165557497457e-07
2.096465414541803722e-05 2.647523554426192417e-05 2.357192763253828676e-05 2.420365853915444003e-05 2.000385221052683257e-05 1.750318045168177333e-05 1.614397864019542273e-05 1.483054186775708405e-05 1.364691676682495481e-05 1.063516044814956054e-05 6.914159376888667827e-06 5.451386197529808760e-06 6.346476417821564819e-06 7.410466561037334422e-06 5.021249722640754211e-06 2.927887906953368533e-06 2.457218197286491742e-06 4.648644094153344220e-06 3.183427140808706050e-06 -7.690958091736641101e-07
2.113611037895508991e-05 2.635892324857808369e-05 2.363086185567461219e-05 2.424413677055435836e-05 2.034479726002155807e-05 1.778185131330180615e-05 1.648216541076215688e-05 1.519164494106691881e-05 1.385752434094966336e-05 1.068731344203870474e-05 7.046749679511998508e-06 5.564775778771254496e-06 6.711049884326621728e-06 7.937965967605287160e-06 5.488681206817156691e-06 3.267607737732956527e-06 3.015405006473505092e-06 4.766162907521514388e-06 3.208041105678254390e-06 -7.503444037958091243e-07
2.149420097290565324e-05 2.633109609809203459e-05 2.342273886768562899e-05 2.374053905609899292e-05 1.982795426149797124e-05 1.754027991310032924e-05 1.628074519100803830e-05 1.513632840609971034e-05 1.369271214544592611e-05 1.087092561289142903e-05 7.265157381362042849e-06 5.680445778519828042e-06 6.509670865574040361e-06 7.550653622355669222e-06 5.104269503180421832e-06 2.975920616550636207e-06 2.783249944131359352e-06 4.840786723750675011e-06 3.221328344529284931e-06 -8.840716432973929292e-07
2.149647087791176835e-05 2.688195458204957098e-05 2.374791901953996460e-05 2.423811812502545468e-05 2.015510740574243456e-05 1.750983500177640974e-05 1.600196028187017355e-05 1.476546958621359791e-05 1.353520160966740334e-05 1.078341331226454191e-05 7.208636977463394455e-06 5.676938739421504601e-06 6.421448622377606046e-06 7.721614072310984880e-06 5.341693796691695551e-06 3.367061966830057362e-06 3.099904756701908733e-06 4.993578624253668047e-06 3.413142424625647050e-06 -7.739551764000398445e-07
2.171140726447276241e-05 2.634569299348557298e-05 2.355141847962422617e-05 2.427426423101981400e-05 2.003961308398155753e-05 1.771954385073253607e-05 1.621835271108429725e-05 1.487175206458812656e-05 1.355354128073293311e-05 1.083256010767818844e-05 7.318926778098239593e-06 5.801707847460735162e-06 6.836152524854777393e-06 7.830731942733610450e-06 5.548134797285369842e-06 3.358194340538765150e-06 2.995887866251579171e-06 4.956847445022326699e-06 3.357473518763258329e-06 -6.369571886865254160e-07
2.106687379561356078e-05 2.638433967582866672e-05 2.366505686243777396e-05 2.412581038104162295e-05 1.999519906654526497e-05 1.750967927348657800e-05 1.627576858161254410e-05 1.513721519426213335e-05 1.373442614073756295e-05 1.090538653377479372e-05 7.212702670008075761e-06 5.692232878486294686e-06 6.797810366823652369e-06 7.662888172264356246e-06 5.042248161218301867e-06 3.092525517570113904e-06 2.827932554916044737e-06 4.964319988486107268e-06 3.463404604038774550e-06 -6.170754084847587914e-07
2.156382301059294799e-05 2.675172530204010586e-05 2.358588095581869910e-05 2.427518924422276083e-05 2.026508529292407712e-05 1.753638849782245674e-05 1.608948409198502548e-05 1.502744218195455522e-05 1.376497830109807570e-05 1.096675729339293833e-05 7.431489772155226916e-06 5.994283869430262427e-06 6.856498725723090693e-06 7.811409701045098376e-06 5.319039242208847056e-06 3.240401840933626644e-06 2.784496990876399228e-06 4.740695915963520192e-06 3.106577758639286294e-06 -9.313401411846226982e-07
2.119736547455597763e-05 2.636537869273798107e-05 2.349362894016717232e-05 2.396172023463565077e-05 1.981030144986071459e-05 1.733975463093587606e-05 1.590689298026441283e-05 1.501042803207059632e-05 1.379345580569416619e-05 1.089839928031824685e-05 7.191173257768671118e-06 5.615825572090053677e-06 6.627789501410496963e-06 7.636477631512973664e-06 4.997657954419033309e-06 3.056364944857394245e-06 2.790226671432342410e-06 4.836017035163073337e-06 3.359978770941598968e-06 -7.257807022306574312e-07
2.143217990668371158e-05 2.683555773066163518e-05 2.366559044969547548e-05 2.446408304640682296e-05 2.038379710582050172e-05 1.783449376151065394e-05 1.631715547606155651e-05 1.529079621173067276e-05 1.371204308697964779e-05 1.064830797166205322e-05 7.166490085147262020e-06 5.699321503801244440e-06 6.661754699013569043e-06 7.731900189216445063e-06 5.073361973862947438e-06 3.023043698415449349e-06 2.842041994718653812e-06 4.891462892866911278e-06 3.161671671927898747e-06 -8.117905615111267478e-07
2.097784181076910504e-05 2.619841816418149629e-05 2.313784406526782320e-05 2.360174187692211096e-05 1.964490239984378761e-05 1.726429760987546714e-05 1.608171840939638504e-05 1.488484108815211034e-05 1.372006964004052388e-05 1.090700247474390775e-05 7.365929616217519681e-06 5.935391363128449231e-06 6.843495656721458739e-06 7.504105190174611026e-06 5.075852279825750584e-06 3.121313692555368787e-06 3.037103932370803893e-06 4.839089649617501424e-06 3.103395482110054705e-06 -1.069469613679241100e-06
2.126910005075670045e-05 2.677429184551837526e-05 2.365739565957416583e-05 2.423133815428811202e-05 1.995598293806717370e-05 1.753348025629600105e-05 1.637927169280816456e-05 1.510200687765328672e-05 1.382517738965249429e-05 1.103740436111835975e-05 7.497972704475064484e-06 6.001494601123401956e-06 7.035230801219979777e-06 7.876798053016723973e-06 5.019783927723253931e-06 2.902063251877747548e-06 2.605157332657062806e-06 4.952518384021021876e-06 3.283533424075272537e-06 -7.291541316458887655e-07
2.112435484700231318e-05 2.609051716850454357e-05 2.336768799996136555e-05 2.396994322752303103e-05 1.992032664429885120e-05 1.737806871426907898e-05 1.606058005552734173e-05 1.500075961256762054e-05 1.368587952525462050e-05 1.080369994040741162e-05 7.137249629298774322e-06 5.519637403611477215e-06 6.391497477661588402e-06 7.368082799856018049e-06 4.962766775861902204e-06 2.968652603813207285e-06 2.759406001052559092e-06 4.853998692195800502e-06 3.431120522410272024e-06 -5.934726139070066739e-07
2.118992896963759021e-05 2.687308226746740674e-05 2.409012963323966394e-05 2.436800089645960448e-05 2.042243068065887287e-05 1.746749304591773661e-05 1.599277617156955730e-05 1.486757064414325147e-05 1.363009728637799762e-05 1.039669123515091204e-05 6.875875155111876402e-06 5.526958538495444742e-06 6.524222877579792377e-06 7.389414603780343145e-06 4.856001215247620374e-06 3.059373855148437878e-06 2.747465942355808334e-06 4.953202806175644647e-06 3.405414173133701711e-06 -9.881988518829338918e-07
2.114820319598964118e-05 2.663644112044882383e-05 2.318669161243528846e-05 2.398274609876203497e-05 1.989992703255035760e-05 1.716384682686935748e-05 1.578836095568901920e-05 1.455643159364284107e-05 1.344200191541901499e-05 1.059690755734136817e-05 7.128413462411507382e-06 5.683724141751636400e-06 6.603743889417366429e-06 7.728548038790195951e-06 5.118350284841386263e-06 2.898335405892506182e-06 2.570754172028049715e-06 4.650421880788054194e-06 3.117574536849213183e-06 -8.983198027239575607e-07
2.126722511771878603e-05 2.670014012072679770e-05 2.374223194526947636e-05 2.403956036230411975e-05 2.002428780384235286e-05 1.737441188825075729e-05 1.624827242504887990e-05 1.507400148087797959e-05 1.379700159040303124e-05 1.098714742273652785e-05 7.272036115253739555e-06 5.667873695105051097e-06 6.676322871739345826e-06 7.788898043636862764e-06 5.281688726748185631e-06 3.125277121250016468e-06 2.851200400721131329e-06 4.990848092105265973e-06 3.451312783340878447e-06 -6.683839390348569958e-07
2.099297545101731801e-05 2.636847208743732746e-05 2.341923660454150517e-05 2.420965727597643139e-05 2.002833645013580313e-05 1.730087430251260399e-05 1.583332500666410767e-05 1.482459566911575867e-05 1.381343643729370920e-05 1.099513201483002565e-05 7.604109765680537104e-06 5.899774688825919288e-06 6.506819730625631559e-06 7.363718078586416203e-06 4.894620479071141418e-06 2.834029312390518101e-06 2.882124256370262039e-06 4.973645338976559578e-06 3.370306002375290346e-06 -7.529040242056001064e-07
2.094786905468874492e-05 2.625906910320204289e-05 2.356968102806712825e-05 2.395536835902376468e-05 1.981291841048134526e-05 1.732969723596093907e-05 1.616378158402784223e-05 1.499443374114858764e-05 1.381140761599366939e-05 1.099361741450756749e-05 7.220992938412874762e-06 5.584633874780953072e-06 6.654396939897845809e-06 7.573708492747701291e-06 5.053036563578581434e-06 3.017172352845407669e-06 2.702060007963631495e-06 4.713839123269702296e-06 3.257226441517966164e-06 -6.047186784245904055e-07
2.122809340969458841e-05 2.656863685029611137e-05 2.358321785424749410e-05 2.406873811896283256e-05 1.997095573457634624e-05 1.728505776135744228e-05 1.603908279732866874e-05 1.496913524352089775e-05 1.346678657062168465e-05 1.038862717043782967e-05 6.972022561257851557e-06 5.639995411858171194e-06 6.459336506014185479e-06 7.520949325869472071e-06 5.101017170033590975e-06 2.926008386296679803e-06 2.725681461020911118e-06 4.868492438954315544e-06 3.265045117208557881e-06 -7.823233207576779655e-07
2.126073688972468823e-05 2.655313896406103744e-05 2.360334897319350331e-05 2.393868710411108905e-05 2.006982989103830263e-05 1.726981672004941580e-05 1.597545671492071642e-05 1.484665515469531943e-05 1.356030418972776420e-05 1.063639091370457376e-05 7.137352178054225788e-06 5.529258099334822265e-06 6.391927524466143461e-06 7.341338988663130124e-06 4.900397371554053157e-06 2.981696484739757206e-06 2.531586562054032439e-06 4.742422626617442365e-06 3.507923808614261389e-06 -5.006185205491049603e-07
2.116558369471903164e-05 2.657986735419681424e-05 2.286101786979848237e-05 2.378361022186329358e-05 1.936268353318648490e-05 1.675638243968867222e-05 1.547900479860280475e-05 1.454631438823894552e-05 1.336011497623758036e-05 1.048644799920964006e-05 7.102467927799940869e-06 5.775807279454971543e-06 6.871351166140538930e-06 7.672630647428315683e-06 5.154797759489699597e-06 2.911318528352455339e-06 2.780774335830389902e-06 5.023817666455384818e-06 3.604396355911391538e-06 -4.867299554111265657e-07
2.145857787561955223e-05 2.650918256178556374e-05 2.352956762830859177e-05 2.408576275387614690e-05 2.021412799194812182e-05 1.758519485730787284e-05 1.592762535969687599e-05 1.483230265874694453e-05 1.364776072308201899e-05 1.074204037147781281e-05 7.186107767513322736e-06 5.615747293474614376e-06 6.545994597448708372e-06 7.677804471038246305e-06 5.152215563324478211e-06 3.132980484495546298e-06 2.783769171741981813e-06 4.846459605606913504e-06 3.426135055619770522e-06 -7.272075126320209782e-07
2.104253854676646358e-05 2.614683221746329439e-05 2.327856137197273766e-05 2.385671402474853048e-05 1.981302299549731629e-05 1.731881272113918274e-05 1.600422027636640981e-05 1.483753097847702456e-05 1.362386083670616114e-05 1.079715156368169835e-05 7.376318863079376652e-06 5.865951009721810020e-06 6.564304691501300522e-06 7.879016957033266232e-06 5.337537560327482438e-06 3.163182808166799794e-06 2.913563508814977533e-06 4.664136670618713719e-06 3.181969236857080438e-06 -8.488365193817448799e-07
2.130569150784322532e-05 2.670584177146216508e-05 2.358914819116262273e-05 2.414797713138867465e-05 1.995713378857378865e-05 1.739255847018102158e-05 1.596762077566548572e-05 1.485264432714097791e-05 1.370676079997810832e-05 1.083424953608499857e-05 7.244646895899517250e-06 5.817004114552577881e-06 6.749576764999041189e-06 7.626901245231195895e-06 5.006894136994333020e-06 2.864863345930409580e-06 2.554372190300751938e-06 4.526177185231885964e-06 3.188541578506937251e-06 -7.291031635177377416e-07
2.106114501761297315e-05 2.668597921045363415e-05 2.358828867576527697e-05 2.415621104059682988e-05 2.020142626339707921e-05 1.761355268229422314e-05 1.628134405762535206e-05 1.514539255404846613e-05 1.370364181005805248e-05 1.074307881238988790e-05 7.165185001314338729e-06 5.704924494694225157e-06 6.540445800555436141e-06 7.545721901214243597e-06 5.044316231342555623e-06 2.845471802721367246e-06 2.686408794703923923e-06 4.875544092318289162e-06 3.456183529879508097e-06 -6.862362493504590164e-07
2.107034491449524637e-05 2.664599316272729033e-05 2.340316338036996913e-05 2.405547730678519357e-05 2.024069490154065357e-05 1.757304407074479111e-05 1.610016662131695504e-05 1.490217127478476925e-05 1.359485760423251140e-05 1.067568894323058644e-05 7.224840327067020757e-06 5.615881041066988484e-06 6.421270006824516775e-06 7.388917210917288463e-06 4.805448370338883162e-06 2.857893707233731466e-06 2.820445895167912283e-06 4.807977797781631197e-06 3.224034534075485969e-06 -7.494561403815298075e-07
2.140609206167906189e-05 2.640491143745937996e-05 2.363834224452044991e-05 2.412602442502655183e-05 1.999219176099960768e-05 1.754963648300869730e-05 1.622781982545332537e-05 1.512923951774876444e-05 1.385858103352813170e-05 1.087104258105928718e-05 7.122511020574838643e-06 5.649837631143516520e-06 6.625426057092071733e-06 7.695028998710615290e-06 5.208207388157122570e-06 3.241677961145152876e-06 2.946464649370516416e-06 5.179796212165695914e-06 3.630363336179319405e-06 -3.530935308043725440e-07
2.129613019796218059e-05 2.677230321213677178e-05 2.382016406426955415e-05 2.413808881631056998e-05 1.984251883189091644e-05 1.718277743871199869e-05 1.589461045921399882e-05 1.473978806380503313e-05 1.345182391522151027e-05 1.036835330900808032e-05 6.901981656711899533e-06 5.473983928002567946e-06 6.457560850817107996e-06 7.440799481574872898e-06 4.992526930650742504e-06 3.192288998555166594e-06 2.996178799107593583e-06 5.110117673440059501e-06 3.488931259395686950e-06 -5.237580989241694936e-07
2.129333069569083666e-05 2.632542758902660065e-05 2.365956617474451986e-05 2.388438896098839782e-05 1.994360271887737267e-05 1.750399768389313335e-05 1.611997535584757028e-05 1.473595809138279594e-05 1.353454792630095607e-05 1.077571127580090813e-05 7.328913087605337152e-06 6.004295774336689212e-06 6.840468145561463355e-06 7.752717998045719210e-06 5.197784518178294061e-06 3.175568424234989333e-06 2.818439017281634602e-06 4.772648659787881523e-06 3.041046697428987108e-06 -9.521662330466069052e-07
2.153291134062002406e-05 2.628653826324066600e-05 2.350718678603450572e-05 2.394285683436108065e-05 1.994711978314247123e-05 1.754845534893668632e-05 1.597543418204257874e-05 1.494738514352460925e-05 1.362543857125949984e-05 1.086632734834463244e-05 7.186519473702534579e-06 5.757488957975588834e-06 6.557030878307536124e-06 7.487150337078646821e-06 5.159422248591234418e-06 3.081913898816191523e-06 2.696921545929149064e-06 4.929501968684895940e-06 3.483347676544083892e-06 -3.922771931295558049e-07
2.142987389618348658e-05 2.654140330005809906e-05 2.380969363269113553e-05 2.431047527108567673e-05 2.028429290631440446e-05 1.753040557098622205e-05 1.620137571546815649e-05 1.510605883690135344e-05 1.363202618966939840e-05 1.077898580013954846e-05 7.313430038116719500e-06 5.832114734751116535e-06 6.713056973349970116e-06 7.746258314238470307e-06 5.266482557417119295e-06 3.182553751882465051e-06 2.860758589778730135e-06 4.736719221691266188e-06 3.270376901461994660e-06 -9.163391763666528627e-07
2.107897035347057639e-05 2.634928273982163851e-05 2.338071015924629911e-05 2.394976485131935460e-05 1.996191755346885378e-05 1.731471239317206877e-05 1.597713207475830876e-05 1.477556912829237234e-05 1.366192008833201112e-05 1.080750252723993545e-05 7.090773976203485672e-06 5.511787216490709589e-06 6.315934776658473147e-06 7.512220561617917511e-06 4.974178236808443810e-06 2.889529072673655927e-06 2.790467797931511118e-06 4.773951588082079702e-06 3.287961354334641440e-06 -7.331041321712624125e-07
2.159531117698456615e-05 2.645001433901264244e-05 2.343182548982679001e-05 2.403650009605070984e-05 2.013173773598130384e-05 1.751798841949723910e-05 1.610471047780732737e-05 1.466545397061152234e-05 1.333913919791414813e-05 1.032521483375595887e-05 6.936618338002375959e-06 5.603882013153814950e-06 6.524193935478718310e-06 7.305414847375790125e-06 4.886446035221414142e-06 2.918441815554275960e-06 2.637468069578894347e-06 4.821695048441215829e-06 3.363343630439774985e-06 -8.648239681029037880e-07
2.118762271973465301e-05 2.639759483197752249e-05 2.339976152975010155e-05 2.402224375434133168e-05 1.980562311766210411e-05 1.725462388990939118e-05 1.608689941625468468e-05 1.487499895624209632e-05 1.354674021180083715e-05 1.099310307821251822e-05 7.053931955964311759e-06 5.632551409711136143e-06 6.651027628128798339e-06 7.649252113465089707e-06 5.039895981417239481e-06 3.039203224056110320e-06 2.892819233888219351e-06 4.745771302540700758e-06 3.220098910637098748e-06 -6.952212891406872673e-07
2.131786415584897281e-05 2.669544133303942699e-05 2.372359230486229838e-05 2.437249428407159210e-05 2.035408512162409662e-05 1.768445948039442536e-05 1.611612254790719886e-05 1.498021387793889917e-05 1.361636573256187547e-05 1.075373465308940547e-05 7.183834296512180964e-06 5.520644785942205001e-06 6.435415239606685811e-06 7.413630566678858547e-06 4.784866052092410252e-06 2.795709467021646255e-06 2.653340653762607533e-06 4.743920594326820432e-06 3.153437089682209151e-06 -7.246607410868071325e-07
2.158758691759791513e-05 2.650041878776530026e-05 2.381006282647613558e-05 2.415627756306015236e-05 1.996639049817590757e-05 1.732189637387855738e-05 1.598078971839995342e-05 1.504540293945900096e-05 1.370939072971890155e-05 1.080345193258829795e-05 7.349115585243453116e-06 5.913240001192565456e-06 6.788872811597553020e-06 7.663037557362697728e-06 5.187576278901120050e-06 3.198820022143545588e-06 2.902202726439504085e-06 5.083866040875340143e-06 3.515025657287451237e-06 -5.998525276192029182e-07
2.114398603166761545e-05 2.651741311607878776e-05 2.366020731179040881e-05 2.424534648378208070e-05 1.993502822046947396e-05 1.744024042071577841e-05 1.624421250038800236e-05 1.518002735308951354e-05 1.398259418470034615e-05 1.103198678501048481e-05 7.245492706152571737e-06 5.557621926698088209e-06 6.389808538622560380e-06 7.594468306831080669e-06 5.244422669006835655e-06 2.996914583567152207e-06 2.581745493215000629e-06 4.822596301848172445e-06 3.333550718060579690e-06 -5.276023274813306116e-07
2.143887499847745552e-05 2.633033206591247374e-05 2.318450311309719393e-05 2.402615783389637036e-05 1.995176184695791126e-05 1.728607532502640513e-05 1.596623245231209787e-05 1.506540963901422986e-05 1.383534126255564121e-05 1.070455185977844862e-05 7.326840108556169565e-06 5.821864943480941600e-06 6.737115620266081595e-06 7.915264240847452368e-06 5.381533300871079519e-06 3.177795272603721557e-06 2.988897884197438123e-06 4.984633458293376344e-06 3.220782443102588065e-06 -9.154703954302652431e-07
2.072366870818791160e-05 2.618169562857577086e-05 2.312163151894134586e-05 2.350093061780426896e-05 1.959543395869852963e-05 1.711149060275204327e-05 1.580944471481669645e-05 1.487290585861594310e-05 1.360685933147247421e-05 1.069891414575561027e-05 7.239775956961343580e-06 5.872208575127986418e-06 6.695468975241397085e-06 7.781377048579914661e-06 5.332250602515926841e-06 3.406970430963938574e-06 3.069143106710366997e-06 4.958308534264776004e-06 3.242189040585145721e-06 -9.339727222182992558e-07
2.143766298580408207e-05 2.621462571765479006e-05 2.354229498227347359e-05 2.402090066996223668e-05 1.999205510231765468e-05 1.731114049226603534e-05 1.595095795779082225e-05 1.487542861223714714e-05 1.362790707183557293e-05 1.082299778052976444e-05 7.155372606254811306e-06 5.484115180475080604e-06 6.396361286641036053e-06 7.265939915181942910e-06 4.874140503669608893e-06 2.727628807085688752e-06 2.591413394359374869e-06 4.694498976146598746e-06 3.258791412251568587e-06 -8.057316693478893175e-07
