# npairs for all jackknife regions
2.371843000000000000e+06 3.723817000000000000e+06 5.875469000000000000e+06 9.267320000000000000e+06 1.461129400000000000e+07 2.304679600000000000e+07 3.634570500000000000e+07 5.730629400000000000e+07 9.022908100000000000e+07 1.420570790000000000e+08 2.234345760000000000e+08 3.509549740000000000e+08 5.513700750000000000e+08 8.664317590000000000e+08 1.357290364000000000e+09 2.116122569000000000e+09 3.286933858000000000e+09 5.070489007000000000e+09 7.744924004000000000e+09 1.168310234400000000e+10
1.890308000000000000e+06 2.965233000000000000e+06 4.651999000000000000e+06 7.305377000000000000e+06 1.149695600000000000e+07 1.816387500000000000e+07 2.869614400000000000e+07 4.514518200000000000e+07 7.115957800000000000e+07 1.123430360000000000e+08 1.769547260000000000e+08 2.786050180000000000e+08 4.375559840000000000e+08 6.852105580000000000e+08 1.067880707000000000e+09 1.655220330000000000e+09 2.560723705000000000e+09 3.941910005000000000e+09 5.997928841000000000e+09 9.105536402000000000e+09
1.631331000000000000e+06 2.555530000000000000e+06 4.013849000000000000e+06 6.292430000000000000e+06 9.905764000000000000e+06 1.556903200000000000e+07 2.452399800000000000e+07 3.845122700000000000e+07 6.023875200000000000e+07 9.427139400000000000e+07 1.472240940000000000e+08 2.290453960000000000e+08 3.556257300000000000e+08 5.512826100000000000e+08 8.499825620000000000e+08 1.303033751000000000e+09 1.984433307000000000e+09 2.957939689000000000e+09 4.302102983000000000e+09 6.103471989000000000e+09
1.515755000000000000e+06 2.387271000000000000e+06 3.763926000000000000e+06 5.937013000000000000e+06 9.362530000000000000e+06 1.478083200000000000e+07 2.326838800000000000e+07 3.661130700000000000e+07 5.764868700000000000e+07 9.090458000000000000e+07 1.435048080000000000e+08 2.265191120000000000e+08 3.579483480000000000e+08 5.675584530000000000e+08 8.972504080000000000e+08 1.409864170000000000e+09 2.213031607000000000e+09 3.467738479000000000e+09 5.410210211000000000e+09 8.405442334000000000e+09
2.154270000000000000e+06 3.388562000000000000e+06 5.340723000000000000e+06 8.411811000000000000e+06 1.327099400000000000e+07 2.092311700000000000e+07 3.294597200000000000e+07 5.186817000000000000e+07 8.163699900000000000e+07 1.285281970000000000e+08 2.020721670000000000e+08 3.169606320000000000e+08 4.957506830000000000e+08 7.706559110000000000e+08 1.188438657000000000e+09 1.816364255000000000e+09 2.739813267000000000e+09 4.065694762000000000e+09 5.940645480000000000e+09 8.486956054000000000e+09
1.317986000000000000e+06 2.072144000000000000e+06 3.266050000000000000e+06 5.150096000000000000e+06 8.110842000000000000e+06 1.282535600000000000e+07 2.026644900000000000e+07 3.195178600000000000e+07 5.034140600000000000e+07 7.930847700000000000e+07 1.248399880000000000e+08 1.960248580000000000e+08 3.074838320000000000e+08 4.826936480000000000e+08 7.545286000000000000e+08 1.179497614000000000e+09 1.844469144000000000e+09 2.879509734000000000e+09 4.489788231000000000e+09 6.969052879000000000e+09
1.926044000000000000e+06 3.033585000000000000e+06 4.779630000000000000e+06 7.536970000000000000e+06 1.187128200000000000e+07 1.871116000000000000e+07 2.945647300000000000e+07 4.634733900000000000e+07 7.286551500000000000e+07 1.144886060000000000e+08 1.795441250000000000e+08 2.810979770000000000e+08 4.404877990000000000e+08 6.904475340000000000e+08 1.080060274000000000e+09 1.681178383000000000e+09 2.599720452000000000e+09 3.979802047000000000e+09 6.071341070000000000e+09 9.177602614000000000e+09
1.997344000000000000e+06 3.140917000000000000e+06 4.949296000000000000e+06 7.801327000000000000e+06 1.230298500000000000e+07 1.942708400000000000e+07 3.071590700000000000e+07 4.848582100000000000e+07 7.648537300000000000e+07 1.208859690000000000e+08 1.909569750000000000e+08 3.017519390000000000e+08 4.768900360000000000e+08 7.525289680000000000e+08 1.182940590000000000e+09 1.851004749000000000e+09 2.895287287000000000e+09 4.524279501000000000e+09 7.028015397000000000e+09 1.086465717400000000e+10
1.533328000000000000e+06 2.414143000000000000e+06 3.809552000000000000e+06 6.011397000000000000e+06 9.471784000000000000e+06 1.493240500000000000e+07 2.357016500000000000e+07 3.717928500000000000e+07 5.860347000000000000e+07 9.247538400000000000e+07 1.457596060000000000e+08 2.301567350000000000e+08 3.637848100000000000e+08 5.772290450000000000e+08 9.158031300000000000e+08 1.451014503000000000e+09 2.296426254000000000e+09 3.637643055000000000e+09 5.805805524000000000e+09 9.290321360000000000e+09
1.370540000000000000e+06 2.158865000000000000e+06 3.407788000000000000e+06 5.371445000000000000e+06 8.468938000000000000e+06 1.335470000000000000e+07 2.104683800000000000e+07 3.322974800000000000e+07 5.250069800000000000e+07 8.295579400000000000e+07 1.311987970000000000e+08 2.072376180000000000e+08 3.279744350000000000e+08 5.211253520000000000e+08 8.323984850000000000e+08 1.332211237000000000e+09 2.130612485000000000e+09 3.421738007000000000e+09 5.497658685000000000e+09 8.774832618000000000e+09
1.617269000000000000e+06 2.547735000000000000e+06 4.014081000000000000e+06 6.331004000000000000e+06 1.000467800000000000e+07 1.579009000000000000e+07 2.496453700000000000e+07 3.943197100000000000e+07 6.231077300000000000e+07 9.874701100000000000e+07 1.565466210000000000e+08 2.484426090000000000e+08 3.940459090000000000e+08 6.250626980000000000e+08 9.888080980000000000e+08 1.560662602000000000e+09 2.460231393000000000e+09 3.867322875000000000e+09 6.070524638000000000e+09 9.549096204000000000e+09
2.061078000000000000e+06 3.251886000000000000e+06 5.136632000000000000e+06 8.108797000000000000e+06 1.281039300000000000e+07 2.024739200000000000e+07 3.201593500000000000e+07 5.061026300000000000e+07 7.995993800000000000e+07 1.264233290000000000e+08 2.000828770000000000e+08 3.167866110000000000e+08 5.014409380000000000e+08 7.940315010000000000e+08 1.256743753000000000e+09 1.991868554000000000e+09 3.170186079000000000e+09 5.038908641000000000e+09 8.023250694000000000e+09 1.282974610700000000e+10
2.471857000000000000e+06 3.891640000000000000e+06 6.126250000000000000e+06 9.665649000000000000e+06 1.524674600000000000e+07 2.409304700000000000e+07 3.807285400000000000e+07 6.020845400000000000e+07 9.516495600000000000e+07 1.506587650000000000e+08 2.387086140000000000e+08 3.781780290000000000e+08 5.993857200000000000e+08 9.492075390000000000e+08 1.503544510000000000e+09 2.378268457000000000e+09 3.759449988000000000e+09 5.941020098000000000e+09 9.382972726000000000e+09 1.484574033300000000e+10
1.611127000000000000e+06 2.541736000000000000e+06 4.008248000000000000e+06 6.328796000000000000e+06 9.986054000000000000e+06 1.574916900000000000e+07 2.480998300000000000e+07 3.907183300000000000e+07 6.151847700000000000e+07 9.699854600000000000e+07 1.529963750000000000e+08 2.413072710000000000e+08 3.802335890000000000e+08 6.022388560000000000e+08 9.581456060000000000e+08 1.530061579000000000e+09 2.447557499000000000e+09 3.911033308000000000e+09 6.210384637000000000e+09 9.803986422000000000e+09
1.620508000000000000e+06 2.547670000000000000e+06 4.009962000000000000e+06 6.301947000000000000e+06 9.899316000000000000e+06 1.555515600000000000e+07 2.443158500000000000e+07 3.828661800000000000e+07 5.992762200000000000e+07 9.366905600000000000e+07 1.460429200000000000e+08 2.272861940000000000e+08 3.523351750000000000e+08 5.460718770000000000e+08 8.448309250000000000e+08 1.301276524000000000e+09 2.002682106000000000e+09 3.032057836000000000e+09 4.491946487000000000e+09 6.582646700000000000e+09
1.899051000000000000e+06 2.993402000000000000e+06 4.724839000000000000e+06 7.459846000000000000e+06 1.177246100000000000e+07 1.859115500000000000e+07 2.938877200000000000e+07 4.643683200000000000e+07 7.337432000000000000e+07 1.160366770000000000e+08 1.835185860000000000e+08 2.900555190000000000e+08 4.576962040000000000e+08 7.217199840000000000e+08 1.135701130000000000e+09 1.788624475000000000e+09 2.816035534000000000e+09 4.429104040000000000e+09 6.949963145000000000e+09 1.088737448900000000e+10
1.513582000000000000e+06 2.390376000000000000e+06 3.775752000000000000e+06 5.977197000000000000e+06 9.462794000000000000e+06 1.497010400000000000e+07 2.369921300000000000e+07 3.755075800000000000e+07 5.948243600000000000e+07 9.420843400000000000e+07 1.493250010000000000e+08 2.371595230000000000e+08 3.768609080000000000e+08 5.988880700000000000e+08 9.541645880000000000e+08 1.521830639000000000e+09 2.425467298000000000e+09 3.864457136000000000e+09 6.150453095000000000e+09 9.832484386000000000e+09
1.950720000000000000e+06 3.067570000000000000e+06 4.828498000000000000e+06 7.611035000000000000e+06 1.202373300000000000e+07 1.896155700000000000e+07 2.994018800000000000e+07 4.724907700000000000e+07 7.458522500000000000e+07 1.179372260000000000e+08 1.865291240000000000e+08 2.958458460000000000e+08 4.693052930000000000e+08 7.445527280000000000e+08 1.180878578000000000e+09 1.870753735000000000e+09 2.954831263000000000e+09 4.647060050000000000e+09 7.297586306000000000e+09 1.143032195200000000e+10
2.172613000000000000e+06 3.409613000000000000e+06 5.362535000000000000e+06 8.440501000000000000e+06 1.329395100000000000e+07 2.092414200000000000e+07 3.299505300000000000e+07 5.182661800000000000e+07 8.131717700000000000e+07 1.272992170000000000e+08 1.987325470000000000e+08 3.092381990000000000e+08 4.783881430000000000e+08 7.343997480000000000e+08 1.114823617000000000e+09 1.663481906000000000e+09 2.432048717000000000e+09 3.461704911000000000e+09 4.675549228000000000e+09 5.822883668000000000e+09
1.837577000000000000e+06 2.894691000000000000e+06 4.554496000000000000e+06 7.170324000000000000e+06 1.130056100000000000e+07 1.778949100000000000e+07 2.800040000000000000e+07 4.406447000000000000e+07 6.932847700000000000e+07 1.092212700000000000e+08 1.720302090000000000e+08 2.708298190000000000e+08 4.249966340000000000e+08 6.673939730000000000e+08 1.049884146000000000e+09 1.653715381000000000e+09 2.628036194000000000e+09 4.198420601000000000e+09 6.707145632000000000e+09 1.070864848700000000e+10
2.472506000000000000e+06 3.892786000000000000e+06 6.131941000000000000e+06 9.682282000000000000e+06 1.528286800000000000e+07 2.414915900000000000e+07 3.813143700000000000e+07 6.022336100000000000e+07 9.510069500000000000e+07 1.502927950000000000e+08 2.376471690000000000e+08 3.760477100000000000e+08 5.945892910000000000e+08 9.412143070000000000e+08 1.489051960000000000e+09 2.361158280000000000e+09 3.748233297000000000e+09 5.940201620000000000e+09 9.406510175000000000e+09 1.489160739400000000e+10
1.806544000000000000e+06 2.826212000000000000e+06 4.432417000000000000e+06 6.951144000000000000e+06 1.090492400000000000e+07 1.709254000000000000e+07 2.680268600000000000e+07 4.189381700000000000e+07 6.542975800000000000e+07 1.020278030000000000e+08 1.585880140000000000e+08 2.467472530000000000e+08 3.823626320000000000e+08 5.903160100000000000e+08 9.068068700000000000e+08 1.382648311000000000e+09 2.094474197000000000e+09 3.120329785000000000e+09 4.544884794000000000e+09 6.568016819000000000e+09
2.025609000000000000e+06 3.182985000000000000e+06 5.002838000000000000e+06 7.875629000000000000e+06 1.241032800000000000e+07 1.954965600000000000e+07 3.080668300000000000e+07 4.851779400000000000e+07 7.638017400000000000e+07 1.204352370000000000e+08 1.896351450000000000e+08 2.982753190000000000e+08 4.693310950000000000e+08 7.388490540000000000e+08 1.162707388000000000e+09 1.829435011000000000e+09 2.892259635000000000e+09 4.593316064000000000e+09 7.316613191000000000e+09 1.170314381400000000e+10
1.813054000000000000e+06 2.853387000000000000e+06 4.509183000000000000e+06 7.116430000000000000e+06 1.124344900000000000e+07 1.778582400000000000e+07 2.814505800000000000e+07 4.452133500000000000e+07 7.036643000000000000e+07 1.113180720000000000e+08 1.759594240000000000e+08 2.782731750000000000e+08 4.401275670000000000e+08 6.970754300000000000e+08 1.105443472000000000e+09 1.748314508000000000e+09 2.757663871000000000e+09 4.329564292000000000e+09 6.800863380000000000e+09 1.076646757100000000e+10
2.115756000000000000e+06 3.337182000000000000e+06 5.262555000000000000e+06 8.294384000000000000e+06 1.307643100000000000e+07 2.062196700000000000e+07 3.260334400000000000e+07 5.151305100000000000e+07 8.124615900000000000e+07 1.280666000000000000e+08 2.019837670000000000e+08 3.184291150000000000e+08 5.025323310000000000e+08 7.961315730000000000e+08 1.263674633000000000e+09 2.007599170000000000e+09 3.180950077000000000e+09 5.011970969000000000e+09 7.896000627000000000e+09 1.246356364400000000e+10
1.109959000000000000e+06 1.736215000000000000e+06 2.724346000000000000e+06 4.272352000000000000e+06 6.703973000000000000e+06 1.057462700000000000e+07 1.666191800000000000e+07 2.614272800000000000e+07 4.100907000000000000e+07 6.427198800000000000e+07 1.001966120000000000e+08 1.560106020000000000e+08 2.418919130000000000e+08 3.736863430000000000e+08 5.731807580000000000e+08 8.746161520000000000e+08 1.330008998000000000e+09 1.996579835000000000e+09 2.927016571000000000e+09 4.199567857000000000e+09
1.962498000000000000e+06 3.093205000000000000e+06 4.871469000000000000e+06 7.687494000000000000e+06 1.211785200000000000e+07 1.912696100000000000e+07 3.019463100000000000e+07 4.768393500000000000e+07 7.529447600000000000e+07 1.189896890000000000e+08 1.879844650000000000e+08 2.973085750000000000e+08 4.694061580000000000e+08 7.406403310000000000e+08 1.164489563000000000e+09 1.823741111000000000e+09 2.849298998000000000e+09 4.451216894000000000e+09 6.931410403000000000e+09 1.073490991500000000e+10
9.489620000000000000e+05 1.490128000000000000e+06 2.341958000000000000e+06 3.688442000000000000e+06 5.808569000000000000e+06 9.152377000000000000e+06 1.444554400000000000e+07 2.276352800000000000e+07 3.581937400000000000e+07 5.644317000000000000e+07 8.878184800000000000e+07 1.399738240000000000e+08 2.208234950000000000e+08 3.487853120000000000e+08 5.498557470000000000e+08 8.634550300000000000e+08 1.351579013000000000e+09 2.107821538000000000e+09 3.276243993000000000e+09 5.076268886000000000e+09
1.122677000000000000e+06 1.772451000000000000e+06 2.791206000000000000e+06 4.394363000000000000e+06 6.928426000000000000e+06 1.092713800000000000e+07 1.722212900000000000e+07 2.706584400000000000e+07 4.260393800000000000e+07 6.711354700000000000e+07 1.057056290000000000e+08 1.661492490000000000e+08 2.609291310000000000e+08 4.094249650000000000e+08 6.411338260000000000e+08 1.001815437000000000e+09 1.563225841000000000e+09 2.436862919000000000e+09 3.800610916000000000e+09 6.007659773000000000e+09
1.525721000000000000e+06 2.405654000000000000e+06 3.795993000000000000e+06 6.000245000000000000e+06 9.477657000000000000e+06 1.496473300000000000e+07 2.363746200000000000e+07 3.734826500000000000e+07 5.894646700000000000e+07 9.304046500000000000e+07 1.467290950000000000e+08 2.313382380000000000e+08 3.651909960000000000e+08 5.760972000000000000e+08 9.066819730000000000e+08 1.425134094000000000e+09 2.238642866000000000e+09 3.534553158000000000e+09 5.633662414000000000e+09 8.942685922000000000e+09
7.331690000000000000e+05 1.145001000000000000e+06 1.799169000000000000e+06 2.815170000000000000e+06 4.411377000000000000e+06 6.930736000000000000e+06 1.093973400000000000e+07 1.719436300000000000e+07 2.706082100000000000e+07 4.262236800000000000e+07 6.705462400000000000e+07 1.053205720000000000e+08 1.652342780000000000e+08 2.590411040000000000e+08 4.053209360000000000e+08 6.314129510000000000e+08 9.853476000000000000e+08 1.554048030000000000e+09 2.469164939000000000e+09 3.855480417000000000e+09
2.051685000000000000e+06 3.228157000000000000e+06 5.080449000000000000e+06 8.006141000000000000e+06 1.262935100000000000e+07 1.992935800000000000e+07 3.146175700000000000e+07 4.967154700000000000e+07 7.831646100000000000e+07 1.234809110000000000e+08 1.946026130000000000e+08 3.064130680000000000e+08 4.816870190000000000e+08 7.567337520000000000e+08 1.186683654000000000e+09 1.853094562000000000e+09 2.880416938000000000e+09 4.447454076000000000e+09 6.800652514000000000e+09 1.027750105200000000e+10
1.699982000000000000e+06 2.655660000000000000e+06 4.152272000000000000e+06 6.501665000000000000e+06 1.018209000000000000e+07 1.601838100000000000e+07 2.522590200000000000e+07 3.944384200000000000e+07 6.165249500000000000e+07 9.623606400000000000e+07 1.492942100000000000e+08 2.304570460000000000e+08 3.526818900000000000e+08 5.348496210000000000e+08 7.977284670000000000e+08 1.166625999000000000e+09 1.655946210000000000e+09 2.264262149000000000e+09 2.891063204000000000e+09 3.302201453000000000e+09
2.295286000000000000e+06 3.603265000000000000e+06 5.661950000000000000e+06 8.889827000000000000e+06 1.397162400000000000e+07 2.198185800000000000e+07 3.455949600000000000e+07 5.424666000000000000e+07 8.511674600000000000e+07 1.333712040000000000e+08 2.086137350000000000e+08 3.256870210000000000e+08 5.067587460000000000e+08 7.864398270000000000e+08 1.218003756000000000e+09 1.880856519000000000e+09 2.891510249000000000e+09 4.395490084000000000e+09 6.561007187000000000e+09 9.610129336000000000e+09
2.204551000000000000e+06 3.470922000000000000e+06 5.474735000000000000e+06 8.632295000000000000e+06 1.361591800000000000e+07 2.148398000000000000e+07 3.387839400000000000e+07 5.343346300000000000e+07 8.431279600000000000e+07 1.329869660000000000e+08 2.093541490000000000e+08 3.298119510000000000e+08 5.202735000000000000e+08 8.244892060000000000e+08 1.310123135000000000e+09 2.082723193000000000e+09 3.304029600000000000e+09 5.236261976000000000e+09 8.303720395000000000e+09 1.314827814300000000e+10
1.431951000000000000e+06 2.265100000000000000e+06 3.568095000000000000e+06 5.632233000000000000e+06 8.877127000000000000e+06 1.402890900000000000e+07 2.212060200000000000e+07 3.488774100000000000e+07 5.506878000000000000e+07 8.714485700000000000e+07 1.378690400000000000e+08 2.181788000000000000e+08 3.453771860000000000e+08 5.466175280000000000e+08 8.664819190000000000e+08 1.372822480000000000e+09 2.165648762000000000e+09 3.414102611000000000e+09 5.363988552000000000e+09 8.390874991000000000e+09
1.721363000000000000e+06 2.704076000000000000e+06 4.257360000000000000e+06 6.706657000000000000e+06 1.055140000000000000e+07 1.665043500000000000e+07 2.630497700000000000e+07 4.136810000000000000e+07 6.503428500000000000e+07 1.023132080000000000e+08 1.608334470000000000e+08 2.527752070000000000e+08 3.964416780000000000e+08 6.201795480000000000e+08 9.642352100000000000e+08 1.488373364000000000e+09 2.279467955000000000e+09 3.455936219000000000e+09 5.186711817000000000e+09 7.666398875000000000e+09
1.393378000000000000e+06 2.197199000000000000e+06 3.466211000000000000e+06 5.473969000000000000e+06 8.647894000000000000e+06 1.366600600000000000e+07 2.158614600000000000e+07 3.413319300000000000e+07 5.403579800000000000e+07 8.562723400000000000e+07 1.357648930000000000e+08 2.153727510000000000e+08 3.421027280000000000e+08 5.448356720000000000e+08 8.682120260000000000e+08 1.384809044000000000e+09 2.205525928000000000e+09 3.498817332000000000e+09 5.592357589000000000e+09 8.963919155000000000e+09
2.316626000000000000e+06 3.651895000000000000e+06 5.754681000000000000e+06 9.085526000000000000e+06 1.435762900000000000e+07 2.268489200000000000e+07 3.588734700000000000e+07 5.675415600000000000e+07 8.977845600000000000e+07 1.421592010000000000e+08 2.252422900000000000e+08 3.570536380000000000e+08 5.654983850000000000e+08 8.953282980000000000e+08 1.416655247000000000e+09 2.243928649000000000e+09 3.557807916000000000e+09 5.658561857000000000e+09 9.000198791000000000e+09 1.423089237300000000e+10
1.154573000000000000e+06 1.821199000000000000e+06 2.868316000000000000e+06 4.535986000000000000e+06 7.159415000000000000e+06 1.130829300000000000e+07 1.784873200000000000e+07 2.817204900000000000e+07 4.444909200000000000e+07 7.021749400000000000e+07 1.108796750000000000e+08 1.750158260000000000e+08 2.762530170000000000e+08 4.376771320000000000e+08 6.960323510000000000e+08 1.111088446000000000e+09 1.775527604000000000e+09 2.835613800000000000e+09 4.523741020000000000e+09 7.282157278000000000e+09
2.041029000000000000e+06 3.213719000000000000e+06 5.064320000000000000e+06 7.979544000000000000e+06 1.258834900000000000e+07 1.985794100000000000e+07 3.130260800000000000e+07 4.933768200000000000e+07 7.780857400000000000e+07 1.228827970000000000e+08 1.941710850000000000e+08 3.069214910000000000e+08 4.849258680000000000e+08 7.679365040000000000e+08 1.217446710000000000e+09 1.932717265000000000e+09 3.063403768000000000e+09 4.866340921000000000e+09 7.809372605000000000e+09 1.252631538500000000e+10
2.341401000000000000e+06 3.695438000000000000e+06 5.822237000000000000e+06 9.192766000000000000e+06 1.449675300000000000e+07 2.289787800000000000e+07 3.612312400000000000e+07 5.696219900000000000e+07 8.980842300000000000e+07 1.417570760000000000e+08 2.239719430000000000e+08 3.547398460000000000e+08 5.630924370000000000e+08 8.951700510000000000e+08 1.423841400000000000e+09 2.263562819000000000e+09 3.596942707000000000e+09 5.708135750000000000e+09 8.999668712000000000e+09 1.418599007000000000e+10
1.846257000000000000e+06 2.910742000000000000e+06 4.590779000000000000e+06 7.250687000000000000e+06 1.143881300000000000e+07 1.809466100000000000e+07 2.862997200000000000e+07 4.516664400000000000e+07 7.126206700000000000e+07 1.125432560000000000e+08 1.779326910000000000e+08 2.814259880000000000e+08 4.453615660000000000e+08 7.057140540000000000e+08 1.117739224000000000e+09 1.765342608000000000e+09 2.790606237000000000e+09 4.409705093000000000e+09 6.972559028000000000e+09 1.101078006200000000e+10
1.842557000000000000e+06 2.898201000000000000e+06 4.561879000000000000e+06 7.187959000000000000e+06 1.134595400000000000e+07 1.792684000000000000e+07 2.831606800000000000e+07 4.469064100000000000e+07 7.050114800000000000e+07 1.112678800000000000e+08 1.754863170000000000e+08 2.765021350000000000e+08 4.350083930000000000e+08 6.825482810000000000e+08 1.068467057000000000e+09 1.670746117000000000e+09 2.603353668000000000e+09 4.027628128000000000e+09 6.209833190000000000e+09 9.519520838000000000e+09
1.576971000000000000e+06 2.483211000000000000e+06 3.913632000000000000e+06 6.170963000000000000e+06 9.726188000000000000e+06 1.534176200000000000e+07 2.419479600000000000e+07 3.813216000000000000e+07 6.007497400000000000e+07 9.487569200000000000e+07 1.498484480000000000e+08 2.362723030000000000e+08 3.720450540000000000e+08 5.866301060000000000e+08 9.272495400000000000e+08 1.464580009000000000e+09 2.314034732000000000e+09 3.676464947000000000e+09 5.850292056000000000e+09 9.235665141000000000e+09
2.340245000000000000e+06 3.686755000000000000e+06 5.815669000000000000e+06 9.168492000000000000e+06 1.445236000000000000e+07 2.277857800000000000e+07 3.590597600000000000e+07 5.663565900000000000e+07 8.930962500000000000e+07 1.409183000000000000e+08 2.226933770000000000e+08 3.521931510000000000e+08 5.569962340000000000e+08 8.838469600000000000e+08 1.406792092000000000e+09 2.245108301000000000e+09 3.579951330000000000e+09 5.720377498000000000e+09 9.143292874000000000e+09 1.461110423900000000e+10
2.060922000000000000e+06 3.254051000000000000e+06 5.137550000000000000e+06 8.120797000000000000e+06 1.283829700000000000e+07 2.030902800000000000e+07 3.211951300000000000e+07 5.081697400000000000e+07 8.044196800000000000e+07 1.275422370000000000e+08 2.022959560000000000e+08 3.209542870000000000e+08 5.088529150000000000e+08 8.062397900000000000e+08 1.274798104000000000e+09 2.016170675000000000e+09 3.189248579000000000e+09 5.024261462000000000e+09 7.899929496000000000e+09 1.243794108000000000e+10
2.042626000000000000e+06 3.212721000000000000e+06 5.066027000000000000e+06 7.990715000000000000e+06 1.260605100000000000e+07 1.991698200000000000e+07 3.147009500000000000e+07 4.962195600000000000e+07 7.813459100000000000e+07 1.231123860000000000e+08 1.936882870000000000e+08 3.042055380000000000e+08 4.775342250000000000e+08 7.498706300000000000e+08 1.176153508000000000e+09 1.835821205000000000e+09 2.859538769000000000e+09 4.422395906000000000e+09 6.750848850000000000e+09 1.016128042000000000e+10
1.444843000000000000e+06 2.277007000000000000e+06 3.585487000000000000e+06 5.648171000000000000e+06 8.898820000000000000e+06 1.402776900000000000e+07 2.211864300000000000e+07 3.485402600000000000e+07 5.492452300000000000e+07 8.675054800000000000e+07 1.369500710000000000e+08 2.164201620000000000e+08 3.427241610000000000e+08 5.424117020000000000e+08 8.579944260000000000e+08 1.359645575000000000e+09 2.161845036000000000e+09 3.459226587000000000e+09 5.561261086000000000e+09 8.987854004000000000e+09
1.558360000000000000e+06 2.459543000000000000e+06 3.887174000000000000e+06 6.141690000000000000e+06 9.714453000000000000e+06 1.535307600000000000e+07 2.427081300000000000e+07 3.837438100000000000e+07 6.081441600000000000e+07 9.642596100000000000e+07 1.529945180000000000e+08 2.427339480000000000e+08 3.845094500000000000e+08 6.097653290000000000e+08 9.668033270000000000e+08 1.533022095000000000e+09 2.431296569000000000e+09 3.849358654000000000e+09 6.095238019000000000e+09 9.650870407000000000e+09
1.590448000000000000e+06 2.506419000000000000e+06 3.949313000000000000e+06 6.232694000000000000e+06 9.858265000000000000e+06 1.559024500000000000e+07 2.466823400000000000e+07 3.902031500000000000e+07 6.171913200000000000e+07 9.757681600000000000e+07 1.543040080000000000e+08 2.439587550000000000e+08 3.850930500000000000e+08 6.079933970000000000e+08 9.617178500000000000e+08 1.521902296000000000e+09 2.401960936000000000e+09 3.779666415000000000e+09 5.935444276000000000e+09 9.365619752000000000e+09
1.467841000000000000e+06 2.317401000000000000e+06 3.651970000000000000e+06 5.769701000000000000e+06 9.116741000000000000e+06 1.442216100000000000e+07 2.281642100000000000e+07 3.603256600000000000e+07 5.686693100000000000e+07 8.983358800000000000e+07 1.419761860000000000e+08 2.240583670000000000e+08 3.529541310000000000e+08 5.555449760000000000e+08 8.738041170000000000e+08 1.371039379000000000e+09 2.145481279000000000e+09 3.335439916000000000e+09 5.148713135000000000e+09 7.963755638000000000e+09
1.873851000000000000e+06 2.958111000000000000e+06 4.670979000000000000e+06 7.382317000000000000e+06 1.168671600000000000e+07 1.849104900000000000e+07 2.928328600000000000e+07 4.634682300000000000e+07 7.338430700000000000e+07 1.163338920000000000e+08 1.843621300000000000e+08 2.921798640000000000e+08 4.636307580000000000e+08 7.362628600000000000e+08 1.169326919000000000e+09 1.859165443000000000e+09 2.953085305000000000e+09 4.683668559000000000e+09 7.375130074000000000e+09 1.163155965600000000e+10
2.076340000000000000e+06 3.267575000000000000e+06 5.159563000000000000e+06 8.149707000000000000e+06 1.286492300000000000e+07 2.031874000000000000e+07 3.212655600000000000e+07 5.076798200000000000e+07 8.025747900000000000e+07 1.271185430000000000e+08 2.013026170000000000e+08 3.188218080000000000e+08 5.048999480000000000e+08 8.004894780000000000e+08 1.267001482000000000e+09 2.001455133000000000e+09 3.162679987000000000e+09 4.998941187000000000e+09 7.879118023000000000e+09 1.236473301100000000e+10
2.020204000000000000e+06 3.175632000000000000e+06 5.003017000000000000e+06 7.886270000000000000e+06 1.243077500000000000e+07 1.963060600000000000e+07 3.095197600000000000e+07 4.880948900000000000e+07 7.700113500000000000e+07 1.216267260000000000e+08 1.921670970000000000e+08 3.037399150000000000e+08 4.799116870000000000e+08 7.591877720000000000e+08 1.202137571000000000e+09 1.909227097000000000e+09 3.037238709000000000e+09 4.815616894000000000e+09 7.639255946000000000e+09 1.218865292100000000e+10
1.792068000000000000e+06 2.825622000000000000e+06 4.450712000000000000e+06 7.025693000000000000e+06 1.106995500000000000e+07 1.746139200000000000e+07 2.763283400000000000e+07 4.361616700000000000e+07 6.882161700000000000e+07 1.086135420000000000e+08 1.712869620000000000e+08 2.697359260000000000e+08 4.237131010000000000e+08 6.632959980000000000e+08 1.034633248000000000e+09 1.606031404000000000e+09 2.473112775000000000e+09 3.772897062000000000e+09 5.703672646000000000e+09 8.502884575000000000e+09
1.765378000000000000e+06 2.768860000000000000e+06 4.356117000000000000e+06 6.854828000000000000e+06 1.079399700000000000e+07 1.702491600000000000e+07 2.687007800000000000e+07 4.227894500000000000e+07 6.651703100000000000e+07 1.044949180000000000e+08 1.638069640000000000e+08 2.562495750000000000e+08 3.994199840000000000e+08 6.215114980000000000e+08 9.632611740000000000e+08 1.489167454000000000e+09 2.298943565000000000e+09 3.519074868000000000e+09 5.360309712000000000e+09 8.080177891000000000e+09
1.808154000000000000e+06 2.846110000000000000e+06 4.469443000000000000e+06 7.021129000000000000e+06 1.102998400000000000e+07 1.733487000000000000e+07 2.724555400000000000e+07 4.268673000000000000e+07 6.674815500000000000e+07 1.042395830000000000e+08 1.622592150000000000e+08 2.518351590000000000e+08 3.901157580000000000e+08 6.024359600000000000e+08 9.265378950000000000e+08 1.417437319000000000e+09 2.152988151000000000e+09 3.236466954000000000e+09 4.759323306000000000e+09 6.916562161000000000e+09
1.696639000000000000e+06 2.672591000000000000e+06 4.214113000000000000e+06 6.646978000000000000e+06 1.049500400000000000e+07 1.655836700000000000e+07 2.613332700000000000e+07 4.124711300000000000e+07 6.510308400000000000e+07 1.027211710000000000e+08 1.623972960000000000e+08 2.571804520000000000e+08 4.068212750000000000e+08 6.439506940000000000e+08 1.020685074000000000e+09 1.616908625000000000e+09 2.563315655000000000e+09 4.073371673000000000e+09 6.484823114000000000e+09 1.031419678600000000e+10
1.399137000000000000e+06 2.204191000000000000e+06 3.484014000000000000e+06 5.502096000000000000e+06 8.699775000000000000e+06 1.376335400000000000e+07 2.174440200000000000e+07 3.444499700000000000e+07 5.454514000000000000e+07 8.646712400000000000e+07 1.370647710000000000e+08 2.170621800000000000e+08 3.433075360000000000e+08 5.425129990000000000e+08 8.555395380000000000e+08 1.344677207000000000e+09 2.118135314000000000e+09 3.349347868000000000e+09 5.308238810000000000e+09 8.399672917000000000e+09
2.147096000000000000e+06 3.382423000000000000e+06 5.336138000000000000e+06 8.413196000000000000e+06 1.325806700000000000e+07 2.089350600000000000e+07 3.290451700000000000e+07 5.184155700000000000e+07 8.165739200000000000e+07 1.283748720000000000e+08 2.016133800000000000e+08 3.157446160000000000e+08 4.927144370000000000e+08 7.658339750000000000e+08 1.188325553000000000e+09 1.837687152000000000e+09 2.835132910000000000e+09 4.358708225000000000e+09 6.622848207000000000e+09 1.001468844600000000e+10
1.706498000000000000e+06 2.683507000000000000e+06 4.219748000000000000e+06 6.637710000000000000e+06 1.046014300000000000e+07 1.647672100000000000e+07 2.597678200000000000e+07 4.089696200000000000e+07 6.434257000000000000e+07 1.013026210000000000e+08 1.593206800000000000e+08 2.503358040000000000e+08 3.934910700000000000e+08 6.184416940000000000e+08 9.729920460000000000e+08 1.526322218000000000e+09 2.381788477000000000e+09 3.690229839000000000e+09 5.656182685000000000e+09 8.540530182000000000e+09
1.552481000000000000e+06 2.441766000000000000e+06 3.834839000000000000e+06 6.044394000000000000e+06 9.513495000000000000e+06 1.499929600000000000e+07 2.366391500000000000e+07 3.723786100000000000e+07 5.866949600000000000e+07 9.256090100000000000e+07 1.457496000000000000e+08 2.294702050000000000e+08 3.603324460000000000e+08 5.650345660000000000e+08 8.811115040000000000e+08 1.366091717000000000e+09 2.111477187000000000e+09 3.249630584000000000e+09 4.970535872000000000e+09 7.473050768000000000e+09
1.386383000000000000e+06 2.176145000000000000e+06 3.420237000000000000e+06 5.384130000000000000e+06 8.497921000000000000e+06 1.345583000000000000e+07 2.133253100000000000e+07 3.358607800000000000e+07 5.303218200000000000e+07 8.389559200000000000e+07 1.324541600000000000e+08 2.094093400000000000e+08 3.305980150000000000e+08 5.228109920000000000e+08 8.286535880000000000e+08 1.317842024000000000e+09 2.100613845000000000e+09 3.354987858000000000e+09 5.354950747000000000e+09 8.555701896000000000e+09
1.529529000000000000e+06 2.406193000000000000e+06 3.788878000000000000e+06 5.969919000000000000e+06 9.410755000000000000e+06 1.482664100000000000e+07 2.336726200000000000e+07 3.678421400000000000e+07 5.786712700000000000e+07 9.101472700000000000e+07 1.428151070000000000e+08 2.239414470000000000e+08 3.504946020000000000e+08 5.472153240000000000e+08 8.520207700000000000e+08 1.319963782000000000e+09 2.039359268000000000e+09 3.128457665000000000e+09 4.761681675000000000e+09 7.133728175000000000e+09
1.330770000000000000e+06 2.097700000000000000e+06 3.303886000000000000e+06 5.212923000000000000e+06 8.235217000000000000e+06 1.303332300000000000e+07 2.066362800000000000e+07 3.263664600000000000e+07 5.161280300000000000e+07 8.166645700000000000e+07 1.291842420000000000e+08 2.045452890000000000e+08 3.242625170000000000e+08 5.130553890000000000e+08 8.127160080000000000e+08 1.289159467000000000e+09 2.049220860000000000e+09 3.270459079000000000e+09 5.225424438000000000e+09 8.337530294000000000e+09
1.726261000000000000e+06 2.723684000000000000e+06 4.303344000000000000e+06 6.783343000000000000e+06 1.070743700000000000e+07 1.692361200000000000e+07 2.674400300000000000e+07 4.226470700000000000e+07 6.681292300000000000e+07 1.056672570000000000e+08 1.670977050000000000e+08 2.640594650000000000e+08 4.185857210000000000e+08 6.649109700000000000e+08 1.055955105000000000e+09 1.679141149000000000e+09 2.672967497000000000e+09 4.257687237000000000e+09 6.770091845000000000e+09 1.069392124900000000e+10
1.517767000000000000e+06 2.395409000000000000e+06 3.784224000000000000e+06 5.980753000000000000e+06 9.465151000000000000e+06 1.498613500000000000e+07 2.373085700000000000e+07 3.755405500000000000e+07 5.946279500000000000e+07 9.416636500000000000e+07 1.488764870000000000e+08 2.351700090000000000e+08 3.713197160000000000e+08 5.875351700000000000e+08 9.301958240000000000e+08 1.475974994000000000e+09 2.347316867000000000e+09 3.727910458000000000e+09 5.910452813000000000e+09 9.347886566000000000e+09
2.116615000000000000e+06 3.316961000000000000e+06 5.199541000000000000e+06 8.161031000000000000e+06 1.281227700000000000e+07 2.011776900000000000e+07 3.157436100000000000e+07 4.944196400000000000e+07 7.731966900000000000e+07 1.210333830000000000e+08 1.894424060000000000e+08 2.966149780000000000e+08 4.636562580000000000e+08 7.267592600000000000e+08 1.138390552000000000e+09 1.776765124000000000e+09 2.745816844000000000e+09 4.227368747000000000e+09 6.474931240000000000e+09 9.825535342000000000e+09
1.689411000000000000e+06 2.659679000000000000e+06 4.197289000000000000e+06 6.622997000000000000e+06 1.046648800000000000e+07 1.652501100000000000e+07 2.611288300000000000e+07 4.130772500000000000e+07 6.533691800000000000e+07 1.033441860000000000e+08 1.636547570000000000e+08 2.589075720000000000e+08 4.098866910000000000e+08 6.482993280000000000e+08 1.024135949000000000e+09 1.615081342000000000e+09 2.550124948000000000e+09 4.036477638000000000e+09 6.389799641000000000e+09 1.011502030200000000e+10
2.026463000000000000e+06 3.197037000000000000e+06 5.042467000000000000e+06 7.950718000000000000e+06 1.254903700000000000e+07 1.980465300000000000e+07 3.127155800000000000e+07 4.933516000000000000e+07 7.789198800000000000e+07 1.231595130000000000e+08 1.948271200000000000e+08 3.083835970000000000e+08 4.875787430000000000e+08 7.711833180000000000e+08 1.216087246000000000e+09 1.914314250000000000e+09 3.008702037000000000e+09 4.703700687000000000e+09 7.336071798000000000e+09 1.145901590300000000e+10
2.058941000000000000e+06 3.245467000000000000e+06 5.118641000000000000e+06 8.074391000000000000e+06 1.274006700000000000e+07 2.013322200000000000e+07 3.182658900000000000e+07 5.032297900000000000e+07 7.951572500000000000e+07 1.257740440000000000e+08 1.991424490000000000e+08 3.155370050000000000e+08 4.997814400000000000e+08 7.934608400000000000e+08 1.263199316000000000e+09 2.010905486000000000e+09 3.196170938000000000e+09 5.098452492000000000e+09 8.163319090000000000e+09 1.295440170700000000e+10
2.173816000000000000e+06 3.421325000000000000e+06 5.384793000000000000e+06 8.485199000000000000e+06 1.337780300000000000e+07 2.115104500000000000e+07 3.344474900000000000e+07 5.267114100000000000e+07 8.301574800000000000e+07 1.309643000000000000e+08 2.061138740000000000e+08 3.241092970000000000e+08 5.079886820000000000e+08 7.926081850000000000e+08 1.235014104000000000e+09 1.915800602000000000e+09 2.958473507000000000e+09 4.545003456000000000e+09 6.890162384000000000e+09 1.022929665400000000e+10
1.423360000000000000e+06 2.244145000000000000e+06 3.539515000000000000e+06 5.579367000000000000e+06 8.819559000000000000e+06 1.390812800000000000e+07 2.194652100000000000e+07 3.462712000000000000e+07 5.471716600000000000e+07 8.658279200000000000e+07 1.371643670000000000e+08 2.177303710000000000e+08 3.456404410000000000e+08 5.483554460000000000e+08 8.709912890000000000e+08 1.383522653000000000e+09 2.194939182000000000e+09 3.469122893000000000e+09 5.478512263000000000e+09 8.711784795000000000e+09
1.333081000000000000e+06 2.103789000000000000e+06 3.322623000000000000e+06 5.241380000000000000e+06 8.295986000000000000e+06 1.312814500000000000e+07 2.076159400000000000e+07 3.283088000000000000e+07 5.188567800000000000e+07 8.213909000000000000e+07 1.300042660000000000e+08 2.061014870000000000e+08 3.274418820000000000e+08 5.213086700000000000e+08 8.290646070000000000e+08 1.314312188000000000e+09 2.084308073000000000e+09 3.314671034000000000e+09 5.262201862000000000e+09 8.366269333000000000e+09
2.106528000000000000e+06 3.316858000000000000e+06 5.229370000000000000e+06 8.248076000000000000e+06 1.300679900000000000e+07 2.048921500000000000e+07 3.232234000000000000e+07 5.097414000000000000e+07 8.040887700000000000e+07 1.270763570000000000e+08 2.011811050000000000e+08 3.187337560000000000e+08 5.051909180000000000e+08 8.007733590000000000e+08 1.268930938000000000e+09 2.008770687000000000e+09 3.185168286000000000e+09 5.066849234000000000e+09 8.062763917000000000e+09 1.275886593100000000e+10
2.440414000000000000e+06 3.832522000000000000e+06 6.026650000000000000e+06 9.485964000000000000e+06 1.492658300000000000e+07 2.352748700000000000e+07 3.702637900000000000e+07 5.826728100000000000e+07 9.166382100000000000e+07 1.439860950000000000e+08 2.262436400000000000e+08 3.550717390000000000e+08 5.558750300000000000e+08 8.713833110000000000e+08 1.364750290000000000e+09 2.129187562000000000e+09 3.308467535000000000e+09 5.096186511000000000e+09 7.842102414000000000e+09 1.209749605400000000e+10
2.099064000000000000e+06 3.293253000000000000e+06 5.192968000000000000e+06 8.186958000000000000e+06 1.289887200000000000e+07 2.032611500000000000e+07 3.203541800000000000e+07 5.047263800000000000e+07 7.956684000000000000e+07 1.255383540000000000e+08 1.980941020000000000e+08 3.123211150000000000e+08 4.926966820000000000e+08 7.761899030000000000e+08 1.221096620000000000e+09 1.915631172000000000e+09 2.991914162000000000e+09 4.651445536000000000e+09 7.203552419000000000e+09 1.106381908300000000e+10
1.537783000000000000e+06 2.424546000000000000e+06 3.825510000000000000e+06 6.046300000000000000e+06 9.557947000000000000e+06 1.510636600000000000e+07 2.390231100000000000e+07 3.785516300000000000e+07 5.990022100000000000e+07 9.466829900000000000e+07 1.498802580000000000e+08 2.373581020000000000e+08 3.755078630000000000e+08 5.925989810000000000e+08 9.342120160000000000e+08 1.469372098000000000e+09 2.303930328000000000e+09 3.600618906000000000e+09 5.632181278000000000e+09 8.869091372000000000e+09
1.615042000000000000e+06 2.539992000000000000e+06 3.991817000000000000e+06 6.278412000000000000e+06 9.885247000000000000e+06 1.555077200000000000e+07 2.454114600000000000e+07 3.856268900000000000e+07 6.053073500000000000e+07 9.493701600000000000e+07 1.483794730000000000e+08 2.315118250000000000e+08 3.596848540000000000e+08 5.578356240000000000e+08 8.636473800000000000e+08 1.332759000000000000e+09 2.053847297000000000e+09 3.159801297000000000e+09 4.819163207000000000e+09 7.221525297000000000e+09
1.816767000000000000e+06 2.846704000000000000e+06 4.478147000000000000e+06 7.045233000000000000e+06 1.106902400000000000e+07 1.747750800000000000e+07 2.761572600000000000e+07 4.346371500000000000e+07 6.841868600000000000e+07 1.077604010000000000e+08 1.696338880000000000e+08 2.671183500000000000e+08 4.206107200000000000e+08 6.592524260000000000e+08 1.029502535000000000e+09 1.604376647000000000e+09 2.482331348000000000e+09 3.795141524000000000e+09 5.735127238000000000e+09 8.530581152000000000e+09
1.957293000000000000e+06 3.078104000000000000e+06 4.854376000000000000e+06 7.643601000000000000e+06 1.203918000000000000e+07 1.899118100000000000e+07 2.997349600000000000e+07 4.714487300000000000e+07 7.421964700000000000e+07 1.170255560000000000e+08 1.841761420000000000e+08 2.893793390000000000e+08 4.532176550000000000e+08 7.084169500000000000e+08 1.102614773000000000e+09 1.713356526000000000e+09 2.658691184000000000e+09 4.095555416000000000e+09 6.257567682000000000e+09 9.464588103000000000e+09
2.376797000000000000e+06 3.740640000000000000e+06 5.891859000000000000e+06 9.292791000000000000e+06 1.463749400000000000e+07 2.303430700000000000e+07 3.625068000000000000e+07 5.707923200000000000e+07 8.993296300000000000e+07 1.414237740000000000e+08 2.220039350000000000e+08 3.481824810000000000e+08 5.478535010000000000e+08 8.675502060000000000e+08 1.378902594000000000e+09 2.188294897000000000e+09 3.462182812000000000e+09 5.490099854000000000e+09 8.745631576000000000e+09 1.397679358600000000e+10
1.058216000000000000e+06 1.661086000000000000e+06 2.615950000000000000e+06 4.121203000000000000e+06 6.504869000000000000e+06 1.027818200000000000e+07 1.628262800000000000e+07 2.577183600000000000e+07 4.077783200000000000e+07 6.459630800000000000e+07 1.022677670000000000e+08 1.614734640000000000e+08 2.553503450000000000e+08 4.038887560000000000e+08 6.392093680000000000e+08 1.013800387000000000e+09 1.603087750000000000e+09 2.526685527000000000e+09 3.966583810000000000e+09 6.114638674000000000e+09
1.300406000000000000e+06 2.045040000000000000e+06 3.211946000000000000e+06 5.050707000000000000e+06 7.938976000000000000e+06 1.248841700000000000e+07 1.965228200000000000e+07 3.089438200000000000e+07 4.861377800000000000e+07 7.674056700000000000e+07 1.211330920000000000e+08 1.915902130000000000e+08 3.029620630000000000e+08 4.796664850000000000e+08 7.587204700000000000e+08 1.196523579000000000e+09 1.890314451000000000e+09 2.985346520000000000e+09 4.725962497000000000e+09 7.525329896000000000e+09
2.480193000000000000e+06 3.885346000000000000e+06 6.099265000000000000e+06 9.593413000000000000e+06 1.508771900000000000e+07 2.373030900000000000e+07 3.731678500000000000e+07 5.865261200000000000e+07 9.221090600000000000e+07 1.452823820000000000e+08 2.288327610000000000e+08 3.600354110000000000e+08 5.650398740000000000e+08 8.863288020000000000e+08 1.389711307000000000e+09 2.169826149000000000e+09 3.375974026000000000e+09 5.223973060000000000e+09 8.004847754000000000e+09 1.209466056000000000e+10
1.873653000000000000e+06 2.958276000000000000e+06 4.664248000000000000e+06 7.359518000000000000e+06 1.161009500000000000e+07 1.831741900000000000e+07 2.889417600000000000e+07 4.557460200000000000e+07 7.184976700000000000e+07 1.133583590000000000e+08 1.789439460000000000e+08 2.822927660000000000e+08 4.458404760000000000e+08 7.073485940000000000e+08 1.125728375000000000e+09 1.793905649000000000e+09 2.859727902000000000e+09 4.540821721000000000e+09 7.252659903000000000e+09 1.157293353300000000e+10
2.170419000000000000e+06 3.415406000000000000e+06 5.382577000000000000e+06 8.471959000000000000e+06 1.337191200000000000e+07 2.109497100000000000e+07 3.327119800000000000e+07 5.241997700000000000e+07 8.247493100000000000e+07 1.298035190000000000e+08 2.042454730000000000e+08 3.212619750000000000e+08 5.063298340000000000e+08 8.037422160000000000e+08 1.279637686000000000e+09 2.038308534000000000e+09 3.248798291000000000e+09 5.166427804000000000e+09 8.240426493000000000e+09 1.316613056300000000e+10
6.840590000000000000e+05 1.066320000000000000e+06 1.670275000000000000e+06 2.612898000000000000e+06 4.086559000000000000e+06 6.399293000000000000e+06 1.004507100000000000e+07 1.565711500000000000e+07 2.435026500000000000e+07 3.787340200000000000e+07 5.867377000000000000e+07 9.083435500000000000e+07 1.392073890000000000e+08 2.112333370000000000e+08 3.172155080000000000e+08 4.684648070000000000e+08 6.904680100000000000e+08 1.020246010000000000e+09 1.506127860000000000e+09 2.283256485000000000e+09
2.209275000000000000e+06 3.484743000000000000e+06 5.504621000000000000e+06 8.690111000000000000e+06 1.372867900000000000e+07 2.169032400000000000e+07 3.426555700000000000e+07 5.417379400000000000e+07 8.568698500000000000e+07 1.356749550000000000e+08 2.150455800000000000e+08 3.416686320000000000e+08 5.435907350000000000e+08 8.643224770000000000e+08 1.372400753000000000e+09 2.177333411000000000e+09 3.447480346000000000e+09 5.438952445000000000e+09 8.553002919000000000e+09 1.341709199500000000e+10
1.744162000000000000e+06 2.748298000000000000e+06 4.332315000000000000e+06 6.833934000000000000e+06 1.079934200000000000e+07 1.705731900000000000e+07 2.695042500000000000e+07 4.257553300000000000e+07 6.717018800000000000e+07 1.060234460000000000e+08 1.672181890000000000e+08 2.632767810000000000e+08 4.143618060000000000e+08 6.524497940000000000e+08 1.025801051000000000e+09 1.609955149000000000e+09 2.525545631000000000e+09 3.961660481000000000e+09 6.211996235000000000e+09 9.698588134000000000e+09
1.745965000000000000e+06 2.752282000000000000e+06 4.347041000000000000e+06 6.854773000000000000e+06 1.081685900000000000e+07 1.708521600000000000e+07 2.700047800000000000e+07 4.260316600000000000e+07 6.722882900000000000e+07 1.061425850000000000e+08 1.674733100000000000e+08 2.644291670000000000e+08 4.184246780000000000e+08 6.633595480000000000e+08 1.052753032000000000e+09 1.671284603000000000e+09 2.645150330000000000e+09 4.152419463000000000e+09 6.474428177000000000e+09 1.007710790100000000e+10
1.504876000000000000e+06 2.371512000000000000e+06 3.747073000000000000e+06 5.906676000000000000e+06 9.329703000000000000e+06 1.474760800000000000e+07 2.334211200000000000e+07 3.692323100000000000e+07 5.840160600000000000e+07 9.254179500000000000e+07 1.466592740000000000e+08 2.331132570000000000e+08 3.707841000000000000e+08 5.896474730000000000e+08 9.370304240000000000e+08 1.491769887000000000e+09 2.375510653000000000e+09 3.770498302000000000e+09 5.964430600000000000e+09 9.392757190000000000e+09
1.358548000000000000e+06 2.134369000000000000e+06 3.370932000000000000e+06 5.320007000000000000e+06 8.408177000000000000e+06 1.328655700000000000e+07 2.099811400000000000e+07 3.318873400000000000e+07 5.244445500000000000e+07 8.282817200000000000e+07 1.308736480000000000e+08 2.066475990000000000e+08 3.256782020000000000e+08 5.122304130000000000e+08 8.047990310000000000e+08 1.264433885000000000e+09 1.989389520000000000e+09 3.118967318000000000e+09 4.891736561000000000e+09 7.646474433000000000e+09
1.916297000000000000e+06 3.004999000000000000e+06 4.717431000000000000e+06 7.408586000000000000e+06 1.163432300000000000e+07 1.830949200000000000e+07 2.882545500000000000e+07 4.513128100000000000e+07 7.049853600000000000e+07 1.097423350000000000e+08 1.700054430000000000e+08 2.617906750000000000e+08 4.009051030000000000e+08 6.103395110000000000e+08 9.200715860000000000e+08 1.369697976000000000e+09 1.997686173000000000e+09 2.824081245000000000e+09 3.755081888000000000e+09 4.523350990000000000e+09
1.362179000000000000e+06 2.149649000000000000e+06 3.387514000000000000e+06 5.333198000000000000e+06 8.406593000000000000e+06 1.324060200000000000e+07 2.086081600000000000e+07 3.278797200000000000e+07 5.158936700000000000e+07 8.115375600000000000e+07 1.277103200000000000e+08 2.011850710000000000e+08 3.171921990000000000e+08 5.010563560000000000e+08 7.903209720000000000e+08 1.243800826000000000e+09 1.965486136000000000e+09 3.103848982000000000e+09 4.924551912000000000e+09 7.846365504000000000e+09
2.387856000000000000e+06 3.754826000000000000e+06 5.919025000000000000e+06 9.321728000000000000e+06 1.469553700000000000e+07 2.319610200000000000e+07 3.660317400000000000e+07 5.780594500000000000e+07 9.133232200000000000e+07 1.446236030000000000e+08 2.290038910000000000e+08 3.625131370000000000e+08 5.745133180000000000e+08 9.096642900000000000e+08 1.440454775000000000e+09 2.281649305000000000e+09 3.600497291000000000e+09 5.657730592000000000e+09 8.861707547000000000e+09 1.389343683200000000e+10
2.466100000000000000e+06 3.873357000000000000e+06 6.091277000000000000e+06 9.594663000000000000e+06 1.512742900000000000e+07 2.386701300000000000e+07 3.765023100000000000e+07 5.939654000000000000e+07 9.367480300000000000e+07 1.476957630000000000e+08 2.326161440000000000e+08 3.658050810000000000e+08 5.751751960000000000e+08 9.047722920000000000e+08 1.425501483000000000e+09 2.239550574000000000e+09 3.502441464000000000e+09 5.464636778000000000e+09 8.489329678000000000e+09 1.304505690500000000e+10
1.542397000000000000e+06 2.403896000000000000e+06 3.751484000000000000e+06 5.866302000000000000e+06 9.158557000000000000e+06 1.439843000000000000e+07 2.267431300000000000e+07 3.527104800000000000e+07 5.471842200000000000e+07 8.506279700000000000e+07 1.310983550000000000e+08 2.014263250000000000e+08 3.065598700000000000e+08 4.634713700000000000e+08 6.964740770000000000e+08 1.029684247000000000e+09 1.490792908000000000e+09 2.074401021000000000e+09 2.688636151000000000e+09 3.310580032000000000e+09
1.967760000000000000e+06 3.101151000000000000e+06 4.883380000000000000e+06 7.718187000000000000e+06 1.220176500000000000e+07 1.927537500000000000e+07 3.047759600000000000e+07 4.816524600000000000e+07 7.611657100000000000e+07 1.202329720000000000e+08 1.900185070000000000e+08 3.001338590000000000e+08 4.744153410000000000e+08 7.510005300000000000e+08 1.189066344000000000e+09 1.881186169000000000e+09 2.969331998000000000e+09 4.685648370000000000e+09 7.416245473000000000e+09 1.175686243400000000e+10
1.935641000000000000e+06 3.050211000000000000e+06 4.809451000000000000e+06 7.584763000000000000e+06 1.196412600000000000e+07 1.889023600000000000e+07 2.988018400000000000e+07 4.708163000000000000e+07 7.421609100000000000e+07 1.171056070000000000e+08 1.845299790000000000e+08 2.905732250000000000e+08 4.559987410000000000e+08 7.120827340000000000e+08 1.106342233000000000e+09 1.709192203000000000e+09 2.615608602000000000e+09 3.960273927000000000e+09 5.909804731000000000e+09 8.605466664000000000e+09
1.609017000000000000e+06 2.541552000000000000e+06 4.005374000000000000e+06 6.316028000000000000e+06 9.966320000000000000e+06 1.575237200000000000e+07 2.488757700000000000e+07 3.925829600000000000e+07 6.195901700000000000e+07 9.776928500000000000e+07 1.542156010000000000e+08 2.430410550000000000e+08 3.822950530000000000e+08 6.028944020000000000e+08 9.525298750000000000e+08 1.506130933000000000e+09 2.385178265000000000e+09 3.767584294000000000e+09 5.931356066000000000e+09 9.409473082000000000e+09
2.343892000000000000e+06 3.699471000000000000e+06 5.834053000000000000e+06 9.220008000000000000e+06 1.456546200000000000e+07 2.301792400000000000e+07 3.641134500000000000e+07 5.764163000000000000e+07 9.117899400000000000e+07 1.442621210000000000e+08 2.284881160000000000e+08 3.621559500000000000e+08 5.736837160000000000e+08 9.081722410000000000e+08 1.437722293000000000e+09 2.273413321000000000e+09 3.593703136000000000e+09 5.684477573000000000e+09 8.974146527000000000e+09 1.404341887800000000e+10
1.409667000000000000e+06 2.212914000000000000e+06 3.476089000000000000e+06 5.457793000000000000e+06 8.569118000000000000e+06 1.350752800000000000e+07 2.131019400000000000e+07 3.341019200000000000e+07 5.250556400000000000e+07 8.265345400000000000e+07 1.298501040000000000e+08 2.043450960000000000e+08 3.209348580000000000e+08 5.024196090000000000e+08 7.850982020000000000e+08 1.219148534000000000e+09 1.881073394000000000e+09 2.870181028000000000e+09 4.302719742000000000e+09 6.278787702000000000e+09
1.507004000000000000e+06 2.364054000000000000e+06 3.719141000000000000e+06 5.856826000000000000e+06 9.232805000000000000e+06 1.456051100000000000e+07 2.295371900000000000e+07 3.617833500000000000e+07 5.696703000000000000e+07 8.977797100000000000e+07 1.414914880000000000e+08 2.229540200000000000e+08 3.514318900000000000e+08 5.528564460000000000e+08 8.690977050000000000e+08 1.365058371000000000e+09 2.144418098000000000e+09 3.373026931000000000e+09 5.310275520000000000e+09 8.362262705000000000e+09
2.026589000000000000e+06 3.172495000000000000e+06 4.980356000000000000e+06 7.826061000000000000e+06 1.229208300000000000e+07 1.931504900000000000e+07 3.034335800000000000e+07 4.761743400000000000e+07 7.468686800000000000e+07 1.174238450000000000e+08 1.844778100000000000e+08 2.893580560000000000e+08 4.535642140000000000e+08 7.093645880000000000e+08 1.108980993000000000e+09 1.727361275000000000e+09 2.685781331000000000e+09 4.160192378000000000e+09 6.396976614000000000e+09 9.730866546000000000e+09
2.055338000000000000e+06 3.235902000000000000e+06 5.101312000000000000e+06 8.049432000000000000e+06 1.267536400000000000e+07 1.999295600000000000e+07 3.150880500000000000e+07 4.965115100000000000e+07 7.816564500000000000e+07 1.230133230000000000e+08 1.932387130000000000e+08 3.034168100000000000e+08 4.762180260000000000e+08 7.483128940000000000e+08 1.173889281000000000e+09 1.844851548000000000e+09 2.913052924000000000e+09 4.581466547000000000e+09 7.115882042000000000e+09 1.107073067800000000e+10
1.649264000000000000e+06 2.598197000000000000e+06 4.081827000000000000e+06 6.433090000000000000e+06 1.015224500000000000e+07 1.603778900000000000e+07 2.536235100000000000e+07 3.994908900000000000e+07 6.295498700000000000e+07 9.910120400000000000e+07 1.556243690000000000e+08 2.437578920000000000e+08 3.811562630000000000e+08 5.941453020000000000e+08 9.221670950000000000e+08 1.422267954000000000e+09 2.178934969000000000e+09 3.291532652000000000e+09 4.883251976000000000e+09 7.141311507000000000e+09
1.408827000000000000e+06 2.214270000000000000e+06 3.479272000000000000e+06 5.472631000000000000e+06 8.600194000000000000e+06 1.354045800000000000e+07 2.135792700000000000e+07 3.348786100000000000e+07 5.249864600000000000e+07 8.239366400000000000e+07 1.287426350000000000e+08 2.006967260000000000e+08 3.110462940000000000e+08 4.787426320000000000e+08 7.312754600000000000e+08 1.109098890000000000e+09 1.671160485000000000e+09 2.508872840000000000e+09 3.777923625000000000e+09 5.745735064000000000e+09
1.560740000000000000e+06 2.459136000000000000e+06 3.870719000000000000e+06 6.093488000000000000e+06 9.613747000000000000e+06 1.515460300000000000e+07 2.387479900000000000e+07 3.752584000000000000e+07 5.901601400000000000e+07 9.294101400000000000e+07 1.465319120000000000e+08 2.311216040000000000e+08 3.647050280000000000e+08 5.770328300000000000e+08 9.166475670000000000e+08 1.457813919000000000e+09 2.302168549000000000e+09 3.609958864000000000e+09 5.644544976000000000e+09 8.713032640000000000e+09
2.609318000000000000e+06 4.112462000000000000e+06 6.486831000000000000e+06 1.024589800000000000e+07 1.617498500000000000e+07 2.557225800000000000e+07 4.041239200000000000e+07 6.385247600000000000e+07 1.010475420000000000e+08 1.599891010000000000e+08 2.533893610000000000e+08 4.009765030000000000e+08 6.337635630000000000e+08 9.993585330000000000e+08 1.570031086000000000e+09 2.462381313000000000e+09 3.864763226000000000e+09 6.066011027000000000e+09 9.526325401000000000e+09 1.492941925800000000e+10
1.656578000000000000e+06 2.608663000000000000e+06 4.112840000000000000e+06 6.493859000000000000e+06 1.024278000000000000e+07 1.617815100000000000e+07 2.554240600000000000e+07 4.032117100000000000e+07 6.367717400000000000e+07 1.006620790000000000e+08 1.593979370000000000e+08 2.520953300000000000e+08 3.978502400000000000e+08 6.267064480000000000e+08 9.875717230000000000e+08 1.561522996000000000e+09 2.469126141000000000e+09 3.892733975000000000e+09 6.133916572000000000e+09 9.588393453000000000e+09
2.233085000000000000e+06 3.519950000000000000e+06 5.559621000000000000e+06 8.777558000000000000e+06 1.386794600000000000e+07 2.193957500000000000e+07 3.469948100000000000e+07 5.486712700000000000e+07 8.681046500000000000e+07 1.373834420000000000e+08 2.176818520000000000e+08 3.451036570000000000e+08 5.475297530000000000e+08 8.688477150000000000e+08 1.381581914000000000e+09 2.194668642000000000e+09 3.493775854000000000e+09 5.575297385000000000e+09 8.908193464000000000e+09 1.426807142700000000e+10
1.650670000000000000e+06 2.601751000000000000e+06 4.095985000000000000e+06 6.477814000000000000e+06 1.022180600000000000e+07 1.613115700000000000e+07 2.546182200000000000e+07 4.016862700000000000e+07 6.341751300000000000e+07 1.001080480000000000e+08 1.580585490000000000e+08 2.493445840000000000e+08 3.936456210000000000e+08 6.246216940000000000e+08 9.937880690000000000e+08 1.581524378000000000e+09 2.518141971000000000e+09 4.015069373000000000e+09 6.410336934000000000e+09 1.022960999900000000e+10
1.162278000000000000e+06 1.822302000000000000e+06 2.857506000000000000e+06 4.492860000000000000e+06 7.049765000000000000e+06 1.108991700000000000e+07 1.746100400000000000e+07 2.737852400000000000e+07 4.301324100000000000e+07 6.778556800000000000e+07 1.069997210000000000e+08 1.690465110000000000e+08 2.672148830000000000e+08 4.235662830000000000e+08 6.733938140000000000e+08 1.076198399000000000e+09 1.722847203000000000e+09 2.751396860000000000e+09 4.419119183000000000e+09 7.093083968000000000e+09
1.346225000000000000e+06 2.125336000000000000e+06 3.351889000000000000e+06 5.298286000000000000e+06 8.388118000000000000e+06 1.327160800000000000e+07 2.100010100000000000e+07 3.325657400000000000e+07 5.260637100000000000e+07 8.332053800000000000e+07 1.319456480000000000e+08 2.089737250000000000e+08 3.313386690000000000e+08 5.263882590000000000e+08 8.371252430000000000e+08 1.332851904000000000e+09 2.124357598000000000e+09 3.403422307000000000e+09 5.472672665000000000e+09 8.815007130000000000e+09
7.535650000000000000e+05 1.178708000000000000e+06 1.841072000000000000e+06 2.892152000000000000e+06 4.548864000000000000e+06 7.157358000000000000e+06 1.127032600000000000e+07 1.770357600000000000e+07 2.783661500000000000e+07 4.355816900000000000e+07 6.797662100000000000e+07 1.061120080000000000e+08 1.653676210000000000e+08 2.560056870000000000e+08 3.938822610000000000e+08 6.038454960000000000e+08 9.177805500000000000e+08 1.370244572000000000e+09 1.994902702000000000e+09 2.846813549000000000e+09
1.338587000000000000e+06 2.108840000000000000e+06 3.321066000000000000e+06 5.236513000000000000e+06 8.255652000000000000e+06 1.301267800000000000e+07 2.048705900000000000e+07 3.224750000000000000e+07 5.075178800000000000e+07 7.988018300000000000e+07 1.254424030000000000e+08 1.964022950000000000e+08 3.075729280000000000e+08 4.831810410000000000e+08 7.610745560000000000e+08 1.199102743000000000e+09 1.887915441000000000e+09 2.980940710000000000e+09 4.690319483000000000e+09 7.360070921000000000e+09
1.031629000000000000e+06 1.619059000000000000e+06 2.546989000000000000e+06 4.003990000000000000e+06 6.290734000000000000e+06 9.906626000000000000e+06 1.558288600000000000e+07 2.448188200000000000e+07 3.837412500000000000e+07 6.004709700000000000e+07 9.369292900000000000e+07 1.453467390000000000e+08 2.239493860000000000e+08 3.429055450000000000e+08 5.224994590000000000e+08 7.908827160000000000e+08 1.183893121000000000e+09 1.767496700000000000e+09 2.678508789000000000e+09 4.290370284000000000e+09
2.589744000000000000e+06 4.076824000000000000e+06 6.424321000000000000e+06 1.014277600000000000e+07 1.601948900000000000e+07 2.530514000000000000e+07 3.996558800000000000e+07 6.306460900000000000e+07 9.952027500000000000e+07 1.571251590000000000e+08 2.482632720000000000e+08 3.924609320000000000e+08 6.202377620000000000e+08 9.810241360000000000e+08 1.552291158000000000e+09 2.454956420000000000e+09 3.885471150000000000e+09 6.138612801000000000e+09 9.705089410000000000e+09 1.530905621200000000e+10
1.404055000000000000e+06 2.209535000000000000e+06 3.489613000000000000e+06 5.513539000000000000e+06 8.710231000000000000e+06 1.377197300000000000e+07 2.179290100000000000e+07 3.448767000000000000e+07 5.454672600000000000e+07 8.639768900000000000e+07 1.367772970000000000e+08 2.168267730000000000e+08 3.440451830000000000e+08 5.449880440000000000e+08 8.620545910000000000e+08 1.362529821000000000e+09 2.150591631000000000e+09 3.387949499000000000e+09 5.365602877000000000e+09 8.521324691000000000e+09
1.595107000000000000e+06 2.509424000000000000e+06 3.958777000000000000e+06 6.236380000000000000e+06 9.840950000000000000e+06 1.551838800000000000e+07 2.449845700000000000e+07 3.857179600000000000e+07 6.078076800000000000e+07 9.589252000000000000e+07 1.514515070000000000e+08 2.392561860000000000e+08 3.776332650000000000e+08 5.952743160000000000e+08 9.364455130000000000e+08 1.466244255000000000e+09 2.296573630000000000e+09 3.596229636000000000e+09 5.605403722000000000e+09 8.796182008000000000e+09
1.443542000000000000e+06 2.267489000000000000e+06 3.574720000000000000e+06 5.614803000000000000e+06 8.845492000000000000e+06 1.394006600000000000e+07 2.200778400000000000e+07 3.466476400000000000e+07 5.456603300000000000e+07 8.601621200000000000e+07 1.352710620000000000e+08 2.124373340000000000e+08 3.333596610000000000e+08 5.198195530000000000e+08 8.081576580000000000e+08 1.252671445000000000e+09 1.931998097000000000e+09 2.962418250000000000e+09 4.498120454000000000e+09 6.660441222000000000e+09
1.941524000000000000e+06 3.049190000000000000e+06 4.797664000000000000e+06 7.541584000000000000e+06 1.187517800000000000e+07 1.871216900000000000e+07 2.947815800000000000e+07 4.631262600000000000e+07 7.279204200000000000e+07 1.145321680000000000e+08 1.803623600000000000e+08 2.843556670000000000e+08 4.472953250000000000e+08 7.023112950000000000e+08 1.099283148000000000e+09 1.712151135000000000e+09 2.641713383000000000e+09 4.047858816000000000e+09 6.180197175000000000e+09 9.388149836000000000e+09
2.412984000000000000e+06 3.811883000000000000e+06 6.022722000000000000e+06 9.522163000000000000e+06 1.505204200000000000e+07 2.380628800000000000e+07 3.768055500000000000e+07 5.955859300000000000e+07 9.422986700000000000e+07 1.491119610000000000e+08 2.357932390000000000e+08 3.730282230000000000e+08 5.899525400000000000e+08 9.338462360000000000e+08 1.476586454000000000e+09 2.331530010000000000e+09 3.683832569000000000e+09 5.814804882000000000e+09 9.182251480000000000e+09 1.448785331700000000e+10
1.184715000000000000e+06 1.854854000000000000e+06 2.923389000000000000e+06 4.593964000000000000e+06 7.244643000000000000e+06 1.139980800000000000e+07 1.798046100000000000e+07 2.836669300000000000e+07 4.478636200000000000e+07 7.060297700000000000e+07 1.109727420000000000e+08 1.742813290000000000e+08 2.730201030000000000e+08 4.278523780000000000e+08 6.697861890000000000e+08 1.049355448000000000e+09 1.640271696000000000e+09 2.576790407000000000e+09 4.065667142000000000e+09 6.381338196000000000e+09
1.150067000000000000e+06 1.807018000000000000e+06 2.833998000000000000e+06 4.449760000000000000e+06 7.007705000000000000e+06 1.104042500000000000e+07 1.740958600000000000e+07 2.739434900000000000e+07 4.313147900000000000e+07 6.788918100000000000e+07 1.067134550000000000e+08 1.673785950000000000e+08 2.618285870000000000e+08 4.096847040000000000e+08 6.373107260000000000e+08 9.847277830000000000e+08 1.520649611000000000e+09 2.333875863000000000e+09 3.542815066000000000e+09 5.323200635000000000e+09
1.645946000000000000e+06 2.594961000000000000e+06 4.089283000000000000e+06 6.466086000000000000e+06 1.021043000000000000e+07 1.612606100000000000e+07 2.548215500000000000e+07 4.024751000000000000e+07 6.356804200000000000e+07 1.005316860000000000e+08 1.591319230000000000e+08 2.522585620000000000e+08 3.999605290000000000e+08 6.352786510000000000e+08 1.010059709000000000e+09 1.608116293000000000e+09 2.564021804000000000e+09 4.093931390000000000e+09 6.510690231000000000e+09 1.031548297100000000e+10
1.706174000000000000e+06 2.687780000000000000e+06 4.248434000000000000e+06 6.726789000000000000e+06 1.062612300000000000e+07 1.678975400000000000e+07 2.654503800000000000e+07 4.200479800000000000e+07 6.643360600000000000e+07 1.051605330000000000e+08 1.664766540000000000e+08 2.633920480000000000e+08 4.166075230000000000e+08 6.574506940000000000e+08 1.038016762000000000e+09 1.642695731000000000e+09 2.604423870000000000e+09 4.139300973000000000e+09 6.598173362000000000e+09 1.050477119700000000e+10
1.904984000000000000e+06 2.994548000000000000e+06 4.711660000000000000e+06 7.419245000000000000e+06 1.169405300000000000e+07 1.842176700000000000e+07 2.907807200000000000e+07 4.564447600000000000e+07 7.171000700000000000e+07 1.125418440000000000e+08 1.763278110000000000e+08 2.758888390000000000e+08 4.291864050000000000e+08 6.655802850000000000e+08 1.024696274000000000e+09 1.563701555000000000e+09 2.357637505000000000e+09 3.502420333000000000e+09 5.084396257000000000e+09 7.137378683000000000e+09
1.741155000000000000e+06 2.735143000000000000e+06 4.306784000000000000e+06 6.785456000000000000e+06 1.071244700000000000e+07 1.694482900000000000e+07 2.680337100000000000e+07 4.220965600000000000e+07 6.662573400000000000e+07 1.053696160000000000e+08 1.663160790000000000e+08 2.624796210000000000e+08 4.130712210000000000e+08 6.482543820000000000e+08 1.013798796000000000e+09 1.576262510000000000e+09 2.431088166000000000e+09 3.715501428000000000e+09 5.640990543000000000e+09 8.457659143000000000e+09
1.844180000000000000e+06 2.910033000000000000e+06 4.587863000000000000e+06 7.239120000000000000e+06 1.142646500000000000e+07 1.805433300000000000e+07 2.852473300000000000e+07 4.508756300000000000e+07 7.127322300000000000e+07 1.127565720000000000e+08 1.785827410000000000e+08 2.830785120000000000e+08 4.486914800000000000e+08 7.113953960000000000e+08 1.128444681000000000e+09 1.793156912000000000e+09 2.844299902000000000e+09 4.510972602000000000e+09 7.127751160000000000e+09 1.123119639100000000e+10
8.162990000000000000e+05 1.277755000000000000e+06 2.003789000000000000e+06 3.150548000000000000e+06 4.954653000000000000e+06 7.823334000000000000e+06 1.236575300000000000e+07 1.947106800000000000e+07 3.071621400000000000e+07 4.857687800000000000e+07 7.665289500000000000e+07 1.212222580000000000e+08 1.915259830000000000e+08 3.030217400000000000e+08 4.809202100000000000e+08 7.630622770000000000e+08 1.218274648000000000e+09 1.963002349000000000e+09 3.150695467000000000e+09 5.023058486000000000e+09
1.777659000000000000e+06 2.800587000000000000e+06 4.404405000000000000e+06 6.945342000000000000e+06 1.096282000000000000e+07 1.735632500000000000e+07 2.753441400000000000e+07 4.351803600000000000e+07 6.878876400000000000e+07 1.088110850000000000e+08 1.719008550000000000e+08 2.721171230000000000e+08 4.309845820000000000e+08 6.819224320000000000e+08 1.079176065000000000e+09 1.706806339000000000e+09 2.701276415000000000e+09 4.293914562000000000e+09 6.849986258000000000e+09 1.092425142400000000e+10
2.190054000000000000e+06 3.454589000000000000e+06 5.437701000000000000e+06 8.570766000000000000e+06 1.352204500000000000e+07 2.134898500000000000e+07 3.374619500000000000e+07 5.318484800000000000e+07 8.384728000000000000e+07 1.321272510000000000e+08 2.079640810000000000e+08 3.272416810000000000e+08 5.142238100000000000e+08 8.062184920000000000e+08 1.258743221000000000e+09 1.951583763000000000e+09 3.011782793000000000e+09 4.606953806000000000e+09 6.956871695000000000e+09 1.028493886800000000e+10
9.850060000000000000e+05 1.542132000000000000e+06 2.421235000000000000e+06 3.805640000000000000e+06 5.974510000000000000e+06 9.400267000000000000e+06 1.477984700000000000e+07 2.316030000000000000e+07 3.624708300000000000e+07 5.668763000000000000e+07 8.840768800000000000e+07 1.373356010000000000e+08 2.127275640000000000e+08 3.277046710000000000e+08 5.010444120000000000e+08 7.586167560000000000e+08 1.140174095000000000e+09 1.711993757000000000e+09 2.525004771000000000e+09 3.675788500000000000e+09
1.800042000000000000e+06 2.834258000000000000e+06 4.471124000000000000e+06 7.055209000000000000e+06 1.113664500000000000e+07 1.760564400000000000e+07 2.783470100000000000e+07 4.401599200000000000e+07 6.964979900000000000e+07 1.102733390000000000e+08 1.746562780000000000e+08 2.765430260000000000e+08 4.375269280000000000e+08 6.918918260000000000e+08 1.094337059000000000e+09 1.729620836000000000e+09 2.731505436000000000e+09 4.296774689000000000e+09 6.724126471000000000e+09 1.046969969700000000e+10
1.232343000000000000e+06 1.933813000000000000e+06 3.033958000000000000e+06 4.776381000000000000e+06 7.514895000000000000e+06 1.186174500000000000e+07 1.872168500000000000e+07 2.950858600000000000e+07 4.649456000000000000e+07 7.323133500000000000e+07 1.150215010000000000e+08 1.806484130000000000e+08 2.829247510000000000e+08 4.414167940000000000e+08 6.841459900000000000e+08 1.052621591000000000e+09 1.606361867000000000e+09 2.425244385000000000e+09 3.599055825000000000e+09 5.238755625000000000e+09
1.905538000000000000e+06 2.988229000000000000e+06 4.686601000000000000e+06 7.353258000000000000e+06 1.158096900000000000e+07 1.820804600000000000e+07 2.868694800000000000e+07 4.515447900000000000e+07 7.093646900000000000e+07 1.115073300000000000e+08 1.751119600000000000e+08 2.743822090000000000e+08 4.284985160000000000e+08 6.679119840000000000e+08 1.033959853000000000e+09 1.591385081000000000e+09 2.431785740000000000e+09 3.703840964000000000e+09 5.607003464000000000e+09 8.414296789000000000e+09
1.961210000000000000e+06 3.098157000000000000e+06 4.888793000000000000e+06 7.715759000000000000e+06 1.218605200000000000e+07 1.924431500000000000e+07 3.038625400000000000e+07 4.799623800000000000e+07 7.578791400000000000e+07 1.196822600000000000e+08 1.889799180000000000e+08 2.987387820000000000e+08 4.732972380000000000e+08 7.506956080000000000e+08 1.186442992000000000e+09 1.866845017000000000e+09 2.939043593000000000e+09 4.637948262000000000e+09 7.325121524000000000e+09 1.153521950800000000e+10
1.606929000000000000e+06 2.532827000000000000e+06 3.989475000000000000e+06 6.282651000000000000e+06 9.912609000000000000e+06 1.562129400000000000e+07 2.460458900000000000e+07 3.878761700000000000e+07 6.100439300000000000e+07 9.592314100000000000e+07 1.507191190000000000e+08 2.365606720000000000e+08 3.702017510000000000e+08 5.785943470000000000e+08 9.007675660000000000e+08 1.396984756000000000e+09 2.161848056000000000e+09 3.349551889000000000e+09 5.191526603000000000e+09 8.126735384000000000e+09
2.010995000000000000e+06 3.163793000000000000e+06 4.990756000000000000e+06 7.870630000000000000e+06 1.241207000000000000e+07 1.959583000000000000e+07 3.090840700000000000e+07 4.880571400000000000e+07 7.703642600000000000e+07 1.216367230000000000e+08 1.919713070000000000e+08 3.027358350000000000e+08 4.778069870000000000e+08 7.555408220000000000e+08 1.195143856000000000e+09 1.893057415000000000e+09 2.999032172000000000e+09 4.743496763000000000e+09 7.497584705000000000e+09 1.187059285300000000e+10
1.512061000000000000e+06 2.385119000000000000e+06 3.763850000000000000e+06 5.941761000000000000e+06 9.377653000000000000e+06 1.481258700000000000e+07 2.340465000000000000e+07 3.701551700000000000e+07 5.854917400000000000e+07 9.259508400000000000e+07 1.464604840000000000e+08 2.319187580000000000e+08 3.675147020000000000e+08 5.820520030000000000e+08 9.218165930000000000e+08 1.457750292000000000e+09 2.308295199000000000e+09 3.664658663000000000e+09 5.811990065000000000e+09 9.173694006000000000e+09
1.629624000000000000e+06 2.566100000000000000e+06 4.050078000000000000e+06 6.381132000000000000e+06 1.005889000000000000e+07 1.587690900000000000e+07 2.503920500000000000e+07 3.949488000000000000e+07 6.238394300000000000e+07 9.868988700000000000e+07 1.561041960000000000e+08 2.470457340000000000e+08 3.907487160000000000e+08 6.183840700000000000e+08 9.779693900000000000e+08 1.547647364000000000e+09 2.456524021000000000e+09 3.902606381000000000e+09 6.181675180000000000e+09 9.771184563000000000e+09
1.400271000000000000e+06 2.208628000000000000e+06 3.487090000000000000e+06 5.508073000000000000e+06 8.708211000000000000e+06 1.375549600000000000e+07 2.174459400000000000e+07 3.436960600000000000e+07 5.428077300000000000e+07 8.577028700000000000e+07 1.356674640000000000e+08 2.145187610000000000e+08 3.389257140000000000e+08 5.353366150000000000e+08 8.453655230000000000e+08 1.332208743000000000e+09 2.094341926000000000e+09 3.292162711000000000e+09 5.162753513000000000e+09 8.075619609000000000e+09
1.673924000000000000e+06 2.627747000000000000e+06 4.138161000000000000e+06 6.526349000000000000e+06 1.028285400000000000e+07 1.621064800000000000e+07 2.560995600000000000e+07 4.030750000000000000e+07 6.341036500000000000e+07 9.977197200000000000e+07 1.567256950000000000e+08 2.460072510000000000e+08 3.850630440000000000e+08 6.009184950000000000e+08 9.335027540000000000e+08 1.444233657000000000e+09 2.213543829000000000e+09 3.349433406000000000e+09 4.998902731000000000e+09 7.379625827000000000e+09
1.318678000000000000e+06 2.066256000000000000e+06 3.246189000000000000e+06 5.111932000000000000e+06 8.053744000000000000e+06 1.270601700000000000e+07 2.005619300000000000e+07 3.167009100000000000e+07 5.006830100000000000e+07 7.929435100000000000e+07 1.254104280000000000e+08 1.986472370000000000e+08 3.149826970000000000e+08 4.990691720000000000e+08 7.901340010000000000e+08 1.250323911000000000e+09 1.975728338000000000e+09 3.113993226000000000e+09 4.917810918000000000e+09 7.770763910000000000e+09
1.825169000000000000e+06 2.875670000000000000e+06 4.536220000000000000e+06 7.150147000000000000e+06 1.127119300000000000e+07 1.776995900000000000e+07 2.801917200000000000e+07 4.413149200000000000e+07 6.958165400000000000e+07 1.097123700000000000e+08 1.727095590000000000e+08 2.714659010000000000e+08 4.261102620000000000e+08 6.675959030000000000e+08 1.041266597000000000e+09 1.617868743000000000e+09 2.504071539000000000e+09 3.854842561000000000e+09 5.881788262000000000e+09 8.817393420000000000e+09
1.590408000000000000e+06 2.510201000000000000e+06 3.957764000000000000e+06 6.240576000000000000e+06 9.848776000000000000e+06 1.554425600000000000e+07 2.452985600000000000e+07 3.872857500000000000e+07 6.111003700000000000e+07 9.653935400000000000e+07 1.526531770000000000e+08 2.414152240000000000e+08 3.818808280000000000e+08 6.049209870000000000e+08 9.589659580000000000e+08 1.518920152000000000e+09 2.408327384000000000e+09 3.815025597000000000e+09 6.022270558000000000e+09 9.412738490000000000e+09
1.362780000000000000e+06 2.140133000000000000e+06 3.370101000000000000e+06 5.310861000000000000e+06 8.344540000000000000e+06 1.315537800000000000e+07 2.078735700000000000e+07 3.271497700000000000e+07 5.150072200000000000e+07 8.119367400000000000e+07 1.278906260000000000e+08 2.015093390000000000e+08 3.175027440000000000e+08 4.998231040000000000e+08 7.847445260000000000e+08 1.226853917000000000e+09 1.908132920000000000e+09 2.959148170000000000e+09 4.588903343000000000e+09 7.133164491000000000e+09
