# gx (sum of gx from all patches except for one, different each time)
-5.777699212829518286e-07 -2.472737954673658315e-06 9.529176900876321466e-07 -3.215690141999944946e-07 7.871198246425773721e-07 2.379881594295405399e-07 6.932574675496698271e-07 3.580894004773940090e-07 -1.485253015453526289e-07 2.004368379639701083e-07 -2.156291670064839066e-07 7.785040378935032619e-08 -1.785797968150717500e-07 -4.921285801432716369e-07 -4.685381242367453477e-07 -6.151758336166286089e-07 -4.583354218707123616e-07 -5.820747957854257530e-07 -4.793113016923279146e-07 -2.152713136938435377e-07
-9.180518144128979174e-07 -2.419480205457051738e-06 8.830301662515738740e-07 -2.916620327336562820e-07 8.502079507740464106e-07 4.086118379379081449e-07 6.755493336821678838e-07 4.032389980997695437e-07 -1.721005585468628656e-07 2.016683530308930780e-07 -1.536673126869543767e-07 8.691734725753088957e-08 -1.362449492790487183e-07 -4.537295694713174003e-07 -4.197028972087884399e-07 -6.146957027557792208e-07 -4.581094557941929134e-07 -5.206579687187287828e-07 -4.114045935389105543e-07 -1.954368825569227074e-07
-6.081884267602185318e-07 -2.345525958144269790e-06 9.013303236870479503e-07 -3.184696538508257267e-07 6.833350843477960537e-07 2.409591716165485777e-07 6.012703138493175612e-07 3.943250701115849653e-07 -6.188388320260384805e-08 2.480357273772243767e-07 -1.573732572892877927e-07 1.016145569466091655e-07 -2.201236679130316396e-07 -5.455611958369796885e-07 -4.807609010887907161e-07 -6.699908719649658366e-07 -5.088640071668545804e-07 -5.688844410937921291e-07 -4.547028884884285881e-07 -2.192530190765214866e-07
-6.848761026619696127e-07 -2.543757791223575183e-06 9.443893772141574755e-07 -3.717375429536936085e-07 7.323902273255869565e-07 2.784265193471368239e-07 7.199842939122323300e-07 3.335161980795684325e-07 -1.468564400178186975e-07 2.353299424540101941e-07 -1.634566235012036767e-07 9.510473447667405599e-08 -1.785442785585982868e-07 -5.166828634026092134e-07 -4.770287888646524781e-07 -6.443824126153595546e-07 -4.587973825818851499e-07 -5.328631913454564614e-07 -4.117668497854360152e-07 -1.680382210370921749e-07
-6.248127361084334188e-07 -2.419506179993655145e-06 9.145264408805261925e-07 -3.462345205892018180e-07 7.658173718320666727e-07 2.783897409858234281e-07 6.531028489842468845e-07 3.527578216593617075e-07 -1.227408653136648902e-07 1.922248762797146207e-07 -1.839550840857015450e-07 3.536632897037359611e-08 -2.039089407057685481e-07 -5.289402605221869847e-07 -4.914125390292855584e-07 -6.501974946409550729e-07 -4.681713074879463714e-07 -5.165576466903315860e-07 -3.964907477395734063e-07 -1.780220109117895036e-07
-5.518902724987942319e-07 -2.314985971703326080e-06 9.125261505612119921e-07 -3.053550376513848260e-07 7.287546805818045318e-07 2.690925393704302535e-07 6.851009523080991019e-07 3.917520713001547994e-07 -1.376909050397687376e-07 2.497168709300647981e-07 -1.949654603280749718e-07 5.736996397839136099e-08 -1.889655487506508956e-07 -5.079423994691444457e-07 -5.011608828350071364e-07 -6.534778697254190782e-07 -4.782057175838982644e-07 -5.608277596443650650e-07 -4.315188996747562580e-07 -1.877894610846572568e-07
-7.584275796211459908e-07 -2.350217136438707875e-06 9.227197264086103401e-07 -2.415372163534415870e-07 9.037447290342968604e-07 2.579134900833549957e-07 6.444963242259705367e-07 4.026035888616616934e-07 -1.189130261022840483e-07 2.599955300945896879e-07 -1.549582219712982504e-07 9.926038007532712188e-08 -1.595889349215106081e-07 -5.188069264201481853e-07 -4.757364069452403653e-07 -6.460591208607881140e-07 -4.755533228471557936e-07 -5.502642305568721732e-07 -4.312085130454173380e-07 -1.889862338814078145e-07
-6.413946042776649439e-07 -2.495890901492480656e-06 9.932118231959520527e-07 -3.296829192122380004e-07 7.417265840411263164e-07 2.388515689691056630e-07 6.413464213668823119e-07 3.837697667016257124e-07 -7.564912521570384345e-08 3.091003809530112054e-07 -1.213285767225615197e-07 1.319360804950858575e-07 -1.735823420580045204e-07 -5.197097531360197175e-07 -4.615701469818348230e-07 -6.273949818568712594e-07 -4.479523864654937959e-07 -5.241376495113195668e-07 -4.025556155402075454e-07 -1.618876822019945787e-07
-5.131758790840615349e-07 -2.311425004420881011e-06 1.125057222774086124e-06 -2.887191413136472623e-07 8.242883628330708982e-07 2.785326335637233647e-07 6.892370125774395226e-07 3.248115855373228018e-07 -1.107269244070360432e-07 2.192837840841160666e-07 -2.043768756016417593e-07 6.873931643852137024e-08 -1.931031076528757339e-07 -4.989124849749783027e-07 -4.828340329211058241e-07 -6.605592579139007837e-07 -4.662087026601270742e-07 -5.308625453021246326e-07 -4.174675943929066081e-07 -1.872488591119343215e-07
-7.553290262413475743e-07 -2.472933812902086185e-06 9.826076616685231568e-07 -3.241066665141246843e-07 7.375181650212816663e-07 3.114072209733426405e-07 6.994691108377861038e-07 4.212786820774400479e-07 -1.011076961368340601e-07 2.728473839930346872e-07 -1.428805172847842185e-07 1.134465863100828309e-07 -1.551636859704490303e-07 -4.719014117918247362e-07 -4.387573662914017473e-07 -5.781649940665614313e-07 -3.902172782738185231e-07 -4.700135964358252714e-07 -3.555727247953800130e-07 -1.043925898302522900e-07
-8.545207455001581395e-07 -2.519897611086084933e-06 1.047550590180523106e-06 -2.908397054551720182e-07 7.922330518025628148e-07 2.543689894522906123e-07 7.072915403922691143e-07 3.972847648795126286e-07 -9.815881875487961453e-08 2.409333035283544213e-07 -1.281367485973413890e-07 9.084722699220993960e-08 -1.918476801115235497e-07 -4.879708539715208157e-07 -4.658433904425505841e-07 -6.416596547780259195e-07 -4.614909112645747721e-07 -5.474007215899991183e-07 -4.366060182614945271e-07 -1.742594661038524814e-07
-7.427522107072985309e-07 -2.520030160081516484e-06 1.080824855883489188e-06 -3.750966021108088229e-07 8.008723539571809096e-07 2.391607700786620103e-07 5.973165625956803939e-07 3.602545992454726033e-07 -1.122850615198723598e-07 2.574872887641845692e-07 -1.285110148331157224e-07 5.545755397966820772e-08 -1.939182457644169188e-07 -5.289221888024787463e-07 -4.848335967784634092e-07 -6.651876848498475374e-07 -4.835164137368770959e-07 -5.385117654952332902e-07 -4.227247742401586916e-07 -1.812044240652264226e-07
-5.651879287731048068e-07 -2.517556834918681508e-06 1.063556135711848274e-06 -2.934518751840592497e-07 6.336001242648165748e-07 2.332705521824137474e-07 6.201625072026766185e-07 3.074548588843585760e-07 -2.234596347258048106e-07 1.765784337709542913e-07 -2.798956497714249378e-07 5.047900276155667430e-08 -1.823349085237236824e-07 -5.020084959094408790e-07 -5.028727072611689262e-07 -6.351035428917027121e-07 -4.813453759182720283e-07 -5.993098826531553442e-07 -4.417658823068900511e-07 -1.630848750762757974e-07
-6.137025526956984302e-07 -2.415621033026276831e-06 8.702974474427438117e-07 -3.854135550590978988e-07 7.786019897947362456e-07 2.759193424012234603e-07 6.489472423689625740e-07 3.544808689571608960e-07 -1.165392259377658504e-07 2.627511516268951061e-07 -1.727184429755274620e-07 6.996035528632523694e-08 -1.939953350827010498e-07 -5.185352302697642091e-07 -4.859871971998393411e-07 -6.467024191869853561e-07 -4.720707280586811837e-07 -5.427066075239953807e-07 -4.219223345504842293e-07 -1.817368562022496188e-07
-6.914696983612435115e-07 -2.510609515026266115e-06 9.549498865362750561e-07 -3.467495974795971208e-07 7.896044954272806119e-07 2.451831742330348062e-07 6.123130456753206708e-07 3.693196024706568878e-07 -5.398572379233123413e-08 2.872428701819794749e-07 -1.603835133736204583e-07 7.257617922628351679e-08 -1.688366846096390037e-07 -5.342223886644623099e-07 -4.769435094536927682e-07 -6.604503025430837486e-07 -4.958252031607467659e-07 -5.468152371021277180e-07 -4.597691035956666778e-07 -2.201064403720146275e-07
-7.471733352035419781e-07 -2.400814086187143474e-06 9.140995607183087728e-07 -3.877228170441717441e-07 8.047763322275018457e-07 3.597257426839932051e-07 7.524431035308575309e-07 4.422019439142837995e-07 -1.049864731744953845e-07 2.440775703097503391e-07 -1.248125546159479241e-07 8.758533771481171763e-08 -1.503007855166364217e-07 -4.852349985328657104e-07 -4.738630496713650160e-07 -6.618062218176642748e-07 -4.640756225510216249e-07 -5.246028486399393014e-07 -4.183997804873515603e-07 -1.684776277200281970e-07
-6.325853697335763364e-07 -2.528697567557959019e-06 9.104374925695996400e-07 -3.568747824664398957e-07 6.984483643367088897e-07 2.637334513959757447e-07 6.655768086886233566e-07 4.093291400057218966e-07 -9.684435693818721628e-08 2.313899650085551269e-07 -1.252584563681977135e-07 7.256882137713102247e-08 -1.911136457746203745e-07 -5.279401601790802874e-07 -5.116765379488455906e-07 -6.688280895088206230e-07 -4.713739328430929083e-07 -5.208594492020837770e-07 -3.914420930380949746e-07 -1.480109746630805780e-07
-6.361757627068971715e-07 -2.443456615524972644e-06 1.007931493757519263e-06 -4.047934869008863026e-07 7.062518976283841110e-07 3.130748085940353837e-07 6.650435062415413353e-07 4.133070910581934091e-07 -1.119447479609135984e-07 2.590533864268612290e-07 -1.653323874735772213e-07 1.062133548316738973e-07 -1.862731158093694784e-07 -4.852534863867655937e-07 -4.529478432209330331e-07 -6.138316869188896237e-07 -4.429242708616669001e-07 -5.344816881557034900e-07 -4.246825648228037800e-07 -1.767385517777008829e-07
-7.419370829000952084e-07 -2.431393288040191215e-06 9.421771379383539258e-07 -3.155971382602458318e-07 7.238309080332056523e-07 3.061701957830236871e-07 6.441549116373971977e-07 3.505669547259196868e-07 -1.390410594284634998e-07 2.309889647540479001e-07 -1.671002504659199896e-07 8.250182650092968398e-08 -1.616715567209942569e-07 -4.839659612440242875e-07 -4.576707833447510679e-07 -6.363831467230776314e-07 -4.815616917623491593e-07 -5.569358105961770499e-07 -4.307013694909693617e-07 -1.817927685275038738e-07
-7.081190295514363841e-07 -2.308375242447660698e-06 1.047805588817968593e-06 -3.540205994745338954e-07 7.626442388679976210e-07 3.473745196631776707e-07 6.816803541720392345e-07 3.346515601315556416e-07 -1.519545044897928450e-07 2.642536349032503131e-07 -1.373931262309188619e-07 1.037507567689330705e-07 -1.658032844940771937e-07 -4.917524203503979260e-07 -4.740864383706713337e-07 -6.244638694723732551e-07 -3.900036761240579993e-07 -5.008883434036193571e-07 -3.856712083693382609e-07 -1.199505212040348806e-07
-6.885581004283254066e-07 -2.458778997699018611e-06 1.050825278832241599e-06 -2.485055488766615676e-07 8.264352156306352867e-07 2.573210505876006533e-07 6.854310841116541150e-07 3.860502437362932632e-07 -1.171499927711767107e-07 2.370768772235587588e-07 -2.256029446432644486e-07 2.799420867053234358e-08 -1.993464460955494130e-07 -5.299145437101634615e-07 -5.146851624923070746e-07 -6.636144756526154650e-07 -4.728489208666450973e-07 -5.431914026027042678e-07 -4.356173625724602214e-07 -1.781187088007575600e-07
-5.412352191675939017e-07 -2.371731865486171883e-06 1.005348221692444608e-06 -3.755094887821537186e-07 7.879283273399503816e-07 3.666787003140015666e-07 6.407549142396201167e-07 3.218705100289460871e-07 -2.123795445055904856e-07 2.118311545343092985e-07 -1.963463820698456877e-07 1.000811880777540263e-07 -1.548185804846778011e-07 -4.745681330114670237e-07 -4.482717426542110809e-07 -6.300208154340852391e-07 -4.575534046018783494e-07 -5.236806949266993781e-07 -4.212448814967055759e-07 -1.936024074113029826e-07
-6.133669134075393854e-07 -2.383096952854093873e-06 9.724485514827793858e-07 -4.134469949460389105e-07 7.210945057030795295e-07 3.537493549684639483e-07 7.530891742954603886e-07 4.052311290345077009e-07 -1.112509029159391006e-07 2.553751433989641761e-07 -1.476380194451526376e-07 9.935786188945350281e-08 -1.714329545667006328e-07 -4.971619832086893634e-07 -4.663244964062463320e-07 -6.487359329228348104e-07 -4.568144308867559883e-07 -5.422916449504661012e-07 -4.355955314127219894e-07 -2.160831069499087556e-07
-5.191672435371187465e-07 -2.416418340589436141e-06 8.383546054038590243e-07 -3.725773540573957486e-07 8.633516681637506070e-07 2.849136080018116316e-07 7.444112084549866275e-07 3.681372926890164992e-07 -1.351781585124347485e-07 1.854281682183665084e-07 -2.032364753246233489e-07 7.009916313215832246e-08 -1.406953278450695499e-07 -4.783276819131903242e-07 -4.820858660624281116e-07 -6.224609905272303851e-07 -4.406805710922471880e-07 -5.235845949642144193e-07 -4.426802302515178356e-07 -2.070948257885523794e-07
-5.634634882441401917e-07 -2.474900293175272204e-06 9.501993972408346096e-07 -3.199302868185733933e-07 8.346584238738272276e-07 2.690021655124582735e-07 6.582415229472839144e-07 4.037137025308620596e-07 -1.058382401263780386e-07 2.674787455758562067e-07 -1.185685916127161119e-07 1.191237459685945663e-07 -1.673360449075236574e-07 -5.090355892384575070e-07 -4.994781389259565575e-07 -6.800033615435969104e-07 -4.824526765359366997e-07 -5.477355756378069639e-07 -4.208034528721873753e-07 -1.625425090316479773e-07
-5.713637428196738069e-07 -2.383258200177831288e-06 8.904744361118712448e-07 -4.214353803879364479e-07 8.004770521643192882e-07 2.652807570131020084e-07 6.228996508835653726e-07 3.523240984333243313e-07 -1.706990573028893275e-07 2.298519600015754544e-07 -2.271228063566280811e-07 5.156882276461557566e-08 -1.770221426765559935e-07 -5.000101830540589835e-07 -4.666780275154881948e-07 -6.388526823109874264e-07 -4.855712919199518937e-07 -5.564359212210776623e-07 -4.093568225491567849e-07 -1.784691593402549374e-07
-5.511639652195185972e-07 -2.446905707452766086e-06 9.331063867926924899e-07 -2.556119717653379432e-07 8.294197888039922884e-07 3.438567620948625187e-07 6.392582376517945846e-07 3.841192653981303223e-07 -1.465829654045230719e-07 2.478170365650996716e-07 -1.987187650329007602e-07 4.809518476055751464e-08 -2.135546498059643756e-07 -5.467438040388252035e-07 -4.943345232492458530e-07 -6.747997285634832155e-07 -4.789268545675489049e-07 -5.698598790316062733e-07 -4.388471271383826276e-07 -1.771278566952878451e-07
-7.257177603563943437e-07 -2.347947217576414041e-06 9.302700778253567317e-07 -3.555279414540224215e-07 6.776221211080103261e-07 2.778176520021434052e-07 6.990835424689813058e-07 4.387004615842892651e-07 -8.924825104672883913e-08 2.834996828817398860e-07 -1.586116894992676901e-07 1.047362775863074889e-07 -1.616472769949502448e-07 -4.870598228647122302e-07 -4.330896139869749080e-07 -6.199040155213071072e-07 -4.416358749056993403e-07 -4.700760756356220874e-07 -3.360982315197049930e-07 -7.697028218350698570e-08
-6.163611830359549056e-07 -2.353234784309394612e-06 9.237894394593871199e-07 -3.530821863524202052e-07 7.012337130301444821e-07 2.331250861671566439e-07 7.062590967582733993e-07 3.940396401146353920e-07 -1.520110501440188347e-07 2.200230977188093300e-07 -1.894458999133055648e-07 1.060479274176599002e-07 -1.806294369406377797e-07 -4.772091452331885857e-07 -4.596119813080822515e-07 -6.436055716101336658e-07 -4.760782872826717213e-07 -5.259271523860877194e-07 -4.189047523041807595e-07 -1.546937327784621388e-07
-6.267679182222834267e-07 -2.314348768173719151e-06 9.281823567885754056e-07 -2.928248576549413206e-07 7.725088445877004852e-07 2.383972348197983919e-07 6.554883148756353180e-07 3.955521233020068876e-07 -1.016467662807914039e-07 2.558276073927887488e-07 -1.688704318732346718e-07 6.282351543432304721e-08 -1.737106437777233000e-07 -5.047692587169497512e-07 -4.827457163181665151e-07 -6.638442072506090523e-07 -4.881333806577691489e-07 -5.527195673960835710e-07 -4.326290733861466529e-07 -1.788134085215474336e-07
-6.043993354994365748e-07 -2.299703764507860495e-06 9.426633227096941040e-07 -3.419311764075674483e-07 7.896512970809868053e-07 2.894057279458488762e-07 6.573100583756743583e-07 3.886816735797647149e-07 -1.100115817077470031e-07 2.216481616445272506e-07 -2.106182293164707235e-07 3.475480099113528599e-08 -2.502332363769758485e-07 -5.307126984527897854e-07 -4.959503037290124897e-07 -6.558059134797563825e-07 -4.890000162446827811e-07 -5.415126279528857911e-07 -4.641455263126054571e-07 -2.100781183776483042e-07
-9.818612531481342283e-07 -2.493584970243604606e-06 9.498834713231028065e-07 -2.718600412864366223e-07 7.548117645813798705e-07 3.167991230833308627e-07 7.084581259831805832e-07 3.165606001746712993e-07 -1.714693336354636007e-07 1.933357200575852123e-07 -2.191969861475597861e-07 5.571617935617749484e-08 -2.482187426790919080e-07 -5.437579387180040787e-07 -4.989190057390262018e-07 -6.670851690901382007e-07 -4.730331628344720608e-07 -5.657452180850430191e-07 -4.413502973360159950e-07 -1.730791490272705918e-07
-7.604882978883473686e-07 -2.428842182360552978e-06 9.057263858661912050e-07 -2.869857494432160669e-07 8.036217573819109165e-07 3.159827721370149888e-07 6.682872203110218538e-07 3.698329016720926504e-07 -1.309519904185943225e-07 2.216950518534805362e-07 -1.881743819706371106e-07 4.862173364539856186e-08 -1.976746451586682871e-07 -5.174483628810585836e-07 -4.833843344965790241e-07 -6.472637758069922400e-07 -4.908772170252692975e-07 -5.617147554825329737e-07 -4.380435931237842641e-07 -1.753161844420244467e-07
-8.432270848279987647e-07 -2.401888015192373539e-06 9.938913902595590864e-07 -2.380054368373976954e-07 7.988795900152595756e-07 2.478190379187342389e-07 5.906408585075175672e-07 3.767974329546574179e-07 -1.451935626258518087e-07 2.507241608785681563e-07 -1.782145344823309889e-07 6.703167522441282957e-08 -2.131468518141992883e-07 -5.288488719353234876e-07 -4.701615306792271052e-07 -6.369657870474673914e-07 -4.597220589887927956e-07 -5.372671053854615330e-07 -4.284145340558194634e-07 -1.821298839617400575e-07
-7.551509128203205011e-07 -2.363994700036336427e-06 1.036291555629489581e-06 -3.471877606909798865e-07 7.538502444444099464e-07 2.889524314372020716e-07 6.339664212829625187e-07 2.984589449317220753e-07 -1.523741025189102088e-07 1.425743348309056887e-07 -2.533401927542718536e-07 7.873731769906903395e-09 -2.056811335122550399e-07 -5.224646707183801115e-07 -4.865943349866944032e-07 -6.139446033452612953e-07 -4.627594324243518071e-07 -5.302975594109701852e-07 -4.232334605997279833e-07 -1.877902248695119655e-07
-4.946834850998328077e-07 -2.313944601028454266e-06 8.289331603218680995e-07 -4.342319784045741896e-07 7.407396130550320217e-07 1.428946925736829524e-07 7.134033509555515243e-07 3.149063246311061552e-07 -2.164536684534565742e-07 1.847552702249148182e-07 -1.987126667306294909e-07 2.544691085488242201e-08 -2.482625625939217186e-07 -4.966531068326979547e-07 -4.664764983681788922e-07 -6.369321930682707372e-07 -4.661803224388606470e-07 -5.208635950267139745e-07 -3.703193598563510517e-07 -1.086075806647553487e-07
-6.144134733482540552e-07 -2.412653051357845425e-06 8.214288631349910807e-07 -3.976997429616781534e-07 6.638459361421289325e-07 3.376586010028517761e-07 6.349078124472210244e-07 3.875698934641616189e-07 -1.338856646741080847e-07 2.585822177018066325e-07 -1.485751898324299298e-07 6.038636939255999761e-08 -2.112148986988563151e-07 -5.274811989138684133e-07 -4.899065083356263856e-07 -6.478606729474690666e-07 -4.794435299829133907e-07 -5.325541084925091734e-07 -4.131119407198964991e-07 -1.610349190798294238e-07
-7.586237530288000812e-07 -2.273388705066786554e-06 9.294362107802593344e-07 -2.861700869825655991e-07 7.555472800998163666e-07 2.292302351869471072e-07 6.647651316326700934e-07 3.912853196124027217e-07 -1.028292254934870028e-07 2.833926519433940952e-07 -1.497004408276439182e-07 7.969109998669497933e-08 -1.786574028234314185e-07 -4.872663382804416494e-07 -4.678473841547743438e-07 -6.517490216206681485e-07 -4.689537928687723306e-07 -5.543875048607060988e-07 -4.261411118003319806e-07 -1.706229686838941849e-07
-7.501246043091086017e-07 -2.484989660166165951e-06 8.333674647035280590e-07 -3.337552097800280654e-07 7.491336214185437994e-07 2.425537542653935512e-07 6.252962000123922514e-07 3.341008573510520034e-07 -1.454105457799115102e-07 2.463430509657925454e-07 -1.208248439588393751e-07 1.184932394584329132e-07 -1.822811045593308973e-07 -5.094349956432169583e-07 -4.840028816876523838e-07 -6.420514790654515331e-07 -4.612828636162395720e-07 -5.342583025016210134e-07 -4.388189844461140173e-07 -1.713556418336230234e-07
-7.350222947022235958e-07 -2.489690058915155361e-06 1.007425817075622925e-06 -3.550697333708958753e-07 7.439894172330715277e-07 2.693044544737344826e-07 6.682576669211131586e-07 4.134737109994326709e-07 -9.636603160327801182e-08 2.293317464484328579e-07 -2.242606958610010012e-07 5.438418026735801907e-08 -1.905125536067009273e-07 -5.030536984542381094e-07 -4.580960994203209787e-07 -6.272850580606756373e-07 -4.431015267668055539e-07 -5.240076811356247950e-07 -4.138843371199693068e-07 -1.712340214095853294e-07
-6.698936940516634294e-07 -2.464811474927766629e-06 9.534851480839337375e-07 -3.908506682859000601e-07 9.320599829225021373e-07 3.751639588932257733e-07 7.111148799014257336e-07 4.121215669489475048e-07 -1.265153164716540970e-07 1.958141121727340971e-07 -1.516069442785263477e-07 6.500675845251201613e-08 -1.478804538042227111e-07 -4.825347694733777647e-07 -4.868659775413327044e-07 -6.611190140299680820e-07 -4.773898698071671992e-07 -5.136540739550379083e-07 -3.417619813705721471e-07 -8.325688468562530525e-08
-4.164533830636386871e-07 -2.389199158532666459e-06 9.439393332658098806e-07 -2.999099905804427807e-07 6.536956098597897302e-07 1.341165893726021177e-07 5.827406049863518242e-07 3.328500395584663999e-07 -1.409404331476799023e-07 2.385444422617505287e-07 -1.604249841433830411e-07 8.060475457167816036e-08 -1.216256687072853422e-07 -4.779527420562311380e-07 -4.413325194442826784e-07 -6.259767361550816901e-07 -4.375033537531616129e-07 -5.167435165966368288e-07 -4.686112067052057962e-07 -2.136416599118123152e-07
-6.791536023321157226e-07 -2.421285154996823255e-06 9.699417085515797195e-07 -3.076420294471130336e-07 7.979614935547440018e-07 2.756661588125427904e-07 6.429472818918467145e-07 3.744317381995552481e-07 -1.379220846709633281e-07 2.165459007429384414e-07 -1.694545286612273626e-07 7.508424064567128179e-08 -2.178789675580627880e-07 -5.420857789293440519e-07 -4.868840934226280955e-07 -6.555883848308379127e-07 -4.862430626899959324e-07 -5.515948681598037319e-07 -4.318450493007865669e-07 -1.857317753106454584e-07
-6.123446284065079947e-07 -2.465130293844698951e-06 8.651068204166541843e-07 -3.376299275071064888e-07 7.284145945131176150e-07 2.793771974444725460e-07 6.721013833291012353e-07 4.123450552172664045e-07 -9.003875992876810855e-08 2.341273323565631804e-07 -1.914911920276125451e-07 8.542934195594215037e-08 -1.610600031209339100e-07 -4.901750491786488829e-07 -4.572813043202878218e-07 -6.200532378897822631e-07 -4.349147305095785419e-07 -5.235909514124087490e-07 -4.278365115250807477e-07 -1.814021979134412819e-07
-6.500837849543869323e-07 -2.428348066541369444e-06 1.042570989547977469e-06 -3.402586458940011482e-07 7.524894914899131531e-07 3.050017171484550967e-07 6.434300899254733237e-07 3.359479094914534650e-07 -1.855864696446551625e-07 1.952537883334647824e-07 -2.070021039249093874e-07 5.502924814132311507e-08 -2.336267990844300111e-07 -5.603834346048827534e-07 -4.960055669367792266e-07 -6.520574034957189712e-07 -4.593842243297711531e-07 -5.333783739912471389e-07 -4.141310589808236968e-07 -1.305780281036596691e-07
-6.262824634682782024e-07 -2.216383835757574396e-06 1.083796073891510805e-06 -2.031329152165076358e-07 7.776744244875075451e-07 3.151322612981666482e-07 6.947532637525405741e-07 3.487759271620202759e-07 -1.034189980852906861e-07 2.637502921577883313e-07 -1.579771619968388377e-07 7.645075745290922440e-08 -1.973225865890225622e-07 -5.141233404405619991e-07 -5.095020667146729647e-07 -6.616278629571733852e-07 -4.726744667235023612e-07 -5.271083129055064682e-07 -4.163863968102246417e-07 -1.765985236751949188e-07
-5.091076277086152223e-07 -2.267452756851596797e-06 9.353132791854865159e-07 -3.651668860659069059e-07 6.653037450254470281e-07 2.496467581598637121e-07 6.806957782219762449e-07 3.306117368453210056e-07 -1.283946826959989694e-07 2.468459329038044608e-07 -1.525628213510219944e-07 9.974465742432176107e-08 -2.008408894568808757e-07 -5.105574723352624452e-07 -4.878986124463463035e-07 -6.561915395371966322e-07 -4.804181857062059810e-07 -5.497594791777090841e-07 -4.285302678022956338e-07 -1.744886955968286794e-07
-7.070213311661888683e-07 -2.578722110566843266e-06 9.230473481017347039e-07 -3.455784479674716416e-07 7.864696754215590994e-07 2.608119571608425264e-07 6.461841922448284076e-07 3.509678154395215719e-07 -1.069343344690438366e-07 2.733608066714451542e-07 -1.465425924896241060e-07 6.469932157014260391e-08 -2.122891828354622135e-07 -5.742342339929552606e-07 -5.386917798871908417e-07 -6.831729554273980232e-07 -4.836779059722815100e-07 -5.737272880959612084e-07 -4.665400103146729291e-07 -1.844844761254819016e-07
-7.822594719477859860e-07 -2.331243424427290206e-06 1.105455745557130545e-06 -3.378127279974657583e-07 7.979845463370971721e-07 2.973431587258803509e-07 6.714647872534197700e-07 3.755045362147312008e-07 -1.091554898680343358e-07 2.810047653914322041e-07 -1.676627579671011935e-07 1.028725100840531110e-07 -1.591756171562869581e-07 -5.214010536927161489e-07 -4.921706951189318158e-07 -6.519271674349918993e-07 -4.776503464380790644e-07 -5.421730874332607059e-07 -4.150605071381119498e-07 -1.803529593137934508e-07
-7.442850844929387754e-07 -2.423689265904846017e-06 1.043960406304969795e-06 -3.016847725537791672e-07 7.331910833550046114e-07 3.069627958400359966e-07 6.835072095281571217e-07 3.632084278939466010e-07 -9.813338571324233595e-08 2.697764976575322707e-07 -1.853585095720523876e-07 6.306820771005676366e-08 -2.107192460172565375e-07 -5.466580492591609166e-07 -4.991962588282217235e-07 -6.626765197333551709e-07 -4.746524085141949821e-07 -5.368023869621833330e-07 -4.316919127682911998e-07 -1.818185843875759870e-07
-6.975160683522512960e-07 -2.473090561015262312e-06 8.660591968232121136e-07 -3.721109026050004339e-07 6.949666440666971057e-07 2.488017262876039148e-07 6.394006026352385343e-07 3.678859160793746659e-07 -1.071803314287858330e-07 2.449507722023498458e-07 -1.837356923914761482e-07 8.790654418723499965e-08 -1.755055106057874084e-07 -4.988253711048191798e-07 -4.720446975769442385e-07 -6.603591692095025566e-07 -4.754510286986899058e-07 -5.458632890715300912e-07 -4.435775967657479799e-07 -1.933701030061799459e-07
-8.698936814205478099e-07 -2.330399760906868770e-06 8.117776473244548271e-07 -3.866351073256189055e-07 7.577158150772697840e-07 2.373116874955713733e-07 6.130824336464199891e-07 3.688844308728817799e-07 -1.296010678035851352e-07 2.449842130215681557e-07 -1.693495985710845042e-07 1.256934859820388801e-07 -1.304438929738225880e-07 -4.776205504786210437e-07 -4.919484342799108701e-07 -6.282545493799323553e-07 -4.454329322341119993e-07 -5.029348742621618484e-07 -3.500442050920184666e-07 -9.582272707474130002e-08
-7.119422268736319881e-07 -2.331184465829457111e-06 1.069205074785960232e-06 -1.608813637494317922e-07 7.818904776331841855e-07 3.351907704612610159e-07 6.527626236257951038e-07 3.187934122282763854e-07 -1.638371616576228690e-07 2.412861847378693923e-07 -1.629618199232387600e-07 6.694367163110504992e-08 -2.190158703105442604e-07 -5.402484890126279461e-07 -5.201236557028603678e-07 -6.559957454715155756e-07 -4.751070091027736046e-07 -5.465075522042554856e-07 -4.444603464410685666e-07 -1.863308294786231049e-07
-6.446155929338234988e-07 -2.435466002444710442e-06 9.102330721154735583e-07 -3.797298404498349270e-07 8.721098492529114651e-07 3.066119850728624803e-07 6.626975263559595052e-07 3.872769592385710030e-07 -7.943072316661908945e-08 2.932837149378984223e-07 -1.447887874187532983e-07 1.135048635047191026e-07 -1.729096270245167877e-07 -4.970468282879646283e-07 -4.597939920104376083e-07 -6.641193423842137105e-07 -4.781796940876000013e-07 -5.348493518929249043e-07 -4.419990560876339534e-07 -1.827187890841756317e-07
-6.800175560777885402e-07 -2.412045746656920296e-06 8.228723085690113399e-07 -3.768551110731774537e-07 7.166654986095701709e-07 2.143011760901408335e-07 6.498425614560189543e-07 4.013664720738220055e-07 -1.317859400375565214e-07 2.168494005045025711e-07 -1.960821803602195672e-07 8.470621445351721561e-08 -1.928890712039622452e-07 -5.227291348557708380e-07 -4.895533507840354165e-07 -6.578685467500609300e-07 -4.844262841036499633e-07 -5.425260936843367548e-07 -4.146736140537374914e-07 -1.601203382018143238e-07
-7.351438994810096415e-07 -2.460371491788133039e-06 9.827020747362135466e-07 -2.797173121198886822e-07 7.455645697267593685e-07 2.855002580896856931e-07 6.430906564345345929e-07 3.484190790444082301e-07 -1.370275000224766949e-07 2.322913981073452661e-07 -1.663869900624771334e-07 7.132636358809003153e-08 -1.897580488822738982e-07 -5.372788148150235093e-07 -4.954787160765403734e-07 -6.702209937121224936e-07 -4.867495610449931560e-07 -5.260915564137146093e-07 -4.277875673307024776e-07 -1.864587305543115316e-07
-7.442118367701085462e-07 -2.480669083737658971e-06 9.021796674578824588e-07 -2.870195113632467027e-07 7.723824013255802076e-07 2.635607198462540738e-07 6.361793275576118645e-07 3.522879090055368147e-07 -1.182107303655511491e-07 2.583468690445598144e-07 -1.626381870740883509e-07 8.337349651182888389e-08 -1.405609888303832639e-07 -4.590579504261582743e-07 -4.189751151345446968e-07 -5.747130038209098459e-07 -3.888735212851445110e-07 -4.669357429236856010e-07 -4.025654703663926407e-07 -1.734386483380219599e-07
-7.374655888487885639e-07 -2.523242330742540279e-06 8.535437945461979764e-07 -3.225474771385683891e-07 7.881504493027314423e-07 2.831835451441630691e-07 6.473415761070124199e-07 3.428374976881441158e-07 -1.053229289084537809e-07 2.259450410097994755e-07 -1.666566248262488438e-07 8.711167066878260605e-08 -1.659882629266560175e-07 -5.042138184908233190e-07 -4.656838044491564322e-07 -6.100588970041130535e-07 -4.400096190789723509e-07 -5.262077374566629324e-07 -4.224487332411086008e-07 -1.652712142681760377e-07
-6.047795188454576165e-07 -2.322599845123226114e-06 9.572398171954501380e-07 -2.842664028563355014e-07 7.929412011629749831e-07 3.463619191279152220e-07 6.863825868527839235e-07 3.624982777251457732e-07 -1.352111176366580540e-07 2.638439609781516131e-07 -1.782333616809350715e-07 6.516978607805224496e-08 -1.810774217506315908e-07 -5.213718796456339791e-07 -4.823301144441142983e-07 -6.394455247132048529e-07 -4.691835563445937074e-07 -5.354706508849203524e-07 -4.009053141030051916e-07 -1.526973700405309761e-07
-6.338260789620391821e-07 -2.263100494378096741e-06 9.958690011783018770e-07 -3.092522380689293825e-07 7.704894469604639084e-07 2.950735449330061025e-07 6.235698111626441106e-07 3.636278096117436329e-07 -1.478980710745070675e-07 2.366114645197183888e-07 -1.805830540101825078e-07 6.853313936355945518e-08 -1.970194841248667194e-07 -5.114173874517144722e-07 -5.127611344513862179e-07 -6.722369658363892818e-07 -4.950879372160622254e-07 -5.523214418662495288e-07 -4.227200058460275532e-07 -1.656432030459425028e-07
-6.806850901522596969e-07 -2.365724622392187499e-06 8.949886927314630993e-07 -3.400189230869537628e-07 6.939206092718977297e-07 2.389053616881281040e-07 6.343928754203109881e-07 3.876722448397172466e-07 -1.455517622661332146e-07 2.211309767980324773e-07 -1.668928771343783242e-07 1.065513195932821833e-07 -1.263121093200967135e-07 -4.738374670897499002e-07 -4.572256243849409323e-07 -6.455857822063910106e-07 -4.814815826287793066e-07 -5.621035174902820823e-07 -4.528853297676468729e-07 -2.274925773047412903e-07
-8.147940862847465939e-07 -2.273872237285332293e-06 8.263525192609797087e-07 -3.377150900714198717e-07 7.493509850702148454e-07 2.611397391773507268e-07 6.424037433770720761e-07 3.334806477269046271e-07 -1.551581920281537609e-07 1.942741615387245861e-07 -1.988983658879676798e-07 5.397875957393751680e-08 -2.048719838021702187e-07 -5.260360411584186690e-07 -4.917121175525780404e-07 -6.664707714859558804e-07 -4.638994099997400622e-07 -5.437785858287037019e-07 -4.243738678925621125e-07 -1.653842027429002110e-07
-5.770402691410571451e-07 -2.401143185885829206e-06 8.941105009204593923e-07 -2.625074903132656991e-07 7.296322829163936916e-07 2.746213656225241465e-07 6.371567749614341897e-07 3.852935098469236813e-07 -1.253381672722763626e-07 2.088444052153802297e-07 -2.123140679995679732e-07 5.709293445140264377e-08 -1.942392669671574742e-07 -5.374263948804963181e-07 -5.032426196423904451e-07 -6.701485611429845845e-07 -4.933069726740432917e-07 -5.545170495673653864e-07 -4.186030313856274057e-07 -1.699419565531114556e-07
-6.828665531467579501e-07 -2.434243636668373184e-06 9.085960306970832025e-07 -2.909315124070775269e-07 7.801792016476120651e-07 3.219039757151945028e-07 7.310386791178143280e-07 3.842515016612404079e-07 -1.277792042336973375e-07 2.254638447508542120e-07 -2.047950172388813011e-07 9.277292492243049507e-08 -1.680987184818411355e-07 -4.859747627024603241e-07 -4.408900947765920424e-07 -5.951851460356096282e-07 -4.355918361025728720e-07 -5.192218073887557803e-07 -3.968563247961454586e-07 -1.300113023849656176e-07
-8.054888351854681383e-07 -2.415899307478975693e-06 9.311453600262087610e-07 -3.753759068103723974e-07 7.203721390966201630e-07 2.763095468368766101e-07 6.416268122152041638e-07 3.813937799149245962e-07 -1.120072255026148196e-07 2.601035375005228583e-07 -2.038479786862864090e-07 8.095797276817281045e-08 -1.936139834556814318e-07 -5.096126664815375470e-07 -4.802326236945995665e-07 -6.413847445015068669e-07 -4.622978208260054970e-07 -5.350499892743221316e-07 -3.951213397435287442e-07 -1.322796019674107278e-07
-6.495685818005398912e-07 -2.447309951294300376e-06 8.923590263541911070e-07 -3.941161329598541715e-07 7.789065270306676014e-07 2.554145182057055111e-07 5.866237167978893410e-07 3.711637867294281057e-07 -1.137330276392987079e-07 2.788225404359749058e-07 -9.839107585202409367e-08 1.038165890162511217e-07 -1.387011977664972058e-07 -4.915940784096739366e-07 -4.677820558495489665e-07 -6.482056737038673650e-07 -4.730997399625820857e-07 -5.443414565741280936e-07 -4.389069603904394014e-07 -1.662349670001661164e-07
-6.161884259853017237e-07 -2.440044912066409297e-06 9.224526956446373762e-07 -3.233454323722697031e-07 7.511795601147950658e-07 2.396544569950944351e-07 6.561776982939886759e-07 3.813571879468930312e-07 -1.497703497456938651e-07 2.196115581100502588e-07 -1.741893525974475213e-07 9.999141275402345965e-08 -1.571237566082627632e-07 -4.900263435977055403e-07 -4.807783965335960278e-07 -6.594160291868795088e-07 -4.819250568918365834e-07 -5.295387693825218760e-07 -4.295365217686886462e-07 -1.972337728078376602e-07
-6.266381242196030085e-07 -2.248539431642101945e-06 9.508624395305472250e-07 -3.110168368590328620e-07 7.117749846303032631e-07 3.069030471816224626e-07 6.345742380979720309e-07 3.735343935563488002e-07 -1.232417648922069384e-07 2.100322138701615684e-07 -1.872394106680537258e-07 8.240120250189578333e-08 -1.796298454791707681e-07 -5.061601847114689304e-07 -4.762000886860298684e-07 -6.663566083615077558e-07 -5.008260894853166520e-07 -5.990864960013940519e-07 -5.042089802257172792e-07 -2.426212550741439018e-07
-7.338555749798834676e-07 -2.334072719668148541e-06 1.023682780076204422e-06 -3.224828922150180119e-07 7.294277931525282690e-07 2.324025628271022811e-07 6.283360506852862804e-07 3.573734456131329312e-07 -1.091948193372790017e-07 2.748243155514971740e-07 -1.287026257132328443e-07 1.050479862592531783e-07 -1.811057337059722011e-07 -5.013590129946645962e-07 -4.668913183905916516e-07 -6.235659377567864007e-07 -4.533712625625457231e-07 -5.316888444598389476e-07 -4.059015162779226225e-07 -1.754504076629346178e-07
-6.588828404621546887e-07 -2.448749164818019096e-06 8.857965682873124064e-07 -4.169476301955035325e-07 7.931334021984757160e-07 2.323683826014566712e-07 5.510613948029558278e-07 3.988436659034972193e-07 -8.407726205033911830e-08 2.595109817951673571e-07 -1.569012378039078754e-07 1.014245927411157113e-07 -1.758206357326863277e-07 -5.005330755955517572e-07 -4.571709366412583273e-07 -6.757816362125847679e-07 -5.205471135899364733e-07 -5.619979533985717396e-07 -4.320021952901035686e-07 -1.879133119476939587e-07
-5.993424383751503844e-07 -2.389931215653114098e-06 9.676774122491095070e-07 -3.281865581711194859e-07 7.929131797001969421e-07 2.691157618795766338e-07 6.382711210887521657e-07 3.763927596560968451e-07 -1.681860309230250617e-07 2.551391772342329055e-07 -1.553307928906579660e-07 8.494874704673232701e-08 -1.575857260902923136e-07 -4.929818870794830577e-07 -4.893665897713003223e-07 -6.627227524057345769e-07 -5.110880019106652988e-07 -5.580334788121623925e-07 -4.365279866870223406e-07 -1.782638633809123509e-07
-5.801790053530919723e-07 -2.631674583822763291e-06 1.013111822885155772e-06 -2.291100198976062480e-07 7.774268253095015683e-07 3.688623874773819577e-07 7.460394614684651561e-07 3.887251726452153008e-07 -1.264448747387566838e-07 2.144766004563439769e-07 -1.850175029130613256e-07 4.777968352535898693e-08 -2.247713188350180333e-07 -5.275655471979779622e-07 -4.989889604995852033e-07 -6.688712380164988494e-07 -4.958280795811655906e-07 -5.661932915001412874e-07 -4.238428017710964551e-07 -1.698902770210903199e-07
-7.835999193072766860e-07 -2.511525896475366252e-06 9.361856288127431379e-07 -3.873233921474859320e-07 7.392461979598986325e-07 1.743532692894528328e-07 6.648510134799378110e-07 3.681699668260630879e-07 -1.485464023845401877e-07 2.177677157119350767e-07 -2.095560591886151555e-07 4.863946087856458652e-08 -2.391048116999594918e-07 -5.417763212116692123e-07 -5.218369213327605138e-07 -6.628492050729337828e-07 -4.866876970993672180e-07 -5.447271277083845482e-07 -4.203775000879234428e-07 -1.858920446368725673e-07
-8.853957595916520855e-07 -2.615751760527702306e-06 8.486681199953856803e-07 -2.614470450699517689e-07 7.761341790485606843e-07 2.190850531004571411e-07 5.785431544837058910e-07 3.156647408530072802e-07 -1.111427455190379734e-07 2.171691231326251368e-07 -1.752946180980220934e-07 1.035677972260476524e-07 -1.495750760393820809e-07 -4.977640207908414724e-07 -4.749727885327050286e-07 -6.376129164342916787e-07 -4.627888694600094095e-07 -5.430516531600951527e-07 -4.408727592073255604e-07 -1.874898958465952261e-07
-8.557288362140840964e-07 -2.381626576948017108e-06 9.389829476123476505e-07 -2.157283164195629136e-07 8.675916391552937681e-07 4.271856518833138589e-07 7.175828468902737125e-07 3.586415199192197339e-07 -3.483637862075134104e-08 3.095753572703120783e-07 -1.142064751695684650e-07 1.286830317698989986e-07 -1.423577992535894043e-07 -5.026269462325325478e-07 -5.040751070612317835e-07 -7.017687813282617311e-07 -5.243089243048757209e-07 -5.668742573479614824e-07 -4.165280219975026918e-07 -1.548110326704506976e-07
-6.261794063264755902e-07 -2.453433725245571719e-06 8.511763105933874862e-07 -2.941554884834212635e-07 7.096576657219364678e-07 2.918612310571825453e-07 6.418772762738742264e-07 4.240071208185738891e-07 -7.511567420703817655e-08 2.565222578491577343e-07 -1.968687437019653019e-07 7.880391693592244602e-08 -1.832937694167323312e-07 -4.979774075235433689e-07 -4.461884191759460902e-07 -6.511137269680155382e-07 -4.689240908367307035e-07 -5.374107905724135364e-07 -4.227027450048336975e-07 -1.793765201766202244e-07
-7.992181467029139743e-07 -2.428020141152641254e-06 1.080896490489459547e-06 -3.098214822929121791e-07 7.191214882124642862e-07 3.068623661801426686e-07 6.264642787818127535e-07 3.240494391377686613e-07 -1.701794081971277303e-07 2.149841093405008519e-07 -1.674444666984905495e-07 9.136683338817582702e-08 -1.728675022304683244e-07 -5.248362334144301132e-07 -5.137269115749570175e-07 -6.741606416350940729e-07 -4.742215474430121751e-07 -5.398871758033644500e-07 -4.259252126610446278e-07 -1.629884457662089340e-07
-6.392727740549700928e-07 -2.279031923176940505e-06 9.946178640091146859e-07 -3.880550702098732763e-07 8.705278975197843572e-07 2.819152346136947415e-07 6.341350308866388412e-07 3.912290901663632243e-07 -1.626767296897507521e-07 2.127010078755469537e-07 -2.082914630003272533e-07 5.282443023533629406e-08 -2.629871827214153104e-07 -5.273348263283575441e-07 -5.238682175380280052e-07 -6.896613612731896817e-07 -4.792808599621850980e-07 -5.440927656010784236e-07 -4.419993702273224722e-07 -1.814665878457275672e-07
-6.993620819914856436e-07 -2.369955559462262313e-06 9.774355958359935717e-07 -3.322313764262463215e-07 7.805632580648909914e-07 3.190078132981922351e-07 6.810434953254717100e-07 3.773558068314982227e-07 -1.346651133085168566e-07 2.733981182379328274e-07 -1.852494208683974557e-07 9.045870941591028265e-08 -1.865340662424801706e-07 -5.192075835723446315e-07 -4.859155434921064801e-07 -6.436639442541024142e-07 -4.671052813203655819e-07 -5.344567288491434079e-07 -4.269840209675180373e-07 -1.758132010568378185e-07
-7.743332526480316258e-07 -2.447903591493971721e-06 1.083401988925460878e-06 -2.956225556642384197e-07 8.060979258564604129e-07 2.566721480991846907e-07 6.839157252085564551e-07 4.016138805808410384e-07 -1.399007894444918471e-07 2.625566553362212902e-07 -1.588700934421826569e-07 6.308764648316792373e-08 -1.855749679277911382e-07 -4.954348397598678710e-07 -4.715809309545368107e-07 -6.430823432328305515e-07 -4.564881977680862516e-07 -5.462972151362866720e-07 -4.249704317919846480e-07 -1.692755996356244435e-07
-7.165724234415087951e-07 -2.313801929754721909e-06 1.119589697373206152e-06 -3.296144995457446642e-07 7.931315384839114343e-07 1.858299361934850592e-07 6.491634821268944846e-07 3.410646338340192746e-07 -7.985335689020051375e-08 3.023934980101065654e-07 -1.697038386238785605e-07 6.186421621524191787e-08 -2.071410497418342949e-07 -5.314600847394290143e-07 -4.927453905752442890e-07 -6.561174790684152105e-07 -4.775076144712138181e-07 -5.350762425673066402e-07 -4.305730494968819339e-07 -1.920879830929412828e-07
-8.026494924117708937e-07 -2.471905706950798876e-06 8.581900228317613775e-07 -3.763563517116637561e-07 7.867493166948524480e-07 2.592930385312721373e-07 6.746935938079407081e-07 3.615639512025221384e-07 -1.189898784507035210e-07 2.839648576391863609e-07 -1.323553601464948828e-07 8.791323995243385722e-08 -1.662348297530111463e-07 -5.042747133580098558e-07 -4.850441059730170503e-07 -6.636338180445090933e-07 -4.820551585769200449e-07 -5.482566915611707902e-07 -4.298905747823192176e-07 -1.741667792745960571e-07
-5.776616997603699042e-07 -2.369593617124690208e-06 9.085599044824719785e-07 -2.638953188267391334e-07 8.153090301848852578e-07 3.410698478520232389e-07 5.808544054019942213e-07 3.537778919375737365e-07 -1.137887976328542399e-07 2.766146028405271035e-07 -2.031265603974332670e-07 8.186489107878933766e-08 -2.115836535482146615e-07 -4.979754686009555701e-07 -4.919500404811544658e-07 -6.321781944084105413e-07 -4.989189267244888181e-07 -5.206159526427072054e-07 -4.166942537257242537e-07 -1.780622915770066192e-07
-4.891251061510405013e-07 -2.259943781157071728e-06 9.779919170254711312e-07 -2.707470089203769064e-07 7.374060481408986842e-07 3.199195222812555251e-07 7.020288317550700392e-07 3.843785279481730836e-07 -1.103593715857750959e-07 2.356415074221417375e-07 -1.830562489471783353e-07 6.064190855211288840e-08 -1.798324398885960032e-07 -4.860906864528746164e-07 -4.486699816761158771e-07 -6.336514588399528713e-07 -4.747364685670051523e-07 -5.517355283581537665e-07 -4.169936708147890522e-07 -1.730746262565687674e-07
-5.423925934902240349e-07 -2.456340560753071004e-06 9.405572885694581414e-07 -3.294030754119662355e-07 7.776964777786346274e-07 3.379863692390332618e-07 6.867415824844664120e-07 4.021473583319294308e-07 -3.564237214636548864e-08 3.012352683074907507e-07 -1.297605502153808398e-07 1.206049641559587391e-07 -1.490309186391677796e-07 -5.038738143182831546e-07 -4.653814953969621221e-07 -6.245320184633420662e-07 -4.594233235955965151e-07 -5.499194988062303336e-07 -4.638479168379975130e-07 -2.113956981862562574e-07
-6.324616803225471747e-07 -2.294514691778355351e-06 1.024792564435241994e-06 -2.994826917588775166e-07 7.711743670698908079e-07 2.343511484505057618e-07 6.217867262506792351e-07 4.072572393603774717e-07 -8.908657788760954088e-08 2.330404117160830660e-07 -1.592763703529887998e-07 9.717567286965724766e-08 -1.811278314267343532e-07 -4.991378552147301670e-07 -4.544335755047229763e-07 -6.368908291296703386e-07 -4.540222464490361268e-07 -5.219988518653339444e-07 -4.116752020679329459e-07 -1.536268953570876429e-07
-6.684742972786426843e-07 -2.499094125244898508e-06 9.857550126724474052e-07 -3.886085165298022742e-07 7.502394686323197855e-07 2.858908686820315113e-07 6.353795365595452799e-07 3.792229144865906889e-07 -1.299178087947497632e-07 2.384485710395695930e-07 -1.597205999763976481e-07 9.366364103835627785e-08 -1.964447446958594642e-07 -5.124665475397420500e-07 -4.926084890602461051e-07 -6.654364297832755314e-07 -4.683368003831865972e-07 -5.437606261112631652e-07 -4.274004592971910383e-07 -1.722545084755128268e-07
-6.546803284697399701e-07 -2.480257131143631613e-06 9.292384033736943185e-07 -3.106518580380307825e-07 7.838764590278318830e-07 2.831331244900555949e-07 6.579094923370924347e-07 3.689647379462646249e-07 -1.132124467887930511e-07 2.533118271699482073e-07 -1.603103657613454380e-07 9.566762817437685368e-08 -1.443373030990803998e-07 -4.555166448606072268e-07 -4.250492886980914372e-07 -5.988422254162269664e-07 -4.497656953161996070e-07 -5.325162009763371717e-07 -4.127264034394722901e-07 -2.118646938444058445e-07
-8.052638196343176513e-07 -2.448411019350985025e-06 1.042162504570043949e-06 -2.955270520571129434e-07 7.605517669894282034e-07 2.704006235390056798e-07 7.036140983840967528e-07 4.203379465836360128e-07 -1.090315735822808942e-07 2.409246228907345537e-07 -1.561362438516715617e-07 9.006080520379597718e-08 -1.646635438589245830e-07 -4.884120204856369561e-07 -4.758521188382005339e-07 -6.393302020855276030e-07 -4.787694959183380464e-07 -5.547699526312350203e-07 -3.956863625347555668e-07 -1.466861079913990310e-07
-7.520838614912923163e-07 -2.336880402924397841e-06 9.347180593945721880e-07 -3.522266911756036269e-07 8.135373474353125480e-07 2.170551485956462356e-07 5.937678771570751437e-07 3.029629744032965757e-07 -1.463133010801970807e-07 2.421978770068324455e-07 -1.971778466027498540e-07 1.247894320673709347e-07 -2.026684919055948793e-07 -5.197191229693384589e-07 -4.882643253016716559e-07 -6.404729147724353375e-07 -4.854757660412030943e-07 -5.433581603135929967e-07 -4.255685856854896499e-07 -1.756770539433670093e-07
-5.227467495453322573e-07 -2.366111869921977846e-06 1.052070627783814135e-06 -2.809451255129144838e-07 8.413338328240217167e-07 3.377399578898854640e-07 7.459898061201478212e-07 3.735593828486005400e-07 -1.384112377619660575e-07 2.586272366861871208e-07 -1.373233160849480075e-07 9.853082621371064919e-08 -1.699990507510472350e-07 -4.926497034357657766e-07 -4.685073586904412807e-07 -6.538572229651354271e-07 -4.662384097965426603e-07 -5.490718362469521072e-07 -4.276898018286668440e-07 -1.785652940106660165e-07
-6.052502134352991007e-07 -2.364478999678650132e-06 9.810976328209560885e-07 -2.376464554371112122e-07 8.520352295714413045e-07 3.812623317808701443e-07 6.855441268616241697e-07 3.747205043877671155e-07 -8.153232209946686245e-08 2.375283641132682679e-07 -1.738651807209436160e-07 7.272632704671641530e-08 -1.850809919033134776e-07 -5.258528471156559612e-07 -4.815693526570905425e-07 -6.270800895612681510e-07 -4.753821016413104659e-07 -5.290822231140999313e-07 -3.887778144794151185e-07 -1.521856158226670023e-07
-7.616178023643858786e-07 -2.499048906443236965e-06 8.651183238453393695e-07 -3.420632188696945268e-07 7.842496063155165947e-07 3.807524235466026623e-07 6.492421602816476756e-07 3.972690511296791114e-07 -9.781382766284719396e-08 2.265439870134448475e-07 -1.858834602619831864e-07 6.166268372174526251e-08 -2.021468760395898339e-07 -5.064153905792369800e-07 -4.642745628752728066e-07 -6.517115374486592379e-07 -4.754204494139323941e-07 -5.348177120362202199e-07 -4.378125214403007099e-07 -1.759644025816676122e-07
-8.367602068730648531e-07 -2.449603836480233968e-06 8.910672720050430241e-07 -2.934142604968576415e-07 8.013009880164130030e-07 3.222839075298373025e-07 6.437349424700822041e-07 4.123699881685793978e-07 -1.128793608587179885e-07 2.631975594919406029e-07 -1.746364565417553803e-07 6.908849307017665781e-08 -2.103042448248422326e-07 -5.257885914905022969e-07 -5.005389439247603281e-07 -6.630014372660364976e-07 -4.731908635260809117e-07 -5.393041240624462296e-07 -4.226177747028894135e-07 -1.816752976811152428e-07
-6.732208265209660470e-07 -2.233004798312402147e-06 9.442527182558899382e-07 -2.703870818188276770e-07 7.852700846736227808e-07 2.413847781001789334e-07 6.671295036761606890e-07 3.703171215626675578e-07 -1.597932356035908730e-07 3.046266027029316301e-07 -1.271535863557532112e-07 1.154179303984178476e-07 -1.805863103251860726e-07 -4.913988326684120864e-07 -4.830834196163859517e-07 -6.500708116499716064e-07 -4.649596997369460032e-07 -5.436291821343317513e-07 -4.159060341246213995e-07 -1.567216544036022072e-07
-7.832397717993262856e-07 -2.360484099541545980e-06 8.644968188877671225e-07 -3.935562180141655445e-07 7.806138905018069638e-07 2.341238908095441795e-07 6.860751925102377077e-07 4.299722476422109869e-07 -7.682470155087777895e-08 2.525265899582770268e-07 -1.507813893740801768e-07 9.410602464215877562e-08 -2.027171797956568939e-07 -5.260155763981049431e-07 -4.709234047969664153e-07 -6.645136953325070939e-07 -5.188416094687743630e-07 -5.853052797547799605e-07 -4.240511430154628040e-07 -1.630696593713815139e-07
-7.231879929115998082e-07 -2.550781176335761854e-06 9.240234253711692236e-07 -4.270069244222547872e-07 6.520184441215931197e-07 2.288613343240563770e-07 6.530424459937508642e-07 4.161065457533679370e-07 -1.071453151484431878e-07 2.177981842297111348e-07 -1.522314665062019818e-07 9.439356136226057331e-08 -1.792318215754463239e-07 -4.826191184784615354e-07 -4.604756304675834500e-07 -6.287076560580449876e-07 -4.516670535074717034e-07 -5.187153196296745410e-07 -4.130108465744976237e-07 -1.579252937918360026e-07
-7.338208300146880103e-07 -2.523518868928158273e-06 1.051463088011223132e-06 -3.604684442657984274e-07 7.244042573411572221e-07 2.392195237736010778e-07 6.192683629928671919e-07 3.731216044651864087e-07 -1.705333946587281617e-07 2.035089590552463571e-07 -1.846600429415489671e-07 1.014449021361405695e-07 -1.640309400865404982e-07 -5.166755818150946196e-07 -4.831747534583134220e-07 -6.438054789068344795e-07 -4.786467513937219122e-07 -5.259891085896725813e-07 -4.241845314030379721e-07 -1.866428381145317788e-07
-7.219952122474682217e-07 -2.469601430129279606e-06 9.465397604202546362e-07 -3.745740569443176401e-07 7.647701062844963962e-07 3.335008065814516172e-07 6.935949213738734766e-07 3.840092759864431613e-07 -1.049949136029930377e-07 2.533997386248773100e-07 -1.845573870245498244e-07 9.466576842955993554e-08 -1.665254786224173367e-07 -4.762555117177822570e-07 -4.622409041936628988e-07 -6.212854984142194409e-07 -4.785340763094427348e-07 -5.537333896502650571e-07 -4.262682744030571906e-07 -1.548323973263343492e-07
-7.835492640043626188e-07 -2.380041992332161372e-06 1.018188235791372762e-06 -2.327798098274518146e-07 8.346082293544120467e-07 3.596036116756653048e-07 7.843010478230819672e-07 3.955202130785550158e-07 -4.292537137342022341e-08 3.073511036652796219e-07 -1.137062025641382803e-07 1.206695745037023012e-07 -1.761718930927441849e-07 -5.069392154101113531e-07 -4.657890625444901189e-07 -6.419166330660819459e-07 -4.838991175080323740e-07 -5.520742655543046134e-07 -4.339358726034676580e-07 -1.739404464881155582e-07
-6.207368625476139314e-07 -2.351219717326149069e-06 9.710875285763076401e-07 -3.390370648878844341e-07 7.476247402712415582e-07 2.656529555107090117e-07 6.315600789006692345e-07 3.121329225442982779e-07 -1.519172856565316355e-07 2.396295005348660701e-07 -1.456139593489462403e-07 1.256029360118972884e-07 -1.592531826900591621e-07 -5.044590143831452708e-07 -4.683631266092667792e-07 -6.165600172897673959e-07 -4.816860594316624078e-07 -5.399975217002892788e-07 -4.255498211392771856e-07 -1.930517230039774565e-07
-5.403190684266584010e-07 -2.332726811470359173e-06 9.117227203268460137e-07 -3.709037201866064543e-07 7.695481899480872607e-07 2.541943671682574180e-07 6.002170908567650806e-07 3.357989300762291129e-07 -1.638792701683242480e-07 2.394106483648978952e-07 -1.817063067357806730e-07 7.528927223379955685e-08 -1.895118037056789077e-07 -4.698694562055312708e-07 -4.805028831822574264e-07 -6.547682829412237465e-07 -4.673313330072586567e-07 -5.431609104310660983e-07 -4.296108353925024731e-07 -1.650942704007792333e-07
-5.003073751838163851e-07 -2.418315725346243745e-06 1.037718481855899529e-06 -3.093479699011777732e-07 8.454532294112599636e-07 2.758876143365374574e-07 7.035962233690449339e-07 3.443574084611664682e-07 -1.036003356426281861e-07 2.284119216734281172e-07 -1.557660416396040115e-07 9.945348238436453163e-08 -1.868744590847139426e-07 -5.187630776083014881e-07 -4.837491461997710262e-07 -6.519868210378880081e-07 -4.912257099539011196e-07 -5.468972232465604832e-07 -4.289908278245206256e-07 -1.675426623783154587e-07
-5.840310338145662382e-07 -2.411828052219917751e-06 8.360980012864529676e-07 -2.725773900561087642e-07 8.989493166708852923e-07 3.122531161237630883e-07 6.648224649350114385e-07 3.603009857061502882e-07 -1.023610857553498395e-07 2.578755062628271044e-07 -1.673892923700288755e-07 8.006687316470729113e-08 -1.961549149595064331e-07 -5.112059934048098630e-07 -5.050513864467962059e-07 -6.706271733220266594e-07 -5.053610897047402530e-07 -5.734957095761588969e-07 -4.470786492700934752e-07 -1.841356332712562074e-07
-4.895602610342159934e-07 -2.431239315157665556e-06 9.194857238314578443e-07 -3.340657303197537680e-07 7.558814207904623486e-07 3.024411675031888146e-07 6.982863501991803096e-07 4.081063442580061221e-07 -1.195395359543282562e-07 2.470759877986993026e-07 -1.649596704037497787e-07 9.058306380278632981e-08 -1.948812565988048718e-07 -4.932952142983187636e-07 -4.700393275550101722e-07 -6.320969992205003267e-07 -4.555572911059853195e-07 -5.219212889722389930e-07 -4.151766314002168182e-07 -1.850749977976413678e-07
-6.375267202316423139e-07 -2.407431236896927676e-06 1.007947021982147318e-06 -3.627059730812485122e-07 8.936943632050620197e-07 2.745026028890957483e-07 6.399129014127668900e-07 3.524894061322427718e-07 -1.080310231806053713e-07 2.341576267190234169e-07 -2.100907111313962859e-07 2.646442842110820879e-08 -2.102582570615688215e-07 -5.360832210119177050e-07 -4.906231516591370353e-07 -6.583566899030206940e-07 -4.842010197177182787e-07 -5.528887779176385236e-07 -4.366014376106578188e-07 -1.711072720221493347e-07
-5.012084639005192224e-07 -2.422128326033847556e-06 1.035306498822017867e-06 -3.708155441452737375e-07 8.054282301812008530e-07 2.563738434539952366e-07 6.156550276027957696e-07 3.039531718064120333e-07 -1.861764830962319863e-07 2.322475315219695969e-07 -1.815371812133876778e-07 9.635143547851940842e-08 -1.777171116096517866e-07 -4.897408398930294463e-07 -4.530058698919772050e-07 -5.908145334275417993e-07 -3.835840152531479231e-07 -4.374902883358222736e-07 -3.189014264165641477e-07 -6.831511867102992114e-08
-6.522345208798954394e-07 -2.423802591006701050e-06 9.916028990953271985e-07 -3.230427448156628313e-07 7.822487470777665326e-07 2.833358351097617856e-07 6.793749054349214876e-07 3.868325864884380425e-07 -1.318035635864815991e-07 2.379013504865110084e-07 -1.996039130440333723e-07 5.549202456677564493e-08 -1.618941371143583427e-07 -4.687167692892979722e-07 -4.586234465285836778e-07 -6.500604439643414033e-07 -4.746994785400756134e-07 -5.445333140938398922e-07 -4.601602864166491451e-07 -2.033242297756919529e-07
-7.695769386460649537e-07 -2.463389462850399154e-06 1.069466080673215091e-06 -3.237344344011387019e-07 8.827387308813887367e-07 2.970780174353806165e-07 6.691798262372217064e-07 3.448175730706912230e-07 -1.433286351770246436e-07 2.187699231385948443e-07 -2.173969395490134457e-07 7.078570351140703818e-08 -1.858574801637606007e-07 -5.425641658202468307e-07 -5.074815755880489025e-07 -6.662528239552683494e-07 -4.712288877738527988e-07 -5.506753081071552578e-07 -4.452234453346172047e-07 -1.760566544187264908e-07
-6.559940108118412967e-07 -2.510091733125455624e-06 9.542992636956578782e-07 -3.992784954802281941e-07 7.336692608308632407e-07 2.678608211135226690e-07 6.652801056019237900e-07 3.688169978724652195e-07 -1.403458685047724526e-07 2.377287765835588017e-07 -1.850215391837931754e-07 9.609943896114934836e-08 -2.046583761670075996e-07 -5.151779416049461468e-07 -4.463890109643931979e-07 -6.118224220271753909e-07 -4.888764890136945541e-07 -5.772458070637319179e-07 -4.812267304425696576e-07 -2.129769253933933957e-07
-7.091714579056530615e-07 -2.538012529070876450e-06 1.043742994138577723e-06 -2.543446216551049896e-07 7.956285604705006524e-07 3.543708786812389779e-07 6.870395631446766084e-07 3.918801582843934064e-07 -7.530925237659298297e-08 2.546557891870961344e-07 -1.522290987686037225e-07 1.209816696876896730e-07 -1.465425911730121599e-07 -4.964695812679052055e-07 -4.497225448889704451e-07 -6.316639715570141450e-07 -4.314255054982786645e-07 -5.140191159408404288e-07 -4.241620907052169925e-07 -1.813284933091036927e-07
-7.247939100617759817e-07 -2.352130487282359332e-06 1.030558810914285890e-06 -2.521848877845560800e-07 8.366142578641639857e-07 2.833814107099606956e-07 6.651747300440041281e-07 3.909783239921318377e-07 -1.114070841054570445e-07 2.032524299491606827e-07 -1.952500327784213876e-07 5.778497612139096834e-08 -2.015807982122177708e-07 -5.097652804373979893e-07 -4.753001012302863118e-07 -6.506026223719501115e-07 -4.631112682303527967e-07 -5.402477511506581816e-07 -4.351592153422917826e-07 -1.885558780133803862e-07
-6.453696861024015589e-07 -2.375838757848433585e-06 1.000925322224019225e-06 -2.151559114301240378e-07 7.597459343636271990e-07 2.326275636883638106e-07 6.657193487289856964e-07 3.476732942478424494e-07 -1.518953571411163996e-07 2.474306817982343417e-07 -1.653111569035446567e-07 1.061761851104573778e-07 -1.624681832975179651e-07 -5.301142585918363869e-07 -4.690461521617512105e-07 -6.440825636972576838e-07 -4.857395678678778175e-07 -5.501639030960834680e-07 -4.345636942786135426e-07 -1.699764770911593494e-07
-5.913850173824403851e-07 -2.480327258886409585e-06 9.774387416408718862e-07 -3.798723086851045278e-07 6.964939182844863749e-07 2.419839224190721312e-07 6.037243910957982640e-07 3.755630665093982167e-07 -1.693929343861461863e-07 2.124441121252534376e-07 -2.043942381009934458e-07 5.467477468202347026e-08 -2.176369183306568064e-07 -5.428581734555324348e-07 -4.964672485906209542e-07 -6.652869811925171463e-07 -4.958955128441797289e-07 -5.606604794118419074e-07 -5.064267944742405450e-07 -3.068179996064124180e-07
-6.450252492834557348e-07 -2.436615954652285413e-06 1.134845235317468796e-06 -3.487700351899918593e-07 7.851830909499724175e-07 2.340003409689557896e-07 5.989537325778716962e-07 3.923172317855332955e-07 -1.140412743397147097e-07 2.264769604115176539e-07 -1.517647247403034218e-07 8.899275147181019434e-08 -1.832891492154512265e-07 -5.116114198089132078e-07 -4.943310656806486826e-07 -6.642643754085104201e-07 -4.703929419952899643e-07 -5.327761245726859691e-07 -4.286776534370202508e-07 -1.774124401296731295e-07
-6.467646650282720909e-07 -2.454556403164471887e-06 1.037665547138028989e-06 -3.389690244471412057e-07 7.491501305518418625e-07 3.385621115678120998e-07 6.493935746095811981e-07 3.921334219340215634e-07 -4.525912364200339921e-08 2.710032236417588235e-07 -1.766071101396946752e-07 7.189450208550502760e-08 -1.905041977110141166e-07 -5.042310989925991809e-07 -4.525242601400394539e-07 -6.432593068134384837e-07 -4.788888079163788289e-07 -5.422399738729141696e-07 -4.254251687964794932e-07 -1.772142672861765964e-07
-6.318235512030757449e-07 -2.416362000530787342e-06 9.624067224111242962e-07 -2.076100438708178587e-07 8.994805208168070913e-07 3.132448663131884607e-07 7.070159984001216111e-07 3.389070717800677646e-07 -1.699405097569001897e-07 1.738595297761342598e-07 -2.042888337485493663e-07 3.791451247109252325e-08 -2.386099482131928067e-07 -5.496483025761797461e-07 -5.258407592238094537e-07 -6.343741221634182311e-07 -4.941746010046206159e-07 -5.480488859406778056e-07 -4.379568714601536304e-07 -1.787387946363904551e-07
-7.406123601912344138e-07 -2.539792762188455957e-06 9.296299123139829825e-07 -3.092220344752818652e-07 8.425493708422082758e-07 3.125906843207303638e-07 6.356366574772494803e-07 3.480890552776851424e-07 -1.577935689905696529e-07 1.749448866896375423e-07 -2.026599446146318275e-07 1.078565047228920483e-07 -1.895565206520682376e-07 -5.222023553874838215e-07 -4.771208526672455393e-07 -6.380322140660710455e-07 -4.803545853048479972e-07 -5.365618638046469057e-07 -4.659496350143574329e-07 -2.868612300071946225e-07
-7.559094464918381504e-07 -2.510057715797994333e-06 9.485241091594292847e-07 -3.294853218489483949e-07 7.998062685027947619e-07 2.206998788818637015e-07 5.960564475824904568e-07 3.445022429884277612e-07 -1.542897776927272866e-07 2.142167453798911202e-07 -1.847502349122476667e-07 7.709156718774535965e-08 -2.046239516146485854e-07 -5.323585819071366828e-07 -4.979722311498937012e-07 -6.565442320047259414e-07 -4.736835789157351009e-07 -5.356386294570323502e-07 -4.133434764090831153e-07 -1.708676563161121811e-07
-6.847115164303079193e-07 -2.259809462795107039e-06 1.010250353114477449e-06 -3.212797165380279739e-07 8.035636102080778220e-07 3.258750438561741485e-07 6.989755280791592061e-07 3.761948756663815036e-07 -1.355382289743457966e-07 2.794055071827555035e-07 -1.790672418107942560e-07 5.330764064762128207e-08 -2.034078020051654853e-07 -5.195305789237788171e-07 -4.921226185644737769e-07 -6.632192771085284291e-07 -4.916615870323572769e-07 -5.286371932174806155e-07 -4.073623111931680689e-07 -1.743705549698085633e-07
-6.387183335134645228e-07 -2.502539847946824005e-06 9.829479707581280435e-07 -3.279859789254607693e-07 7.356031616154593551e-07 2.470840603359515013e-07 6.360339468083039859e-07 3.940446513263333498e-07 -1.230058834242602038e-07 2.307487945238477290e-07 -1.518767313496220151e-07 7.690989269703113862e-08 -1.965075453038485512e-07 -5.128599980589047297e-07 -4.727169477106773750e-07 -6.438992367523191756e-07 -4.641987268495949822e-07 -5.238973202614873216e-07 -4.004138274533903554e-07 -1.748586490433211178e-07
-8.761323601732642245e-07 -2.522346962317352615e-06 8.488131225013855735e-07 -4.871288408650877416e-07 7.191330057757038823e-07 2.209337431320859794e-07 6.416259808295408016e-07 3.144537839358634877e-07 -2.451271656913748787e-07 1.995627191627682977e-07 -2.243628340954677488e-07 1.130080720958466203e-08 -2.270142929800342964e-07 -5.243428499751091004e-07 -4.659834134758133867e-07 -6.570120235093145696e-07 -4.677608679370914187e-07 -5.278067354247673569e-07 -4.273636151769345625e-07 -1.795419925183642631e-07
-6.771508528428787459e-07 -2.345661025267276814e-06 9.068135842433189849e-07 -3.907278255752018140e-07 7.675777764571682729e-07 2.830750074202051150e-07 7.008912466716653022e-07 3.655781833448088967e-07 -1.461654373564669958e-07 2.367184946076331479e-07 -2.103690431322101630e-07 6.626028205460554361e-08 -2.127124893335369374e-07 -5.311895042839854059e-07 -4.852582506824054205e-07 -6.236941897507774436e-07 -4.822048600152324754e-07 -5.591991471876081171e-07 -4.406109028031596209e-07 -1.853283115347018764e-07
-1.002419219564047576e-06 -2.462973214835663221e-06 9.502845778830706950e-07 -3.754199703943736232e-07 7.416207410768464099e-07 2.443263073026229175e-07 6.548098655026552500e-07 4.068647472249875079e-07 -7.756970800539180013e-08 2.871184350993544040e-07 -1.911621923161435958e-07 6.506018834884233549e-08 -1.850386204943589127e-07 -5.114479120506373633e-07 -5.161458036902519613e-07 -6.834736418248936146e-07 -5.023052898606517148e-07 -5.668384135875178539e-07 -4.497749550623441773e-07 -1.849085509743568360e-07
-5.109653699413781354e-07 -2.274861767018708344e-06 1.124653361595323043e-06 -2.652209968874901013e-07 8.422630141864654631e-07 4.011160065692339324e-07 7.440515320988580035e-07 3.830341968997373855e-07 -1.352880741362722659e-07 2.363927944447827033e-07 -2.161931548004211329e-07 5.190050349882803220e-08 -2.140894251398825268e-07 -5.416055237185447753e-07 -5.010548185557368979e-07 -6.449836856254749321e-07 -4.451407664906515112e-07 -5.181419141119421414e-07 -4.011527580782628941e-07 -2.029173711095783352e-07
-7.131199076730737700e-07 -2.589731740334233167e-06 1.071878247828529334e-06 -3.298408304460349908e-07 7.258818901841954266e-07 3.780802700761323616e-07 6.491359283357458082e-07 3.655332297472516506e-07 -1.430826627165685417e-07 2.758988696550873958e-07 -1.446420200225516423e-07 9.454771752317248045e-08 -1.979645459867714435e-07 -5.235245800192824498e-07 -5.077320253255019978e-07 -6.688346106805873018e-07 -4.766805483472419841e-07 -5.305347842222235568e-07 -3.947445835707194193e-07 -1.699874597769485903e-07
-8.908231144902753742e-07 -2.417699865695624951e-06 1.063742313593508304e-06 -2.328314305095831211e-07 8.302339948574723897e-07 3.087552184096501052e-07 5.975317224572602321e-07 4.007950231701836767e-07 -1.515310123284911024e-07 2.316441374217845562e-07 -1.713327394137631763e-07 7.717373032752627961e-08 -2.056214265822724664e-07 -5.206345833463907612e-07 -4.912776809691113499e-07 -6.541900885960214683e-07 -4.741422394463079646e-07 -5.531028679105125281e-07 -4.318738033410821617e-07 -1.942799102849049922e-07
-5.901628972434520513e-07 -2.363713400877286668e-06 1.000080734320935021e-06 -3.635558899794371381e-07 8.225266926272163683e-07 3.684216009621692292e-07 6.327964594388945368e-07 3.565450695053709910e-07 -1.431722424187185192e-07 2.329738865914443179e-07 -1.586216053659160882e-07 9.119107985262739587e-08 -2.174739020436494814e-07 -5.408010828520617614e-07 -5.196181181174849976e-07 -6.713703740425988115e-07 -4.897656290060337305e-07 -5.367750015890050503e-07 -4.345144872567788473e-07 -1.699728340899339244e-07
-7.374709866103281364e-07 -2.497384873356391317e-06 9.060532136614114989e-07 -3.501568151043432299e-07 7.610016403804738774e-07 2.700836573161435314e-07 6.406795809702497734e-07 3.510938872920408873e-07 -1.821324583841991098e-07 2.265024408154131347e-07 -2.073315191336730178e-07 1.079659080876820574e-07 -1.409497035534608398e-07 -4.797486338384125429e-07 -4.754364523414022624e-07 -6.487507944950531217e-07 -4.687542503710045835e-07 -5.318896315953116084e-07 -4.257676308652364388e-07 -1.424392631347124610e-07
-6.536174083151794972e-07 -2.456770448202627095e-06 8.503803937758754744e-07 -4.181833399780165262e-07 7.875569655739437493e-07 2.970389751042068164e-07 6.469571806135312741e-07 3.497549692670792730e-07 -1.184984302305966249e-07 2.654997855044588389e-07 -1.609900419429531858e-07 9.529830116954411725e-08 -2.033257847174071685e-07 -5.256732743295477365e-07 -4.884194983275577596e-07 -6.550208592511669121e-07 -4.883026023410474010e-07 -5.563897491753998346e-07 -4.448295360040136172e-07 -1.768476266643509325e-07
-8.273315497761396693e-07 -2.629707277457470242e-06 1.023338554575681177e-06 -3.345791262915540095e-07 7.315112676836402989e-07 3.506752451439004923e-07 6.638028915941217271e-07 3.738420982507593972e-07 -1.908933397806775770e-07 2.070106540468925799e-07 -2.364361040756706086e-07 5.459670735097222274e-08 -1.848785089210900827e-07 -5.331234074326667814e-07 -4.930364471769395202e-07 -6.424997591248693476e-07 -4.689079276680783169e-07 -5.351518942071399609e-07 -4.268855548936538510e-07 -1.629363044867959112e-07
-6.960197191617198130e-07 -2.596849754182879202e-06 9.617920616731084398e-07 -2.905006569697990551e-07 6.598648131039065603e-07 3.304297837950922865e-07 6.842963681093073917e-07 3.747008041913367936e-07 -1.393471060740326625e-07 2.519450567997185753e-07 -1.585017778867328361e-07 7.623398517573190536e-08 -1.839909421156794726e-07 -5.015592208788282104e-07 -5.017230180458040060e-07 -6.441149059692042882e-07 -4.567185832792500051e-07 -5.300281777230889917e-07 -4.244006567313000423e-07 -1.594886414379968205e-07
-6.682989283533467269e-07 -2.473878941623325925e-06 8.951599127879511039e-07 -3.422772536130658304e-07 8.030015223639640151e-07 2.767739898688911888e-07 6.358814966488966156e-07 3.407206824477169812e-07 -1.258224908640368730e-07 2.109276419210407992e-07 -1.869765223776965246e-07 5.034658438941632397e-08 -2.043119942621908314e-07 -5.423999811441555019e-07 -4.828868411250725479e-07 -6.625465746202248143e-07 -4.844129710513271380e-07 -5.395681553045630685e-07 -4.270005204816596530e-07 -1.777351043491267345e-07
-6.592530032362354424e-07 -2.347232156694571167e-06 9.365713180070969630e-07 -2.579066465878190221e-07 7.687675329233262787e-07 2.852587158581478182e-07 7.039543575644060872e-07 3.592111100912801366e-07 -1.191402502300643927e-07 2.866594343575637476e-07 -1.481115363360156217e-07 9.307641478288084109e-08 -1.951051522090068037e-07 -5.216390101409145847e-07 -4.884588355457169941e-07 -6.501393116207469430e-07 -4.772857623244732155e-07 -5.442077866173253309e-07 -4.363706940437055886e-07 -1.838310618360424397e-07
-6.730952794058961627e-07 -2.465894931374258021e-06 9.121428476953285173e-07 -2.578182277922133876e-07 8.237517406045868258e-07 3.352912815695598510e-07 6.872312883520833865e-07 3.494079473980902592e-07 -9.111526591436461604e-08 2.442735963258086533e-07 -1.924381946689391959e-07 4.224994333371234931e-08 -2.338784653470145399e-07 -5.426372590654513512e-07 -4.846929839393955927e-07 -6.779745031173344497e-07 -5.012736864340078420e-07 -5.560379517656654536e-07 -4.249928903264464952e-07 -1.717665884871169151e-07
-5.561103125801233248e-07 -2.436858950832191951e-06 8.829732260425129284e-07 -2.343911464798763762e-07 7.307036048067988781e-07 2.404434598290009411e-07 6.155454231911721562e-07 3.457573340581802159e-07 -1.348223123339926165e-07 2.374959465564854930e-07 -1.896840792643369220e-07 8.162628223697899657e-08 -1.693662696628190100e-07 -5.007891462582320217e-07 -4.834454337540530368e-07 -6.734033331762907457e-07 -4.844585946393735229e-07 -5.406248645310760475e-07 -4.298147235516624359e-07 -1.805791351150014832e-07
-6.590639704771668275e-07 -2.323138515532980125e-06 9.607594635744990304e-07 -2.334347586408551697e-07 8.236445923333426333e-07 2.812724752419186000e-07 6.033519013739181683e-07 3.721959457807029804e-07 -1.165184827919794979e-07 2.262448903027419069e-07 -1.920162804213276349e-07 6.596973751373866445e-08 -2.245467157621609117e-07 -5.685385422341762204e-07 -5.303499140342464288e-07 -7.165728421186460254e-07 -5.293032532253528008e-07 -5.903056385329825672e-07 -4.698273450727954108e-07 -2.144629137854240669e-07
-8.039479650707657636e-07 -2.464857030357211671e-06 1.016155124616809983e-06 -2.820405876705741350e-07 7.188532650463521774e-07 2.799813469864326620e-07 6.612701189724733876e-07 3.354345996103641466e-07 -8.411878081816394325e-08 2.593075004049192774e-07 -1.376770226898573511e-07 6.350056354782902443e-08 -2.025480561939118478e-07 -5.371903989891436047e-07 -4.872816781590037596e-07 -6.175288077068141718e-07 -4.482806864587591206e-07 -4.900431807538721416e-07 -3.660518124325266616e-07 -1.510790969028847148e-07
-7.030658700662442850e-07 -2.431189152756944371e-06 1.010834438764719038e-06 -2.670362712071598142e-07 7.685917539851996730e-07 2.789776776458287589e-07 6.385864404998661767e-07 3.851353909532281935e-07 -1.153121462264948572e-07 2.348008396462474772e-07 -1.727865308839035633e-07 7.270651473664197658e-08 -2.054950008027950648e-07 -5.141396337911558403e-07 -4.956169632118763798e-07 -6.723431616681699520e-07 -4.856950867130673050e-07 -5.282027279056886263e-07 -4.248569554749942387e-07 -1.761952187507472385e-07
-8.874208254024213461e-07 -2.401829173936291452e-06 8.831188251510023191e-07 -3.010883011496666810e-07 7.418683003603512539e-07 2.351714356649815307e-07 5.597779664511443927e-07 3.490696191079695785e-07 -1.432800557198412201e-07 2.340527843554469162e-07 -1.538211497049557395e-07 1.090762384221643244e-07 -1.685105536096410705e-07 -5.019810831634849922e-07 -5.068389507891397346e-07 -7.019063159653577754e-07 -5.219724685121182514e-07 -5.844989873013409748e-07 -4.340491447839052401e-07 -1.894510400479970224e-07
-7.454462972814570929e-07 -2.373197223076372071e-06 9.011204106591871554e-07 -2.762558725244799103e-07 7.917444337663303029e-07 2.695668165929151638e-07 6.787145349661357886e-07 3.575473080471440516e-07 -1.023820745609324024e-07 2.472477937049259998e-07 -1.361747646567485352e-07 9.091302591356322907e-08 -1.648349507145099680e-07 -5.173715569192205489e-07 -4.924680139643408236e-07 -6.672553528788935437e-07 -4.742472734099005340e-07 -5.404200853850356164e-07 -4.124419047317490408e-07 -1.678791322415314645e-07
-7.775487735726724842e-07 -2.472748380596020037e-06 1.004968867932959303e-06 -4.376942260772822018e-07 7.150126456755052360e-07 2.491390370245213063e-07 5.865970658277105037e-07 3.140247141578819677e-07 -1.616599888984706533e-07 2.366872242901580702e-07 -2.493415571978681320e-07 5.817206299953446600e-08 -2.340351971158452990e-07 -5.499355785811154367e-07 -4.967856984072807069e-07 -6.460838118985965870e-07 -4.633571202695336889e-07 -5.459655392575746479e-07 -4.108806639372559390e-07 -1.843653668075068175e-07
-8.389603807644759199e-07 -2.307014339318589129e-06 1.026846797682072739e-06 -3.366715835831931772e-07 8.520682026415411877e-07 2.268689698910271882e-07 6.099630635831447402e-07 3.661168533315188668e-07 -1.270386128549709684e-07 2.662276139252854963e-07 -1.827105491950813815e-07 9.993635258280576609e-08 -1.936749853824204904e-07 -5.483111716460317944e-07 -5.002990900652076479e-07 -6.277686909281614206e-07 -4.322943948514695664e-07 -5.019648299385569983e-07 -3.818098354841300316e-07 -1.749307923449157400e-07
-7.031673022248822410e-07 -2.345447411219540941e-06 9.416374396036629983e-07 -3.732030936362311463e-07 8.179351669931660541e-07 2.380853073851643895e-07 5.991999679539618619e-07 3.618429150147721510e-07 -1.545058456980385689e-07 2.287584610786021899e-07 -1.569528326051518782e-07 6.413690588953323567e-08 -1.698265247835448862e-07 -4.920361471194880295e-07 -4.929857760812260651e-07 -6.505446856160216004e-07 -4.908507443358204827e-07 -5.653245562000914620e-07 -4.359282545484503716e-07 -1.813085789935682213e-07
-8.557998329511984647e-07 -2.466335126704818811e-06 9.892175568980431126e-07 -3.532262951630875655e-07 7.046994780316046153e-07 2.227965487730277925e-07 6.622986328069607800e-07 3.611161035765599670e-07 -1.618118955540187170e-07 2.434732215220828192e-07 -2.286329394902726460e-07 5.233401197534391762e-08 -1.918137565051657790e-07 -5.251167784604302142e-07 -5.106874141273124585e-07 -6.889468404766396903e-07 -4.946424317541228213e-07 -5.708088312431628918e-07 -4.317499116306208265e-07 -1.722650018374998211e-07
-7.609773192350844567e-07 -2.581379114584401289e-06 9.510332910234018662e-07 -3.187429460898301206e-07 8.133956855251081581e-07 2.288704909512283640e-07 7.146066562222033283e-07 3.919609228429384231e-07 -7.198038967437365361e-08 2.980361952390992448e-07 -1.182180072501308203e-07 1.236770771090235605e-07 -1.676416960430961850e-07 -5.101917992694885140e-07 -4.921918925648827220e-07 -6.742132109047769809e-07 -4.833434946495902101e-07 -5.664839847462283242e-07 -4.383819577054901324e-07 -2.082601200325035645e-07
-7.910934354488306273e-07 -2.626719341436355319e-06 1.032992081651443794e-06 -3.205359077777714462e-07 7.834600849460236125e-07 2.848452503814990743e-07 6.502036983815104221e-07 3.913225102949763508e-07 -1.004695390453754964e-07 2.188958868980067682e-07 -1.732949128952213028e-07 1.018899513483171024e-07 -1.718472786822183015e-07 -4.918194763828763865e-07 -4.371892735152538169e-07 -6.162543395970688586e-07 -4.501673564332792740e-07 -5.179333423004493424e-07 -3.990964154503885267e-07 -1.448708890968091376e-07
-4.889433869430792144e-07 -2.464333798861196031e-06 1.035941179218891617e-06 -3.510170637267743488e-07 7.664798943443257796e-07 3.525201344491026845e-07 6.688085854008244282e-07 3.356920766692548900e-07 -1.719805531107777512e-07 2.461305773833736463e-07 -1.944851148687141327e-07 8.509130515656720980e-08 -1.832363464315914752e-07 -5.185399670869330254e-07 -4.781213524761808298e-07 -6.485049817845337541e-07 -4.877289392055185188e-07 -5.463321730961986869e-07 -4.308733248229560163e-07 -1.770339885724981391e-07
-5.588236969231042723e-07 -2.346265601549777252e-06 1.091883145299598763e-06 -3.306562853335910036e-07 6.901615410938418394e-07 2.955033590370575602e-07 6.571347998294013740e-07 3.690905438319218159e-07 -1.843245702350648312e-07 2.369171911097799247e-07 -1.846117998473286390e-07 7.235574475034441490e-08 -2.077267896102592534e-07 -5.318536616759475189e-07 -5.347240436771212232e-07 -6.760348015240624585e-07 -4.713093844994410050e-07 -5.223285521803484363e-07 -4.146097108296273583e-07 -1.522356020005206867e-07
-7.369733931232412165e-07 -2.400221564280072494e-06 9.102654990444312080e-07 -3.600696324748942722e-07 7.823928867376306418e-07 3.180034350369813875e-07 6.065018212738070789e-07 3.467382273375987658e-07 -1.288433922977095323e-07 2.789604981991709677e-07 -1.849889377557451090e-07 6.984094364721959706e-08 -1.905484463891014157e-07 -5.219374941583755626e-07 -4.693760201588549414e-07 -6.249389188347892734e-07 -4.522453462552993784e-07 -5.124598941264628233e-07 -4.315909169478450116e-07 -1.786308710600461013e-07
