# errs for all jackknife regions
4.130111248646385027e-06 3.279330233604821727e-06 2.605922522770962686e-06 2.070482465934876342e-06 1.644800850419705908e-06 1.306318902110281414e-06 1.038033719826104539e-06 8.247453687631806585e-07 6.552383972932902847e-07 5.205460690595393953e-07 4.136235085745631877e-07 3.285577042507092665e-07 2.610873083683747804e-07 2.074447726734099163e-07 1.647125197298547033e-07 1.306703072156981511e-07 1.035854847133323629e-07 8.198443778046726014e-08 6.490339128962295591e-08 5.147452645126992220e-08
3.769767076737698246e-06 2.995133713209892781e-06 2.380061076530964010e-06 1.891037545796599030e-06 1.501761159413267366e-06 1.192887586371857960e-06 9.470206341772065877e-07 7.524193222828485334e-07 5.975643897176965201e-07 4.748691643372667099e-07 3.772977118307940868e-07 2.998102764841934451e-07 2.382388942274805507e-07 1.893221542484528776e-07 1.503702030834236506e-07 1.193874502266095568e-07 9.488148125627042587e-08 7.544099181281504044e-08 5.999198608408194408e-08 4.782952106349928899e-08
4.742215950746459367e-06 3.771205484966312108e-06 2.992596883331637717e-06 2.377779050344018986e-06 1.888701246429604402e-06 1.499814576871406913e-06 1.191591843845310618e-06 9.465684008639560348e-07 7.524710996246366950e-07 5.981519357107682927e-07 4.755294555303780498e-07 3.782954564261544255e-07 3.010625990604932156e-07 2.395801826911174788e-07 1.905827928499458339e-07 1.514642338362988796e-07 1.203918297962387889e-07 9.571765698669034339e-08 7.602109992709258705e-08 6.048264904041826518e-08
4.029543087716325008e-06 3.202802022813179994e-06 2.545294142611276295e-06 2.020085496439762829e-06 1.604459709070670618e-06 1.274989715326094485e-06 1.012864275886916739e-06 8.048129463425057770e-07 6.392565362106538670e-07 5.077368506917538887e-07 4.034324794784755177e-07 3.205446503782707962e-07 2.545779180240956640e-07 2.021141571150261672e-07 1.603038058470162296e-07 1.271831086211714028e-07 1.009327560794854754e-07 8.006575276536585282e-08 6.338015541733246693e-08 5.014371256028020966e-08
3.848602297629202390e-06 3.057569078223024218e-06 2.427882384045520528e-06 1.929145039855681461e-06 1.532409982594761055e-06 1.217286968591798974e-06 9.669292470134277072e-07 7.679676006269234849e-07 6.101209826839456226e-07 4.848130468147876699e-07 3.852448088512324817e-07 3.060661803256142883e-07 2.431382494273969364e-07 1.931587311980553014e-07 1.534282008145721037e-07 1.218626724483111517e-07 9.681503480725557989e-08 7.693946069434447141e-08 6.117388017879660200e-08 4.862617369581073940e-08
5.029573548421328016e-06 3.999119578842087165e-06 3.175150466281210064e-06 2.521306127355525770e-06 2.002688856875904199e-06 1.591200138074285192e-06 1.263914276752292940e-06 1.003954148295888248e-06 7.971982150331262426e-07 6.330049851698832519e-07 5.025497080312798247e-07 3.992008775029277509e-07 3.170495667298560611e-07 2.520421885514634688e-07 2.004497714319756210e-07 1.594735584508336044e-07 1.270650898857013101e-07 1.011918784417984138e-07 8.054389310527873626e-08 6.439251106385278390e-08
4.041965789375319346e-06 3.213521219015362868e-06 2.552113344240108649e-06 2.026915183969244281e-06 1.609921719762691913e-06 1.278951299018310524e-06 1.015790637433950967e-06 8.071424213199818439e-07 6.413584286108904142e-07 5.098312960943450669e-07 4.053817671260759293e-07 3.222603578914438374e-07 2.560951752886938597e-07 2.034846951706802134e-07 1.616167540562209829e-07 1.283556338955105025e-07 1.019347914440350812e-07 8.090192064651367933e-08 6.408984338764536921e-08 5.075182157210617221e-08
4.393022429935237091e-06 3.489297066508350570e-06 2.771896012773392774e-06 2.202001993584774793e-06 1.748364606443607459e-06 1.389018230716092895e-06 1.103547947055636799e-06 8.769984402838252662e-07 6.967319921293849633e-07 5.537284302472838492e-07 4.400045429247407371e-07 3.494708054015971937e-07 2.776500163850714016e-07 2.206537685456316955e-07 1.753304366480733938e-07 1.392257753851162977e-07 1.105787578743245398e-07 8.795630004754039908e-08 7.006800881192793647e-08 5.596113760072180920e-08
3.649290866472442421e-06 2.897873909042061049e-06 2.302583335184921682e-06 1.829930271885243086e-06 1.454278711295921289e-06 1.155738768556100029e-06 9.189157609418691886e-07 7.308998583199168015e-07 5.814869392222069322e-07 4.626689501360095652e-07 3.684111078834028416e-07 2.935282753428082078e-07 2.340082854856144326e-07 1.866367043163580349e-07 1.490757718812907389e-07 1.193907708616392360e-07 9.594081258234799396e-08 7.734208341029834115e-08 6.261631616284428555e-08 5.091129053178763776e-08
3.578550158004442016e-06 2.846646249575988693e-06 2.260725689300237314e-06 1.797503087107265311e-06 1.428218072679670944e-06 1.135763396752496008e-06 9.024858857072381849e-07 7.177372186944299430e-07 5.709472029792726065e-07 4.542712398388338257e-07 3.617098033566904456e-07 2.881680421331071614e-07 2.296832432633631243e-07 1.833873664519295624e-07 1.465700686563873541e-07 1.173752205947322803e-07 9.415459726158986566e-08 7.582668964361878380e-08 6.150049000172582184e-08 5.032639655653844251e-08
3.851603672139545586e-06 3.060038415167987430e-06 2.431563170814476556e-06 1.931067026598979830e-06 1.533421847741254155e-06 1.217963397283417353e-06 9.671300638540708601e-07 7.683662232732982522e-07 6.102941227701696484e-07 4.847582292302967066e-07 3.849346749435761289e-07 3.056396345694260234e-07 2.426259102376672104e-07 1.925848255137717525e-07 1.528212827756489078e-07 1.212681217289124159e-07 9.611578363294685762e-08 7.607208576067161050e-08 6.019153765942228494e-08 4.764309365487566667e-08
3.971354499360814870e-06 3.153143650569052916e-06 2.505801699363450112e-06 1.989592833143532827e-06 1.579990556191266135e-06 1.255100165208742507e-06 9.967254947295421372e-07 7.913354441138848314e-07 6.282140368828636730e-07 4.989897773179460807e-07 3.964170474484183229e-07 3.150665063493383635e-07 2.503985374843956489e-07 1.990539946078281513e-07 1.582544099716058547e-07 1.258028488169405495e-07 9.994499423318382009e-08 7.922873371899789393e-08 6.273572247623098425e-08 4.967867241238479875e-08
4.545071206744573150e-06 3.604560036228842948e-06 2.865208658303823486e-06 2.276794121461510257e-06 1.807843620220587625e-06 1.437111611233847218e-06 1.141999797617914387e-06 9.071806395055907266e-07 7.206884168830238550e-07 5.728431017665905580e-07 4.550047621908104773e-07 3.612031085376353464e-07 2.866577729033841618e-07 2.273275866367244499e-07 1.801367028371307859e-07 1.427698980617456590e-07 1.131148449853210226e-07 8.971755262453335251e-08 7.118124275737376696e-08 5.648331079812060933e-08
4.315138530737297493e-06 3.428294131355290781e-06 2.723607081492381331e-06 2.164309965923734548e-06 1.719022453338700948e-06 1.364767385639918146e-06 1.084348110108876522e-06 8.612480961002267497e-07 6.843086513430355270e-07 5.435898237402499444e-07 4.318323904742403638e-07 3.430301726056829365e-07 2.724684324498339267e-07 2.165251102534300512e-07 1.721235539843981925e-07 1.367235694625591327e-07 1.085110209545595492e-07 8.601099819248397007e-08 6.807454578741700454e-08 5.373483754380151355e-08
4.067873009932387053e-06 3.231379103853174568e-06 2.566648466479608654e-06 2.036790359546918581e-06 1.618177798242343281e-06 1.285258077660623304e-06 1.020848451030836795e-06 8.108921970093505085e-07 6.438862012822636849e-07 5.111440765373202986e-07 4.057541581486160456e-07 3.219568053638819227e-07 2.554845316412835428e-07 2.026546264372108560e-07 1.606566858074766437e-07 1.273041973496458696e-07 1.008076238057757797e-07 7.980191910546227181e-08 6.305790215622065198e-08 4.970403789238466104e-08
3.850642363835547675e-06 3.060227993452161169e-06 2.429762557679668162e-06 1.930683119230122188e-06 1.533997220708085582e-06 1.217832273672250114e-06 9.677755833922507067e-07 7.685797526156896852e-07 6.104541392775930218e-07 4.848041564025478965e-07 3.849767705227601804e-07 3.057208659845034052e-07 2.428297969570293463e-07 1.928964064542905299e-07 1.532063502712899106e-07 1.216684434777222878e-07 9.661812185178558380e-08 7.671149927616363243e-08 6.097620408009596659e-08 4.852626980336771419e-08
3.732297046910574302e-06 2.964898751074613017e-06 2.356000462007380366e-06 1.871767283019941090e-06 1.486931212953822246e-06 1.181320119033251815e-06 9.379332135470327671e-07 7.450109129610069991e-07 5.918313344174227545e-07 4.700123609884981392e-07 3.733784468811360818e-07 2.966224772766397998e-07 2.356140676837556333e-07 1.871782993448275988e-07 1.487234399635180881e-07 1.181160613834532908e-07 9.379399203191862022e-08 7.454002474311398102e-08 5.929403874181894191e-08 4.722426817278754721e-08
4.332954607092235152e-06 3.447750138369531269e-06 2.737303405254809530e-06 2.176941355503470510e-06 1.730704926046568265e-06 1.376433422041961559e-06 1.095338122507551807e-06 8.721438609485920381e-07 6.947613841357349122e-07 5.537328882051740016e-07 4.418196192876347230e-07 3.529248753564020979e-07 2.824725205359871463e-07 2.267688256621671969e-07 1.824875107549257196e-07 1.475160259626980956e-07 1.198215491683013746e-07 9.799184445689674323e-08 8.076481863317084981e-08 6.745348061975695704e-08
3.784108551643027715e-06 3.008122078869552469e-06 2.391285052375044873e-06 1.898482467659647388e-06 1.509417277238911143e-06 1.199969260935912995e-06 9.545725123005882337e-07 7.592737518015733739e-07 6.041478369644966757e-07 4.807369280169550872e-07 3.829211592555773283e-07 3.051490299168204427e-07 2.431676901842404768e-07 1.938963974765744210e-07 1.547998637314375031e-07 1.238900338851236949e-07 9.940394428686025752e-08 7.992925593307476494e-08 6.456452990084904810e-08 5.245605176076431220e-08
3.507633135863498963e-06 2.784206923885571864e-06 2.212968901159599622e-06 1.756816701072612298e-06 1.396339739916330964e-06 1.109644205681177844e-06 8.813619274037140090e-07 7.001601172286432481e-07 5.564017737165025814e-07 4.420982473955878008e-07 3.513335620276286404e-07 2.791854521858207844e-07 2.219811087858800824e-07 1.764908332316546883e-07 1.403308452171709441e-07 1.116344027770834127e-07 8.886656803074139873e-08 7.073893347125713402e-08 5.629062512666273325e-08 4.484100668905993898e-08
3.869219914575236353e-06 3.072142285674946514e-06 2.443083961267759508e-06 1.938971510478980379e-06 1.541048425737640286e-06 1.224309247714902005e-06 9.724302174407125389e-07 7.724677487458589029e-07 6.139054842653297347e-07 4.878322686545662727e-07 3.877256582866400959e-07 3.080354889730246928e-07 2.446602527439621494e-07 1.943979328563625482e-07 1.545457647622923869e-07 1.229604473632958365e-07 9.784722965575265788e-08 7.802656053507349858e-08 6.228675875618378275e-08 4.973014096508054850e-08
3.865444335269698544e-06 3.071108365703654702e-06 2.440774337225181559e-06 1.938878338064486062e-06 1.539869522808746261e-06 1.223715708462830499e-06 9.719623219246598953e-07 7.725074896003281134e-07 6.138979417428404900e-07 4.877975194932192520e-07 3.878120039544590552e-07 3.083174851567868901e-07 2.451193610797463243e-07 1.948143109941051568e-07 1.548887794396791035e-07 1.231704301551102170e-07 9.792580436476640398e-08 7.787149374945047481e-08 6.186449661389164483e-08 4.919235453995364105e-08
3.827074723109236820e-06 3.038530518659665618e-06 2.415431012982149991e-06 1.920209336666371659e-06 1.526711311425275955e-06 1.213906213831340096e-06 9.654253519443124117e-07 7.681163692761612050e-07 6.114732805508661257e-07 4.869851828218355050e-07 3.881358904624187913e-07 3.095845531759855429e-07 2.471978335741589713e-07 1.976880807208730432e-07 1.583157379709712301e-07 1.270188064995152790e-07 1.021652871078935191e-07 8.240682821816854520e-08 6.685562627854726759e-08 5.464265318083107229e-08
3.851116832620802656e-06 3.057687450779928847e-06 2.430700620137268465e-06 1.929525291417916591e-06 1.532580610510198350e-06 1.217075476720268687e-06 9.665986234241423988e-07 7.677289446223081587e-07 6.097090422321417048e-07 4.843268512137070034e-07 3.847691835263093990e-07 3.058709482835594427e-07 2.432882973018900795e-07 1.935561898299300420e-07 1.541037697367660101e-07 1.228320199194961266e-07 9.805519420278849129e-08 7.835154792483558064e-08 6.262262120892373960e-08 5.017610338810307350e-08
3.936746470338024747e-06 3.124932033543031109e-06 2.481239865558414665e-06 1.971809250570419308e-06 1.566084128958906039e-06 1.243633864060030986e-06 9.877631148928548013e-07 7.840481597043048534e-07 6.228653593820504169e-07 4.947352593050233431e-07 3.929847727972000021e-07 3.121517276087207211e-07 2.481501839461358392e-07 1.974342568315540506e-07 1.571375450331263248e-07 1.249523892658800168e-07 9.934826536605209658e-08 7.894421985131298722e-08 6.279968075163580574e-08 5.008649477513549494e-08
4.397559929259785699e-06 3.488359066445594689e-06 2.771937812913218866e-06 2.200456813966820643e-06 1.748784140417580417e-06 1.388884431439025554e-06 1.102701976965348219e-06 8.759162258067220558e-07 6.951265387807044902e-07 5.519068234582565108e-07 4.380522574390217987e-07 3.477230344465379694e-07 2.758604532245625547e-07 2.186930206963705398e-07 1.733772598717024025e-07 1.373287113999282560e-07 1.086027725726453093e-07 8.571572669565162595e-08 6.773936040642785281e-08 5.358435515969891285e-08
4.172632265569519668e-06 3.312365065216206482e-06 2.633897666985064269e-06 2.094713763443020770e-06 1.664458179812026057e-06 1.323854683055085709e-06 1.052527155631381554e-06 8.372531489366876729e-07 6.666460223024892030e-07 5.308359056967504318e-07 4.230053808375336286e-07 3.373009497757998960e-07 2.692718073854764014e-07 2.154308502327718574e-07 1.726772360268764224e-07 1.387483432748508552e-07 1.117690014234706314e-07 9.025104149968476837e-08 7.309137742060026515e-08 5.948076784789124662e-08
3.779557605146270352e-06 3.001731214904239788e-06 2.387234080741117988e-06 1.897093585502427688e-06 1.507308742270025744e-06 1.198373964968752041e-06 9.528304535560978210e-07 7.575836537405819241e-07 6.026896215207193348e-07 4.795182427506705854e-07 3.815727818547761763e-07 3.037973994320818250e-07 2.420579443277590198e-07 1.930945493136049504e-07 1.542407794732773070e-07 1.234345673969242820e-07 9.911232467973483961e-08 7.982916502740077072e-08 6.454690657837448344e-08 5.256842530651133702e-08
4.081625246148532642e-06 3.240229149631715142e-06 2.575446483518874275e-06 2.044770304364830805e-06 1.624122680405019122e-06 1.289318473262372770e-06 1.024713516514092901e-06 8.137056375717097060e-07 6.462620191993677691e-07 5.133737557947324874e-07 4.076299123572077729e-07 3.236364142384509118e-07 2.570862102434967706e-07 2.042750420292746378e-07 1.622768751135508954e-07 1.287149986848750184e-07 1.020673948120388496e-07 8.117963354695354788e-08 6.476268941126686091e-08 5.171521157862455263e-08
4.269079578561451296e-06 3.392641460259095493e-06 2.695542387344708514e-06 2.140040208742142321e-06 1.699942398244047428e-06 1.349873759822669296e-06 1.072512294637203428e-06 8.518277704482029136e-07 6.762786134991009452e-07 5.369595332789531077e-07 4.263636151491668416e-07 3.386501965782219076e-07 2.690521504652074428e-07 2.137593297819384429e-07 1.698561909345223551e-07 1.349356169900131623e-07 1.070438402503528075e-07 8.470512364588083279e-08 6.695042289614306668e-08 5.294648655304805982e-08
4.022341518922109347e-06 3.196493279856314828e-06 2.541922003261443972e-06 2.019874865583217031e-06 1.606870885481138400e-06 1.277496010349311917e-06 1.015623593531324705e-06 8.079765046876404414e-07 6.434882659561773311e-07 5.124428774122182803e-07 4.082870704146648446e-07 3.256082347041248984e-07 2.599088122271213311e-07 2.077905925881870768e-07 1.663536783743782975e-07 1.333986777251265446e-07 1.073390358176510953e-07 8.670546632808586809e-08 7.036858346750038897e-08 5.750728979034992215e-08
4.277911934029808397e-06 3.399495126606523999e-06 2.700619788843074574e-06 2.144677417313043166e-06 1.703706513364159903e-06 1.353490433411952953e-06 1.075036092838499443e-06 8.538913568446134775e-07 6.784524318717290078e-07 5.387472871935832744e-07 4.280059721594877068e-07 3.400478036528671104e-07 2.703424121882487699e-07 2.149786651635803375e-07 1.710535603302531529e-07 1.363198997259991620e-07 1.087626737556503188e-07 8.689250370597567009e-08 6.939066654338685101e-08 5.533573337011360485e-08
3.836870778503710312e-06 3.048457827602369307e-06 2.422012334945716855e-06 1.922886765206761166e-06 1.527733964961651079e-06 1.213873310086233982e-06 9.646710852168733498e-07 7.663128175642902647e-07 6.090817028851944601e-07 4.840126552741764126e-07 3.844804360452463353e-07 3.053291864849181107e-07 2.424764510921780181e-07 1.925740750183421760e-07 1.528370670536604493e-07 1.212472526419114399e-07 9.605360144189645619e-08 7.597941153752513990e-08 6.000121001789510941e-08 4.729107266585900506e-08
4.633924909970268034e-06 3.677214070514539194e-06 2.921321631693115728e-06 2.322154028843950249e-06 1.845528315198659784e-06 1.464913430501631289e-06 1.163133497012594738e-06 9.236355675208757018e-07 7.334717008662749834e-07 5.825915560983161835e-07 4.623736240287743388e-07 3.670510982662599436e-07 2.915298740998907908e-07 2.317027131340371254e-07 1.842140480589267849e-07 1.465722056807606705e-07 1.166829370086698022e-07 9.303438829804428116e-08 7.409619749423107596e-08 5.892405077997553405e-08
3.932523252552263896e-06 3.123922770736025547e-06 2.479363025177759555e-06 1.969419407818334130e-06 1.564201598560646307e-06 1.242456624773806054e-06 9.866324699016034128e-07 7.835740427187132454e-07 6.222146236131651907e-07 4.941739522162749604e-07 3.922804624118327108e-07 3.112895182976543412e-07 2.471986404438414857e-07 1.963053968630295520e-07 1.560881355728310192e-07 1.242480310499316875e-07 9.901301523148633834e-08 7.890928733591610541e-08 6.280978799861871743e-08 4.998652927561717727e-08
3.682869084109252859e-06 2.924866287785616642e-06 2.323066004280361731e-06 1.846198937612316581e-06 1.468376728680809573e-06 1.167263706414816686e-06 9.276789675531507014e-07 7.378093422982183399e-07 5.869651570810467354e-07 4.671149115424404079e-07 3.718294865493719144e-07 2.961774678277411555e-07 2.361709594253412352e-07 1.885047940002776680e-07 1.505969454588268891e-07 1.205240965228051516e-07 9.670140467851086854e-08 7.795450078167098648e-08 6.316415872845329747e-08 5.145577396070985569e-08
4.730510541220485935e-06 3.755038505358817413e-06 2.980709639746912410e-06 2.368440307842426623e-06 1.881448201479363409e-06 1.493715633522212804e-06 1.187108396340502796e-06 9.433039344477760395e-07 7.493812280134677827e-07 5.952333003583369939e-07 4.727140314878343987e-07 3.753786970520020544e-07 2.979704702397602179e-07 2.365121456451146033e-07 1.877879544178939275e-07 1.489749400349364195e-07 1.180411819571438814e-07 9.345440171745289047e-08 7.390611462100476304e-08 5.848729583052206252e-08
3.815882168739347819e-06 3.032620145335315466e-06 2.407010386390638654e-06 1.913076695034803953e-06 1.519466684284994057e-06 1.206811552704783514e-06 9.584859673007592015e-07 7.613630685697062026e-07 6.047663790123801563e-07 4.804107103148251858e-07 3.817759138745237379e-07 3.033993307822404674e-07 2.410733219765959578e-07 1.916049353943217129e-07 1.523607382979515943e-07 1.211116897917760809e-07 9.613641718373142401e-08 7.619558540883637975e-08 6.038412399922294628e-08 4.792454677186602081e-08
4.498522984770862394e-06 3.577303547598637028e-06 2.842441113689210004e-06 2.260789423608160214e-06 1.797393739119984957e-06 1.428579219391818883e-06 1.136290518437893103e-06 9.038651032979306876e-07 7.194914305874911385e-07 5.729733833035900198e-07 4.564253120397665617e-07 3.639310130446909132e-07 2.905605119082677945e-07 2.323050631738076451e-07 1.859855566190259841e-07 1.492081621361865136e-07 1.201210921242436764e-07 9.706955746793725315e-08 7.887756202111111761e-08 6.470948507771729755e-08
3.809845387283082998e-06 3.028192788843634825e-06 2.405950010481079619e-06 1.911385917831344709e-06 1.518883143703299634e-06 1.206744943153465326e-06 9.580306627099404818e-07 7.610583700008310222e-07 6.047844896038838528e-07 4.805747990171209305e-07 3.821227070891365684e-07 3.040174288284239834e-07 2.419670147951684944e-07 1.927674003627033627e-07 1.537593953582712967e-07 1.227349390217675661e-07 9.809694815919840464e-08 7.858721625904627663e-08 6.316331290486829210e-08 5.095428189098107414e-08
4.440376729950773784e-06 3.528777003125731140e-06 2.803885720659229049e-06 2.228248268737541103e-06 1.771670275292008229e-06 1.408174117571890542e-06 1.119710243205829900e-06 8.906146814474037479e-07 7.087020699315099528e-07 5.639798140641643988e-07 4.491138726566618618e-07 3.582853967708283466e-07 2.861026989250677045e-07 2.287353882846226523e-07 1.833044984377896055e-07 1.472808509578367340e-07 1.187855007868538787e-07 9.623924316075249395e-08 7.835147260390925529e-08 6.442862624115601805e-08
3.673354630446843140e-06 2.917140186969650569e-06 2.315596564480091219e-06 1.839664612707952782e-06 1.460761682167107291e-06 1.161032129060708501e-06 9.217210812531564706e-07 7.318808425671076132e-07 5.815868507677835028e-07 4.620094115721815820e-07 3.670197007025215401e-07 2.917750730641438502e-07 2.318402553396107815e-07 1.842024275138978912e-07 1.463792449425480634e-07 1.164133511884109392e-07 9.264078110676968275e-08 7.381895014754576566e-08 5.880303483547570360e-08 4.684705526029504138e-08
4.275836179753862553e-06 3.395947285399164134e-06 2.698533749110017303e-06 2.141989788015097307e-06 1.700993447311325422e-06 1.351544121390187591e-06 1.073506402625659305e-06 8.522420565837052870e-07 6.764929662603552737e-07 5.372285155709936052e-07 4.265831403550806127e-07 3.384368719684927440e-07 2.685226492070847845e-07 2.131605197835844497e-07 1.691924030678281518e-07 1.342893019132725109e-07 1.065636471751357256e-07 8.456930374787465982e-08 6.698363428794958687e-08 5.302150057451512073e-08
5.111009523485067593e-06 4.057338546439007813e-06 3.225296571346967364e-06 2.560355448557052320e-06 2.033089778693520128e-06 1.616005353936861540e-06 1.283491909726819547e-06 1.019607208629096921e-06 8.098642831298291860e-07 6.432373594780263623e-07 5.109512659116476799e-07 4.057993710626729625e-07 3.222176798890413154e-07 2.557186464593153431e-07 2.028356323021657086e-07 1.607780040088978165e-07 1.273233856830003070e-07 1.008299420072936005e-07 7.975272296577110800e-08 6.309921184811963677e-08
4.813686805154362077e-06 3.825795586966813301e-06 3.039387257324047604e-06 2.416076685667862250e-06 1.920208844289245396e-06 1.527018388489097523e-06 1.215214332172296803e-06 9.670220508449945207e-07 7.699135284442850628e-07 6.132632788002605353e-07 4.886031115204433307e-07 3.893726900434037309e-07 3.104511816987411685e-07 2.477807360154711451e-07 1.979223974583436638e-07 1.584219411443186764e-07 1.270784765327171268e-07 1.023331203762772269e-07 8.281416150930013701e-08 6.754284098622274804e-08
4.195695072143445275e-06 3.334658517708824908e-06 2.644532984110179560e-06 2.101876241347076245e-06 1.669827429644419657e-06 1.326185738132873890e-06 1.053709964776490884e-06 8.370677304857479197e-07 6.649491514241039696e-07 5.280449470387912048e-07 4.192603741023067473e-07 3.327462374253070682e-07 2.641084287936375411e-07 2.094310296747260545e-07 1.661268107178486321e-07 1.317438190537463020e-07 1.043479880180679525e-07 8.254665106449161541e-08 6.523427322879750696e-08 5.157545723796451673e-08
4.050176034170680402e-06 3.214850796081144638e-06 2.554485853789213728e-06 2.029514836891953896e-06 1.612659932071326270e-06 1.280995334900899912e-06 1.017899957715191613e-06 8.085376756363198921e-07 6.421977328801161467e-07 5.101453221455788874e-07 4.052137034825255526e-07 3.219593768024109525e-07 2.556952978446589055e-07 2.030979003667695719e-07 1.612744199316365071e-07 1.281177920206264659e-07 1.018386834314517474e-07 8.097139243089615236e-08 6.446639972464241161e-08 5.139544225956378366e-08
3.354295629008084015e-06 2.665297791280695976e-06 2.118348058597669580e-06 1.681623082530431092e-06 1.336132342799762169e-06 1.061396807482008413e-06 8.430381997783226822e-07 6.696525105038739768e-07 5.321356455864744728e-07 4.227905654670766525e-07 3.358490020487376530e-07 2.668148497388845801e-07 2.120178676847359093e-07 1.684248543423275988e-07 1.337376558867846754e-07 1.061616348450823532e-07 8.420354368106683429e-08 6.676912199360529800e-08 5.304072587585888794e-08 4.223413185871359605e-08
3.765429832880872537e-06 2.992202219614698185e-06 2.377122607882663415e-06 1.886999480628859404e-06 1.499118318954515426e-06 1.190726100615010622e-06 9.458115791052808822e-07 7.515520357820272978e-07 5.971756701324600916e-07 4.745344709937674991e-07 3.770513150477499045e-07 2.995968358900739368e-07 2.380998835366533876e-07 1.892885872147224873e-07 1.505353121270312363e-07 1.197746229421431840e-07 9.527790903986432388e-08 7.586863522793618435e-08 6.048800931408665758e-08 4.816809955992168012e-08
5.204668489142909548e-06 4.126258046796168887e-06 3.280846689906585141e-06 2.605782939710843759e-06 2.069752399462175357e-06 1.644454559471209622e-06 1.306139502170392974e-06 1.037902073081204677e-06 8.248434591920317068e-07 6.553840326395417426e-07 5.203455257643889918e-07 4.132836360202737467e-07 3.281581592302753701e-07 2.605515956549889814e-07 2.069729130847690045e-07 1.642494741917504214e-07 1.300678159287134339e-07 1.028288457365484386e-07 8.129710721408225138e-08 6.422239069650528244e-08
4.110847269255825907e-06 3.263575421069016315e-06 2.593093786394779515e-06 2.059713043289057126e-06 1.636586773093445005e-06 1.299732440229515187e-06 1.032368157737034771e-06 8.202918147326809164e-07 6.516593902474738153e-07 5.174417004555025346e-07 4.108346179812257296e-07 3.261116085216415973e-07 2.588127666165595714e-07 2.054728173515872572e-07 1.633280908517372895e-07 1.300242267585367443e-07 1.036706330998105189e-07 8.267313872088407848e-08 6.599724991920639653e-08 5.272368729715220648e-08
3.940818896947927666e-06 3.132519359177925728e-06 2.489577216773866872e-06 1.979290315341832390e-06 1.572589706647902828e-06 1.250135413375380789e-06 9.941657205995647543e-07 7.912050649877764616e-07 6.293817748789357200e-07 5.008956206926539254e-07 3.989135982626264750e-07 3.179046505080997422e-07 2.536586467849807113e-07 2.026043552820060900e-07 1.621001499396234821e-07 1.299404793327746824e-07 1.043554612101737046e-07 8.409383548132969712e-08 6.807347190863898171e-08 5.541808604758932980e-08
3.703744088840393536e-06 2.944677771133409690e-06 2.339573846311552912e-06 1.858678453231455317e-06 1.476013219427947644e-06 1.172724997947261247e-06 9.317011808240179542e-07 7.400821925690014805e-07 5.877684847095746752e-07 4.668167149272764930e-07 3.706515312169055455e-07 2.942685033870712630e-07 2.335936322103793555e-07 1.853734600727590476e-07 1.470612229997248838e-07 1.166408795753232833e-07 9.255195050605788662e-08 7.342476050612260772e-08 5.820712602910257653e-08 4.614266986119009251e-08
4.786293302002358007e-06 3.803788735871820744e-06 3.023793039084423786e-06 2.404343830848185724e-06 1.912041783895916618e-06 1.521406990873116800e-06 1.210472148093003869e-06 9.643909965816638595e-07 7.681878500095723009e-07 6.123122833061895245e-07 4.886065426346479940e-07 3.904751614635555714e-07 3.124562286860487327e-07 2.504595366806337930e-07 2.011780465105404646e-07 1.621497789291464336e-07 1.310766626366025350e-07 1.063387324860776827e-07 8.671741818142976135e-08 7.156172590731462529e-08
3.831056045461755089e-06 3.042882527116793511e-06 2.416312858676270583e-06 1.920983148797598593e-06 1.525370516266572517e-06 1.211232517761538152e-06 9.619794699602355339e-07 7.640709053488655932e-07 6.069904359193718910e-07 4.820810388565380792e-07 3.828144988655352529e-07 3.039566171744963975e-07 2.413948510436812649e-07 1.917519716123128742e-07 1.522826482387457734e-07 1.208968981970691249e-07 9.582218948363404815e-08 7.599009289051895410e-08 6.034791371320847239e-08 4.788463617370003873e-08
4.025869515830180722e-06 3.199500158277266038e-06 2.540680969590727532e-06 2.018970989776823412e-06 1.603216957462731298e-06 1.273404637974583767e-06 1.011574437314631341e-06 8.036465002327663835e-07 6.379062267281199975e-07 5.065905401129767636e-07 4.021943644577622059e-07 3.191751634691797617e-07 2.532174336795716675e-07 2.008737791776978988e-07 1.592121398805297497e-07 1.260941105586267977e-07 9.976017326128371739e-08 7.881211499324779563e-08 6.220818103412566543e-08 4.904596077455098310e-08
4.447536939158084764e-06 3.533236717644844490e-06 2.808263363144994728e-06 2.231963486375998642e-06 1.773694522728111733e-06 1.409628173856153209e-06 1.120847219159981447e-06 8.908715956077172328e-07 7.087603843050058359e-07 5.639593777496308738e-07 4.491012148773871947e-07 3.580926703483152969e-07 2.858473695185424733e-07 2.287414722385843938e-07 1.835227757638552112e-07 1.476650381443719993e-07 1.192471221533138385e-07 9.669038486492891798e-08 7.886033207824582592e-08 6.476534171595035433e-08
4.409070362720259766e-06 3.504056336672831776e-06 2.783994549309377481e-06 2.211717985654332797e-06 1.755518926767355742e-06 1.394337292846852848e-06 1.107161015045503561e-06 8.795868912349862113e-07 6.983796717599056644e-07 5.546536846028839356e-07 4.402378285172661721e-07 3.495806519344425817e-07 2.774938178964120111e-07 2.202046945394598859e-07 1.747173336188709966e-07 1.386788710635091299e-07 1.099584158521081909e-07 8.700862927890367605e-08 6.879528943458940886e-08 5.442058751102504761e-08
5.068166823744616138e-06 4.028277794342168020e-06 3.205079406621878110e-06 2.548650952309975738e-06 2.025882103088637271e-06 1.610346292346281958e-06 1.280879801176865123e-06 1.019295967898792388e-06 8.111746815360321119e-07 6.462135307231472926e-07 5.153460991306224360e-07 4.113579408234328002e-07 3.288690561239586889e-07 2.631595052170386267e-07 2.113025210586711722e-07 1.704995932477312007e-07 1.381197471413899994e-07 1.124999995694771691e-07 9.226673945672685652e-08 7.630978932516493898e-08
4.235061869718253416e-06 3.366437274053567606e-06 2.671847076305261007e-06 2.121915736460497378e-06 1.685424804173843530e-06 1.338351437863266216e-06 1.063371274034162362e-06 8.445482731075961708e-07 6.708247846222219432e-07 5.324929689021557261e-07 4.229012514089838699e-07 3.357938422082544635e-07 2.664784092469177675e-07 2.113861857032380339e-07 1.676530986064304169e-07 1.329406252495308922e-07 1.053526081016959118e-07 8.351447877374248455e-08 6.620755487845407427e-08 5.256293552330052959e-08
3.634615963801609420e-06 2.889189589340890994e-06 2.293887097154351280e-06 1.823028434750749412e-06 1.449144366723730176e-06 1.151881790982676535e-06 9.157229414622983780e-07 7.283689031700271943e-07 5.796654117086105367e-07 4.614576763209193874e-07 3.673388563617049706e-07 2.927335851516900312e-07 2.334413836438407202e-07 1.863432832965264460e-07 1.489703321226283510e-07 1.193080454715657706e-07 9.577141919844955157e-08 7.715511488970100936e-08 6.227290717770314281e-08 5.038054104567799427e-08
4.370647107929878717e-06 3.465857511425303565e-06 2.751966670589537984e-06 2.186306498393438965e-06 1.736021326113682670e-06 1.379093914658358694e-06 1.095325157880941380e-06 8.700305616336012242e-07 6.912663646532263174e-07 5.490453031031133090e-07 4.361160061937959843e-07 3.462845306333391038e-07 2.748324645887853844e-07 2.180179675270812862e-07 1.729942910933489242e-07 1.374638243299014024e-07 1.093113017082424152e-07 8.690507533684807940e-08 6.888803742078864676e-08 5.447885871965060250e-08
4.581755001983014391e-06 3.642589993592319641e-06 2.892446386900797473e-06 2.298171586001720669e-06 1.825453763448567072e-06 1.449274094786472720e-06 1.150840484007577513e-06 9.135647018021902709e-07 7.254314887393599746e-07 5.760627481754500112e-07 4.574094621968021478e-07 3.633381089209415371e-07 2.888283622255030009e-07 2.296104670390779206e-07 1.825841023340902440e-07 1.451503066380966513e-07 1.151571820037449595e-07 9.118201767812660781e-08 7.228346254044466816e-08 5.731695896471959527e-08
3.648114826250452453e-06 2.900528373646328829e-06 2.304649979254404291e-06 1.832558878301528217e-06 1.456074237589933624e-06 1.157608155487291045e-06 9.206590074148056772e-07 7.323743520261957615e-07 5.828777904975364255e-07 4.640707534621389303e-07 3.698542453884531607e-07 2.950626715816117826e-07 2.356058547491293309e-07 1.883888877819573852e-07 1.508870396022368543e-07 1.210776011653035114e-07 9.739654151944066311e-08 7.864619447846195631e-08 6.374791505560313919e-08 5.203083489779310842e-08
3.976002096971372839e-06 3.159092047075263127e-06 2.510594563333991463e-06 1.994568347678778731e-06 1.585520221381315261e-06 1.261414002293605630e-06 1.003360378417699317e-06 7.984249247194265271e-07 6.354820027108280704e-07 5.062951862407691497e-07 4.035402211623250036e-07 3.219157809801325330e-07 2.571096556017304289e-07 2.055576586590179673e-07 1.644408859689542241e-07 1.317534254489753543e-07 1.058953966343949113e-07 8.543002475701920499e-08 6.922804171239239441e-08 5.650204325518904629e-08
4.095379345108587647e-06 3.255597569029680648e-06 2.587040940783168600e-06 2.052969166829034170e-06 1.631469128668693545e-06 1.296377859839306982e-06 1.029645368842530005e-06 8.179512225055509011e-07 6.497939731912998067e-07 5.161584931324135078e-07 4.098877062003792124e-07 3.255022925836861149e-07 2.585342107912144801e-07 2.053920353253567487e-07 1.631392566952430199e-07 1.296167145756994522e-07 1.030003519617826962e-07 8.183245842934666251e-08 6.501169742107114189e-08 5.175360953165019440e-08
4.223861638358889856e-06 3.354288630821053449e-06 2.664963723979323944e-06 2.118405340636054628e-06 1.682227102462104984e-06 1.337011371652299573e-06 1.062252604004512775e-06 8.438778001219623916e-07 6.701831301853489753e-07 5.322945548261510569e-07 4.228135070055033601e-07 3.356724446692626079e-07 2.664966937723041326e-07 2.115442211562445834e-07 1.678734092491877345e-07 1.332011847468793300e-07 1.056213350790773027e-07 8.379167055138093521e-08 6.663713926619388554e-08 5.297031967394769003e-08
3.849128921117375375e-06 3.057728019632300842e-06 2.431316158358476071e-06 1.933125465965365687e-06 1.538413501797887583e-06 1.223441292931791594e-06 9.737873378215040242e-07 7.756925505299329469e-07 6.179393328132392959e-07 4.928295242012946472e-07 3.932889893878727798e-07 3.143339403747432924e-07 2.517961219827339541e-07 2.021251537263631951e-07 1.628215648030794617e-07 1.316930125105906704e-07 1.069228351635850852e-07 8.730095919275448902e-08 7.186409527201618847e-08 5.987694576368940487e-08
4.353982886479842591e-06 3.456933087385897782e-06 2.746629792322481283e-06 2.183404532215359879e-06 1.736906878353913458e-06 1.381506617963066083e-06 1.098823810992146995e-06 8.746898368904979598e-07 6.961824718435112435e-07 5.545233382787236065e-07 4.418332415138488157e-07 3.523879989951825415e-07 2.813689819046075704e-07 2.251323172258241113e-07 1.805577760562794657e-07 1.452918078243725292e-07 1.172003786938754263e-07 9.493965683042018071e-08 7.722494636101945222e-08 6.300888151054630024e-08
5.404406514115898670e-06 4.293777065498233673e-06 3.411669556048682776e-06 2.711388933582750597e-06 2.155722777897752749e-06 1.715002523988478170e-06 1.364323377354086452e-06 1.086132159970343946e-06 8.655547417383962708e-07 6.900780753374081111e-07 5.508473979254175549e-07 4.400219317810163729e-07 3.519149047045792977e-07 2.816960541520485226e-07 2.257343411379218134e-07 1.816828248693405094e-07 1.471010925322991988e-07 1.197998935551414328e-07 9.823479928613223405e-08 8.128340637809441559e-08
3.952430296740135958e-06 3.136104038960012281e-06 2.492693652836670057e-06 1.979291156484364722e-06 1.571518134013669458e-06 1.249172745552647877e-06 9.921790834327093653e-07 7.880175300776620934e-07 6.258938608723794300e-07 4.970959527806992604e-07 3.947065568894038838e-07 3.133625343466084515e-07 2.486706328630273436e-07 1.973204985308115955e-07 1.565728824411490036e-07 1.242772286241995180e-07 9.873083743691144284e-08 7.845901210472009130e-08 6.237301534111540144e-08 4.964705127300504602e-08
4.134466472146343898e-06 3.285801659278646031e-06 2.609723888005506581e-06 2.072209989371069846e-06 1.646579660722228521e-06 1.307954510831538767e-06 1.038133126689893674e-06 8.244343433531758494e-07 6.546377264575843511e-07 5.197847793015211085e-07 4.129173417198763715e-07 3.280012776842541779e-07 2.605748640469702255e-07 2.068244849646562123e-07 1.641168542378367794e-07 1.303376134871376588e-07 1.035536766290405923e-07 8.226721738677345270e-08 6.547336113923700233e-08 5.224676107453890383e-08
3.737605085570942274e-06 2.967457676914379860e-06 2.358439886054235729e-06 1.873679074909133653e-06 1.488312194246932956e-06 1.181944320813393571e-06 9.391060481049207608e-07 7.462937461098400867e-07 5.927696755212048553e-07 4.710440835668025282e-07 3.744714543816682528e-07 2.976175407034085162e-07 2.366414234288805285e-07 1.881872828999894539e-07 1.496661632116279995e-07 1.190294122035510953e-07 9.468789219340365413e-08 7.537487140000047679e-08 6.000617209623260761e-08 4.780735048560783168e-08
4.185927138041820554e-06 3.322799111475277843e-06 2.638557137815812452e-06 2.095666450199015643e-06 1.664396596278883310e-06 1.322219261006636407e-06 1.050371075042073328e-06 8.342601742843502870e-07 6.628702274994696355e-07 5.265772378656287916e-07 4.184295691967290602e-07 3.326277044636066661e-07 2.644854321782068988e-07 2.103243291919119639e-07 1.673433657663056175e-07 1.332413370339936292e-07 1.061962785402559667e-07 8.468636163599571484e-08 6.757423399768239405e-08 5.393893481813925343e-08
3.991879231897366608e-06 3.170600780325242916e-06 2.517449015686393844e-06 1.999324991842108071e-06 1.587385284051919117e-06 1.261195460572609029e-06 1.002251904485287347e-06 7.962210501094573191e-07 6.323546370506211840e-07 5.022748202488950976e-07 3.990783974655452486e-07 3.170469260269595926e-07 2.519308149691733460e-07 2.001868892714633779e-07 1.591578029850433320e-07 1.266749770933807605e-07 1.010083460764963906e-07 8.053809632522905388e-08 6.407178744616495792e-08 5.096467970351406067e-08
3.931566078299713880e-06 3.123229144399400454e-06 2.480038070632433555e-06 1.968937071839898194e-06 1.564205732620364209e-06 1.242315267175609577e-06 9.869681213192889796e-07 7.841826403177183190e-07 6.230846980583030647e-07 4.949409003992463783e-07 3.934154376594148348e-07 3.127688533349199864e-07 2.487266629564384152e-07 1.978643665915646158e-07 1.574506480108022030e-07 1.252957985147287079e-07 9.974188997338030091e-08 7.936754254913079065e-08 6.318788863155879059e-08 5.034579965600119482e-08
4.799047076457055812e-06 3.809755657449596100e-06 3.025253184933650189e-06 2.403906814596571572e-06 1.909500784453631861e-06 1.516901359195361575e-06 1.205054434074118134e-06 9.571238710770946063e-07 7.599804925324292318e-07 6.035261359665751974e-07 4.795221697228316344e-07 3.806744769375587109e-07 3.021356205017049445e-07 2.398732158740330810e-07 1.903388745289929478e-07 1.508578406443069555e-07 1.195247910205631437e-07 9.462585237433328939e-08 7.488587926649003584e-08 5.926869645714680696e-08
4.021542186684599013e-06 3.194412185901922707e-06 2.539172798644522170e-06 2.015083754153737884e-06 1.601414675924620115e-06 1.271229393635153377e-06 1.009572619226463077e-06 8.022548735592609369e-07 6.369695382735653149e-07 5.057015260613195857e-07 4.014646078793237812e-07 3.188004555883486934e-07 2.529833908308348664e-07 2.007714333239485719e-07 1.593796969092712581e-07 1.264503802753358146e-07 1.003352450969604241e-07 7.973574945970227319e-08 6.353886104610762579e-08 5.064929859839711423e-08
5.341064198524915137e-06 4.240804848958321139e-06 3.368060669719199095e-06 2.676761773172750750e-06 2.125212295902284294e-06 1.688586761589609640e-06 1.341394615477265831e-06 1.065442035984697096e-06 8.464008116828733423e-07 6.718115798645606419e-07 5.336905693657896521e-07 4.238437040942152150e-07 3.367789034420773675e-07 2.675284103148048937e-07 2.124824594117642427e-07 1.686083440245277718e-07 1.337896698337150211e-07 1.062281477109132510e-07 8.412749352806611874e-08 6.653089520568827126e-08
3.665572379825666509e-06 2.911428975970749685e-06 2.312514282347185062e-06 1.836003079903262516e-06 1.459038856406731086e-06 1.158735949005577799e-06 9.199001547005351063e-07 7.307270493368221435e-07 5.802460236205650807e-07 4.607757595968807141e-07 3.657280816741424124e-07 2.901930608217223480e-07 2.302214562601491964e-07 1.826122616764780605e-07 1.448169540675451974e-07 1.147074087714641952e-07 9.086967565722319166e-08 7.203541065708664379e-08 5.715608727345528655e-08 4.533627869700537882e-08
4.682386744352188289e-06 3.724526981905171615e-06 2.957141941995915950e-06 2.350436458932693268e-06 1.869439438491459702e-06 1.487341052258779981e-06 1.183073900087861382e-06 9.414335414613469905e-07 7.498398160675790585e-07 5.972230558262259680e-07 4.761751472161965748e-07 3.800360606769654157e-07 3.037420651183394150e-07 2.429457808985200896e-07 1.945057882850899356e-07 1.560964065418508019e-07 1.255656218490578879e-07 1.015097242454736472e-07 8.266455062062810942e-08 6.788086149498835554e-08
5.082427920363546847e-06 4.040998855630937600e-06 3.206467663586493062e-06 2.545549449313919873e-06 2.022684474430621738e-06 1.605718123405961215e-06 1.275455231881694196e-06 1.013062311386598608e-06 8.047619871294217334e-07 6.393739190742864991e-07 5.080991883239701668e-07 4.037979253781812516e-07 3.206438441542846813e-07 2.546584312819889196e-07 2.024371784393783421e-07 1.607852998017326652e-07 1.278054721840754698e-07 1.016211531672391972e-07 8.073158596129876514e-08 6.387287824617448224e-08
3.797819116075559759e-06 3.017746455885137133e-06 2.396246019430607613e-06 1.904509910112599574e-06 1.512453702594796809e-06 1.201417632322350306e-06 9.542451833887360383e-07 7.577898587842539613e-07 6.020382533098427185e-07 4.782013083240197623e-07 3.798545913343909069e-07 3.017869795818819399e-07 2.396214424524589152e-07 1.902673950449559519e-07 1.511724650285074940e-07 1.201710138082149017e-07 9.562463507909307499e-08 7.613670271313425001e-08 6.061705169048420459e-08 4.822864026348214393e-08
3.540834586104336607e-06 2.810653284331645149e-06 2.234605104387625197e-06 1.774127522731612191e-06 1.409332201839506449e-06 1.119719272033554658e-06 8.893112332847567934e-07 7.065486418372646232e-07 5.610512686901986083e-07 4.456015243459799140e-07 3.539428718068728291e-07 2.811353581036610939e-07 2.232305369332920098e-07 1.772631519551634617e-07 1.407797084957031561e-07 1.118600943810628454e-07 8.896524795611687988e-08 7.082070330273041309e-08 5.643890759493282094e-08 4.505689941717794274e-08
3.760051398334651169e-06 2.984284234613778012e-06 2.371830227158320576e-06 1.885809844124443473e-06 1.497873401124375202e-06 1.190824600193188286e-06 9.465788802641004361e-07 7.525887449335809088e-07 5.987126279223882203e-07 4.765935092434050602e-07 3.794620390886360911e-07 3.024277253556725177e-07 2.411545173628030439e-07 1.925487836194130585e-07 1.540183501938145276e-07 1.233699994146119821e-07 9.906675148117459496e-08 7.977272011922739063e-08 6.455424131659110834e-08 5.258012021032339959e-08
4.098375644770752300e-06 3.253869853673155826e-06 2.587142479868355106e-06 2.054829872803872539e-06 1.631121938051072169e-06 1.296052633015065947e-06 1.029345323119951953e-06 8.178963139643833312e-07 6.498051928903778426e-07 5.160847090466330103e-07 4.099281679651937125e-07 3.256392100162700099e-07 2.587646528554723166e-07 2.055578008996136648e-07 1.634884680348745350e-07 1.302300402737010234e-07 1.038153715125972240e-07 8.291015140369163881e-08 6.644895792799005795e-08 5.335738303734234640e-08
5.039786406845590912e-06 4.003938979456789570e-06 3.180523711570537269e-06 2.527450671485674970e-06 2.006856221828401731e-06 1.595077056466523699e-06 1.268163051187010156e-06 1.007624296103088713e-06 8.007415386622539037e-07 6.364946491742854266e-07 5.060352972030429395e-07 4.023973493762721212e-07 3.200475923952874171e-07 2.548906956411308394e-07 2.031160285129036747e-07 1.619196739004300515e-07 1.291262368640938552e-07 1.028798973072347474e-07 8.235046358244227931e-08 6.669135030643596371e-08
5.147067420867331459e-06 4.093079405128791757e-06 3.246429790684000935e-06 2.580903422066963098e-06 2.052866223610514927e-06 1.632887456617711789e-06 1.299368071361267716e-06 1.033857301227156420e-06 8.230196676669384732e-07 6.558412185159353381e-07 5.227270841530818093e-07 4.172075620728330399e-07 3.333107234348838546e-07 2.668109048057226097e-07 2.144098980003178750e-07 1.729673077718545561e-07 1.404017356309568876e-07 1.149507268934807600e-07 9.507059871550424416e-08 7.892773704630139107e-08
4.339097986491814212e-06 3.449447161690110180e-06 2.738005896325838838e-06 2.175766322136306242e-06 1.727938352768073810e-06 1.372066170209307195e-06 1.089908913132033561e-06 8.654048310613153998e-07 6.872646137049304972e-07 5.456530949701375586e-07 4.333227822615443967e-07 3.441839029614227039e-07 2.733384733726344145e-07 2.169147300169179020e-07 1.720748318255765502e-07 1.365061563957952839e-07 1.083243222181503853e-07 8.608736043809259127e-08 6.850195807670423990e-08 5.442799608347304036e-08
3.573713921957304963e-06 2.839088966847605173e-06 2.254438161809885691e-06 1.791259327245744012e-06 1.423569204633284930e-06 1.129964773431651369e-06 8.979213652936626282e-07 7.129468018021607723e-07 5.662239909315712478e-07 4.495647820721406770e-07 3.569902942343778052e-07 2.834011887765827071e-07 2.249398199268525740e-07 1.785224172574228345e-07 1.416636133122020138e-07 1.124911681370930884e-07 8.945344335747089866e-08 7.113250041344266300e-08 5.653382141302707673e-08 4.499263228453316998e-08
4.857469423923720998e-06 3.863414073611396694e-06 3.069463003635347289e-06 2.436570766419141270e-06 1.936570480851877847e-06 1.538504614355388317e-06 1.221371346537068330e-06 9.704355274970193193e-07 7.711463951504578988e-07 6.126247265478306092e-07 4.865710133439101110e-07 3.861951600568448274e-07 3.064068780906942590e-07 2.429688742143561956e-07 1.925584269381667635e-07 1.527412279451592068e-07 1.213928536293239367e-07 9.662464478028532065e-08 7.707218351012399666e-08 6.124200202657188086e-08
3.975973189063229919e-06 3.155164122812784826e-06 2.505796561675870376e-06 1.990209229166341959e-06 1.580602076290657098e-06 1.255448546715778418e-06 9.970958926137768842e-07 7.917667529553915153e-07 6.286631752539567255e-07 4.991911300327271642e-07 3.964460573629182776e-07 3.150482768048003065e-07 2.502526302838637351e-07 1.986958253420934414e-07 1.578753188105964135e-07 1.254104415662795302e-07 9.949153408695384023e-08 7.876453975927945992e-08 6.220693693341073535e-08 4.905435686639073189e-08
4.128943051330487662e-06 3.278581497914692613e-06 2.603772417471468446e-06 2.068856099721261997e-06 1.643257926699629580e-06 1.305036031218109019e-06 1.036731197668719324e-06 8.233268414836004151e-07 6.540442352084426939e-07 5.195361974440470443e-07 4.127552148378824515e-07 3.277079256670823904e-07 2.601329264581673345e-07 2.063940353001832716e-07 1.637620987243159445e-07 1.299306533127087741e-07 1.031281685048687300e-07 8.206832714436896960e-08 6.546442076913495144e-08 5.232903079678429383e-08
4.403892211054726908e-06 3.500831059913575133e-06 2.779838015952906548e-06 2.208663316386554964e-06 1.754031853352745695e-06 1.393695397411246802e-06 1.107267089706363979e-06 8.798608852458260338e-07 6.989124501481436766e-07 5.551268373121300887e-07 4.411391379682983507e-07 3.505540267012515016e-07 2.786718680506112706e-07 2.214697851923128732e-07 1.759358944983315923e-07 1.397451322236690957e-07 1.108502456669205152e-07 8.785970287909478367e-08 6.974700588352729634e-08 5.526419167690381462e-08
4.594855221486799920e-06 3.654932017699673285e-06 2.902480316953920792e-06 2.302956081769089023e-06 1.829638457266581470e-06 1.453453496840040490e-06 1.154950093530982795e-06 9.175853732404953089e-07 7.293699415046660119e-07 5.796959179018381445e-07 4.609370022104724150e-07 3.665136194925808566e-07 2.914246518334314330e-07 2.320086373543898269e-07 1.846633202595169058e-07 1.470555048255351360e-07 1.171636528601097705e-07 9.339556474846265577e-08 7.457965395315014348e-08 5.990980324944123563e-08
4.725067970010745823e-06 3.750013825495572460e-06 2.978837215048208635e-06 2.365384595201126241e-06 1.879748271713847666e-06 1.493503344187211467e-06 1.186411672061900715e-06 9.422871794497514529e-07 7.485381178118592721e-07 5.946108758406334542e-07 4.722432203513083239e-07 3.750895567946058792e-07 2.979524426542432279e-07 2.365575965269815316e-07 1.879135815110739913e-07 1.492371136458312170e-07 1.185024519295500693e-07 9.395813585416499116e-08 7.453774472734991813e-08 5.920589459876117830e-08
3.761303844681771590e-06 2.989331836445243488e-06 2.373365907169509192e-06 1.886682751780773243e-06 1.499280633505655729e-06 1.192033319166525655e-06 9.473656147738033660e-07 7.532215938027354790e-07 5.989637274601704793e-07 4.765968525458818527e-07 3.793924934155932233e-07 3.022237856632669602e-07 2.408778057238600122e-07 1.921387274677328771e-07 1.534419105077583699e-07 1.227278547149165452e-07 9.840687927777767893e-08 7.914468073123897952e-08 6.394386444874931021e-08 5.191873481404081326e-08
3.755814416600468741e-06 2.983033868284777665e-06 2.369193408172189016e-06 1.881466608667904011e-06 1.494302614178828335e-06 1.187419176549710992e-06 9.435655282709983995e-07 7.497122141464273719e-07 5.953835360507683397e-07 4.731030780164111208e-07 3.758084679755775813e-07 2.985160037245280630e-07 2.371824732181545874e-07 1.883882824379914955e-07 1.494661893538245289e-07 1.185341729244971375e-07 9.395282288892274705e-08 7.438781322883189390e-08 5.885547818781796240e-08 4.651548896429145700e-08
3.822701755282845859e-06 3.040002367726732584e-06 2.412904640234053954e-06 1.916352792414266286e-06 1.522204645334430234e-06 1.209590717585017202e-06 9.603441507310713853e-07 7.632322812623752863e-07 6.063230557613363046e-07 4.817413862023956338e-07 3.827132752610923330e-07 3.040529868694269153e-07 2.415324839923625460e-07 1.918294668912532152e-07 1.522989048092895316e-07 1.209540180995853970e-07 9.609163315927349783e-08 7.636239206019481828e-08 6.075321470401372062e-08 4.831606694711539091e-08
4.716706310265334238e-06 3.741007601305560563e-06 2.976925974092712226e-06 2.363295677798513399e-06 1.877527165480281013e-06 1.490284794759474358e-06 1.183663183442644759e-06 9.403681858139127179e-07 7.466338495534395177e-07 5.929169476752850869e-07 4.706061421671347258e-07 3.735523622560384707e-07 2.965236669076118651e-07 2.353910178460300094e-07 1.867122647658409906e-07 1.479781420464939981e-07 1.170770347262181773e-07 9.253111173555516822e-08 7.306484687408343081e-08 5.763999733603693016e-08
3.824944340229111312e-06 3.038774790859523987e-06 2.412768125998929142e-06 1.916179882194801106e-06 1.521966904486033231e-06 1.208672060251696308e-06 9.601705297471227254e-07 7.625333157045003251e-07 6.056776591766725831e-07 4.810615089687036833e-07 3.820548236279774508e-07 3.033752318837733381e-07 2.408672868674905538e-07 1.912458750531624750e-07 1.518370877713243049e-07 1.205519981596960970e-07 9.567419427350917793e-08 7.581681915082005459e-08 6.002956018940446251e-08 4.752371383473364546e-08
3.810308184536084831e-06 3.025166732114235396e-06 2.403708006293536715e-06 1.909903188719271838e-06 1.517416913159774677e-06 1.205759266626157886e-06 9.577727113209593854e-07 7.610955751576344675e-07 6.048892178946542817e-07 4.808390901487524760e-07 3.822957021056790616e-07 3.039687208220183740e-07 2.417118434396480312e-07 1.921998899370379352e-07 1.529056331510425958e-07 1.217334911987375172e-07 9.700956887814231118e-08 7.729769959413859676e-08 6.155602685094162094e-08 4.895094254342722958e-08
4.421056358459275016e-06 3.510753783404287634e-06 2.789259293182576423e-06 2.214446951981909905e-06 1.758788936908250870e-06 1.396800573572399641e-06 1.109582386879489542e-06 8.817531773151256391e-07 7.003963979423882682e-07 5.562023324915271376e-07 4.416781522258977991e-07 3.509120915044440380e-07 2.787376530416572684e-07 2.215458151043193151e-07 1.759812852768286520e-07 1.396584571901080836e-07 1.108151416484985345e-07 8.783495626966910309e-08 6.953954102243916199e-08 5.503228582987000924e-08
3.737846489743891014e-06 2.964577072665554240e-06 2.355323412722683361e-06 1.869344018495067093e-06 1.484956736060844861e-06 1.180087365590796956e-06 9.379155197681789656e-07 7.446870218741967379e-07 5.912562212397109245e-07 4.695437935962999742e-07 3.728481520341698121e-07 2.962222911579042929e-07 2.352893484337659447e-07 1.868414061636884974e-07 1.484500568368370004e-07 1.179643179968545552e-07 9.369881374602144339e-08 7.440797258646209889e-08 5.927580103051995396e-08 4.728358517942753034e-08
3.768514033459133341e-06 2.990909090815826315e-06 2.376504459583076100e-06 1.887249586592752381e-06 1.499111679013284531e-06 1.190318652410740214e-06 9.453556358790653885e-07 7.511437534535999042e-07 5.967380245055503579e-07 4.740388302040218805e-07 3.764692554101844724e-07 2.990011913156846231e-07 2.376327127156857537e-07 1.888314555121856177e-07 1.500799401770887534e-07 1.192801023368156828e-07 9.488687096583221605e-08 7.558287724971895776e-08 6.016343222523147328e-08 4.780517636196438278e-08
3.873466439157571179e-06 3.078940303653243298e-06 2.445264020118046367e-06 1.941065569497898113e-06 1.542512982099231317e-06 1.225326735228680939e-06 9.729967039835272728e-07 7.731074451584803559e-07 6.140217824620276677e-07 4.878986511397361882e-07 3.875581804533451356e-07 3.078351633203697369e-07 2.444815597874616695e-07 1.941783513679823031e-07 1.541987145787370989e-07 1.223546996332569252e-07 9.702261050191777315e-08 7.684379942703472609e-08 6.078323284031241934e-08 4.801577425594799733e-08
3.967365680911244327e-06 3.153032420636265317e-06 2.507546462993717356e-06 1.993808495092345521e-06 1.584628820536822566e-06 1.260378877941653056e-06 1.002512411673318301e-06 7.977421562912898999e-07 6.350649326004711002e-07 5.056332346917667661e-07 4.027657452235453054e-07 3.211231288566754354e-07 2.562159561044184055e-07 2.047667361677839837e-07 1.639866006531157947e-07 1.316938743703782926e-07 1.061106139003695420e-07 8.561173624525974758e-08 6.920553161173039453e-08 5.648338424890116782e-08
4.855215816142710968e-06 3.861967981854695459e-06 3.070166636289670387e-06 2.439397102900007409e-06 1.938014931808742791e-06 1.540495343294933965e-06 1.224001422908052908e-06 9.728591248888505300e-07 7.731861725865663862e-07 6.146167090837863356e-07 4.886379651536974534e-07 3.885330629380650494e-07 3.091375533107631981e-07 2.461862167342722100e-07 1.963371985086047945e-07 1.567405053016921368e-07 1.252608311484460129e-07 1.003732729310220101e-07 8.080685844909003079e-08 6.573975192122910441e-08
3.767024463702399115e-06 2.991604694626757114e-06 2.377024878593071822e-06 1.890785573067294902e-06 1.502622354644572175e-06 1.194738365669121844e-06 9.494963119099265572e-07 7.552440616699179800e-07 6.011521122531587634e-07 4.785508699488907067e-07 3.811200557420732319e-07 3.037263924321837601e-07 2.421980100217046560e-07 1.933321198823057370e-07 1.545887634626300689e-07 1.238269132534562557e-07 9.939447180739925435e-08 8.005535518389359431e-08 6.483013727727345546e-08 5.279491505888800025e-08
3.674816194119173338e-06 2.922987987902417415e-06 2.322407043219206855e-06 1.846664025748063801e-06 1.468389945348663160e-06 1.168460682485556986e-06 9.295363163501190316e-07 7.396431125432119538e-07 5.889692356374081649e-07 4.696259240461701661e-07 3.748648967424248898e-07 2.995830403119789132e-07 2.398587952737430506e-07 1.924313651015269423e-07 1.547163274220500897e-07 1.248092702474853614e-07 1.012686514949128904e-07 8.270181852261150321e-08 6.811339107923390844e-08 5.670311687146699451e-08
3.742448461600752063e-06 2.972626196516462539e-06 2.360791220864626070e-06 1.875179764709553707e-06 1.489551124030712827e-06 1.183488396446419421e-06 9.398374244411297857e-07 7.466613720778829235e-07 5.931470503008198140e-07 4.713857576830048600e-07 3.748861073746577111e-07 2.980847880276317341e-07 2.371705106980565503e-07 1.887362610262322900e-07 1.501717525676328596e-07 1.195284407921873171e-07 9.515155268290245334e-08 7.579979027712106582e-08 6.041038125421522263e-08 4.812684187230986991e-08
3.823365737309330726e-06 3.037757295275917323e-06 2.412932502408547461e-06 1.916504042603359184e-06 1.522768558009973105e-06 1.209247731819656664e-06 9.607966958765915940e-07 7.632152698135844285e-07 6.062272715271440161e-07 4.815934911427523395e-07 3.824590202192552098e-07 3.037880139997474698e-07 2.412591593709649591e-07 1.915574464252293356e-07 1.520947296724208997e-07 1.206929453683826423e-07 9.574398949796877715e-08 7.600699023939025519e-08 6.030122841837461141e-08 4.769280936602215122e-08
4.108985425591175558e-06 3.266102942964514970e-06 2.594089926583779296e-06 2.061780192067838483e-06 1.638248136641126395e-06 1.301147134525079755e-06 1.033571474347501841e-06 8.210288393883643526e-07 6.524033682784014461e-07 5.183195783985858088e-07 4.119222998623985752e-07 3.273717441667283500e-07 2.601360189760214074e-07 2.067130815117537045e-07 1.642004055723696643e-07 1.304206972737375828e-07 1.035491919461745151e-07 8.212590536728137706e-08 6.506307588043479065e-08 5.155935598609088486e-08
3.736002000965110133e-06 2.968235291921133110e-06 2.359279680899517641e-06 1.874677993521855650e-06 1.489310866339902150e-06 1.183595303006023667e-06 9.410088193899433543e-07 7.478142498487366269e-07 5.947714921869393614e-07 4.729486109310705238e-07 3.763247081662806171e-07 2.996529393424072790e-07 2.388431814845285594e-07 1.906708456594146142e-07 1.523585660180152347e-07 1.217683576445080646e-07 9.743745986318153609e-08 7.816312216204820482e-08 6.296487361873048696e-08 5.100363704993921439e-08
3.701119506881399879e-06 2.940102042862919069e-06 2.334170650963583911e-06 1.854483874286888091e-06 1.472088486693127070e-06 1.169509889773546449e-06 9.284603328907695765e-07 7.377114910291011024e-07 5.859589683126758623e-07 4.651517050474904345e-07 3.693019061395856665e-07 2.932245272980825259e-07 2.327893781428153952e-07 1.847714940307884028e-07 1.466547149024008243e-07 1.164202020596721984e-07 9.253357598458046379e-08 7.349008548813731424e-08 5.825714553737377555e-08 4.618075617606203507e-08
3.973843662337314946e-06 3.155441711131201701e-06 2.507228569237378531e-06 1.991311433140163378e-06 1.580763218726498202e-06 1.255945644873083969e-06 9.975900425385815269e-07 7.926503910248249304e-07 6.298445767997182262e-07 5.003975267502369135e-07 3.975624201818183335e-07 3.159880197852825246e-07 2.511924732773078788e-07 1.997032132213608674e-07 1.587818229983056348e-07 1.261946001808658642e-07 1.002809845032164023e-07 7.953916635456636552e-08 6.285752539462209223e-08 4.958198251628327164e-08
4.271467673226874005e-06 3.395437105803074852e-06 2.696702300026135022e-06 2.141822707926409963e-06 1.701446980148334192e-06 1.351331937734098683e-06 1.073150797437352205e-06 8.523038609420751277e-07 6.771431409369341082e-07 5.380000067864477463e-07 4.272021169267929709e-07 3.391822856387750485e-07 2.692867166139101010e-07 2.136816899981063861e-07 1.694490229620027123e-07 1.343056134817764692e-07 1.066323885514413610e-07 8.488829234130765052e-08 6.757789624648230414e-08 5.387875099538667371e-08
4.510177766893285664e-06 3.580648246658297028e-06 2.845766727488300978e-06 2.259049969286151224e-06 1.794003887605597550e-06 1.424281246263611489e-06 1.131431096767408693e-06 8.989700269449186131e-07 7.139003709323338492e-07 5.671765709628230649e-07 4.509026442683712224e-07 3.584132939646323270e-07 2.849902013252551998e-07 2.265807274327055616e-07 1.801398257130578494e-07 1.433374430419008411e-07 1.140498188838684452e-07 9.061279489126213513e-08 7.197144221513027994e-08 5.761209540645955990e-08
3.722822706938334366e-06 2.956455473429951947e-06 2.349290534562390774e-06 1.867476979457607370e-06 1.483616272174124585e-06 1.179694133886714014e-06 9.381580634826217900e-07 7.461068979535557798e-07 5.938238371989019725e-07 4.726647259945996253e-07 3.765851869417318858e-07 3.003747633653341000e-07 2.397004119566969441e-07 1.915515134989057681e-07 1.533161124455500014e-07 1.229064861037215054e-07 9.870165924708701472e-08 7.945908079379029190e-08 6.407859063642058316e-08 5.192250132013038251e-08
4.443827834498812283e-06 3.529217839597460237e-06 2.800359322420238819e-06 2.224545208513308033e-06 1.766916205169320397e-06 1.404350289317669795e-06 1.115793555646368082e-06 8.859180283533625857e-07 7.038264725729249695e-07 5.592469445209418991e-07 4.442455272697786680e-07 3.528325927400534761e-07 2.803979382971568734e-07 2.229173082785349684e-07 1.773168398375795009e-07 1.409104109313015958e-07 1.119273907370016788e-07 8.891808988612012413e-08 7.057394324518156023e-08 5.610006644861259139e-08
3.926457148033155834e-06 3.119176125929922567e-06 2.475494985725906572e-06 1.968740924806789249e-06 1.563560282298491522e-06 1.241964788689505243e-06 9.865929463931645715e-07 7.835621447830748709e-07 6.226427978507231559e-07 4.943924634321209085e-07 3.926879003288950684e-07 3.119398003343478745e-07 2.479216903362060663e-07 1.971961498964530570e-07 1.569122161359329444e-07 1.248737348353339647e-07 9.939781055780270810e-08 7.901632788871466364e-08 6.279044497357134915e-08 4.998791187056295882e-08
3.796009627745187438e-06 3.014879115883051198e-06 2.392543243923202617e-06 1.900399751698579088e-06 1.510153914445144047e-06 1.199396508215203694e-06 9.528734558202409459e-07 7.569873260410697611e-07 6.013072162293823340e-07 4.776008872543144724e-07 3.793955388297774399e-07 3.013131268081412707e-07 2.391876844163130698e-07 1.898451463787414820e-07 1.507060570638922722e-07 1.196419445885607795e-07 9.496366615916362710e-08 7.541988162244425388e-08 6.002337209876244718e-08 4.785973559273453668e-08
4.282146514403811953e-06 3.401280519438907172e-06 2.702932696542129472e-06 2.147243638628401532e-06 1.705215787245716406e-06 1.354526963202923036e-06 1.076114784827615149e-06 8.548744209314514509e-07 6.789734266690320815e-07 5.394508526554253033e-07 4.286926768121295537e-07 3.406503248534597903e-07 2.707054160646040115e-07 2.151353398861687142e-07 1.709623940840939528e-07 1.356809025155004112e-07 1.075903098891570688e-07 8.527623434514466140e-08 6.763312331536345923e-08 5.376898729163576224e-08
4.229003366586542587e-06 3.361875523234899379e-06 2.671076168182818174e-06 2.122833193734459568e-06 1.687565820871510764e-06 1.341075286072474351e-06 1.066016331412890119e-06 8.472876405976464109e-07 6.735772855264255489e-07 5.356040197915091690e-07 4.262120683590366070e-07 3.393620851844896876e-07 2.702547348042800130e-07 2.153277978197698806e-07 1.717227353529731876e-07 1.370494801277432550e-07 1.096987171190433083e-07 8.817993706871330709e-08 7.121834894481813773e-08 5.822541065464541286e-08
3.906605455627033917e-06 3.103743927786617292e-06 2.466685716086997369e-06 1.959135025308856917e-06 1.556613984998973042e-06 1.235889814857698149e-06 9.818775951437440448e-07 7.802207715839717499e-07 6.199330534600410937e-07 4.925058995043656169e-07 3.912168369099673786e-07 3.107453062033532538e-07 2.466639204650713198e-07 1.958359353445559133e-07 1.554542388614011407e-07 1.234947191830917251e-07 9.815584988907241379e-08 7.812209698752956818e-08 6.216900744649396744e-08 4.939023485297315890e-08
3.899332546997485680e-06 3.093793138588244707e-06 2.457895031389216808e-06 1.953111642861854831e-06 1.552999971956717782e-06 1.233250826497951863e-06 9.793675282180157395e-07 7.777892117996535523e-07 6.179760335713735273e-07 4.909048178478260203e-07 3.901653371425707642e-07 3.100225263324411855e-07 2.464190791314895300e-07 1.958998017071335645e-07 1.557658208196390833e-07 1.238570722314812319e-07 9.851790404085564653e-08 7.830932600706898757e-08 6.215712052928665949e-08 4.922625206918321042e-08
3.828395914734344376e-06 3.043075798384339307e-06 2.418257729880865214e-06 1.920296621646390729e-06 1.524932118469109336e-06 1.211233759178536233e-06 9.619703870962783225e-07 7.642075170049190161e-07 6.071833799731420082e-07 4.824645677235595155e-07 3.834001168127582381e-07 3.049029851832887307e-07 2.424581297163279857e-07 1.929022372214593070e-07 1.534049209150114082e-07 1.219612946358901299e-07 9.702537433484185538e-08 7.720640492142086930e-08 6.143372020488499737e-08 4.894218755768096608e-08
3.617169765595131044e-06 2.873810157586617555e-06 2.281875220018459833e-06 1.813545584431889241e-06 1.440330632066187099e-06 1.143783457205519186e-06 9.084087795258036801e-07 7.216467513368745058e-07 5.731840875003604182e-07 4.555251408088827977e-07 3.618993540007214245e-07 2.874827393352108143e-07 2.283916888618114531e-07 1.815500218341933616e-07 1.443747410238895659e-07 1.148529231966946572e-07 9.142388899637743162e-08 7.276997814845413967e-08 5.797885851426308403e-08 4.621312721078551451e-08
4.128116022300630851e-06 3.279719773135922702e-06 2.604671049593040943e-06 2.069147061193709820e-06 1.642715194292538728e-06 1.304675585477766425e-06 1.035648434236843352e-06 8.225678247718825242e-07 6.531985599806369494e-07 5.186327834494977432e-07 4.116706846414016962e-07 3.267920404997396104e-07 2.593678984442919393e-07 2.058400285599627260e-07 1.632342528907407526e-07 1.292580900270656018e-07 1.022447126268623904e-07 8.086279139518219956e-08 6.395928061057843959e-08 5.061963699447752988e-08
3.623099895886760302e-06 2.878292126408681178e-06 2.286182430126000202e-06 1.816962229187335549e-06 1.443372144122882440e-06 1.146549083020628232e-06 9.109936090311029927e-07 7.236799662120247492e-07 5.748450297986134299e-07 4.567140488116841825e-07 3.628198063402643582e-07 2.882708610883990844e-07 2.290786711553589521e-07 1.819964799912596305e-07 1.447376728456936658e-07 1.151685909639365424e-07 9.172071808753593238e-08 7.302490457363595373e-08 5.816646404272085632e-08 4.646264252486224084e-08
4.148812842386984562e-06 3.296294744089995651e-06 2.618274854583074648e-06 2.079950596292515977e-06 1.652427578555833961e-06 1.312854078581112700e-06 1.042885563342323748e-06 8.283753397396130660e-07 6.580906962262549101e-07 5.227953276675928147e-07 4.152397383632896853e-07 3.298172160903912638e-07 2.620973624174517812e-07 2.082172147564746693e-07 1.655006695360324504e-07 1.313737022707117829e-07 1.042098755478679128e-07 8.263367600819990090e-08 6.554842850178236080e-08 5.197569235564118521e-08
3.762568084877905220e-06 2.988886304390617037e-06 2.375789277131893769e-06 1.886283477222090914e-06 1.498190399732454075e-06 1.189438255975957461e-06 9.449754748071181362e-07 7.506850800157967946e-07 5.962045224186906065e-07 4.735681562596310626e-07 3.761218154853722476e-07 2.986691940446283675e-07 2.371244435866376735e-07 1.883123663390670008e-07 1.494517866627244527e-07 1.187438863073525135e-07 9.441667376700763947e-08 7.506546943084193032e-08 5.962809075571164370e-08 4.737332722072310624e-08
4.145010481189806877e-06 3.291183295257783892e-06 2.614247424700174771e-06 2.076196921653332471e-06 1.649469225153626479e-06 1.309919717615138830e-06 1.040482976486700585e-06 8.268800700468804074e-07 6.569727010653062303e-07 5.218149793811425330e-07 4.143254797508599163e-07 3.290148338982347272e-07 2.611047507290372881e-07 2.070831845371103495e-07 1.642220778275265605e-07 1.301500066494580714e-07 1.030212404388793917e-07 8.154450100464500597e-08 6.459302799690517695e-08 5.115005649387827244e-08
3.691125022076123314e-06 2.932150091793074375e-06 2.327917723765480405e-06 1.850498393012126019e-06 1.469818648139193541e-06 1.167779999044610726e-06 9.274533859714564826e-07 7.368031153510379327e-07 5.854696460653634684e-07 4.652438111575153680e-07 3.697204167404397584e-07 2.938793106442001813e-07 2.335367867644977657e-07 1.855046793695407212e-07 1.473089666873488086e-07 1.170167201456257010e-07 9.305216953347833978e-08 7.405534766757261785e-08 5.889977111438924632e-08 4.679567077366837799e-08
3.472343703085167908e-06 2.757873234238612560e-06 2.191705313887182965e-06 1.741187041804148572e-06 1.382231453817694624e-06 1.098066600055558678e-06 8.725155132326757778e-07 6.931893937214716919e-07 5.506728032441405153e-07 4.373093888160499046e-07 3.473673586232025499e-07 2.758602217459296033e-07 2.189957359454868980e-07 1.738040872871893104e-07 1.378220933982529432e-07 1.092917318452147253e-07 8.675370093861712154e-08 6.893313570245016638e-08 5.475880779213360746e-08 4.348603962953218336e-08
4.871225120774227617e-06 3.874971089339146707e-06 3.076736434006047328e-06 2.443395509708268082e-06 1.939624616585156157e-06 1.539885879352253037e-06 1.222547377250316831e-06 9.706505845674068049e-07 7.707361737056800022e-07 6.119225343916671050e-07 4.858911830255483882e-07 3.857940685947026813e-07 3.064217219640115949e-07 2.434809814197425900e-07 1.934938921065488873e-07 1.538504390756317527e-07 1.222879115169556536e-07 9.708842891719397637e-08 7.698972151135836649e-08 6.103917849476261711e-08
4.012752736355982121e-06 3.190707316606226212e-06 2.537922424875613436e-06 2.017274299419838433e-06 1.604105684825625562e-06 1.276394234265391108e-06 1.015909072736901477e-06 8.087718276715607205e-07 6.438407763541982446e-07 5.129702546804951410e-07 4.091443790216735871e-07 3.266081170153131741e-07 2.610780447211348977e-07 2.091384977353814376e-07 1.680025953445163168e-07 1.353121124736277073e-07 1.093257975305576953e-07 8.887527576334885657e-08 7.283412951822421379e-08 6.013152501275797999e-08
4.080973107570017957e-06 3.243328416750118075e-06 2.577664548542850759e-06 2.049519642917141358e-06 1.628333511510277477e-06 1.294398469057947114e-06 1.029340792952753027e-06 8.185493286065655660e-07 6.514009847368884810e-07 5.183891757513103860e-07 4.127039015839133845e-07 3.287379275446833342e-07 2.618573106232182285e-07 2.089317618503101584e-07 1.669841626399940209e-07 1.338399301386002363e-07 1.075859493690500531e-07 8.677071114267898138e-08 7.023809266772575983e-08 5.715882047658261598e-08
4.884249459739585674e-06 3.878891981982987519e-06 3.086596341588417674e-06 2.454270312414803720e-06 1.952447818286424366e-06 1.553764105798109568e-06 1.238070212134975543e-06 9.867359005235332870e-07 7.872655338357421868e-07 6.286087168368678799e-07 5.029490880346299504e-07 4.034308280620693494e-07 3.243047148943411264e-07 2.614545550078558680e-07 2.114570586234996926e-07 1.719317693798673999e-07 1.406231351437883307e-07 1.159394577455058909e-07 9.667282101184743065e-08 8.192353590042963318e-08
3.739760823738644116e-06 2.971680299711255754e-06 2.361578210668272487e-06 1.876757684584968148e-06 1.492144253688091015e-06 1.185792708261721278e-06 9.431381188632424206e-07 7.501893172877695245e-07 5.965752878897755687e-07 4.749752085230534493e-07 3.782419142003628234e-07 3.015218577245631822e-07 2.406259608079890833e-07 1.922422281736998968e-07 1.537934263936680810e-07 1.233386650324260285e-07 9.925506644988659343e-08 8.020588249214830330e-08 6.512638256032979740e-08 5.330047004277923200e-08
4.811246684284803110e-06 3.822768553266457735e-06 3.034576670849375413e-06 2.411111198149056041e-06 1.916753778458289983e-06 1.522742174873841898e-06 1.209220452711315687e-06 9.603322559007491808e-07 7.627862044246725255e-07 6.055861236558324416e-07 4.810166918190078193e-07 3.821597486113664259e-07 3.034980982872834204e-07 2.407863069076754981e-07 1.909892937097583884e-07 1.515958932792056294e-07 1.204617840276748106e-07 9.575892040732614528e-08 7.621032529343225704e-08 6.067577482285426695e-08
4.118394479867493256e-06 3.273500612539543232e-06 2.601814166768866365e-06 2.067878789719034159e-06 1.643409822927602152e-06 1.306829667341733609e-06 1.039239070726464155e-06 8.267255395554148124e-07 6.583009198271224423e-07 5.244421683146823543e-07 4.181356216476619927e-07 3.335963353392403639e-07 2.664442385977218918e-07 2.129603197163868120e-07 1.705380189738567294e-07 1.369399820351404802e-07 1.103280311517996467e-07 8.914130689401068049e-08 7.225253105897567274e-08 5.900191623021949945e-08
4.668342643974601665e-06 3.713111670312269552e-06 2.951448680577839317e-06 2.344115409954235579e-06 1.863110605663352406e-06 1.481461677854253401e-06 1.177852335345675392e-06 9.370589658957331121e-07 7.453699728837328874e-07 5.932549328849530165e-07 4.728203442456788873e-07 3.771730685266594047e-07 3.011494966911169902e-07 2.409703300494211423e-07 1.931581944396022684e-07 1.551435227549728431e-07 1.249016678502109872e-07 1.011646169098651792e-07 8.264912195201483606e-08 6.808124841801671412e-08
3.713848987825338585e-06 2.951457374375123989e-06 2.346453486242359781e-06 1.863113207871783831e-06 1.479523466603555844e-06 1.175230272829801865e-06 9.337556979568098727e-07 7.415579283093481640e-07 5.890688320809421690e-07 4.681331627992323163e-07 3.717763435875534368e-07 2.952408066804352788e-07 2.345568648076347286e-07 1.863584741758663331e-07 1.480796628760189487e-07 1.176390770194325771e-07 9.349982686280452960e-08 7.438869408720480172e-08 5.914288013005117926e-08 4.688078146902627776e-08
3.856189215939785570e-06 3.064519992684891510e-06 2.433957322688480124e-06 1.934227747252398040e-06 1.536630777896404991e-06 1.220144306078689965e-06 9.692327937898618475e-07 7.695897871924687748e-07 6.114456439635952257e-07 4.853462421997471656e-07 3.854091276388299901e-07 3.060410449161309650e-07 2.429951970622497083e-07 1.928667567787287571e-07 1.530614690709712269e-07 1.214484125228493796e-07 9.633983586299473863e-08 7.638382545176566239e-08 6.055944160254700325e-08 4.797163142132644267e-08
4.221134199755219008e-06 3.353387791255769454e-06 2.661340383722061594e-06 2.113749682286839022e-06 1.680349124329259422e-06 1.334361704877603934e-06 1.059549019781347048e-06 8.415714343638005963e-07 6.684561581724327514e-07 5.310089306360690930e-07 4.218595805930738403e-07 3.350496781450661141e-07 2.660957029847303358e-07 2.112654259372063668e-07 1.676257865513548811e-07 1.330021385892539411e-07 1.054474307874377366e-07 8.348181416250352865e-08 6.604206092945134014e-08 5.220349880402907220e-08
4.282572399324592151e-06 3.404306418555091976e-06 2.705589132029922654e-06 2.149221489665758181e-06 1.708369654505102111e-06 1.357884944638572813e-06 1.080489660221529232e-06 8.593374520952934160e-07 6.839336766157465819e-07 5.445947831591475059e-07 4.338914669835583532e-07 3.459463528172487270e-07 2.761209888486607304e-07 2.205944786717485150e-07 1.764543586817007729e-07 1.415735702111737804e-07 1.139789025174028426e-07 9.214814134883831109e-08 7.481106119058152997e-08 6.096272374913120076e-08
3.747637059858864501e-06 2.976729386430986772e-06 2.363724547999461313e-06 1.877233616525737015e-06 1.490921975755963541e-06 1.184847397715417956e-06 9.410698502614091714e-07 7.474910154835570883e-07 5.933744315598187972e-07 4.714152438030876845e-07 3.743630357046283088e-07 2.974170236774038790e-07 2.362786792567858147e-07 1.877090493981443388e-07 1.491730089104144749e-07 1.184892317140833182e-07 9.406596772670906112e-08 7.463466301353193505e-08 5.921253597218261072e-08 4.708748768609133023e-08
3.784544851169774732e-06 3.006069353443445894e-06 2.386577098478689111e-06 1.896557941275781625e-06 1.506459287258460152e-06 1.196817987440762749e-06 9.506362555848329076e-07 7.550513293889689956e-07 5.998692450192188583e-07 4.766250715215127998e-07 3.785175483408803925e-07 3.005431145213619973e-07 2.387816914805797245e-07 1.897094225248813469e-07 1.507032281128433467e-07 1.195725614982609675e-07 9.486338149148005426e-08 7.540964614125404449e-08 5.998242869394777427e-08 4.765601684439160588e-08
4.222726148393669379e-06 3.353536254175156846e-06 2.662328988314316165e-06 2.116359102703492896e-06 1.679668906388282504e-06 1.333834175127289389e-06 1.059629819227546559e-06 8.414680713341132255e-07 6.678187340549901934e-07 5.304370403547869893e-07 4.213351594049803239e-07 3.346266350262960274e-07 2.656611354880905588e-07 2.109701302773542526e-07 1.675123037203262535e-07 1.330941088910841747e-07 1.057870446468943286e-07 8.415052716913240393e-08 6.716067570534600132e-08 5.373141195677498109e-08
