# th, gt_boosted, err_gt_boosted
2.805046135754908576e+00 2.240085726025174717e-05 2.024284031101089600e-06
3.531343861556885511e+00 1.810377307859672980e-05 1.878485747847666911e-06
4.445698525097307119e+00 1.302380488727991239e-05 1.555843044849400475e-06
5.596802846420849242e+00 9.369119211561588057e-06 1.561867998785136213e-06
7.045957328161136068e+00 8.271817684929127731e-06 1.572636405628737960e-06
8.870334730839386950e+00 6.538107560604363542e-06 1.452422516977315932e-06
1.116708980377407912e+01 5.192419718255579691e-06 1.450497847303488779e-06
1.405853312975872704e+01 4.793637514360668817e-06 1.521373323291846109e-06
1.769864460960344488e+01 2.962956106826519569e-06 1.450609302075849471e-06
2.228127345334364406e+01 2.974313336167011750e-06 1.517814785636043238e-06
2.805046135754909287e+01 2.222082552899150563e-06 1.517508171474249271e-06
3.531343861556886310e+01 1.929350895751024693e-06 1.500301073940979313e-06
4.445698525097307652e+01 3.679666598896240335e-06 1.629456935754014734e-06
5.596802846420851552e+01 3.447512800636910203e-06 1.708850894466496427e-06
7.045957328161136957e+01 9.320553905917219727e-07 1.750193825926388005e-06
8.870334730839388726e+01 2.110730500848889288e-06 1.907294927459126645e-06
1.116708980377408125e+02 3.185481304544805854e-06 1.872448137690719879e-06
1.405853312975872882e+02 3.295733035899018889e-06 1.871377178772167940e-06
1.769864460960346548e+02 2.094522637981959235e-06 1.597489922857215370e-06
2.228127345334363838e+02 1.830699201210514437e-06 1.676475604233866196e-06
