# gts for all jackknife regions
1.560510320188761171e-06 -3.028374519762893022e-06 4.093741450811829081e-06 1.518938901179542138e-06 -1.850138744423774414e-06 -1.856155185620153554e-06 -5.989495100195302727e-07 -1.984641991884330705e-07 -7.666673358740036043e-08 -4.069212031788206571e-06 7.644576006300943431e-07 8.377336571833687123e-07 1.387330984376267951e-05 1.214047623680904758e-05 -5.591451675417317773e-06 -3.564644684311002996e-05 -7.158406288818880837e-05 -1.149314475302290494e-04 -1.407388095453720425e-04 -1.320602602657286798e-04
6.354439807649690970e-06 8.285021655129755889e-06 6.423760498949825349e-06 9.255406606636391916e-06 5.665266359355342432e-06 9.107158370089866008e-08 1.973448445761298287e-06 4.343498562936193834e-06 1.578754208986732546e-06 4.208998728231069213e-06 5.312232143381343511e-06 -2.860813504249519029e-06 -7.386092229970156781e-06 -8.173762560501449559e-06 -9.845954590873530750e-06 -1.956555526468492593e-05 -1.421213913087710443e-05 1.059292842714622979e-05 6.540895585774085346e-05 1.620442654275917123e-04
9.171239624043812057e-06 1.166818362501969748e-05 8.944453871464129677e-08 -6.494715769674544610e-06 -3.408985166727531073e-06 -1.144473613058677474e-06 -5.040894653960229868e-06 -9.060057371916775448e-06 -1.899038737291558231e-06 -1.722541650841068162e-07 2.414799400223169139e-06 4.353864683848211003e-06 7.104385600310935179e-06 6.528423854539597641e-06 5.862928682188915327e-06 1.471902277974573391e-06 -1.987688792088583852e-05 -1.859125271894134667e-05 -2.440932692139003067e-05 -4.176456961661018878e-05
8.320688171961762276e-07 -1.613393244272805104e-06 2.645881339490623624e-06 -2.073444926452179266e-06 2.206363464559025001e-06 3.573864308537980600e-06 2.920199531673019031e-07 -3.596797575600812551e-06 -2.461270263963229632e-06 -6.994850515937177476e-06 -4.333799427009635478e-06 -6.674179791415737795e-06 -1.480513372990439295e-05 -2.732493506178826064e-05 -5.051025109445345286e-05 -7.353779403746922355e-05 -1.008712195346043257e-04 -1.374605850085007909e-04 -1.864392970686950504e-04 -2.444003390544801074e-04
1.901191515041356398e-05 7.367702849937523439e-06 1.062367490590078688e-05 3.453660769800995814e-06 8.337529738933462803e-06 4.762301438770332893e-06 3.985592114265203887e-06 3.506692832976054772e-06 9.053227861095215973e-06 1.214004841392472703e-05 1.743503709773272769e-05 1.860382125437766901e-05 1.903121748581227559e-05 1.748928939366847793e-05 5.138993582946988829e-06 4.345090563113665770e-06 1.967937355969268820e-07 -2.443048321151626605e-05 -3.653328844776220071e-05 -3.436181604573625278e-05
1.332505403028632002e-05 4.165879167399590043e-06 1.569763899271598366e-06 1.385114760767167536e-06 1.621836849778441517e-06 1.539647213476628511e-06 9.183428427888250335e-06 1.484554083532921333e-05 1.419745652323109003e-05 1.991563949675567501e-05 2.609806689304525456e-05 3.164530016514604768e-05 3.462745667843731363e-05 5.795855706534898497e-05 7.821700442343296059e-05 8.937364611596205642e-05 1.051457303368867353e-04 7.105365499295810414e-05 2.370888848037846941e-05 6.641193913397059364e-05
-4.722728228337108124e-06 -1.765474103154309551e-06 2.192270179183656321e-06 -3.107143078945280785e-06 5.994519977177735354e-06 2.413015067783578893e-06 8.541913942438197541e-06 6.656404479007913157e-06 6.283979047582090580e-06 1.392844771738098071e-05 2.537066361292356721e-05 2.816407556377009845e-05 2.740999941696803556e-05 3.042921523885128461e-05 2.209833059612620310e-05 1.051694333725783516e-05 1.075286120832602033e-05 -5.545167682988074890e-07 -4.171008426272696911e-05 -6.986690237910260493e-05
1.994010445205658302e-06 -7.499265487418664654e-07 7.132888723930035183e-06 -1.011251485414687895e-06 1.201604443596022975e-06 8.970833261316473530e-06 1.392013980064321510e-05 1.096749674729590395e-05 1.140005747562656078e-05 1.075274880983280608e-05 8.023452776634277893e-06 7.318891507175263114e-06 7.075306800911352332e-06 1.665291387162964900e-05 1.635728057747773106e-05 1.756844233003439486e-05 4.238979013607724355e-05 9.103127116124860949e-05 1.422278041615187118e-04 2.500857194351593297e-04
1.589871636761465507e-06 -4.536082517097150943e-06 -6.132226012548409198e-06 -6.786640627154830475e-06 -3.147762874725924561e-06 -4.685018816689727600e-06 -3.301616898710001192e-06 -1.648361328490637347e-06 1.233518356975810346e-06 -3.606385729709310162e-06 -1.756093629461964020e-06 3.084139127266368983e-06 4.620107508201349634e-06 -8.059311955016315045e-06 -3.140300030187462505e-05 -5.259576994301458461e-05 -7.504309188352207823e-05 -7.092898503011164555e-05 -4.733636570609239813e-05 -3.216301886424564551e-05
4.110042078158897448e-06 1.446132617496332147e-06 1.879141490243469968e-06 7.086505739419808376e-07 -1.653262127005128634e-06 2.506831698538920769e-06 -7.570129099002036848e-07 -9.132886910239711593e-06 -6.401196907551248740e-06 -8.492588466101303547e-06 -1.204614212007408411e-05 -1.346532677519577885e-05 -2.117242845114647223e-05 -1.557091103038046672e-05 -9.193164700714248446e-06 1.750840694927328973e-06 2.966692624843131342e-06 -1.447218993371746731e-05 1.180767058419060577e-05 6.972251426914115497e-05
-7.187254688579853079e-06 -5.668615628716478670e-06 2.469240668548076627e-06 -3.643911457683745232e-07 -4.924815948499622902e-06 -3.005623291104174005e-06 -5.845514216666647207e-06 -1.909802874338600956e-06 1.773534133616518103e-06 4.803113865053892913e-06 2.957159607861884765e-06 6.097056417367173764e-07 -5.489639622282394723e-06 -1.465446635434245264e-05 -2.548279411157616337e-05 -1.880360140064993161e-05 -6.436349003611511720e-06 -2.861049883869851603e-06 -8.560090021443701811e-06 1.582681866371629751e-06
-2.261882192696095156e-06 -4.389491320706257690e-06 1.128002933253101140e-05 5.665284437134568521e-07 1.495182768047250947e-06 -2.525685933990452907e-06 -4.326977117783747869e-06 -3.601736069344877555e-06 8.891590651838967281e-07 5.846443616557940895e-06 1.286944053171543594e-05 1.727323637991498616e-05 2.762284572864708140e-05 2.953481366485021030e-05 3.045598297275886607e-05 2.924379540627722448e-05 1.374320037401097655e-05 -1.839594251213466593e-05 -5.418134996573904794e-05 -7.051620892127832200e-05
1.247585945209868372e-06 -8.299522072063458364e-06 9.949965525965420001e-07 3.260009906818797802e-06 6.472521867687919596e-06 1.063579835094989243e-05 2.299340825239451049e-06 3.035020176357090540e-06 5.438002089711979179e-06 9.373562743179030980e-06 1.463622860917189693e-06 -1.418907239994297018e-05 -2.495890442775399663e-05 -3.129347872103622135e-05 -4.460954823199735558e-05 -2.194190027057668318e-05 1.217802624719626785e-05 7.851518531151099867e-05 1.078893659665973958e-04 1.040978541888478039e-04
-7.687488823155450335e-06 -2.148211092017452301e-06 -6.886543674583462422e-06 -3.709023721397266023e-06 -2.846997506016368140e-06 -1.077102031299745485e-05 -6.896760086771070217e-06 -8.953608653368532250e-06 -1.690194549921331878e-06 2.326677264055332217e-06 1.984275216893591478e-06 1.786299712977220179e-06 -2.695728216445720330e-06 -7.259602039075271802e-06 4.659778160519381356e-06 1.413999155671686051e-05 2.916448249949188916e-05 3.889890616524280346e-05 4.095366880801663752e-05 -5.546896829644075837e-06
-3.014618036416414632e-06 -5.476355085368698416e-06 -4.814216924676548493e-06 -9.850019785536573999e-06 -5.656498779456075453e-06 -7.270832164501335203e-06 -7.580352029021629656e-06 -4.760956837421632511e-06 -1.005824466868395490e-05 -1.112715851634962368e-05 -1.769395458742378078e-05 -2.291710599182933479e-05 -3.536438501961748166e-05 -5.225485557545742359e-05 -6.611198060178877928e-05 -8.501790099423861134e-05 -1.127015274093491214e-04 -1.418355740443345142e-04 -1.756138247500779390e-04 -2.365026311191733676e-04
-7.959350233170436552e-07 5.800777920142839360e-06 9.148019175079761188e-07 1.117295338973210817e-05 1.006104415260125699e-05 8.738540585561513818e-06 1.249048018556849008e-05 1.204630722804763008e-05 1.453927523338824445e-05 1.577458150415507855e-05 1.362910285753030972e-05 1.207860434134265218e-05 1.827237048379182539e-05 2.625682632385222589e-05 3.072609802443834217e-05 4.418644203811238557e-05 5.701595016631476418e-05 5.387649576684927591e-05 4.694385203877295175e-05 4.489573316705285571e-05
4.183880739784405437e-06 5.497544836853196699e-06 6.261842441245717509e-06 3.819613431857189660e-06 4.012816176599242943e-06 2.647876489486150153e-06 -2.142575401198249390e-06 2.842172601321669977e-07 -3.407007819278505111e-06 -9.960623583175808119e-06 -7.414608607511365339e-06 -8.573998885900554066e-06 -8.619898197293465118e-06 8.012736215364056174e-07 1.860936053678826079e-05 3.218352712364254615e-05 3.816966368779052982e-05 5.670187387009331708e-05 7.383254864749426482e-05 9.578611489364125290e-05
4.677606085190173569e-07 -2.657604978047411220e-06 1.486119988675013663e-07 1.349106258255942407e-06 9.037629150823127722e-06 1.362993755330811490e-06 4.457878362982311083e-06 7.233351665396252562e-06 -4.131767155716738477e-06 -5.905606209701963115e-06 -4.099675771456353604e-07 -7.995671919958427992e-07 5.090641665232848364e-06 2.322461195847786287e-05 3.492580653923269387e-05 4.693238077955178738e-05 8.468599591159314962e-05 1.349468401608796067e-04 1.736623907625026695e-04 1.381419070622015989e-04
-7.818338145098304053e-06 7.593080160333290749e-06 6.354736838252943013e-06 -1.926125427250422840e-06 -1.289920903505615399e-06 2.681004064413894349e-06 2.922458408908233910e-06 8.049285012112127264e-06 5.343199418939481665e-06 5.610879754565596054e-06 6.785460671214610871e-06 4.019495019421005918e-06 -5.793471418581387286e-06 -1.914023797918900095e-05 -2.587730750025671629e-05 -2.876165063818152693e-05 -3.129290216063222122e-05 -3.538871995239734828e-05 -3.767762744992879094e-05 -3.225155932045984774e-05
-1.640773925265014578e-06 -1.409281942672378070e-06 -2.278269165329742853e-07 3.104186827474158174e-07 -1.179773000243780330e-06 -6.210105207498979688e-08 4.284186777356357976e-06 3.318163357000119229e-06 6.981511229269799433e-06 2.530145530585420805e-06 6.878581155166397105e-06 1.595827797585916373e-05 2.562149875255382821e-05 3.208086421823896851e-05 3.212139642107391134e-05 3.727876707416097628e-05 3.919002217014605195e-05 4.516905923057908063e-05 2.657368514263959785e-05 1.358448322156067835e-05
1.360303329720365129e-06 -1.668354219944637016e-06 8.112936778089210435e-06 5.482410785344774455e-06 2.402001635922693630e-09 1.393555406674743379e-06 -2.891991576332919468e-06 3.558951666450615536e-06 -4.815265417128631373e-07 4.646183765519021937e-06 5.667123467283414706e-06 1.151572740474075955e-05 8.721526319587539030e-06 2.603246227935960557e-05 5.100225738906670882e-05 9.135559280254093714e-05 1.232908971822560258e-04 1.569518087844528308e-04 1.991409671860560379e-04 2.288630931639426731e-04
4.174403625140530520e-06 5.405727300721408755e-06 1.087947335817727796e-05 5.748675480610308949e-06 9.057408921762172477e-06 4.862489601079058987e-06 4.166940379287958076e-06 8.542353740464321497e-06 1.104224613611314792e-05 1.178558112227837166e-05 1.671470936925876415e-05 2.142520113820727825e-05 1.955564216967441228e-05 1.192429843279388813e-05 -1.046135365973190343e-05 -5.088432541327160173e-05 -1.138109719284440409e-04 -1.925166348477492107e-04 -2.491477908682034103e-04 -2.670458393594650048e-04
-5.193107922666775897e-06 -2.611667243392499600e-06 -3.429591969796937450e-06 -7.511193362421101193e-06 3.464856160312753639e-06 7.961064435996083376e-06 2.753561835443640634e-06 5.642099270103708858e-06 4.479670870578786153e-06 7.089158827003521612e-06 1.572081192793027264e-05 1.533740041547352977e-05 2.095366638774489259e-05 2.267162049570388039e-05 1.085172909543711219e-05 -8.149600212335302439e-06 -3.827875406557196226e-05 -7.481000608219394953e-05 -1.100519451911966803e-04 -1.621742936006234236e-04
-2.211278247212193824e-05 -1.100686845387281180e-05 -3.792342913247570170e-06 3.822988366829840731e-06 -3.754817590670113276e-06 -4.261295040596882918e-06 -6.422140140910228611e-06 -8.794921137711667319e-07 3.234966487644262396e-07 5.344535523098623895e-06 9.800042754541331196e-06 1.555823482846810523e-05 2.890576007603999509e-05 4.154780676752470070e-05 7.280763674931565110e-05 1.030405097452783526e-04 1.320097991081385365e-04 1.529867040951357127e-04 1.388807562493621221e-04 1.469946954029748779e-04
-6.086122978184240865e-06 -1.401971611883785621e-05 -1.249910292241021182e-05 -1.575100625452845928e-05 -7.771597398662038767e-06 -1.124893890621138923e-05 9.146558191291848460e-07 -7.550055601393043744e-06 -4.282336934669627719e-07 5.863658153253753708e-06 2.691759996757114837e-06 -9.457688878016156929e-07 7.208960861714372487e-06 2.397376726170712645e-05 4.487257000357762921e-05 4.589069695295001271e-05 6.104704485563830106e-05 8.856841641004524913e-05 1.172287112283595283e-04 1.393702838125445537e-04
5.314412214216025527e-06 -1.028650669095281383e-05 -7.998461630001968392e-07 -2.666230669589357648e-06 -1.142819349381215522e-06 -9.672033795617391921e-06 -7.581207739098967071e-06 -1.508161847296555132e-06 -2.981090585869645947e-06 -6.421750323158306621e-06 -1.670624851525653594e-05 -2.502296778133056041e-05 -3.751020840868204070e-05 -5.801882640012393628e-05 -5.960972262865925407e-05 -6.189113919739565588e-05 -7.787484241312673031e-05 -1.191131540492670996e-04 -1.247547798153347614e-04 -1.074558499142802103e-04
-1.337762935650683340e-06 2.156050962431070666e-07 -1.032886394807618087e-05 -3.618254714138669872e-06 -4.684397047028932501e-06 -8.151093603476681728e-06 -9.170581975922010044e-06 -7.783254314260705474e-06 -2.198590531137928797e-06 -6.128685586485467926e-06 -3.489213907244362791e-06 -1.201280436577394210e-06 -7.604982000351062928e-06 1.727478302614171562e-06 9.373430595797221514e-06 1.297461069280520866e-05 -8.569524583329690413e-06 -5.782489493480735257e-05 -1.234106351633564122e-04 -2.475327752195240595e-04
-5.044505453965044040e-06 4.281679691712494615e-06 3.339033852381768026e-06 -1.023805081259592468e-06 -3.399082258019759167e-06 -4.672278862982482741e-06 -4.080419803078913698e-06 -7.911870868580981803e-06 -1.001689318371692966e-05 -1.905028055937669742e-05 -3.194361730726278395e-05 -4.538613473989259209e-05 -6.012413592321578674e-05 -6.798543582855210159e-05 -6.832865331214372313e-05 -4.958800261370979273e-05 -1.380001350817472033e-05 -2.245619618652180593e-06 -1.729798923778874442e-05 -3.631347807268289128e-05
-3.773655494332099824e-08 4.614337322668799095e-06 4.294527523668882460e-07 -6.061466478622797130e-06 -1.247178389977668760e-05 -1.051230739515286569e-05 -4.410440397875675422e-06 -7.891782327773453240e-06 -1.256324362760890257e-05 -2.016077990896459574e-05 -3.069696120102698768e-05 -5.158403039395349386e-05 -5.793126048232464576e-05 -4.805360565988218020e-05 -5.197220637451021013e-05 -8.190120399731864477e-05 -1.064363450651202445e-04 -6.973483491465456378e-05 -1.667893533982426477e-05 3.142601822048846603e-05
5.696773370508473871e-06 4.754742129836935698e-06 -6.075194518516160382e-06 -4.207384860049441604e-06 -3.927712016416687764e-06 -4.493301563089858006e-06 2.407098836295857399e-06 4.976947157656356948e-06 4.141896671945662726e-06 3.178691587100753117e-06 3.279454010080315176e-06 1.512897632893730338e-06 -1.023700606072694395e-06 7.794731283559044465e-06 1.461571096423266476e-05 1.103192656285673719e-05 -1.904727012973089976e-05 -8.659779870960112723e-05 -1.241534074741100111e-04 -1.221256277141284251e-04
-5.652481034221932910e-06 1.834078846942477962e-06 3.626926906335102261e-06 1.009759976641271246e-05 1.015003677985570225e-05 3.205356760320530505e-06 2.107763848184616871e-06 6.140546631669565330e-06 1.277786351964980937e-05 1.786512548379752606e-05 1.929865779785989397e-05 2.500362549163223134e-05 2.027195474840367114e-05 2.290091365073790181e-05 9.918703300611439320e-06 -2.379021312407070634e-05 -4.451723847355631232e-05 -7.664809183194119617e-05 -1.140396674202487712e-04 -1.402420332174224413e-04
-9.789470824654470253e-06 -6.306980384231842152e-06 -4.817289162755574449e-07 -1.377055790879435524e-05 -8.256347935258609295e-06 -3.575574811126308617e-06 -3.226197213647124356e-06 -2.037989387432745692e-06 -5.974884051094048631e-07 -8.917703828861907789e-06 -8.228597405030461939e-06 -1.012762032385282449e-05 -2.501236247387535957e-06 1.638754904491611340e-05 4.031150714414455112e-05 6.147170122294474926e-05 8.558299123510127804e-05 1.173825548480932198e-04 1.653530413463232570e-04 2.210341328761033478e-04
-8.365506211946018882e-07 -3.755259524528358392e-06 8.295600101991945969e-06 4.669983082587366112e-06 5.122794384405711268e-06 6.028702340026468929e-06 1.089750468429090913e-05 1.286789739509671851e-05 2.236131160352980508e-05 2.150463325561284691e-05 2.412915245766981582e-05 2.533723192704658315e-05 2.886633468535725606e-05 2.427347332578932914e-05 2.098605227436552945e-05 1.253338621226976273e-05 -1.685876898747539862e-05 -7.286820472520252369e-05 -1.173570736468815024e-04 -1.720461998536844362e-04
2.841733595798204079e-07 -3.305436829287572578e-06 9.576541862397304345e-06 1.717335921768362711e-05 6.478377406199223929e-06 -7.871362858577044670e-07 -5.961054432212863471e-07 4.287644232919350692e-06 2.902162878505644100e-06 2.646228857199852059e-06 5.338068214449812480e-06 5.165971325684204651e-06 1.747086631583549528e-05 2.645824293389204766e-05 2.888905948779248338e-05 3.042316961945077861e-05 1.832205329703764276e-05 -8.154245045052552917e-06 -3.595874526575013779e-05 -1.012858654145598012e-04
1.826320313191476544e-06 1.043032500175917473e-06 -9.297865796825244262e-06 -8.055753312923704740e-06 -2.445750611197789009e-06 -2.361274616455440705e-06 -8.471714938078151608e-07 -6.469265535480072932e-06 -5.577624771015329537e-06 -1.147552938541804109e-05 -3.335420729393932397e-05 -4.816102929991011557e-05 -5.153240894111276458e-05 -3.590353397281924032e-05 -3.998339280379395040e-06 3.713531099205218832e-05 7.850993427139885486e-05 9.216273147171397226e-05 9.077899473569815366e-05 8.854275334272779263e-05
-1.439653592119737255e-05 -1.133736319861934603e-05 -4.412946260841783267e-06 4.244702239839669227e-06 6.261904690242727451e-06 7.977102298673577441e-06 3.538776038124921275e-06 4.030625483379210940e-06 -1.720954495379396766e-06 -1.252758944267231732e-06 -4.843224871197155145e-06 -3.508162185857781875e-06 7.217482818940091446e-06 2.271466802060213201e-05 4.262467265775489922e-05 5.203967856087479460e-05 8.920546971889313232e-05 1.209296263134727715e-04 1.473814099242639166e-04 1.599368762716787615e-04
-1.210760547108186400e-05 -7.130640725660313210e-06 -5.061768567712084378e-08 3.039600688768202597e-06 4.839702481089405611e-06 1.309141701166231678e-05 1.306697954749084969e-05 1.949493703025665371e-05 2.480617086320140120e-05 3.167113799017424130e-05 2.175490444455870155e-05 1.958904372635467852e-05 2.288991670387104986e-05 2.367427145230335115e-05 2.901779688496376801e-05 3.622825301892059320e-05 3.511773796538253070e-05 6.747931084052181537e-05 1.581431435960864039e-04 2.514058476151765156e-04
-7.313759485925886272e-06 -6.289820433269938613e-06 -2.128351281706410666e-06 -2.333844192299663957e-06 3.153328201770930074e-07 -2.490608406966739588e-06 -2.886516746337165479e-06 -3.250446600796466239e-06 2.954121939790357104e-07 -2.519101819742070404e-06 2.964360305484287538e-06 5.037119041202392969e-06 -2.144056151439038574e-06 -5.978167919914581268e-06 2.650311912131774471e-06 4.397083613115129103e-06 -4.171995534403842580e-06 -1.300400764522881496e-05 -2.771937956521606665e-05 -3.508822862585832361e-05
-9.299554688164624064e-06 -2.738248613993116852e-06 2.076060312335485547e-06 7.781411581534540602e-06 3.478132976920461359e-06 -4.108837448328910357e-06 -2.056203098650563567e-06 -6.788358833809692501e-06 -2.664308653329168012e-06 2.461188214717890556e-06 5.801644765035645829e-06 5.410384290482705742e-06 6.538324266799124210e-06 -1.308256905531698978e-06 -1.123679866355847217e-05 -2.306994008804893619e-05 -2.635281402054444309e-05 -1.241012195638436620e-05 -1.364469616816361846e-05 1.593126145387431935e-06
-5.168677747080142675e-07 1.535250366200703029e-05 1.283935432789984065e-05 1.316087866662757981e-06 8.617503161697874685e-07 -1.286483970908722110e-06 -1.912746159144004245e-06 9.267210213904491285e-07 1.055256346433879625e-06 -6.995142416147885042e-07 6.223959546213559494e-06 2.163652040125463172e-05 3.665679296079074861e-05 7.162562596469512321e-05 1.105823565281285729e-04 1.541734391230228452e-04 2.162849177530369691e-04 2.830001394467325840e-04 3.383315463366217595e-04 4.126702804895464294e-04
7.679387521946400558e-06 7.253961743185688419e-06 5.216845591011813217e-06 5.469420854495707547e-06 8.761712773160338220e-06 9.841155266506629933e-06 5.724688649651582021e-06 7.214457913043271767e-06 1.313629125537142993e-05 1.445274929195066139e-05 1.650538545944753183e-05 3.263724489594365882e-05 4.508336884439410267e-05 5.088588046287082926e-05 6.882168977953665454e-05 9.297639963876824397e-05 9.902881532600904665e-05 1.004992244237960358e-04 1.147962093592521467e-04 1.357989413969982139e-04
-1.408060775542195432e-05 -1.089879912019297267e-05 -8.619840834445608509e-06 -1.923616425973332195e-06 -6.359802815967137368e-06 2.640911833353111023e-07 -3.156084725261396183e-07 -1.027274628038673373e-06 9.941223593371817957e-06 8.543954670334383996e-06 7.319639765355324727e-06 1.572383884500501560e-05 2.097046109086910017e-05 2.344538082840858279e-05 3.913971760716462156e-05 5.471745181421687677e-05 8.024950112192457948e-05 1.206698495279457040e-04 1.449666572564535343e-04 1.763912724417470584e-04
1.063527438196035810e-05 3.378299976259729347e-06 5.434092199368635898e-06 -5.053023295259018501e-06 -4.586834596074535083e-06 -2.639434591098220983e-06 -1.703610321520064405e-06 -4.589841924476862306e-06 -1.119214164213804014e-05 -9.648398395037059412e-06 -9.907678962568859435e-06 -2.158406904927592565e-05 -3.423286632055716841e-05 -2.679863095574212464e-05 -1.444957632327444999e-05 -1.247511116511911565e-05 -1.799673102549926768e-05 -2.004571805898810910e-05 -9.248955465485249509e-06 2.539896300156972556e-05
8.588882643643100319e-06 -3.428491491355453591e-06 2.273322854105403093e-06 -7.530814625715439572e-06 -1.390139754996446973e-05 -7.617644830661948535e-06 -4.477378349082906501e-08 -3.445380400501208586e-06 -7.168482031317964939e-06 -1.441243238891843912e-05 -1.295155514713565555e-05 -1.752437396095276031e-06 1.180132260732063113e-05 1.817972734542855226e-05 2.310036479224056595e-05 3.522580288368297993e-06 -2.566594078959953651e-05 -1.907017116602764947e-05 -6.792093656134258548e-06 -1.865325004204089774e-05
-5.165596422848186689e-06 3.945449670275039568e-06 -1.710908357095434707e-06 -9.339672297485716122e-06 -6.133155528391103520e-06 1.470122790349750062e-06 9.002331507264242329e-06 1.069823394075720446e-05 8.026761694683689547e-06 9.353856609470141155e-07 -6.475248111375707387e-06 -1.069371848509389681e-05 -1.360035175091904339e-05 -2.409413560766884214e-05 -4.299336687129016944e-05 -6.556677077113099068e-05 -1.022473009428258067e-04 -1.287585118013676467e-04 -1.514205159707455236e-04 -1.884101043789883833e-04
9.602434781482684713e-06 1.972400620708203909e-06 4.640830475942769066e-06 2.658420778273436656e-06 1.235317722683845878e-06 -4.787432781977115514e-06 -6.787538425442615975e-06 -9.432223464340002913e-06 -1.039094838023010546e-05 -1.495616826106725358e-05 -2.503437866585874442e-05 -3.023271646414840000e-05 -3.918547387114774380e-05 -6.769435763883154672e-05 -8.194329287158722290e-05 -9.413714377563054444e-05 -1.085613759641796490e-04 -1.382165435708695284e-04 -2.160128147570494165e-04 -2.832120035107610974e-04
-6.202354867092627263e-06 2.346012840923991880e-06 1.086520064876762740e-05 8.920299770187374458e-06 6.619491340132477045e-06 7.494528522124038560e-06 2.287343530348700846e-06 -1.536017242996774251e-06 -1.935348092193344048e-06 7.170748459170201040e-07 -2.521850606993777297e-06 -5.347655561027942460e-06 2.593091198700785872e-07 2.490987784510051161e-06 3.448489235047749486e-06 1.566100101020272942e-05 4.553496273433393931e-05 7.567736602551398950e-05 1.155965544806775413e-04 1.549574413555001348e-04
4.550431835856422363e-06 9.769672124198988290e-06 3.552337581568953001e-06 8.617867190347206315e-06 8.957950010740995609e-06 9.227044741579612267e-06 1.341154323433831869e-05 1.443094887954454747e-05 1.700682760283162237e-05 1.406202767256126585e-05 4.555244650775253680e-06 3.410743402147686878e-07 8.778838235287391096e-06 2.051404248683382493e-06 -4.171594893569943915e-06 -5.564036107040208878e-06 -3.114433291091744623e-05 -5.100081488688777828e-05 -1.711741984389199842e-05 4.787488067485650242e-05
-1.670019874485831828e-06 6.899203670735880119e-06 6.146664238775585750e-06 3.410407040207322444e-06 3.044904664716322038e-06 4.120183115272502155e-06 2.677414594073913134e-06 4.175653475825655951e-06 6.438421815935468365e-06 1.173272551034112719e-05 1.272589223575312949e-05 1.159717220815017438e-05 1.518633770965022577e-05 2.565027412406863553e-05 3.284711321075709287e-05 3.937997049904348469e-05 4.150319097177630116e-05 3.651933685301665190e-05 2.009307989909818381e-05 -3.081196500302976234e-05
5.527186204332743054e-06 9.056335557989913992e-06 -2.957025077478649886e-06 3.847838154792059607e-06 -6.188349483308474086e-07 -4.518224845059348655e-06 -6.324161761561527828e-06 -3.366146399907437954e-06 5.623530824835067372e-06 1.366884916721626662e-05 1.051196424575321992e-05 1.833695090054018184e-05 1.616312864173471332e-05 1.765168496596869431e-05 2.432417146890473138e-05 2.681269796574287001e-05 9.254069952935870926e-06 -3.145792137113869369e-05 -7.413903193714757730e-05 -1.220129218495051750e-04
6.887425177778961641e-06 -1.022879672265778374e-05 -5.038187322857905315e-06 1.726164229376734243e-06 3.649668335037682364e-06 2.121139453614116861e-06 2.224059039034619275e-06 1.060618954628540709e-05 7.348596614361668707e-06 4.664755658357881249e-06 -3.282435767706093389e-06 -3.918387691990661749e-06 2.025309563653103879e-06 6.595615865381209148e-06 1.840183591780369821e-05 3.050753798133085801e-05 5.019540843189290350e-05 6.326682709852408330e-05 9.397322531756379055e-05 1.394822168756124569e-04
1.119435925924839288e-06 -2.316549178041408116e-06 9.122132056987845934e-06 1.568164153368019892e-06 -3.663804365316020399e-06 2.291534368132786545e-06 -4.335687865749529687e-07 -3.290613401545902257e-06 -4.782268504944956765e-06 -8.127831469730593066e-06 -7.774044645776535749e-06 -1.143453941585215061e-05 -1.324701826599001724e-05 -1.833867975098459182e-05 -2.826689453420284175e-05 -5.085363025013912164e-05 -5.879902530104077362e-05 -4.671579294889772815e-05 -2.287390443785690890e-06 5.261600644122691150e-05
2.377430560240188945e-07 1.546800346417689757e-05 4.579599074092590848e-06 2.248067433157578243e-06 4.849486490225578237e-06 8.497902664825634264e-06 7.674257520692065313e-06 1.059413850773825862e-05 6.794951771713242207e-06 9.743929987228649385e-06 1.320627203077315013e-05 1.228861029361313785e-05 3.650984845178365491e-06 -6.235426764882625846e-06 -1.466802276471027354e-05 -3.817574554997861888e-05 -4.810008655960536651e-05 -5.084721670392180489e-05 -4.533238564126735893e-05 -4.122037135945958998e-05
-1.550424098613749881e-06 -4.335127576568217107e-06 1.631005698104858923e-06 -5.290988809361501161e-06 -4.731212005698321006e-06 -1.659124199863604017e-06 -2.842159532924586255e-06 4.875694639045284604e-07 3.703084772484059307e-07 -9.168942639523157601e-07 7.969663974987294065e-06 1.368947091098477290e-05 2.764089375230624319e-05 5.579248261401406384e-05 8.882959065001964319e-05 1.355649450060490994e-04 1.842376979180130594e-04 2.375219443594997839e-04 2.652178348524247592e-04 2.518267977353952358e-04
-2.504291822834827711e-06 -4.498840129655317424e-06 8.828639190722659204e-07 3.424577961125877347e-06 -1.121401472228314782e-06 -5.188717868891607334e-08 1.083303643387688091e-06 6.068475468291369970e-07 1.690276487867888256e-06 -1.165552733499610597e-06 -3.105248596077585708e-06 -5.775067655709456870e-07 5.731327729817009630e-06 1.543958340609256260e-05 2.130034933389805750e-05 1.899759186617431763e-05 -8.436970971093201270e-06 -1.520145313979684668e-05 5.588789247491566492e-06 8.031591948178801364e-06
5.911318247476566851e-07 -1.321909833053264065e-07 -3.214205974972600011e-06 2.415731093134200553e-06 2.348260667540710863e-06 4.079323536731913432e-06 1.899464628782659075e-06 2.240331211175188645e-06 -1.854545759667758280e-06 -3.214855873447484794e-06 9.766977097254398375e-07 -3.835251384563536293e-06 -1.309669753713580158e-06 1.600044801801246500e-06 -5.896635684332933778e-06 -1.742137402155446212e-05 -3.736241353283071263e-05 -6.149954993248885819e-05 -4.485921824398004940e-05 -2.199787965807725154e-05
9.993278679735541336e-07 2.773896518856760378e-06 1.555038345524589751e-06 3.261905441008318072e-06 -5.423086426221416427e-06 -1.080476289011619020e-05 -1.399640590565307773e-05 -1.941547669804717194e-05 -1.775130470834572022e-05 -2.355072892448066408e-05 -1.771191359010320689e-05 -8.536114195888409905e-06 -1.043179342454100554e-06 2.433021697812294087e-05 6.648835454248173548e-05 1.042844299276121807e-04 1.268372950251982060e-04 1.182754064692267005e-04 9.780688783080643679e-05 5.828773451690699313e-05
-8.760640284799156574e-06 -4.003227944621609310e-06 1.727965601063859361e-06 -2.910127031935249949e-06 -9.157178270440320042e-07 2.893938251787538511e-06 5.195089599960781950e-07 3.938228435874147069e-06 4.537080208098107942e-06 -1.016229529076404040e-06 -7.639929824555823958e-06 -1.083517887311652458e-05 -1.637236397254262826e-05 -1.402045257223312058e-05 -2.041977307818045327e-05 -2.430703614284942453e-05 -4.882988729746252384e-05 -1.141514017026138523e-04 -1.971030827333253310e-04 -2.482564674880161017e-04
5.773426865173084413e-06 -4.400361795348730926e-06 1.421050515562393241e-06 -8.487124361024046190e-07 -8.032232166250583629e-06 -1.050652964698420684e-05 -1.203126656482806593e-05 -1.235861534485035025e-05 -1.164648840190422288e-05 -1.837464009705190140e-05 -1.892480932968289566e-05 -2.231995799832685399e-05 -3.574956412183043838e-05 -5.584551612707358662e-05 -5.566093416309529342e-05 -3.877261083426280353e-05 -3.413858362453960348e-05 -1.989490569306050959e-05 3.413446420804472553e-06 4.650835292447216075e-05
-1.411421311622302467e-06 3.677300305169869574e-06 -1.787397320297998946e-06 -5.802481438449300723e-06 -3.486630228132391422e-06 -5.800843672047548652e-06 -3.318280939174842480e-06 -9.650591950348187505e-06 -1.107055338456588220e-05 -1.523682538599381320e-05 -8.812324679469599035e-06 -1.430146365635691393e-05 -2.560860103411147383e-05 -3.944171406813456164e-05 -5.706629271934746459e-05 -7.212630005871513222e-05 -1.010097756863399294e-04 -1.187906184817517268e-04 -1.225962404370502235e-04 -1.091813871107325315e-04
-9.691887406344099260e-06 -8.121952939563017697e-06 -7.617036326636940757e-06 -5.828359377978061628e-06 2.607767295712442686e-06 -2.169596628346605878e-06 -5.902010615790436384e-06 -7.780043401488069958e-06 -7.591525918828283311e-06 -6.033103979193935843e-06 -4.882842038771916684e-06 2.341244540765455122e-06 1.078152794761015497e-05 1.855533393132156376e-05 2.955969388248184710e-05 2.556737926560564704e-05 1.005608802023867177e-06 -5.442918296042636565e-06 -4.568049897408620746e-05 -1.073372379810634233e-04
-7.497366910334863492e-06 -1.290115403592747530e-05 -8.313191089882730783e-06 -1.153830521318531078e-05 -5.635334204987511721e-06 -7.795837609056898083e-06 -5.505683700092713923e-06 -7.558160667354738723e-06 -1.254567766966005487e-06 -4.590400803125862080e-06 -5.937116803914504573e-06 -8.599096960674063264e-06 -1.648105700856749382e-05 -2.607240179032616905e-05 -4.179662712416474992e-05 -3.909279681666202042e-05 -3.881813336203976134e-05 -5.540454472889032479e-05 -1.019898652869110403e-04 -1.492682181687628217e-04
7.369607442533521786e-09 2.354571746111109627e-06 -3.789533924082625648e-06 -4.053441486801099994e-06 -4.149844366844615684e-07 -3.373796378355540371e-06 -1.117252268163874138e-05 -8.143709329135758964e-06 -1.116508602428193848e-05 -1.506428277361254628e-05 -1.378391647958211199e-05 -5.767335006650661874e-06 1.031275893400444446e-05 2.477872141887201365e-05 2.669947076665473695e-05 2.572573110277579280e-06 -4.976843697275879424e-05 -1.204052374612011846e-04 -1.511531885916546976e-04 -1.542247639791437339e-04
-6.120887324897360568e-06 -3.357852149960190224e-06 3.804997018990092551e-06 -5.073493811922659752e-06 -3.754441478503830347e-06 -3.747882279694073543e-06 -4.005283727762740837e-06 -7.764059578865247153e-06 -1.128729864399577592e-05 -1.554804382100933566e-05 -1.619078530252296015e-05 -1.302509411575316133e-05 -1.695699857499102488e-05 -3.706744153000068089e-05 -4.379509851161721552e-05 -3.323219271911357909e-05 -1.398749616246823109e-06 4.829528382704105038e-05 7.197496535167785309e-05 7.779410435927293995e-05
3.945906391060631239e-06 -2.181811360895314391e-06 6.375152403859808953e-07 -4.301759520377485057e-06 8.003804875479365517e-07 8.641456378751373414e-06 6.286451195146833123e-06 1.120944619413986404e-05 2.108207443468607502e-05 2.750862544040568505e-05 3.229226867396791571e-05 3.978860752504917426e-05 4.266342912108880944e-05 4.033987203767954225e-05 2.852825167085463624e-05 2.180571150353885799e-05 3.259266195450413743e-06 -1.874450021619886788e-05 -1.621778827382929025e-06 2.232875645089904139e-05
-5.306608451915328786e-06 -2.393459766653065782e-06 -6.960551704201292340e-06 -9.163371833516513923e-06 -8.597747873925379668e-07 -3.029866524261567271e-06 2.731697167498908788e-06 5.108306816178196275e-06 1.209461306851035024e-06 4.769889405258354641e-07 -6.277280880956079242e-06 -1.301168595765237044e-05 -1.774325134873157487e-05 -1.383236286472935030e-05 -6.552468515269300338e-06 5.936972399048082260e-06 1.347307396422112876e-05 1.979113489356421497e-05 3.066139345390800060e-05 3.635869265239966968e-05
1.936270247994556608e-06 6.319760445971547233e-06 1.106596395721277809e-05 4.981270110753790982e-06 9.416328077858548412e-06 1.150525621525843047e-05 1.091698387612630214e-05 1.035432255638749745e-06 -5.131662271451917879e-06 -4.084648625769098637e-06 -1.046368924000630892e-05 -1.757534370040000603e-05 -2.401687682187757109e-05 -3.869896783332195687e-05 -4.977620356972199152e-05 -4.081147362165723954e-05 -3.118257640967877039e-05 -4.088119780165763213e-05 -4.828009394830678780e-05 -4.701456589465202116e-05
-5.936194905743204983e-06 -1.123486556986415374e-05 -4.148330536812820832e-06 -8.596555563188496009e-07 -1.187594944711886031e-06 -1.979330652718070552e-06 1.627357675330776072e-06 6.974847300948632607e-06 6.661409411160256746e-06 7.550853750408892593e-06 5.623865852928663061e-06 1.116594804281445997e-05 1.552312662529314370e-05 1.394292750883920403e-05 1.284416767361270862e-05 7.951320971883598884e-06 8.975294054213739544e-06 1.256047642135523903e-05 1.180964930232358087e-05 1.087233849300024802e-05
-2.011802574454180941e-06 -1.209986386315770088e-06 -3.888420663305440931e-06 -4.132776838656878813e-06 -1.689272389673227473e-06 -4.483521855083952520e-06 -9.902736147814446754e-06 -1.276953639202413300e-05 -1.490831033487228010e-05 -1.911934443787480228e-05 -2.839670358804655234e-05 -3.015241740019622275e-05 -4.189557409628344946e-05 -5.259579330035672740e-05 -5.771715936200184910e-05 -4.506800456047863198e-05 -4.008327430590025528e-05 -4.118670339589284348e-05 -6.643567426790676384e-05 -1.274137420793486212e-04
-3.407833062030487766e-06 -6.836671110099606558e-06 -7.526520981281659252e-06 4.299840987076629828e-06 6.320215814292522028e-06 5.672034114490814879e-06 7.577108110104226383e-06 1.112568297070806354e-05 1.401231454516609660e-05 1.585167221442391669e-05 2.942697718485793245e-05 3.719475729703048094e-05 3.130593141466493802e-05 9.248082723458200490e-06 -2.925909884514870245e-05 -3.901678415608201422e-05 -2.061987772510317382e-05 8.088709073867130007e-06 3.777608667836049304e-07 2.276786612825332056e-05
9.696420760623564009e-07 -9.318351577754159604e-06 -8.434941819519271952e-07 -1.901089575232728528e-06 1.223487132815654114e-06 1.580395614956937922e-07 1.478161471684636388e-07 -4.197345886582596712e-07 -1.320689623459522426e-06 -2.834222143341773422e-06 -7.125838311877583926e-06 -1.039323193415730321e-05 -1.835988196638141913e-05 -2.690755318491664137e-05 -3.404792855301583726e-05 -3.264705059062131991e-05 -1.224393137014311624e-05 4.369493952080424430e-06 1.258715670357788369e-05 3.503949000516741751e-05
3.876674850847974545e-06 -3.444694046217101879e-07 1.002817578568839142e-06 2.040754538184896391e-07 -1.690056018873568414e-06 -8.752494663756765777e-06 -4.379509423783694514e-06 -1.006105794034935409e-05 -5.754921614640945176e-07 -2.771846467559326749e-06 1.375621294520654438e-07 3.181946710684196592e-06 1.293287373408470255e-05 1.443743458099192779e-05 1.438032335546336292e-05 1.635751579780054789e-05 1.724683959843243536e-05 1.526548065162689163e-05 2.773885986341322022e-05 5.642304092084888818e-05
6.425991106233571559e-06 7.058163951717430791e-06 7.881989493899871696e-06 6.397118794541051094e-06 2.185578704977633276e-06 7.126588052539331023e-07 6.196468985704975704e-06 7.039900908615072597e-06 5.792531345951339666e-06 5.376674287835342327e-06 1.417530353829943754e-05 2.132854608284766239e-05 3.079069830219511553e-05 3.237325875521233519e-05 2.779704221840411480e-05 2.631858013932313116e-05 3.330338011061610844e-05 5.150230600945600437e-05 5.454012304843034820e-05 7.726445268276294922e-05
-1.927248040658384879e-06 7.144381030313542538e-06 -8.127358061185585037e-07 -2.513519222025609413e-06 -5.476120077060045164e-06 -2.685015029322910888e-06 -5.665519848022027737e-07 6.154515563565253807e-06 8.250245522034061708e-06 4.243485884751529289e-06 6.941376200219150507e-06 1.327337279680648955e-05 2.706117439561985677e-05 4.420124800345800613e-05 6.912331100119693155e-05 8.482854398964455778e-05 1.039354540166175281e-04 1.291161323042766941e-04 1.975746056355445388e-04 3.167781364993234360e-04
-1.609370306387887795e-06 -1.067863581526950950e-06 -5.424097964808640442e-06 -3.169834809921704067e-06 -4.644046414613345814e-06 -3.902755860462929452e-07 3.022630841160021929e-06 5.580501736704744250e-07 -5.245371562567422044e-06 -7.023370423140722166e-06 -7.287984216869322470e-06 -4.464758346283161738e-06 -3.056730051377543074e-06 7.815323427744876448e-06 1.409200653436678741e-05 2.643573982651040114e-05 4.997184680265008170e-05 5.153798354676087236e-05 2.961082545753597261e-05 3.774178257128144156e-05
3.451526271957878236e-06 1.530543472991401177e-06 -2.694455926594545760e-06 -1.725080490074330069e-06 -6.495399875393734126e-07 -5.258685269981933080e-06 3.935191691997343882e-07 -1.702839750418912016e-06 -1.025703532423765376e-06 1.578887990331824191e-06 1.078185640061604905e-05 2.444144372980134146e-05 3.917784156028918926e-05 5.514890251107587056e-05 6.647622258224307446e-05 6.905586275142918556e-05 7.006708487040336718e-05 8.023868406384963251e-05 8.740606220276585648e-05 1.163708322335690182e-04
-1.967324806086093468e-06 8.804044248401482928e-06 -2.987784425822079510e-06 5.176198067879489097e-06 -7.984413765069573604e-06 -1.303934393234643430e-05 -2.147622801268704183e-05 -2.098828835458686781e-05 -2.231776553062188832e-05 -2.847479132679951670e-05 -3.139681136021346030e-05 -4.005374264895640736e-05 -5.475865573518236002e-05 -5.153175672401476070e-05 -6.047934798720719374e-05 -6.564820714217989295e-05 -6.040463488085655915e-05 -6.335767885136509188e-05 -8.137330014676980570e-05 -1.615890398051612431e-04
9.742651093067801024e-06 -5.875296075726127197e-06 -2.660147151146909178e-06 2.998201708715377553e-06 1.168578845863630497e-06 -3.887895328696100642e-06 -9.842188036080931230e-06 -4.230535073253022344e-06 -4.473136377778989657e-06 -6.003098457869075261e-06 1.849970272800436840e-06 1.883827054223813631e-05 2.815570876097107337e-05 2.703767756726630373e-05 3.509487195515801321e-05 5.966347776915164843e-05 1.244184588598634905e-04 2.441072935835509423e-04 3.653119312935676532e-04 4.682864205830657655e-04
-2.520188923636229079e-06 -6.730910133275297167e-07 -4.992921567210004108e-06 -6.722253459180765982e-06 4.165796559362608775e-06 7.032809541467485548e-06 9.680267940562952970e-06 8.275694169694078854e-06 2.682082491403392906e-06 -5.849403412672575868e-06 -1.004079853138546218e-05 -2.273669287354113146e-05 -2.398636412879514022e-05 -3.111561050249297663e-05 -3.897333853558973289e-05 -4.005654561337923557e-05 -3.051752533980240040e-05 -3.608102735518609148e-05 -9.111883112635018754e-05 -1.147055701434723850e-04
1.014902061234619630e-05 4.620915304074625846e-06 -3.438749741013095994e-07 -3.380262818062022366e-06 -3.065251555313392692e-06 -2.580112051479970652e-06 -3.640463981153319545e-06 -1.930834468125667814e-06 -1.513031715070899534e-06 -1.502391979807649754e-06 -2.196156669082463402e-06 -3.683642602266259657e-06 -1.463190587668553444e-05 -1.769906384802269860e-05 -1.868053419374733290e-05 -3.976955977816071935e-05 -6.392466643168710425e-05 -8.121056300670125385e-05 -8.806640873132442777e-05 -8.602970499445933489e-05
-7.690999829482968707e-06 -2.461270399196661920e-06 5.340221684134078981e-06 1.694090208357124655e-05 2.964539578350639993e-05 3.168305452571377947e-05 2.724322062271723527e-05 3.577074585129517910e-05 3.129309629225274274e-05 3.101289618097413035e-05 3.686368846513675678e-05 3.830562681198272298e-05 3.844398371894672565e-05 2.258678014755175766e-05 6.944167084199172141e-06 9.332116274806456190e-07 8.656358268867509606e-06 3.823363065642700157e-05 6.819287429913027264e-05 6.859437650255683413e-05
1.367393709959565778e-05 7.705972866665197879e-06 9.184530218686896960e-07 -9.648802941308490488e-06 -6.486049146603768056e-06 -8.063906165908472709e-06 -1.438263735949214800e-05 -1.603824446761755105e-05 -1.103648314217381133e-05 -1.000751260114451714e-05 -8.794787665550509259e-06 -1.339717548424289584e-05 -2.024277950083787413e-05 -2.625057759045306362e-05 -1.227359036814548246e-05 7.236789644273533009e-08 1.508978734869968498e-05 3.827647887818131506e-05 4.372344155186148179e-05 -2.102781667685301851e-06
4.965916151078053240e-06 6.816183091617905905e-07 -2.992068083794394150e-06 9.012457505595813999e-07 -2.109716376625276496e-07 1.974013080810297216e-06 9.765605290200672761e-06 1.028346637855259127e-05 1.557482249152747526e-05 1.469969846135426251e-05 1.294207859431533533e-05 1.444103187145902196e-05 1.358679635719295951e-05 1.901859625318089254e-05 4.290856213809776535e-05 5.653854412909169842e-05 6.336750164655096404e-05 8.807372520849927259e-05 1.156933582717355262e-04 1.242486888109818111e-04
-1.628185319737578010e-06 -7.211796244030124368e-06 -4.130292050835273417e-06 6.419776447778600665e-07 1.012479104856513420e-06 5.529240519623011005e-06 6.917807158878842414e-06 5.428982033095011231e-06 2.438244956954979811e-07 2.222796684674607070e-06 8.035306993005162900e-06 9.696833439042138960e-06 5.423750827590522665e-06 8.825968407508759465e-06 1.312794312919394872e-05 2.917021334762985631e-05 5.397070248680329273e-05 8.097041049887022598e-05 9.535953328249057446e-05 1.459405872090324859e-04
-5.486345369773071756e-06 2.587041477196897012e-06 -2.987831295745635189e-06 -1.614907943552197192e-06 -2.259251040061698275e-06 5.290724007143038203e-07 -5.650535169128740046e-06 -6.168055707832792439e-06 -5.472484598701109441e-06 1.085845360461626659e-06 1.363602154025803098e-06 7.926291923947541301e-06 9.937806883575594930e-06 1.431061185534983324e-05 2.821668821427070686e-05 3.167549981808090963e-05 3.684690069738142385e-05 3.355282877956867538e-05 3.180451546686643185e-05 3.894029477847561239e-05
-2.597965625670851869e-06 1.928376755706954551e-06 -4.024906751706008553e-06 -3.661924817790532211e-06 -4.007972783788749933e-06 2.473754238959515270e-06 2.098513557115229781e-06 3.266097322881262691e-07 -1.299994143858342402e-06 -1.078631872934157962e-05 -1.790086660193191949e-05 -2.891854784049051856e-05 -4.451416445200573189e-05 -5.520659176838697114e-05 -5.610755643612778888e-05 -3.563279124406205152e-05 9.061785774200483023e-06 8.944394292870750372e-05 1.970710821541076245e-04 2.904664634787932883e-04
1.195303428073577898e-06 1.309729880716025902e-05 1.106172024718276321e-05 1.607426182523690188e-05 9.946215283371273404e-06 1.905564437485880963e-05 2.261900012662424763e-05 2.194096234854579232e-05 2.067317617280525652e-05 2.541320945765429055e-05 1.964806176692156971e-05 1.039977345076808437e-05 3.514164868534540251e-06 5.833516712158012922e-06 2.067056040955883993e-05 2.272763357873060184e-05 2.808982358716338089e-05 1.384067519700719641e-05 5.251456421580818779e-05 1.207288156020934852e-04
3.721862771086991180e-06 5.103706586012023536e-06 5.024375731937482800e-07 -1.334545007929838369e-05 -1.016178738942446065e-05 -8.670326231603380310e-06 -1.463606543418502261e-05 -1.539518972662388445e-05 -1.068833085491392581e-05 -1.191441610032961543e-05 -1.967130500903509669e-05 -2.843983526129457087e-05 -3.352577925615063658e-05 -4.998649693986787580e-05 -6.956012650024383790e-05 -9.883180273014399643e-05 -1.261894677281728101e-04 -1.386141866843187314e-04 -1.485139741589337964e-04 -1.852611927852037220e-04
-1.435647601642980223e-06 -6.157867549186278499e-06 3.551152413760280306e-06 -2.383659931190927750e-06 -1.368132312722791827e-05 -1.075848779325938909e-05 -8.441481456624142212e-06 -8.257479672310513898e-06 -1.286986728240992405e-05 -1.890272437756851083e-05 -2.400940307424332120e-05 -3.023581713328807045e-05 -3.949516036418752619e-05 -5.807236799673532054e-05 -8.260899903574787896e-05 -1.006932194944815161e-04 -1.015696279540290290e-04 -1.151962114465684652e-04 -1.698142624362743559e-04 -2.612360979210303648e-04
4.776932120924686811e-06 5.040885146504127326e-06 4.404868224136621219e-06 8.109755292236575324e-06 4.727422178471290431e-06 4.530786669844822636e-07 6.025851060156694011e-07 -2.369881107222347560e-06 -1.832971808790455039e-06 -3.838575927479355004e-06 -4.676671350333442237e-06 -1.398499486232023450e-05 -1.654898622887953264e-05 -2.214697853307347655e-05 -3.390878277680784482e-05 -3.922043241034421239e-05 -2.227162456823505218e-05 -8.305648320395691113e-06 -1.756742939247744244e-05 -1.238304685651652873e-05
1.539360648330688364e-05 -3.222177437959303920e-07 1.133087873506366411e-06 3.112760372214821010e-06 -4.523960435815732494e-06 1.446056761682413334e-06 3.950373753952252529e-06 4.111261971828713463e-06 8.706570531806315791e-06 2.172624630633455565e-05 2.783258063171587145e-05 2.906335032555355252e-05 1.973939264698770994e-05 7.247915693521386161e-08 -2.115682794247494361e-05 -1.022955971470567802e-05 3.524553091246225323e-05 6.786078288709489171e-05 1.091964801077503116e-04 8.082010539825017464e-05
6.361882434024474637e-06 5.054365727396840997e-06 4.014251128583978824e-06 -6.627071048585943987e-06 -1.497562279466132830e-05 -8.597557496611306685e-06 -1.163696667273610207e-05 -1.652425544143696053e-05 -1.071748459244384219e-05 -5.054112866235177327e-06 -2.255104971953086286e-06 5.430442977866330971e-06 1.382689951842693242e-05 9.815518705177449872e-06 2.367527129899446242e-05 3.066810259095586376e-05 2.167897870264227662e-05 -1.953873397891613561e-06 -1.340617854253977847e-05 -2.394437140896237879e-05
-5.739597134975370347e-06 -3.546679536256835798e-06 -7.045808387492943937e-06 -2.544734837270219624e-06 2.563788290429282426e-08 -5.703288891246926759e-06 -7.159315299033095186e-07 5.815912514264611774e-07 4.716100449459857977e-07 4.375733371111029417e-06 1.083044893371913441e-05 7.111709585022896535e-07 -6.010901561195807299e-06 -2.130518351354743694e-05 -3.899017088601717390e-05 -2.395276245339652798e-05 5.255409422801622017e-06 4.296612069841256314e-05 6.535971191824489139e-05 8.855974723586827789e-05
6.427753985182639731e-06 5.298650653334004800e-06 1.309884341247965632e-05 7.284725647110998025e-06 4.125685116809981137e-06 5.684086724639989342e-06 1.237691449114082026e-06 5.290412766583126417e-06 -8.072278976896107663e-07 -5.306535075745727176e-06 -1.027712933985389566e-05 -1.893960406104854273e-05 -2.099465785120500105e-05 -2.670577437662023689e-05 -2.753490332616147582e-05 -3.159642740287121285e-05 -5.609875307924322251e-05 -7.089323880754706114e-05 -6.201943560406141106e-05 -8.046191329577494537e-05
4.356928526761671599e-06 3.705406714646952889e-06 2.071848142168388612e-06 8.837411267599268377e-07 7.080725502800458204e-06 1.054927049211750470e-05 1.177936238061677439e-05 9.641564159397705101e-06 1.551980508629728238e-05 1.967092527731769590e-05 3.131718167480506754e-05 5.058422749019452419e-05 6.323093872401193720e-05 9.061329167777228870e-05 1.096128762425885181e-04 1.192760296332965095e-04 1.187174026737121592e-04 1.561299764721349166e-04 2.091634568178097654e-04 2.372882140732142831e-04
4.694154760821970187e-06 -2.459121156884505656e-06 -3.197293509270389363e-06 -3.250313903297896157e-06 1.235112140653484258e-06 -2.273087226804062043e-06 1.540944217422351516e-06 -4.509628136554407188e-06 1.461068508752630259e-06 -2.623120090672106835e-06 5.684805655213285069e-07 3.454086408499858628e-06 1.380185364961434351e-05 1.287358964785378815e-05 1.603528007479730275e-05 9.778690871666048787e-06 -1.148378039798432428e-05 -4.518493080171771158e-05 -5.596920813436699935e-05 -8.710163755287790089e-05
3.716284046655015490e-06 1.854723300603291415e-06 -4.262676760799537213e-07 -1.492125914890497870e-06 -5.865292828327187031e-06 -6.397956259083399949e-06 -8.527868623857693192e-06 -1.422175328563317046e-05 -1.623842552969319058e-05 -1.209334246186839055e-05 -1.006432152098392836e-05 -9.083098812467778013e-06 -5.985053186289490343e-06 -6.777473200783297206e-06 -1.585968055510581542e-05 -1.244698698525115301e-05 7.525259357699166860e-06 1.264818833286304431e-05 2.759509641022934748e-05 2.877110227646276027e-05
3.359919837701454636e-07 -4.920819830352789758e-06 -4.011996970824231349e-06 -1.308447972852420284e-06 -3.117741722585557864e-06 6.054631162489901602e-06 6.684295853937938844e-06 5.853610699950330427e-06 2.576205675623047306e-06 3.414140010760571776e-06 1.048312161115429149e-06 -4.112297577676172422e-06 -1.260408405236618369e-06 -3.686515295437882878e-06 -1.852358677450179891e-05 -2.094809041737242142e-05 -1.961085971026284565e-05 -3.018915115184094033e-05 -4.482799969110223424e-05 -8.718732385562603633e-05
8.207240078172116111e-06 5.977631118095266395e-06 7.594648264776720370e-07 -2.390142897480450919e-06 2.666705814414097828e-06 6.061059017299354327e-07 1.711873853064721407e-07 -2.406668739110963826e-06 2.899334357078508875e-06 4.394229275613210136e-06 -1.093513741009274131e-06 -1.969931769245115582e-06 2.085548454885327612e-07 7.181880598826433249e-07 7.971532399104213573e-07 3.999836660564353293e-06 4.984585894770464944e-06 -7.343637627024830447e-06 -2.680564171846310550e-05 -5.507582536066856746e-05
2.982628944849131049e-06 3.882454235420286523e-06 7.743508860730511720e-06 1.083102737331083422e-05 5.495487223976887408e-06 -1.803169720123071779e-06 4.862089770644072791e-07 -3.503615385650368219e-07 -8.830133013188796618e-06 -1.607424501222657072e-05 -2.522068524828190744e-05 -3.043790786007447084e-05 -2.929219409096563709e-05 -2.874042313144669245e-05 -4.056980693347774392e-05 -6.198862389893062305e-05 -1.047029461334943060e-04 -1.597233749714577352e-04 -2.049154613605727777e-04 -2.186713631630254570e-04
7.744999897312530394e-08 -1.519712396297028306e-06 3.610760597545999465e-06 -6.311399234933634247e-06 -1.745774344938671513e-06 -3.033819425964074818e-06 -6.905348829052058775e-08 -1.008506293261713430e-07 -1.055834850997265204e-05 -1.376616955178104039e-05 -1.446109607303196191e-05 -2.007156173746665653e-05 -1.864723690549277782e-05 -1.922610638370514773e-05 -2.835627542999960264e-05 -4.149093121155987958e-05 -4.082789707569333852e-05 -3.386497332382254699e-05 -3.290121415775226413e-05 -6.953031116060358352e-05
-1.612739190545135900e-06 5.832083781871215275e-07 5.642200792551555952e-06 -1.964376613893554499e-06 -2.943295270420903317e-07 2.379043373583351703e-06 -5.057994797550153168e-07 3.950865809330075721e-06 1.019743436078538938e-05 1.428027814010214222e-05 1.608212621083620505e-05 2.179331268388995268e-05 2.771790127519873834e-05 2.887271174620664022e-05 3.030181684318280531e-05 3.349514254494601116e-05 4.605640570749070873e-05 4.897251711675276389e-05 4.557120709464226497e-05 3.136288693673717115e-05
8.815665335738159857e-06 1.333910651316622780e-05 8.001038462823731179e-06 -3.738954507293531165e-06 -7.227514474219141434e-06 -1.095692948778266860e-05 -3.668751868257959463e-06 -3.627273713171922513e-06 -6.427244753881949428e-07 -7.674513957139571208e-06 -2.805365688916399343e-06 9.245256643269924600e-06 1.870547474497581558e-05 3.877069512042559228e-05 5.180471985256482543e-05 5.728918161094625892e-05 5.266704973059518685e-05 2.949437282907030421e-06 -5.444421779284083920e-05 -7.521024492734510868e-05
2.768509105751325148e-06 3.115983623769058899e-07 -3.476483137739368928e-06 -2.706637931131590070e-06 -1.121487251471599781e-06 -1.836014855666741637e-06 3.479520597024686312e-06 -7.079435960565438894e-06 -1.415475765656741224e-05 -2.045462671035657833e-05 -2.512923440011914297e-05 -2.720454363594202447e-05 -3.602943339773070490e-05 -4.622887383417785345e-05 -5.422263107204775820e-05 -5.503689161985911424e-05 -6.313811923275004746e-05 -7.145947807825762704e-05 -6.931509522071614162e-05 -7.732997593194513880e-05
6.862010220546430190e-06 -1.223304705210599519e-06 7.910566866636563042e-06 4.268519541225822721e-06 -9.512697982502730657e-07 2.575340047634266148e-06 -1.560028086938705119e-06 -2.020626783841601387e-06 -1.758026301597390899e-06 -9.884770639731435508e-06 -1.400453791413614659e-05 -2.175196799918468360e-05 -1.803949139101968975e-05 -2.369218302808690790e-05 -1.939548772069646393e-05 -7.658413914769692581e-06 6.735658265951876419e-06 3.165473906642157970e-05 3.476199172367043755e-05 2.533459676144381401e-05
9.645200244618204490e-06 -5.170027040126682555e-06 -1.670355572943960953e-06 -5.211610808103352874e-06 -4.544802508499395675e-06 -5.917996394079357850e-06 -5.987092878882775649e-06 -2.931943057877175521e-06 -9.819676888989160201e-07 -1.672932711068552573e-06 -9.119774271138419177e-08 2.766163013729446417e-06 6.463943721247607797e-06 1.572547386816651070e-05 1.283390325801930115e-05 -9.800750813410182078e-06 -3.431149850557690316e-05 -5.913519572308285752e-05 -1.042119663304954489e-04 -1.554327171509333903e-04
-9.096007287782279706e-07 -3.530098734145933770e-06 1.133412408820724669e-06 8.160514585087692385e-06 9.498897638780828771e-06 1.122943080930359594e-05 1.309399992541049753e-05 1.113881477215049212e-05 9.414494716233434788e-06 7.612480329515899464e-06 7.024659297157805523e-06 1.863371487941592735e-05 2.514205493182970213e-05 2.545189179347189093e-05 2.973056629881976943e-05 3.862150186097925548e-05 4.871367750772582404e-05 4.226518651789173758e-05 4.548382238290747117e-05 1.205736499567607067e-04
4.551155572468340533e-06 -1.799636670494155346e-06 3.616750277419689773e-06 3.986531572727433207e-06 -8.947358557911769554e-06 -1.649880860828419247e-05 -2.244624575968852428e-05 -2.499732394435214206e-05 -3.412420538135271987e-05 -4.568577573994889450e-05 -5.443394508057591033e-05 -6.820225682329577948e-05 -8.773909808564051580e-05 -1.087168665935125603e-04 -1.256581067289970412e-04 -1.310848810623569500e-04 -1.212148078003250529e-04 -1.038949042446291710e-04 -5.599674642754926310e-05 5.406020706950399697e-06
-3.023731042069198468e-06 4.013694302473826927e-06 8.130666260018865051e-07 6.874371988172953347e-06 1.219571866513011593e-06 -8.355444952560673009e-08 -1.375353243074928854e-06 9.586497267949859325e-07 2.259711750000091266e-06 -2.464460118076860125e-07 -1.268678242580266569e-06 -8.099966500415635870e-07 -1.767829936873078788e-06 -2.854834790288023772e-06 2.839181550907376052e-06 2.691931239366614851e-06 2.405568174135687327e-07 -1.957303924213280068e-06 9.172914109973168988e-06 -9.774835904583187057e-06
1.350398366184851836e-06 1.825551192915605685e-06 5.073086199776483774e-06 -6.420418758976505364e-06 -5.894062223399539409e-06 -8.239821309363379231e-06 -4.875452572772761351e-06 -1.922816678715204314e-06 -7.086717478409737295e-06 1.992922975081166535e-06 2.022577152878586660e-05 3.590609593496538025e-05 4.635960264538799372e-05 5.180553750324827294e-05 4.608359649946677664e-05 3.571207490974893570e-05 2.966687256481103795e-05 5.223327535357635170e-06 -1.712705753280773188e-05 -3.451572050069339300e-05
3.908073148911939717e-06 1.700096458030354378e-06 3.469749987079717828e-06 -7.694602624625517291e-07 -1.771514231372339756e-06 1.679820926437206102e-06 -2.595918380247228768e-06 -3.285956053897893146e-06 -7.722754501728271099e-07 3.447020870057070424e-06 8.192251163834549677e-06 1.398835630385201368e-05 2.724164052411902700e-05 3.552395276445851339e-05 2.994179156033240037e-05 1.512629157498258326e-05 8.491641016103813061e-06 1.293610088535166716e-05 3.337901813591069289e-06 -1.100692533256301900e-05
7.635259426832061185e-06 -5.450080017615358595e-07 6.641652063210434050e-06 -3.220764353460160294e-06 -2.817815820017027420e-07 -6.095452833690786521e-06 -2.675145156094306028e-06 1.177354193775165068e-06 5.060437464801715230e-06 5.101437067027105770e-06 5.582192530902306405e-06 7.477970449386012475e-06 3.524342874490107413e-06 2.994803607805025365e-06 -2.600964143906140400e-06 -1.586468792397987507e-05 -2.859255853266174066e-05 -2.450935585189890393e-05 -3.901289876991267263e-05 -1.148703521366229238e-04
-2.082830310758675800e-06 2.870969326479777278e-06 7.910507401874408167e-06 6.347628171372759532e-06 7.559698385291914005e-06 4.596900652623320764e-06 4.235762502107155481e-06 2.228053012863524801e-06 -7.303995264387872105e-07 -4.201632713854423427e-06 3.013826492339225064e-06 2.882257068471662707e-06 2.494228205444696441e-06 -5.727395824735142958e-06 -1.916379177653074580e-05 -3.453187890417513869e-05 -6.023920775939664509e-05 -8.248004889644847777e-05 -1.167384813512675399e-04 -1.492555018491999121e-04
1.166597727871332937e-06 4.824240001361237591e-06 9.184912145046000078e-06 9.202791607071860529e-06 2.991793128106536782e-07 1.780571893455645651e-06 8.850596325693489298e-06 2.279719855589006897e-06 -1.839890975057451422e-06 -6.110659140745304512e-06 -5.368512854564692061e-06 -2.922531363600085176e-07 9.602602052719185611e-06 2.246239572102169200e-05 3.310681307910772234e-05 2.637052409839918052e-05 8.261055899010918246e-07 -1.847813169593335200e-05 1.605300226091492224e-05 5.918693560561491312e-05
5.492810218124676221e-06 2.074988186552358825e-06 7.345868005856539333e-06 -2.885815086835529662e-06 -5.574116656822662102e-06 -5.558754330195089442e-07 -5.263811150074322382e-06 -2.461732505201121345e-06 1.896511471798125022e-06 -4.275710096675686421e-06 -6.138183829870198077e-06 -3.417645477015046070e-06 3.070813231139371358e-06 1.007489304590953970e-05 1.077610782697777445e-05 1.082788461213653133e-05 2.226932664587988296e-05 1.366137984302443522e-05 6.690819365142552476e-06 1.628450218278088579e-05
-5.734388123078472421e-06 -6.120074428758678151e-06 -6.616785195865719010e-06 -8.820301403117908014e-06 -3.916299646815786619e-06 -1.742291939341836993e-06 9.729228861961932053e-07 4.390973767070883314e-06 1.060672958743598426e-05 1.178270433607136456e-05 1.145602781496395354e-05 2.028856505462591213e-05 2.703343335898278300e-05 2.301845356336017464e-05 2.767744526630846991e-05 3.168039352843320333e-05 4.387448656619378969e-05 3.053867713494080183e-05 -2.202992748992806590e-05 -4.349177329740581271e-05
-5.204070342232590227e-06 2.065519414154417363e-06 2.837108427166259951e-06 -1.546001894093353491e-09 2.491399257118457280e-06 -2.550133355483221205e-06 -9.807460284518662884e-06 -6.445341811679890570e-06 -3.777676742090299188e-06 -1.868677937637119769e-07 -8.321254566600040677e-06 -1.465026453423478529e-05 -2.510418597121877015e-05 -4.163317163770260547e-05 -6.880131015812625402e-05 -9.072564044262514419e-05 -8.581926855785947615e-05 -5.885100972907577000e-05 -6.354085071657955650e-05 -5.137554065287033497e-05
-5.581291949250573257e-06 -2.421891491392356460e-06 -1.103315407989792698e-06 5.945385181064177355e-06 -8.908477279896674985e-07 -2.715429390198769801e-06 -1.693759026446755254e-06 8.529492066281812147e-06 1.099159211269790614e-05 1.535940074147605443e-05 2.541873079259010089e-05 3.471565013421703280e-05 4.243728601051509016e-05 3.865717577927547981e-05 3.705560759663862789e-05 3.511582316828746551e-05 2.261455312968122200e-05 5.273343305962423234e-06 2.095623953515761181e-06 -1.161316667079920063e-05
-1.017199461679447723e-06 1.178248021388864594e-06 4.400753683487407410e-06 4.972953171099907675e-06 1.411420447957929573e-06 -2.092393810734044749e-07 -5.648258212824277639e-06 -4.226182508494329223e-06 1.682995168200850428e-06 -6.005469448233729912e-06 -6.061049054247894711e-06 -5.711647587056176512e-06 -1.356910721073877444e-05 -2.058767290627535942e-05 -3.037155761090537409e-05 -3.993201820310698696e-05 -6.106294579160821798e-05 -7.699229460457277646e-05 -1.249201911690997187e-04 -1.988404540096103568e-04
-2.124005967604552462e-06 -1.707780102966391419e-05 -4.040578353276929424e-06 -9.633284984840943105e-06 -1.273928063762715686e-05 -9.550615347151983507e-06 -3.906033984173677320e-06 -3.206630707583186881e-06 6.733766978601641654e-06 1.865878866011263243e-05 1.372537010913407495e-05 6.596037679197421384e-06 9.895556575161004327e-06 2.357663583618974269e-05 4.982656132997785440e-05 5.773064230389597434e-05 5.953762971094186783e-05 9.920165249259236076e-05 1.397171544261338312e-04 1.591235883897750274e-04
-3.637581687990640049e-06 -7.534171183495913202e-06 -1.422719242597592835e-06 7.038179511881809277e-06 2.413780154553434687e-06 -8.393379784481518655e-07 -6.329822777244683975e-06 -7.940623570282335982e-06 -6.633268364852139384e-06 -1.038923003035935063e-05 -1.219862704247699732e-05 -8.353079515514453963e-06 -2.198189822092484253e-06 8.924256482543744911e-06 1.551256525809714822e-05 1.819607588998563066e-05 1.081431274298953376e-06 -5.732883339581030645e-05 -9.655301751140559668e-05 -1.252229863657722373e-04
3.777467836029527616e-06 -5.297742383250879531e-06 -2.258177632426799998e-06 1.842299356286985899e-06 7.107421195117571389e-06 7.398808231086208577e-06 9.894244216107142418e-06 1.688938331303664302e-05 6.140625486258648749e-06 4.002617362958261605e-06 7.066710372437404816e-06 3.140421061430100557e-06 -1.139362565107173145e-05 -2.224233863578711396e-05 -2.755039638894895613e-05 -3.664022301728544698e-05 -4.607484031197431399e-05 -6.453735246802061313e-05 -7.972545033776760567e-05 -8.704256918886375035e-05
5.566846748561097883e-06 4.944034717295501055e-06 -3.400301238568390784e-06 -7.101866574724742154e-07 -6.336483573164017809e-07 -5.529291020219643455e-07 1.511725393062023262e-07 -9.550427563899492454e-07 -4.226689089852793018e-06 -8.924975912951246763e-06 -1.111840108914797598e-05 -1.100178990938272928e-05 -1.929780567559916788e-05 -2.642353937700462601e-05 -3.008670736148978938e-05 -4.499456336046423881e-05 -8.157238760220046885e-05 -1.195252719131542564e-04 -1.465429481393783640e-04 -1.724495774657604328e-04
4.064120190410673283e-06 -2.721679062851364451e-06 -1.611147942584850598e-06 -3.558721137285125512e-06 -3.524341795161295367e-06 -3.214815582056455274e-06 -9.908432219731517937e-06 -1.381720589533349585e-05 -1.953266662781717879e-05 -3.000296476044267530e-05 -2.677918577221209264e-05 -2.599251927068083786e-05 -3.559599954060210894e-05 -4.781201786387343487e-05 -6.455396313055297578e-05 -8.248776996595960035e-05 -8.169508204244954467e-05 -7.154929093764164270e-05 -7.295838514996168939e-05 -8.833217960385263102e-05
-4.386612978418281730e-06 -1.007673666371498996e-05 -7.183492112617996399e-07 6.728116681331109264e-06 1.221626975004302292e-06 3.605369004888621031e-07 -2.046663775343075680e-06 2.532560369364673336e-06 2.692558430861348585e-07 5.620143607090695299e-06 6.733929651522865080e-06 3.179922077350309718e-06 -9.359214724306970403e-06 -2.916682258714224296e-05 -3.449458069100310733e-05 -1.017998006439238425e-05 3.550025809256902702e-05 8.507264739791553759e-05 1.429405148831930578e-04 1.894418588982165917e-04
4.723114211780156018e-06 9.423110489884973113e-06 1.511990145335694979e-05 9.674127416943582608e-06 1.067680329728264091e-05 4.759975621636199387e-06 1.920292859393945382e-06 2.139648903465894660e-06 6.347198337553805581e-06 6.591692006911802953e-06 5.404969708461338762e-06 4.074484371502360703e-06 1.086323130325015103e-05 1.885909889900135771e-05 2.700107546386786250e-05 3.252982670967111101e-05 4.379877776086493800e-05 6.827571934595864673e-05 7.090176985562982471e-05 4.868667672465415924e-05
9.831307997499526987e-06 1.018371410532643658e-05 4.835338622481034904e-06 6.147218050349453849e-06 -6.242477281590918574e-07 -4.807173496882380375e-06 8.841440624759097949e-07 6.337928742233406061e-06 4.676146177625865984e-06 1.039857022060004304e-05 1.407810517745283523e-05 2.032333697826878724e-05 2.211557413420437216e-05 2.639946593518318954e-05 3.009592315197460452e-05 3.315784408219446099e-05 3.023540956934067295e-05 1.393371087273025225e-05 -1.890670300091908628e-05 -4.866846540656958144e-05
-9.183216434470314746e-06 -4.233904426561749699e-06 3.323099313851464565e-06 1.005649999500641131e-07 -1.031152511739325265e-06 -2.527764784101699766e-06 -2.953190667837519153e-06 -9.446900259189911048e-08 -1.378424471902748389e-06 5.438625660381174378e-06 4.794449154429755298e-06 3.626980635436106259e-06 9.352464137651842313e-07 2.374206880648482112e-06 4.236429571929788083e-07 -1.140453113534014451e-05 -6.654615235511579195e-06 1.502432493104097712e-05 4.138197555325590993e-05 4.046430866685434848e-05
4.653999764265141881e-06 4.476691974457494096e-06 -2.968182122363557514e-06 -2.625283381878335311e-06 -5.386073483343867884e-06 -8.236061143188770593e-06 -1.219162431972039485e-05 -1.706032254986133119e-05 -1.486532818155600963e-05 -2.057705424052154520e-05 -3.006315782982744427e-05 -3.675151894294906556e-05 -3.522775536015724227e-05 -3.119316526953143598e-05 -3.710900431822766017e-05 -7.835602325354930711e-05 -1.470823563646826758e-04 -1.941717968468473850e-04 -2.054382836842250982e-04 -1.954941617294152017e-04
3.526084776192981469e-06 7.422435433943595041e-08 2.041697345177496471e-06 6.507447890720085178e-06 3.440607445370454034e-06 1.155818851957348080e-06 2.939354013062773736e-06 2.626430935563389404e-07 -1.206332313882461585e-06 -3.278724670800296601e-06 -6.034715572164401638e-06 -1.104495608356790273e-05 -1.804028476649413435e-05 -3.073031408848129662e-05 -3.310856928203758227e-05 -2.639935742092405720e-05 -5.442797969824200695e-06 9.960410232648250639e-06 2.139274115638745401e-05 3.125306354448712328e-05
8.175388822225129507e-06 8.482350712541233961e-06 4.690250951449810351e-06 6.792917467679155833e-06 9.210292884834130685e-06 8.800860119094409183e-06 7.690761249421764444e-06 1.088004011229307916e-05 1.077618188994653317e-05 1.389180076598830771e-05 1.147846678813422560e-05 9.964675406142477302e-06 1.928983440056487845e-05 1.366530007279504768e-05 8.956993059739732808e-06 -1.442728937471000813e-05 -3.620336592328467998e-05 -6.591132339323599093e-05 -7.478478393059615880e-05 -6.490913797647464474e-05
-7.789027762626420676e-06 -4.821740843499421601e-06 -4.231492626342078694e-06 1.188769518715837200e-06 -1.425955749879929672e-06 -6.380892554171359488e-07 4.470730984555656135e-06 3.141063580585048946e-06 4.156266053788978913e-06 5.127189206611041766e-06 7.651090200028752878e-06 -1.101750211376165532e-06 -1.294796829011144361e-05 -1.837907357241208342e-05 -1.489167344826052479e-05 1.594850633491454165e-05 5.355410671303362165e-05 9.670615572399872428e-05 1.365011157204165930e-04 1.698628648857777499e-04
6.263112599840924228e-07 -6.933992266897755525e-06 -4.034985087741829888e-06 7.786782276498590916e-07 -1.697942475165246494e-06 -9.765345948284939491e-07 -2.350098924577273568e-07 -1.186220911790646718e-06 2.449146786632145849e-06 2.096980073726344332e-06 2.451244277367023533e-06 -3.464648606926674973e-06 -7.085625612001210117e-06 -2.017231984048184395e-05 -2.845053226269136026e-05 -2.619096666634027816e-05 -4.652894732283433221e-05 -6.372330992898618844e-05 -7.940759198109780242e-05 -9.779846567904759756e-05
-1.762505989999315581e-07 -9.044277330227754126e-06 -5.925959303788090425e-06 -9.241201802317823177e-07 1.987955183555030638e-06 7.807414656457090535e-07 7.696394232887713985e-07 1.636377829281350099e-06 6.765698562350938401e-06 9.429447043816958573e-06 9.497608805690147188e-06 9.444827703961527227e-06 5.948818559602469754e-06 1.001890320490147397e-06 1.099943323788887919e-06 7.532573282281457989e-06 2.503351011421806372e-05 4.755331820374698577e-05 3.954038397183475993e-05 2.154331604909595882e-05
-1.489500162813084762e-06 -5.901940391019674738e-07 2.444190791905023346e-06 2.212801965240196147e-06 -1.906350737581176192e-06 -6.469812618177012638e-07 3.860894408238913902e-06 5.155487685271708823e-06 4.634683664235586859e-06 -7.789711459821898828e-07 -5.264610357408771055e-06 -5.109616691843515058e-06 -4.846485669847506963e-06 -2.707181216797694274e-06 -1.131625460040479115e-05 -1.270205574860624000e-05 -4.461995271277353431e-06 7.692924838719867217e-06 2.539301222013259590e-05 3.878583920223548304e-05
-2.079270866514437124e-06 -6.174281254199319014e-06 -1.130905953241603973e-05 -4.819333462087547004e-06 -1.786729431295772970e-05 -2.444791919731019133e-05 -2.709250574181363251e-05 -2.255376160641125378e-05 -2.735230376073344321e-05 -2.688434570134921550e-05 -2.865772702191569571e-05 -2.404564338190412332e-05 -9.243740442468016265e-06 2.389700482929329163e-05 4.784660347837740694e-05 7.209470084554074566e-05 8.969618631945723455e-05 6.903603482756320452e-05 -3.363009755369557246e-06 -1.684238701899488764e-05
-5.607358506130741996e-06 -1.380363339142977262e-05 -2.212628481767582610e-06 1.507238271006940340e-06 -7.717486201750363233e-06 6.245214126244300119e-07 7.286151050721909137e-06 7.657305803813168064e-06 7.329100223724932636e-06 6.081660153675040707e-06 1.110514688302263750e-05 1.688617477603747462e-05 2.434413315483183228e-05 2.918257291401282717e-05 1.115206757374509457e-05 -9.089059487574548417e-06 -4.741321344351324867e-06 1.757526378923403090e-05 2.181864234699945046e-05 1.120508514608090752e-05
1.265208784862289355e-06 5.139873945324933217e-06 5.238151194724637402e-06 -5.092459658901465757e-06 -4.451014054332650782e-06 -5.089802485330381360e-06 -6.493333289095436152e-06 -8.400267297496935722e-06 -1.212997483534199484e-05 -1.874738369770490072e-05 -2.453824367486273926e-05 -3.176813204232134308e-05 -4.609735535149059944e-05 -4.933818323779799627e-05 -5.291374641960213830e-05 -4.719930141832084464e-05 -2.651477525884365376e-05 -2.305179808532519949e-05 -3.824265540858433565e-05 -4.560563405557767607e-05
8.610324228761845753e-06 1.633845601917540883e-06 6.360125888045668829e-06 6.609662861779566207e-06 4.154386436789296549e-06 1.440477357976217264e-06 5.099505476602358171e-06 -2.171131564275881168e-06 -5.406003775804951745e-06 -1.448909211287014009e-05 -1.073314370903970958e-05 -6.066133902157361553e-06 -1.064289023309005721e-05 -2.269009899725939314e-05 -4.498495394859578417e-05 -4.861618414587369675e-05 -4.931152177837484302e-05 -4.237043323384338123e-05 -4.097269163799471987e-05 -2.369861232946576704e-05
2.474445891447761630e-06 -6.639265806623849883e-06 -6.815890696010310468e-06 -8.586801894975779398e-06 -4.937206439963567836e-06 -1.886824203561532555e-06 -1.024802708755013188e-06 -6.788012525412992586e-06 -9.450235137152645970e-06 -3.101129526541393818e-06 -5.080527937438610508e-06 -6.013108902623426807e-06 -8.774335232097929616e-06 -7.408225311991832894e-06 -6.514469816534574181e-06 -1.271571105903963231e-06 4.815115013133267931e-06 2.365174058126229116e-05 4.978498784860723217e-05 5.930041191063541362e-05
-1.148808485066632954e-05 -7.095157989893830060e-06 -6.072121763397657533e-06 2.897885678928690480e-06 -1.082399514432414490e-06 1.369706512702713675e-06 -3.425958553842955542e-06 -6.848757444308595884e-06 -7.530048534829891530e-06 -1.721970779217831394e-05 -1.590437981267631067e-05 -1.840990659157395418e-05 -3.652305959442600839e-05 -6.101868233394265459e-05 -8.541528840699699580e-05 -1.040393895966763697e-04 -1.029724449033910406e-04 -6.910236838841873181e-05 -2.558558264354697165e-05 4.495935080806168482e-05
-1.686911925177760932e-06 -1.018753856307742442e-05 -8.122269596348422312e-06 -5.874744599587078908e-06 -6.469087805922680770e-06 -4.601738979528661605e-06 1.364678938664522626e-06 7.936188926931651741e-06 1.214172524765363578e-05 2.885768372193061942e-05 4.140713267150691700e-05 4.708110384920204323e-05 4.511015803916109681e-05 2.703347900501584501e-05 1.556589340727309255e-05 2.559300931343611759e-05 3.095013070557097330e-05 1.089709169375607735e-05 -5.515741491932184905e-05 -7.945687318176218551e-05
-2.419821065852748485e-06 6.278292568964201986e-06 8.545950332401468878e-06 7.477663989361796699e-06 1.765560924220506610e-06 7.086947553898813434e-07 -1.904139138464566495e-07 1.679080897463717288e-06 -1.525712869179304645e-06 -2.907936772594372887e-06 5.096415269446974457e-06 8.832505529763264536e-06 7.556732463918561410e-07 1.528695239195728309e-07 1.068388345880351348e-05 8.364459358401044986e-06 -9.676745710701084975e-06 -7.686000226079660645e-07 4.869790752697783903e-06 -4.504372121274957826e-05
-8.538512611585544321e-06 -5.122031649870505262e-06 -3.613509425387499357e-06 4.261583923823932041e-06 4.298815814154264087e-07 1.303272447607724096e-06 7.608213184042431085e-07 -3.581629949361068385e-06 -1.578989852548470429e-06 -1.727288242151162273e-07 -4.276631566046632767e-06 -2.262516470375158270e-06 1.014363623050529167e-06 6.110914985201503053e-06 9.489515819374852150e-06 3.027293119421340376e-06 -5.301083376106082191e-06 -8.312776355330718238e-06 -1.733544294504674638e-05 -2.993669570645507387e-05
1.075962854963625217e-06 -1.772796845605463157e-07 2.963716352426486827e-07 5.584521370735777579e-06 6.882838118530834679e-06 7.164798028538071368e-06 1.382124537590260029e-06 -3.458257358607923272e-06 -1.993598488107814038e-06 -9.608972317416690324e-06 -1.350229243076543842e-05 -1.787393348102721421e-05 -1.321727437625436640e-05 -8.659092956514657317e-06 -7.044380400359905888e-06 6.127341612401312714e-06 1.137691849452662054e-05 5.748038683527611416e-06 7.216756036897684946e-06 -2.234349326259520407e-05
5.478896922532184683e-06 2.617690574667207694e-06 2.927034188973100696e-06 -1.144253097301173368e-06 3.217872139684638498e-06 4.179409567617313203e-06 -2.204417069705088011e-06 1.167055932084703119e-06 -5.352706641682032057e-06 -1.682764833279569389e-06 2.711317223094965198e-06 -2.039191077255547749e-06 -3.403593629672391676e-06 -1.800234454205525407e-05 -3.591794869456564973e-05 -4.218648565702845353e-05 -4.780175676408762530e-05 -6.718981621786355757e-05 -5.678314507287636167e-05 -1.392282368156841899e-06
-8.993959224143254541e-06 -9.203572892641686526e-06 9.743540393932477249e-07 -6.744648185336223337e-06 -1.128032863368227765e-05 -7.642599287185554378e-06 -8.903602390852154917e-07 -9.043173995759845184e-06 -1.874460511649296343e-05 -2.447141878673555853e-05 -3.095249467206810976e-05 -3.607341666487654311e-05 -3.760184205370500384e-05 -3.657374186437138371e-05 -1.854603451495039513e-05 8.553343576415442146e-06 2.715771740005806458e-05 3.181491510505219094e-05 -5.892857685502553615e-06 -6.531573505033249803e-05
-3.987512736340181112e-06 -6.189767333395669833e-06 -6.054996065927079323e-06 -7.149251595017454973e-06 -2.205602717294762078e-06 -2.109840063851774494e-06 2.404920632497399274e-06 -2.376172289744754533e-06 -1.059884344641453063e-05 -2.377743476763368821e-06 -3.965391331142472819e-06 -2.445905563152701949e-06 -6.672912409824909193e-07 -5.195332897526883559e-06 3.486045152605434641e-06 4.665950685521406832e-06 1.632415717336744278e-06 2.164908776284162489e-06 -1.039104047885800181e-05 -3.930847932319886585e-05
-3.711092125127809701e-06 2.191786893492379954e-06 2.092050936572748171e-06 -1.512996617456884138e-06 -1.257793395735704994e-06 -2.032804485243219060e-06 2.518518968088168498e-07 -4.304513732765566464e-06 2.147162686561852538e-06 -2.836373443742080564e-07 -3.475400381131481335e-06 -2.900543737870913090e-06 4.229620760795214061e-06 2.146968242065587349e-05 2.165116483817440413e-05 -1.638686301919408783e-06 -1.241980979801071099e-05 1.633940547331603821e-06 1.915433237975554785e-05 1.490613225949275519e-05
2.310848736606941608e-06 9.953126806367024971e-06 1.468224605608248915e-05 1.260911944783851776e-05 -2.114769377783224943e-06 -8.593017881648932796e-06 -6.051376219721848694e-06 -5.306028929753860077e-06 -1.470614970513596223e-05 -1.879890835612118834e-05 -2.996489988318501034e-05 -3.419491248185960126e-05 -3.951362938654776801e-05 -4.773913068756879032e-05 -6.252751506976649378e-05 -6.845189293174110644e-05 -7.509778321314215788e-05 -8.954085227911204423e-05 -8.758528046500470483e-05 -1.006222006125099617e-04
