# gxs for all jackknife regions
7.523153248259386105e-06 -6.364848662139282867e-06 -8.843481122494638901e-07 -1.853021490683788216e-06 -4.927445009545937869e-06 -3.747081704818416151e-06 -1.871726448162475132e-06 -1.690972597023241741e-06 -2.938016952992932838e-06 -3.885191314604469101e-06 -4.007954807291874491e-06 -4.159937260071403004e-06 -3.587136585120645416e-06 -2.273380491270834312e-06 -2.613857273747812344e-06 -1.528526927785946214e-06 1.185958272436418683e-06 1.295752386673186865e-06 1.557716364574485056e-06 1.143886947565284111e-06
1.178009785065220702e-06 -2.625071297815136261e-06 1.981095579669659300e-06 7.887162415059052580e-07 -1.032634882562190991e-06 3.963488521400357255e-08 -6.523135417885164997e-07 -3.527682169313447216e-06 -1.795738899528923994e-06 -3.127634474999754932e-06 -5.641374493953117772e-08 9.440488185755158347e-07 2.569867525412210692e-06 3.432347193950354167e-06 4.694181599176203758e-06 6.691845346546513271e-06 8.746734958506140737e-06 1.385216428745790078e-05 1.899315649188376150e-05 2.051627113635540051e-05
1.165705233969481029e-06 -3.363638436961829159e-06 4.425262218773396734e-06 1.386645283197588257e-06 -5.523558000746710412e-06 -1.746163808117922772e-06 1.377810919571523701e-06 2.114507360127832788e-06 9.545507369589090101e-07 9.688334935315724591e-07 2.978621537986846578e-06 4.212553857346321200e-06 5.313810451515796222e-06 8.914191401924667505e-06 1.178675988456387081e-05 1.403019427943151929e-05 1.377661754082688886e-05 1.199360402989684350e-05 1.225374498190081583e-05 7.716009943016791233e-06
-5.894689901498907670e-06 3.735734497103465672e-06 1.437320829414021286e-06 -4.001425781236476941e-06 -1.823217842115433118e-06 1.790138949628696189e-06 2.592013596085594905e-06 1.332864771125181392e-07 5.296780978397148418e-07 1.847396455035432490e-06 2.711027502415940599e-06 4.444485928986265002e-06 5.067213164534052003e-06 5.216386907173677948e-06 5.079973110292184582e-06 6.883510416135308347e-06 5.224372953130643762e-06 -3.739185163329274837e-07 -8.054322643889115437e-06 -1.437935057749853871e-05
-2.404424607052257078e-06 -5.248029743426171271e-07 -3.504630267498375206e-06 -3.471103201380814331e-06 -2.354129856483430004e-06 8.905663755359513019e-07 -1.740921038608226415e-06 -6.347507828788662658e-07 -1.902152991563962179e-06 -3.382753013905003621e-06 -4.631378179040201000e-06 -5.854340963075388100e-06 -5.786151247132959229e-06 -4.102794297245040580e-06 -4.262495471612731393e-06 -3.932127119012831514e-06 -2.065436192029620056e-06 -7.473718455387116547e-07 -9.375251074416143287e-07 -3.691621561288740948e-06
6.275301509361769623e-06 3.363241023554165473e-07 -4.945114524132427726e-06 -1.483439754007365013e-06 -3.954077311795873362e-06 3.705335487579285408e-06 -2.618373932592396297e-06 5.781672885938221397e-07 1.734783053247866759e-06 1.704007986467425891e-06 1.275587618730671893e-06 1.181642933271056721e-06 1.695329770336095355e-06 2.513911227508701671e-06 -2.000072074355292464e-06 -6.051072466183394741e-06 -6.831356622847580047e-06 -7.057822161803580821e-06 -1.154192072974332785e-05 -1.616991885997219719e-05
-3.456043174657937019e-07 2.387361378513109776e-06 1.189298872755594179e-06 6.616369476611861136e-07 3.107166709274094696e-06 -7.737794082926893307e-07 3.054806443686185874e-07 -3.360939189485131391e-06 -3.521928062407535129e-06 -2.072201814766571861e-06 -4.951959701566279656e-07 -1.062491115446107109e-06 7.792198150398017367e-07 6.596336909229226818e-07 1.511936100036659333e-06 6.678070826325093053e-07 -2.077067156437276375e-06 -5.234453028625463418e-06 -1.129989822464078246e-05 -1.555529711116706556e-05
2.956059129251315766e-06 -3.547629418806453204e-06 2.223756690924248907e-06 5.439742180631070778e-06 -1.975199599666233850e-06 3.438518738019752051e-07 2.427530135566700398e-06 1.833803536078766373e-07 2.252556098490640899e-06 3.192510046062428604e-06 4.401079228162866355e-06 7.087549303347285335e-06 5.892051960357794445e-06 5.664173138288304271e-06 7.141605502467944409e-06 9.892627829376252031e-06 9.327555956487914020e-06 5.303909470956257841e-06 -8.144076254145062256e-08 -8.602045416901086749e-06
1.607565302695542156e-06 -5.945612010268863960e-06 2.211536505578815402e-06 -1.848075431713496997e-06 -1.129703911955989611e-06 -1.928302334210688247e-07 -1.899668031096165100e-06 -1.861839955518790207e-06 -4.725794927021028810e-07 -2.480686060433214645e-06 -5.079471203002465784e-06 -6.446995083646630368e-06 -1.156320775011853469e-05 -1.503459634121616808e-05 -1.957151898981199871e-05 -2.288233433250789185e-05 -2.345041881919185948e-05 -2.090419387275005647e-05 -2.071054184799952686e-05 -2.159800775120593615e-05
-1.491577262842026493e-06 8.285558718483073148e-07 4.012552941957686574e-06 1.847697056498212944e-06 -9.326822998685763165e-07 2.667146536547920293e-06 2.108460972498207098e-06 2.552408398505691887e-06 3.063530702436624483e-06 5.190920125465830620e-06 8.198537382152186215e-06 1.008173729614234743e-05 1.315057030473906652e-05 1.808480045592030522e-05 2.378873361370397463e-05 3.182813074370133445e-05 3.856952030809881419e-05 4.231834752351235150e-05 5.202691088151938776e-05 6.909295919696875545e-05
-6.160930561923182866e-06 -2.800560343796873091e-06 2.678676855920141078e-06 2.883809223670402782e-06 2.812176719389162706e-07 5.700165298056897987e-08 -3.069686121439255158e-06 -2.132553722661634134e-06 -3.209031855063046080e-06 -3.892473715742682773e-06 -3.306674938834463794e-06 -3.262170017874556704e-06 -4.225696482325718675e-06 -5.747076910217334139e-06 -1.023417944215888978e-05 -1.113564360658311754e-05 -1.141265093477164205e-05 -1.233632323803459851e-05 -1.293645558787106971e-05 -1.799904605921244546e-05
-7.156700002222920465e-07 2.598424591003479956e-06 7.647739067469406184e-06 3.883934967701124418e-06 -7.394180555426445886e-07 6.912027913672363306e-07 7.152649918448916611e-07 2.799391636008750255e-06 2.464048529324629827e-06 2.471327387528960097e-06 3.433287555345661102e-06 3.867214712824926245e-06 2.995461100662969171e-06 -2.020729548812229599e-07 -2.107534570802274013e-06 -3.720792883453690471e-06 -6.381476165194530067e-06 -8.558102252988916445e-06 -7.804378014478346879e-06 -9.634732991969095669e-06
2.650183827031121199e-06 4.860978997562487121e-06 2.257645523642728980e-07 3.055234419720542564e-06 5.521640216785079243e-07 1.096433681484109072e-06 1.491355003441725101e-06 -2.527179650084250347e-06 -4.949809974718693475e-06 -4.211324009653899248e-06 -6.702031949072863590e-06 -7.819694321192843046e-06 -7.328647268610257127e-06 -8.624015052955359890e-06 -1.001463481463692058e-05 -9.646791881266484394e-06 -8.729784011062380973e-06 -2.858711958501091790e-06 1.190034675304825069e-06 7.153735120785426262e-07
-8.049693787189254052e-06 -1.432327922084012852e-06 -1.154574323953819297e-06 1.431737033367190230e-06 -1.487006379678359961e-06 2.661371550064859403e-06 -1.072138964117925162e-06 4.129337958811752385e-07 2.178873040443567058e-06 2.838578173688897548e-06 3.335095023723373229e-06 2.284177567654833679e-06 1.925737859888406113e-06 2.076776951335256166e-06 3.520890792655562511e-06 3.567302843801927983e-06 4.490955325953230878e-06 7.641024400010034567e-06 1.225921680626878860e-05 1.630952508022610761e-05
-4.358855214947240180e-07 -4.707154005183763298e-06 -2.248046801505227418e-07 -2.056822996137940513e-06 2.313351913887674544e-07 9.198744714753828521e-07 4.234827960588430700e-07 1.611767894743371754e-06 3.415204861467591502e-06 3.976927138228134736e-06 4.789862277939537348e-06 6.937339851423653147e-06 5.908578782907872744e-06 6.493025626858797305e-06 7.465682698891858850e-06 7.860668111764011881e-06 1.054577816814308875e-05 1.371424633589051281e-05 1.853536873702296562e-05 2.569664601679164865e-05
-2.749902694821071446e-07 -2.170112767984070199e-06 -3.910605478690217559e-06 -2.784593221353783493e-06 1.934760370765746703e-07 5.286310960537297828e-07 -1.788808172631837161e-06 -2.704976745254733265e-07 5.054802547863908068e-07 4.734974773057390879e-07 2.291489342961391801e-06 2.356834261795672800e-06 2.100585641448222898e-06 4.575776567415964014e-06 5.789591614850901223e-06 4.208801361802959714e-06 2.515631041993531476e-06 2.718306531055315443e-06 -3.459001175831032036e-06 -1.422505658631963999e-05
1.971376937953494792e-06 -2.315607324393984459e-07 8.741603586744409999e-07 -2.211265754222449464e-06 7.699386551553316174e-07 -1.464966968685949285e-06 6.810565506529272648e-07 -2.338584246449757042e-07 5.994406733583326089e-07 2.258859034884343831e-06 2.602519542722258661e-06 1.597131262429593757e-06 1.003148722965861190e-06 4.042886476906642509e-07 2.953255515110170875e-06 3.443187996350076169e-06 4.782515775407638523e-06 8.239186127702807802e-06 8.360351173151396389e-06 5.851567151051497878e-06
4.577593456020108556e-06 -2.022802146933618651e-06 8.157464720943383964e-07 -3.317104972477266862e-06 -1.300175517937960111e-06 1.447855996880185370e-06 -5.070288629599509715e-07 -2.674674910228059946e-07 -1.293205293300984472e-06 -1.690500004761652044e-07 1.218574937624975108e-06 1.649846067336567053e-06 1.318594164370650362e-06 4.166513729621853452e-06 7.375842480789106594e-06 1.456765399145165740e-05 2.265133054997555499e-05 2.938645704650356873e-05 3.701846911799429833e-05 5.220209477120309150e-05
1.258486718356387836e-06 -4.908751360620502531e-06 -2.201413277353438890e-06 -1.028576041134208772e-06 -4.803576957954453881e-06 -4.069626970811640701e-06 -5.085170539604595173e-06 -4.087888944102101338e-06 -4.555626701303326133e-06 -8.126699780471094414e-06 -1.038547387477756589e-05 -1.400238777230061716e-05 -1.804604145040435056e-05 -2.242296341455275499e-05 -2.692255536307908612e-05 -3.634368331129781083e-05 -4.889833905906703526e-05 -6.015397149119343140e-05 -7.814508016655235634e-05 -9.990213042371092758e-05
2.528053920075097003e-07 -1.329863681163044985e-06 -1.969795056854980269e-06 -4.474130607960125432e-07 2.936441284248578125e-06 -1.187715824883337960e-07 1.300208016292960662e-06 -8.758014756231598077e-07 -8.529153289417581603e-07 4.175267540967783166e-07 -2.141883345474596607e-06 -2.642226860112376610e-06 -1.141398651081838067e-06 1.199147933168348864e-06 4.621747139882661847e-06 7.417890880698871329e-06 6.080695097631726883e-06 1.111790352106379329e-06 -4.594694874617413396e-07 -3.070685908349151013e-06
-3.863769142249261725e-06 -3.645124121073493858e-06 1.317662830289021568e-06 6.608780514536701020e-07 -2.734641089202818030e-07 3.800219988280734705e-07 1.063630288046374672e-06 4.639104709438966578e-07 1.432900601865834362e-06 -1.732486346929560271e-07 6.045928443909569335e-07 7.854917136654000143e-07 1.332439595205070381e-06 2.224312833049948153e-06 4.009975451238585181e-06 4.435809397609995909e-06 1.659346281337123985e-06 -1.606489691600268293e-06 -5.160809217974139214e-06 -1.856123680037365199e-06
4.724381965944438074e-06 4.061968776720839917e-06 -1.198119669035228419e-07 -3.107803242911538136e-06 1.874527754557819526e-07 2.009930496488818159e-06 -8.452632519485362675e-07 1.882442469256096570e-06 1.024084635011600461e-06 1.592892417232396351e-06 -9.887107681454903202e-08 -1.152840137232026477e-06 -1.453054953149965991e-06 -2.540671705217122751e-06 -2.950802120484387908e-06 -2.005021685290362962e-06 1.026737294843868616e-07 1.412591253688931671e-06 5.265547161949108996e-06 7.711090824345983653e-06
3.724753319858274418e-06 4.198633807889483111e-06 -6.721427404781430532e-08 -2.718596777015039665e-06 4.905076894818997522e-07 8.546363656551056884e-07 2.395362782979020013e-06 8.296737657988838785e-07 -7.640066843639918010e-08 -1.860576168297225527e-06 -1.516691765838897309e-06 -1.976359194470380515e-06 -1.172879289841668654e-06 -2.054604850456843520e-07 -1.838364925706983015e-06 -4.575082306681129279e-06 -5.092490226089373690e-06 -7.706778052379458963e-06 -1.611512062607242148e-05 -3.103814986529734003e-05
-4.338560830843858115e-06 -5.856803685351281618e-06 -1.017039127456186021e-06 -1.368363362476264152e-06 1.359970985486450169e-06 -2.811901799025721837e-06 2.122510100139528254e-07 -1.207264288672562916e-07 -1.092544406781771874e-06 -2.777755612212790589e-06 -1.081242713722857871e-06 -7.525150843654163389e-07 3.651031515022893117e-06 5.792497846934624667e-06 8.941135459811134654e-06 8.180329492654224630e-06 6.133681880035036406e-06 -1.026768827510622545e-06 -1.115298071518367339e-05 -1.773719581270746546e-05
-9.577695524876856207e-07 -1.121381879520470816e-06 -2.485672105729751609e-06 8.070527171806202201e-07 3.523668756453202425e-06 1.190837731780673067e-06 -7.941391911542579540e-07 4.872074558782344771e-07 1.062347470920118564e-06 1.628704815580726386e-06 2.345046725527543955e-06 3.041995967830230921e-06 1.715572932000204344e-06 1.792626827396993976e-06 1.165255891381072358e-06 1.151516585063403623e-06 3.179340611298656438e-06 3.406591177642381523e-06 5.236065236454666359e-06 7.318786656577720521e-06
1.365469368502538872e-06 2.116580445013651568e-07 1.103023908509221487e-05 -5.182131587972992069e-06 -9.929896351003169170e-07 3.766424441179866483e-07 -1.995488976883396523e-06 1.361652453254149296e-06 -1.832909291725671961e-06 7.179399863962284974e-07 1.834632830687498586e-06 -7.718967264077624601e-07 -4.314454968520203656e-06 -6.758119148204853371e-06 -7.810344681436477113e-06 -1.153805291570388448e-05 -1.731074467185612930e-05 -1.953713919441917731e-05 -1.828484441567074814e-05 -2.096202789167377645e-05
4.788560583954776428e-06 -2.848268902683306946e-06 6.608912022129203163e-07 -1.153126523417667489e-06 7.530162761440467338e-07 5.989997220716151862e-06 1.673715304933585732e-06 2.051560692927507117e-06 1.827190676570437418e-06 2.259020918331687683e-06 2.109581148859311011e-06 2.069808706262013225e-06 2.859505420538469932e-06 6.166224977107081704e-06 1.007750751600348154e-05 1.279839621428311162e-05 1.695492848310317725e-05 1.530045387066631681e-05 1.012493220506957282e-05 -1.735026026034068806e-06
2.960802947705591878e-06 1.876760950919501682e-06 1.404780173435358261e-06 3.496521818913720330e-06 -1.540094650347160849e-06 -1.588431119597686855e-07 1.096731174645447812e-06 1.655479778497193292e-06 4.325341680823479830e-06 5.638269405195798185e-06 6.010296759333226648e-06 7.726939254029611389e-06 8.990419079700123341e-06 1.182445452498009995e-05 1.456441196448438811e-05 1.794554552789059674e-05 2.410215688202454649e-05 3.582162551882659047e-05 5.313150420015642184e-05 8.649288305272157364e-05
-4.843647248036938221e-06 -8.646400660115572549e-07 -2.142904394949079568e-06 1.071048796017013900e-06 4.531500841066056525e-07 5.539452830213266442e-07 -8.000831900665902158e-07 -3.443018626962069889e-07 -2.922239596552264010e-06 -2.892021009303245298e-06 -5.401501757014650489e-06 -7.752133429370826681e-06 -7.755721633344774744e-06 -5.850646332795964780e-06 -4.519832350951135992e-06 -5.488133261532470613e-06 -7.563344888382284880e-06 -5.747266888262064549e-06 -1.628147872826471263e-07 8.988898354485877780e-06
-6.199663296043625969e-07 -5.550420817349413226e-07 3.380074126294214349e-06 3.890967991694069099e-06 9.573076099984323535e-07 -1.101060516767521389e-06 -1.428841789238856997e-06 5.003400883611968125e-07 -5.591282054094979773e-07 1.402376416381797888e-06 -5.012946386719829084e-08 -2.035605798962636962e-06 -2.667958566337331674e-06 -3.623546479841661757e-06 -1.078076630511908842e-06 -9.790664142164078190e-07 -2.756778942230044480e-06 -2.168049358623804126e-06 -2.326123238851093908e-06 -4.110810083845880915e-06
8.552035072899905364e-06 2.079291216688179591e-06 5.085353001237486571e-06 3.201071404165954686e-06 1.387928708718041304e-06 6.936597489815682669e-07 1.093905528121798213e-06 3.498022245465824416e-06 2.046231449792738600e-06 2.826758855161753770e-06 2.120097444402683571e-06 2.738468251498194966e-06 4.581894759371025273e-06 8.111004845725914471e-06 1.013819931445009005e-05 1.118284855096409209e-05 1.519146268061539939e-05 1.819469293484838866e-05 3.256006501410165974e-05 5.253515958352994805e-05
-5.652651522049180650e-06 1.546358850126520618e-06 -1.135183415220058344e-06 4.308624445944759455e-07 -3.905237766402238467e-06 6.301860861633873054e-07 -2.018905868218923246e-06 -2.294231600450321100e-06 1.161688759938454080e-06 2.620873400003115216e-07 8.413296227073626495e-08 -9.425953477670169664e-07 -6.945469777466550181e-07 -1.382577013020918326e-07 -1.613168678780007184e-06 8.257636306902828197e-07 5.159413203452707591e-06 6.222773457511182387e-06 7.287283133374025397e-06 8.975532999907447396e-06
-1.531858636249069385e-06 1.983213437102045721e-06 2.442946652074789806e-06 -2.666413735950951139e-06 -1.083480680275972747e-06 1.602898497319146014e-06 -4.642868744109958707e-07 1.524186730433987589e-06 -4.494492589699964021e-07 -1.720479574519879919e-06 1.893145919478514575e-08 -2.978299546098565811e-07 -1.078377365837951771e-06 -1.958062694760571560e-06 -4.840368241752867186e-06 -5.977875480049716565e-06 -5.665906075915245728e-06 -6.325015548555250927e-06 -4.143722112868771606e-06 -6.842870661536647397e-07
6.317332336372078750e-06 -2.793885193482972700e-06 8.603764267447184457e-07 4.604158052556823985e-06 1.093309939919327022e-08 1.428773280461007040e-06 -1.054740844887870495e-06 -7.313721822871861943e-07 -2.231796954337082401e-06 -2.877197002959854440e-06 -3.539677939241572404e-06 -5.158047695731993489e-06 -4.969103068981759578e-06 -1.115212138925834240e-06 -9.436577076170907803e-07 1.503773925130954968e-06 4.755999114830923902e-06 3.643451423113276685e-06 7.378347456216798222e-07 -3.612896108758000919e-06
6.526800629340033307e-07 -3.660469774723633463e-07 -3.520669158913246521e-06 1.741413163165682357e-06 1.551466762532581722e-06 3.064719635971162908e-06 9.852795709315500213e-07 -1.194948553883135220e-06 -7.939266024630909893e-07 1.357874205230935462e-07 -1.199610130770698154e-06 -3.748403414134899603e-06 -6.078245761052601564e-06 -8.090177916610222014e-06 -9.046378413671641910e-06 -1.126050444293884691e-05 -1.421313899674130283e-05 -1.668463772886939880e-05 -1.892625656016792124e-05 -1.991019276242263913e-05
3.082743929629074687e-07 8.948176145916122366e-06 -4.009940778242034413e-06 -4.707046912066884178e-06 3.120940590247818245e-06 -3.654583518055984062e-06 -2.926302172308206155e-06 -3.321808779678684178e-06 -5.944459521872521462e-06 -5.820134875586553336e-06 -6.563635685692820323e-06 -8.609800070927515231e-06 -1.484200520640960309e-05 -1.914541735431511972e-05 -2.467457460220463472e-05 -2.746671836074842695e-05 -3.252432665207123901e-05 -4.027407620638282567e-05 -4.563659012272798141e-05 -4.836795690084540579e-05
1.082933231023094979e-06 -2.172163062639794247e-06 -8.338948722704265788e-06 -3.406032278643376228e-06 -4.689966687683877415e-06 -3.256738860423847689e-06 -2.666459271030064553e-06 -1.041489122831273405e-07 8.004612653926098216e-07 2.921530310059313001e-06 1.880700545941792235e-06 2.116371091547594126e-06 5.883212598378270533e-06 8.602261771745301877e-06 1.132150068148541952e-05 1.365841559075858616e-05 1.662560559822493287e-05 1.610153561135298957e-05 1.502412223525041020e-05 1.814958207685775769e-05
9.338941344156415338e-06 5.457118847873087778e-06 -4.786263439558863299e-07 -2.435854652953009903e-08 -1.368957557105113218e-06 -2.023556468396051055e-06 1.079332561767036657e-06 1.409768801804693630e-06 8.729835750811126929e-07 8.659211623888146396e-07 1.200370416921233055e-06 5.450212775422342485e-07 2.736188776765297761e-06 2.580037282780626200e-06 7.830121241430178044e-07 -2.329926378014088377e-06 -4.283525598468075961e-06 -5.198590083402052026e-06 9.956348031410269704e-08 4.931692022850644491e-06
9.782311000449650417e-06 5.902141821779644466e-07 -8.806611908057618241e-07 2.735925364103831872e-06 6.389915581394332897e-07 3.901542374626234557e-08 -1.404947126508968275e-06 -1.303366828136482669e-06 -1.569173810639795555e-06 -2.851997329326132163e-06 -2.406471429887405261e-06 -3.247689682344575012e-06 -5.923116306315821902e-06 -8.469230677129854760e-06 -1.287014261710217307e-05 -1.748525703940210160e-05 -1.506515925784055155e-05 -1.294381208438672036e-05 -8.020342322436000148e-06 5.593612869944197046e-06
-3.403829168915762319e-06 -7.376303207388757089e-06 5.262933909147958144e-06 1.687572963020672704e-06 9.505433456557014901e-07 -1.063274654806247688e-06 5.292226942393162439e-07 -9.540777008002827626e-07 1.155888576011750761e-06 2.220506355090086807e-08 -3.103152686629153514e-06 -2.229875653983393089e-06 -1.279070218981288015e-06 -9.936273369341337245e-07 -2.096929218771237997e-06 -2.359582929740364865e-06 -4.453226011913796510e-06 -8.004502329597626274e-06 -1.089661194017434871e-05 -1.177166392018131320e-05
4.011095457726202694e-07 6.170606252411188829e-06 2.177863586635907636e-06 -2.013705997105348381e-06 9.486092975923741457e-07 1.893134610031266109e-07 -8.426389329977952006e-08 2.627333031118408422e-07 -6.993318486021011245e-07 9.489723631763769118e-09 4.649162363097062826e-07 -1.579074781277567346e-06 -1.425005864278732502e-06 -2.790981457475554379e-06 -3.981588204398942470e-06 -8.074653743101984862e-06 -1.584559241379853678e-05 -2.676311971918024914e-05 -3.928576504224107240e-05 -7.232175621258068782e-05
1.423097771260447006e-06 -3.376872086142921542e-06 1.489308232230465468e-06 4.561241324805418249e-06 -6.117828754115752574e-07 4.032769928223989422e-07 1.431831659258953391e-06 -1.521194785464650695e-06 -5.008511156900812986e-07 -2.082387374630785334e-06 -3.388200716400877052e-06 -6.357013156776693795e-06 -6.987030988938058015e-06 -4.578439283457286361e-06 -1.770289265698577016e-06 2.700204137724852756e-06 7.404600508677413700e-06 9.307378292583318191e-06 4.840007780305370717e-06 -3.121183986107253013e-06
4.326637934946618471e-07 -7.354640767550843348e-06 2.289646407127276820e-06 3.350017276871122666e-06 3.496488244057790120e-06 -2.919567211798246528e-06 -1.235769449259226089e-06 9.373696796599073110e-07 3.730987299960739632e-06 1.213551583220151416e-06 -1.695022171161158111e-06 -3.413615816184188592e-06 -6.004521938117593186e-06 -9.636961991713607569e-06 -9.345490312891261767e-06 -6.161309338282727296e-06 -1.157051942759585112e-06 1.505241595377244136e-06 8.119916773559744498e-06 1.184904894393720697e-05
5.595947217648435632e-06 -2.542829675958124493e-06 -2.027334796573511255e-06 -5.791997542750982548e-07 -1.701357177673796405e-06 5.747357525783353219e-07 5.519098122581001907e-06 5.419882841370700892e-06 6.476643358075680604e-06 6.209710175595264457e-06 6.620172891673288463e-06 4.783123500921575349e-06 5.818879415933132859e-06 5.533378993630571733e-06 6.567639087859516131e-06 5.835414279982831689e-06 9.653824515754895136e-06 9.744191285222994408e-06 3.813927534754187291e-06 2.847044082224297335e-06
6.900756052374129469e-07 6.300811471091674046e-06 1.263489195142888037e-06 -3.385736221580313321e-06 -3.121091426921327149e-06 -2.244739655053529347e-06 -5.887367253006278484e-06 -5.627421024174456319e-06 -5.137007632976423006e-06 -7.723060058800652352e-06 -8.430366581552448867e-06 -1.060512569441642399e-05 -1.268132649021738866e-05 -1.278067817577679317e-05 -1.130159038173582777e-05 -6.444735754099009040e-06 -4.240508579028351237e-06 -8.715487810575191132e-07 4.719424337620726661e-06 1.411565179410387637e-05
3.771324009001361137e-06 3.923646178932090214e-07 -1.908591923431079903e-06 5.792476081136260466e-06 1.149345832816141841e-06 2.222144377148577004e-06 2.274842388984529993e-07 -4.679866130994502370e-07 -7.617653577865435355e-07 -1.614209708037750564e-06 -1.315656649579870852e-06 -1.816003591542797624e-06 -2.823563871994331844e-06 -3.226694513046073361e-06 -4.460551879466092316e-06 -4.829459817485873682e-06 -3.990105704128757128e-06 -3.350728512669413993e-06 1.099605420943910005e-06 3.774973102398815203e-06
6.036837275550093013e-06 3.781851461012538370e-06 6.975330559098077464e-06 -2.059519230045514913e-06 -2.077053097287961760e-07 -5.138892713584172341e-07 8.600889286290826845e-07 -1.490484190887154776e-06 1.707777745101727210e-06 -3.320652200673279026e-07 3.529391650109413076e-07 5.902975108479248255e-07 -6.624402605670446562e-07 -7.956483242201004685e-07 6.746649988610526719e-07 4.498335134440942862e-06 5.527595734420393683e-06 5.267986856686851362e-06 1.800592263350138600e-06 -2.632311402387917632e-06
-1.045823173385148739e-06 1.728950433692045574e-06 2.204806945680732577e-06 1.730049890690853712e-06 -7.640817300987503029e-07 1.229254961701576872e-06 -1.798184448467026770e-06 -1.955796083006157779e-06 -3.759376570400338882e-07 -2.728143541648049294e-06 -4.000409546584760591e-06 -4.199756304025870822e-06 -3.560907284180573265e-06 -3.432806427739958773e-06 -1.897284977915696040e-06 3.809698125754836166e-07 -5.078692144188458298e-08 -2.197262490000181056e-06 -2.456548580089524336e-06 -5.332708474367112366e-06
-8.952254504208708874e-07 9.905798640121728194e-07 4.483887681554862548e-06 -5.013529484114090424e-06 -1.515666525858491992e-06 4.423978853961314171e-07 1.147172565035042714e-06 7.969036752289307040e-07 -5.550726724977905277e-07 -1.961500173831185888e-07 -6.103665150693391656e-07 -1.466509617094837099e-06 -1.499146597745773458e-06 -1.591701435534524757e-06 -2.900002256345873522e-06 -2.118591330782774938e-06 -1.597442905137553749e-06 -2.596108739831899701e-07 -1.262765820404978630e-06 -1.128476679496199604e-06
-3.026917018530595716e-06 3.155240821719140332e-06 1.814109855396590183e-07 1.709387655355955961e-06 -4.067665716716814944e-06 1.832467380286521251e-06 -9.756689843938918880e-07 -2.230968786112409281e-07 4.251447968117664533e-07 3.414303643937549694e-07 1.107659423822831818e-06 2.446797795385379836e-06 3.053723949134384353e-06 3.466004109649977419e-06 5.578798016958572214e-06 6.878862245996184921e-06 4.922283349667538963e-06 4.071275024894332452e-06 2.872939003850234499e-06 3.949217725050385809e-06
3.870842162753040678e-07 -5.008055382612104650e-06 -1.999862207122588459e-06 -2.838756584350254251e-07 -2.351365830195559558e-06 -9.187298572320560903e-07 -3.103915810967392528e-06 -1.220486231630678424e-06 5.190607413469339271e-07 -4.563171742653844402e-07 -7.001234736980926827e-07 -3.004508102615616504e-07 -1.628163643036458491e-06 -3.433164148616095321e-06 -4.486163978382569963e-06 -5.457872730234637284e-06 -4.909299803681820839e-06 -7.500015931647831614e-06 -1.575026247678004666e-05 -2.147271532896638323e-05
-1.198681134036536872e-05 5.694949565295466700e-06 -5.839317425695956299e-06 -2.927212747788187322e-06 -1.988743649190214756e-06 -3.486335539958082183e-06 -4.491296196342611971e-06 -1.398016335943554960e-06 -3.458936892221382679e-06 -4.435752160091436411e-06 -5.921827101893615254e-06 -7.509469195600429483e-06 -7.136486908298644899e-06 -7.993833682736681934e-06 -8.887316380807220003e-06 -1.547115903641500998e-05 -2.087902435710775918e-05 -2.543775242189116070e-05 -2.675244432713072624e-05 -3.416645525754553365e-05
-1.888500164716587295e-06 -5.571292335068425824e-07 3.170479699705999968e-06 2.840336935113289790e-06 -4.193440907576346102e-07 -8.888918450525466516e-08 -1.451298866284656905e-07 3.645848261497635606e-07 -6.976321722256160646e-08 -4.267932094419951518e-07 3.456173734244065797e-08 -2.188584514539640075e-06 -2.093976725033071070e-06 -3.241019971352387406e-06 -3.941488709775577983e-06 -5.086229654015256651e-06 -4.393375941956452680e-06 -5.199335479041286060e-06 -9.947716940141001021e-06 -1.966033421686224573e-05
9.134027119574756679e-06 -3.834447942673351627e-07 -3.503999687573019125e-06 -3.755199618096823224e-06 -8.662490436292957462e-06 -4.943116485349322028e-06 -5.031202223337306642e-06 -5.348686203161508176e-06 -9.866965780269332438e-06 -1.605163538022795329e-05 -1.936203480111527928e-05 -2.175701151346740375e-05 -2.981975828726119904e-05 -4.025018721413122408e-05 -4.279912598088328566e-05 -4.655082526120147776e-05 -5.559089324683792760e-05 -7.046984091507070970e-05 -8.817796176925174305e-05 -1.079827969685823391e-04
1.127166626372390456e-06 1.340934070802396453e-07 -3.197667016298562273e-06 -1.728296703625692480e-06 -3.532006162575461831e-06 -2.072852332995744800e-06 2.035014075235126097e-06 1.072455116880008073e-06 1.827818405143037451e-06 7.562512595258209805e-07 1.611985298576655809e-06 2.119566353676323011e-06 2.340923077395096048e-06 1.476192674455944545e-06 9.034390469336965697e-07 5.118409669823950679e-06 8.910325458846331468e-06 1.084918906635103943e-05 1.648016890737605654e-05 2.053350063326035005e-05
-1.294090391484953049e-06 -4.040340514350621975e-06 4.054873953439967321e-06 2.247416893179910694e-06 -2.098554159461061163e-06 1.353379968607105997e-06 -1.307238434985629383e-06 -1.812685965155796506e-06 -6.548956717585185744e-07 -1.145291191424569322e-06 5.064277995793479563e-07 9.983155660170242684e-07 -1.526980483844028453e-07 -1.517561091515415398e-06 -3.712359777007001167e-07 1.054091287862490075e-06 2.497599759273108089e-06 4.563601068202047724e-06 1.070480726574570830e-05 2.152772209037565830e-05
6.540971973530232047e-06 5.141871178769824315e-06 5.715588738024776962e-07 -1.585900470749666871e-06 4.817226137743333734e-06 3.395211549041546523e-06 2.734024898684634602e-06 1.333653429753442985e-06 3.870232932854170307e-06 5.815282127083809785e-06 6.054398067934565206e-06 8.197614872342511147e-06 1.516261198560493320e-05 2.050163641863413048e-05 2.560686420479729830e-05 3.328975325914642247e-05 4.118465446750391753e-05 5.330219971764454115e-05 5.954474056636365593e-05 6.648693720254827467e-05
5.153616825407532569e-06 -1.470653365950917390e-06 -3.250481380501523817e-06 -2.097993371669948276e-06 -4.298207546062540933e-07 -1.076933680501066156e-06 -1.627390539432467877e-06 -2.618719560866402716e-06 -1.936839650912827792e-06 -1.786035535540414829e-06 -1.569542270515205448e-06 3.902408116158401842e-07 2.025359445583164262e-06 3.249595560443637922e-06 5.298412476813657206e-06 4.006517177309703663e-06 2.293073299833336353e-06 3.107939549455265096e-06 5.828025494218893942e-06 1.087002312373188329e-05
-1.281609504829298301e-06 3.590868487538739567e-06 4.034922226782944797e-06 1.072422810631868837e-06 -3.299610041290581886e-06 1.701621821962817376e-07 -5.813605298962521515e-07 -1.198968673882191855e-06 -2.114054222846287952e-06 -2.779964982011949398e-06 -3.056369347176531782e-06 -1.939608317993518426e-06 -9.788274468081997794e-08 2.187864770003690255e-06 5.579680599413578819e-06 1.070792191868613787e-05 1.277065694937366941e-05 7.947577057506056484e-06 2.948424677160508991e-06 -5.262977345403300053e-06
-3.879538585163746264e-06 1.790950885519249104e-06 -3.311901492980861945e-06 7.362246995605783257e-07 -6.922763977313992472e-07 -6.023907663719518483e-06 -1.850993308280702962e-08 6.930409141935562904e-07 -5.939718339006224417e-07 -1.489673701852129018e-06 -1.710926861242645429e-06 -1.907075256958787455e-06 -1.824155780218131037e-06 3.293420939497757142e-06 3.463676803947921983e-06 1.516988438637199836e-06 -1.692528634175254026e-07 4.122740717878776073e-06 1.496106210729415048e-05 2.591266145937042630e-05
-1.962683709179377389e-06 -3.033641186056227913e-06 -4.470966017212696666e-06 1.799820710610034254e-06 1.104278215073412580e-06 -8.026225830443328799e-07 1.414493727209522469e-06 -1.249123753352158514e-06 -2.830068039663911005e-07 -9.329629013825352190e-07 -7.284129747875682010e-07 -1.116666239778092163e-06 -2.243897462904174346e-06 -3.917426315615475130e-06 -3.274285518403379450e-06 -6.709984039533021253e-06 -1.246516798903902569e-05 -2.073898718488174952e-05 -3.692325199540084289e-05 -5.928125194312237434e-05
-7.372188084422697272e-06 -5.723462022280099405e-07 3.305841153518534368e-06 1.882541994457981875e-06 1.143896123470184797e-06 -1.733610736526194436e-06 7.877344602356791412e-07 2.643912475743828170e-06 1.278010880191679489e-06 2.885298374895692621e-07 3.799216725001459630e-07 -1.684997878840107704e-06 -3.522708541363422581e-06 -5.972764170898147211e-06 -7.763661500129915782e-06 -8.334806826037165477e-06 -7.346523842154836534e-06 -4.375040300662016926e-06 -1.564824926250635177e-06 5.359699579853804941e-06
-3.753234174134391094e-06 5.302391613957349046e-06 -1.994862722580748908e-06 3.978688357690643272e-06 -1.189931024090204268e-06 1.790212463295106519e-06 4.818600883253694668e-06 2.317931307527660902e-06 3.957869329866273153e-06 3.891324577642526179e-06 5.472277412030685369e-06 5.162778769597984402e-06 6.029225132979810359e-06 5.124527374407431536e-06 4.144539195952754377e-06 2.840360992130723339e-06 3.963759217015456482e-06 6.613575282179354565e-06 1.122407086543917760e-05 8.419526793092656637e-06
4.186706632840459546e-06 2.245374003005597151e-06 -3.507548953204249606e-06 -1.887923410923874045e-06 1.231519031177130138e-06 1.902634854390189105e-08 7.724012656865492584e-07 -8.926190223888922096e-07 -2.550912431015674656e-06 -4.098524134335837026e-06 -2.693538853878239691e-06 -4.158244476437467352e-06 -7.791091122125590865e-06 -1.181526824221612467e-05 -1.319788392662118243e-05 -9.535172937304248487e-06 -2.803653885860315112e-06 1.021840238902449996e-05 2.688762065057286534e-05 4.646260847328178688e-05
-5.904397003285686417e-06 2.968238327753856386e-06 2.289195509725328870e-06 -1.001104986683741637e-06 -1.577447062578451469e-07 7.992312727607612642e-08 1.290997708973663053e-06 1.771725097761189333e-06 3.494099399236419784e-06 5.047434652002494586e-06 6.957807727255389200e-06 9.435667466695104531e-06 1.249637912909166538e-05 1.474300841793182736e-05 1.699100848750693864e-05 2.152690637852849577e-05 2.970718069177971361e-05 3.603433213419149529e-05 4.525156997671400395e-05 5.915400581757353113e-05
-6.308507548478073542e-06 6.336514079207110733e-06 5.459269892179190693e-06 4.099096590006369982e-08 -3.129019717327146440e-06 5.638628707368250699e-07 3.799167347866981430e-07 1.784518803501784376e-06 1.932140046283398480e-06 2.839111560848620774e-06 2.310674770196057127e-06 2.418142605916592616e-06 2.619422772182592228e-06 -2.821859015942557847e-07 -3.071065156407932697e-06 -5.092382802162761427e-06 -3.910782441861080185e-06 -4.319011794654352297e-06 -2.245535898873654688e-06 -2.183057177918145061e-06
-4.846995983109399247e-06 9.734763767192069716e-06 5.602192322693003618e-06 7.043023505979369968e-07 2.768451277670551956e-06 6.466677032034528419e-06 3.119581164898967105e-06 1.649709172247223170e-06 3.282099837196430070e-08 1.976124162939510098e-06 1.476740373719334899e-06 6.692152474615707225e-07 -8.114768845596769508e-08 -2.912666823630029152e-06 -5.333286173271022553e-06 -6.462288275417355025e-06 -9.282038896528793231e-06 -1.192526491885711179e-05 -7.538789769347989278e-06 -2.860472246980628557e-06
-3.236609556447986832e-06 4.053267735705214400e-06 -1.406335640620186187e-06 -4.757073970710656376e-06 -2.152148700939055620e-06 1.268740961356338353e-06 -2.113459730504743969e-06 -2.504382018510675209e-06 -3.124642018161355403e-06 -3.574513346787414704e-06 -3.546174998960906543e-06 -2.926214534833602848e-06 -3.630751848240984960e-06 -6.958168681361653352e-06 -8.909388263598235733e-06 -1.126837925531024466e-05 -1.041385701269911205e-05 -4.904743548587562851e-06 1.036803786417517722e-06 1.696335718082639941e-05
-1.452000378998962838e-06 -2.134183842002480407e-06 -1.456726506810371852e-06 -2.967208356065348139e-06 -2.913400675889034282e-06 -4.118874634782935169e-06 -4.999971618441831600e-06 -4.537643614009768408e-06 -6.214255315732010697e-06 -6.993650644957453599e-06 -7.837897059394656769e-06 -1.099451334269032322e-05 -1.274705377475249023e-05 -2.106219607817007075e-05 -3.021285465091358904e-05 -4.002052443760985479e-05 -5.341969413640868262e-05 -7.235117949923802272e-05 -9.932566452494376807e-05 -1.357620928062474881e-04
-7.781878215162649220e-06 -6.355047274839624265e-07 -3.981245939206305870e-06 -6.042052555767131568e-07 2.785474072491261873e-07 -2.052081591470084694e-06 -1.189104491246199085e-06 -2.007090200396897873e-07 -1.496057816999515431e-06 -4.054562724189213812e-07 5.247333220429709288e-07 1.441771116652478106e-06 1.987906896994161810e-06 3.737459821815417915e-06 6.656041968620288238e-06 9.872494723819197270e-06 1.622705920301593222e-05 3.173342178168934362e-05 5.473553433035686715e-05 9.481748677518245575e-05
3.767341000513357856e-06 1.131700119349077323e-06 -1.887668628097158134e-06 4.434306605487826471e-07 -3.600136443443776453e-06 -3.693722866978735173e-06 -2.936126512683178415e-06 -1.908684316014103418e-06 -1.617223012669867952e-06 -2.390091299667932155e-06 -1.476023507981961452e-06 -3.418128193807367273e-06 -2.847847253427239040e-06 3.890569384333209075e-08 2.595703649939784310e-07 1.343338562220099640e-06 8.767882758272329641e-07 3.588608238574527055e-06 1.397409235809776092e-06 1.672396465725036335e-07
-5.047584604364868988e-06 9.472455776397993071e-07 6.068724115812952511e-07 -1.421227476781938231e-06 6.234227907210087542e-07 -6.895106853463427010e-07 2.647567945363078072e-06 -3.171414376573935641e-07 8.333283114071397525e-07 6.528079833346224529e-07 1.384337868689170532e-06 -1.683749686539285441e-06 -1.952187415941517255e-06 -5.491295991111032692e-07 1.482675129954659811e-06 1.015910241202274932e-06 -1.476346020363419086e-06 -4.533855601240625224e-06 -1.045037260408103233e-05 -1.004214525858650723e-05
-2.698616416323955086e-06 1.727093670767109262e-07 2.468001140033544017e-06 2.332607734909199884e-06 5.645090009726717456e-07 1.326369858417025289e-06 2.835714267572742919e-06 1.640303417199537243e-06 3.385247870764461222e-06 5.025148824802389697e-06 6.754837578501517035e-06 8.051549270239529181e-06 7.496261778496943818e-06 6.138234394058153879e-06 4.123294887838828333e-06 2.096970720391179384e-06 -2.635489898684807924e-06 -6.835333293949922016e-06 -7.671145691655186720e-06 -8.302169427711478936e-06
-4.998052110755927541e-06 2.414909687616266490e-06 -2.862979572044794451e-06 1.046144640159904540e-06 1.915456048460494476e-06 2.285110104919578526e-06 4.030678535890804081e-07 -1.591062331237548213e-06 -2.019127189540322869e-06 -1.060951453018706998e-06 -2.106222918092166681e-06 -2.755931657525171555e-06 -5.920776629457812788e-06 -4.408410343603455011e-06 -4.270543721593931577e-06 -4.262178917082177551e-06 -3.496122783592852791e-06 -3.431474291646707653e-06 -3.334449953684924015e-06 -9.327062294370238146e-07
-9.453285943727322331e-07 -3.026098079971356676e-06 -2.138599953745945376e-06 6.094318596587812433e-07 -1.484179645183151475e-06 2.622041032336916067e-06 1.120923364402906211e-07 -2.113205776083026313e-06 1.022866356486350559e-06 -1.067132251983735290e-06 1.137202335180907807e-06 2.450751954004840680e-06 2.349007550202488250e-06 2.831221448401981060e-06 4.206499324439244145e-06 2.592865463895354439e-06 -8.375560816635019396e-07 -4.709437738564241425e-07 -7.451955994829286343e-07 -4.255696090160950423e-06
-3.465853216748081627e-08 8.715683320689858038e-07 2.607822046367431853e-06 4.247522599316000799e-06 -3.445312974210735570e-06 -1.703895012194180201e-06 -2.040076259416340539e-06 -6.248340033499231074e-07 -9.406149419013173103e-07 -9.473882398257803674e-09 1.034759550889197868e-06 2.601111745060970391e-06 2.761504597201398387e-06 1.180182765566541582e-06 1.729102827373254891e-06 3.166522582085769343e-06 4.808764178172896249e-06 3.252127865976623406e-06 -2.087672086885221853e-07 -2.488273166178266795e-06
-4.327779238969821974e-06 1.645316401441984372e-06 -1.376510549557831033e-06 -2.576063151156439410e-07 -5.228595508011598864e-06 -2.262635024578167053e-06 -1.237496792577361605e-06 2.652341296889480080e-07 -9.288176404497600330e-07 4.624448222541767722e-07 8.132910065950090887e-07 1.317025074321931342e-06 2.407719988915835659e-06 2.081121996399478556e-06 3.217672508654666608e-06 3.484071271686462494e-06 3.333139937802964613e-06 1.454806309947361187e-06 1.099816418301728264e-06 -8.478942772504563741e-08
-5.363059153632235457e-06 4.331854866395248811e-06 -8.277600993750324504e-07 -1.019435251386421096e-06 1.365210570136463238e-06 1.451919097202706367e-06 1.729184983238266503e-06 2.416647024217841398e-06 1.227614820846702691e-06 3.459637359091770068e-07 2.211090542434621171e-06 1.564498012647377754e-06 2.067371143490914389e-06 9.292298924454495930e-07 -5.348884857237136363e-07 1.938772007059859147e-06 1.537172200852775651e-06 1.752856816860172577e-07 -3.180378027690125696e-06 -8.307193234157758696e-06
-3.542332221536976795e-06 -9.978899134951845131e-07 -4.820831515709706612e-06 -3.929882200250947985e-06 -4.464457022310570923e-06 -4.288397488965100538e-06 -2.590953625810473805e-06 -1.837132792751070365e-06 -2.478489548061076008e-06 -2.351359593974139465e-06 -2.175303555336895955e-06 -5.701677064641746039e-07 -1.890284193457451445e-06 -3.489019542579234505e-06 -4.810681225921695015e-06 -4.291613781251393910e-06 -7.997373584481055179e-06 -9.057191377026998149e-06 -1.038787027665149651e-05 -8.495160094630249979e-06
4.414267871595902343e-06 2.343424654791518564e-06 4.497889581288233414e-06 1.403439811676186060e-06 -2.275511194904798704e-06 -6.494372357086578856e-07 -2.566791614424354615e-06 -6.629895849464486312e-07 1.708262113996200227e-06 5.132595199514995658e-07 -3.492725215960438928e-07 -4.086852833872889049e-07 -3.522076150350079571e-07 -1.197878739579196446e-08 2.217821679488369014e-07 -4.427031529747888216e-07 -5.085313511083387883e-07 7.049000803356488669e-07 2.632560302119692419e-07 2.138068083289654207e-06
3.920006841556264631e-06 -5.157891090707404981e-08 5.071756241926412068e-06 4.037436485927181198e-07 -4.560744317110975661e-06 1.481814675443021866e-06 -3.140268881164810918e-06 -1.941282661703934401e-06 -1.483986395833779199e-06 -1.713840346008478625e-06 1.022980829775954186e-06 2.191632008337598504e-06 1.969311277164385031e-06 -1.375069242564288685e-06 -2.472067051190259723e-06 -3.146682877449151837e-06 -6.854128318986422984e-06 -1.675725383952332025e-05 -2.943384352460959189e-05 -5.204837154768192402e-05
-7.664953115666574014e-06 3.970628347776903026e-06 2.193258747825845048e-06 1.642198496477890455e-06 -1.537394804828106724e-06 -5.091507857419822031e-06 -4.376469404422483856e-06 -3.175960890346076028e-06 -2.108144526708655011e-06 -2.194959467580530317e-06 -1.077808809350455523e-07 -1.583918383758166137e-06 -1.356816194437453931e-06 -3.297374311836093583e-06 -3.902232066930766971e-06 -7.999345708722571628e-06 -9.345852364049946309e-06 -7.170266439869039395e-06 -7.110717863206638405e-06 -7.929501963598482650e-06
8.940840355914924728e-07 1.044969249204001845e-06 -4.344573917038761095e-06 -1.619152940889625219e-06 -6.106326001513802634e-06 -2.296916118696900808e-06 -2.016985802797635974e-06 1.596015900207622304e-07 -9.523628884402445605e-07 -3.526597117663545876e-07 1.093546896883876615e-06 1.796203233807218831e-06 3.083074724467640930e-06 4.692745610623689888e-06 1.134941358705352314e-06 -1.178747655738651277e-06 -2.190562369008391145e-06 -3.184971612978989605e-06 -1.596770515077305719e-06 1.222442697207558352e-06
-9.924818107171200153e-07 -2.324544504150076042e-06 3.169158380250458627e-06 -1.120406844376448704e-06 1.166056932189706781e-06 -6.221164066633366480e-07 4.675325550402905338e-08 -4.908624852732625738e-07 1.072444415324065661e-06 1.031824436855486477e-06 2.588358926233601886e-06 4.293026730676034358e-06 5.401829875519595157e-06 6.082713400621877742e-06 6.780538681211166743e-06 4.862913626943080281e-06 2.306787454147106436e-06 1.510540623007454110e-07 -2.542493405770257366e-06 -7.244697945682334086e-06
1.571649642121975914e-06 4.853409570257142867e-06 -4.903146324935124395e-07 3.362482905280739462e-06 -2.205263572494400825e-07 2.764049613924331060e-06 3.236225903786771717e-06 4.171278337534137987e-06 5.336936286049404266e-06 6.782644374898648068e-06 9.091252806977046368e-06 1.262776645709545660e-05 1.662579678658551672e-05 2.063157813637259990e-05 2.647153658560744691e-05 3.143189911561012799e-05 3.592800576743501072e-05 3.917521648457363172e-05 4.369685235397141663e-05 4.609813388747658372e-05
9.155257909990542275e-06 6.679509049539476408e-06 -3.103840458857664533e-07 2.147974827663279813e-07 2.250443458503400122e-06 -1.292218584766245233e-06 -3.625678110669220057e-07 5.648225889915266722e-07 -5.234885273191617380e-07 1.707892479424470043e-07 -7.399849079254222452e-07 -2.256743171206570092e-06 1.365629915669293555e-06 4.676805315219209334e-06 4.603534806408476874e-06 1.536481052240841228e-06 1.973248579522552146e-06 3.515816515114862065e-06 7.108207095525287468e-06 1.520209060791633466e-05
-6.561975464538254667e-06 -3.960132647638787302e-06 -3.201779956322794641e-06 -4.858132474684943003e-06 -2.100947361563828155e-06 -1.936526343386223266e-06 -1.791738949433541824e-06 -1.830363670591981174e-06 -3.973129602371805683e-06 -3.985394415371065397e-06 -1.627343792017881398e-06 -9.552240437778994431e-07 -1.389864935805204754e-06 -5.707516649428707017e-07 -2.527740227936363032e-06 -2.986555855628434895e-06 -9.590227095473215098e-07 4.390192431846197015e-06 1.337973110649529908e-05 2.002842085409184294e-05
2.481777365006636135e-06 -2.503328374429601599e-06 -5.736356693953832331e-07 4.705632979430981147e-06 1.197250635781601271e-06 -2.423032462115000124e-06 -3.988244455262075591e-06 -4.220313012691451038e-06 -4.879579258347041023e-06 -4.453006882699046710e-06 -8.726805144896250700e-06 -1.346760547585351622e-05 -1.850018935621459607e-05 -2.434711682988829209e-05 -3.302702955332106091e-05 -4.389928162538378779e-05 -6.017361844424689882e-05 -8.101982137721191037e-05 -1.107875331551902795e-04 -1.634671866855822613e-04
2.778771271027672618e-06 -1.992723892007495662e-06 3.435841621209344078e-06 3.737862365310963997e-06 -6.022992918460487039e-07 2.357156596743643529e-07 1.307487068985797771e-06 2.248164076483210748e-06 2.192863009745299810e-06 1.999418081831299012e-06 1.537277223630224856e-06 1.305627957315991702e-06 3.176342557971637513e-06 5.310357432369438471e-07 -7.007540637692963327e-07 -1.571284826875520685e-06 -5.346228272482124180e-06 -3.699144379148567910e-06 3.825770117914440451e-06 1.649530734749041506e-05
2.000329402006054029e-06 -1.615691206195364038e-06 -3.491868684508375924e-06 1.611812286738740485e-06 2.444845101373790023e-06 3.253908353902526317e-07 1.476262587483883532e-06 2.191119811034186724e-06 1.898252902616447854e-06 1.008751196911684829e-06 -3.975630022438412030e-07 1.830547898170349273e-07 -9.542466641702303095e-07 1.191386519704455969e-06 9.689967265209251203e-08 -2.552605976015599805e-06 -6.153519006504622580e-06 -9.624602988668782034e-06 -1.390803718523577604e-05 -1.508784395863728746e-05
1.387431922022895314e-05 5.098509674037288634e-06 5.220443366253944713e-06 -2.046585608562203204e-06 7.892664152802740352e-07 1.582473774238809544e-06 8.218897978611427835e-07 1.232945780186590907e-06 2.042776609879008348e-06 1.610335368343562742e-06 1.510186553030917538e-06 1.126286098067466481e-06 -8.018854807670396365e-07 -1.114799743733854520e-07 -2.738298623605120215e-06 -3.758989256428089518e-06 -5.973432001638545733e-06 -7.589999829030274948e-06 -9.946062178453418608e-06 -5.041727371137513068e-06
2.950548179619269095e-06 -2.443968049605652966e-06 -3.295359857222658598e-07 -4.101353124811152762e-07 8.102014841799393106e-07 3.641093355565792064e-06 -5.730272952771843037e-07 5.578251921101154367e-07 2.204731156259830514e-06 6.224559433993592300e-07 2.865379978257706835e-07 -1.417831611534853030e-06 -3.292708636767733541e-06 -3.889238229566156443e-06 -3.666303754384014893e-06 -6.680907667456699652e-06 -7.610462388035547176e-06 -3.897708778142469506e-06 -2.115118035058531428e-06 -1.964382599088065456e-06
-7.225664379823221767e-06 -3.030267643470420144e-06 -4.046347740334548871e-06 -2.159166502383647315e-06 -5.509558761485829467e-08 -2.296150468733901990e-06 -1.306118802829364787e-06 -1.301393570596779301e-06 -2.326897173327675040e-06 -4.199636032093027765e-06 -3.858802296743900837e-06 -5.463572312417934549e-06 -6.903952202133982326e-06 -7.716927347206934345e-06 -1.273345041610124654e-05 -1.787299444765315525e-05 -1.827261715292819198e-05 -1.625099670328301947e-05 -1.653587616034030424e-05 -1.770143758193831038e-05
-2.944339657125069166e-06 -5.512410101149109405e-07 -4.665620268579963139e-07 -3.642350309799083375e-07 -1.576823339187033077e-06 -1.347802117636181871e-06 -2.943501595714068073e-06 -1.161889679265036170e-06 -1.475178268728962717e-06 -1.636454591159750464e-06 -1.303113404903220018e-06 2.324835845634350671e-06 4.062060913690330603e-06 6.075125247006090453e-06 4.902994792093973287e-06 4.056682045586544521e-06 -1.556624930073460284e-08 -4.457669793007899127e-06 -5.292056815831269937e-06 -2.929847648654783929e-06
-1.511277601352633365e-06 4.374858323141318069e-06 1.766251743282278494e-06 2.243777997478548765e-07 1.835987939683861215e-06 -4.577790870003321797e-07 5.591505095204754030e-08 1.188287760926083153e-07 7.035377490021488688e-07 2.132123051932993411e-06 -9.969187745699511678e-07 -2.357683080955418782e-06 -2.035586631449698619e-06 1.113068680230471395e-06 4.576522158622603363e-06 6.596495583278697595e-06 9.698331371024408466e-06 4.417784149968097956e-06 -6.705660530979622181e-06 -1.309506631762086487e-05
-3.593782234079904365e-06 6.705878182713710260e-06 -4.490722928800475147e-06 5.435515098177474594e-07 2.643263817212608230e-07 1.658618399756478588e-06 -8.489104091816445983e-08 -5.550361015862420413e-08 1.885228284111306558e-06 -1.617198783935756771e-06 1.406590128086891590e-06 -4.886218996351731033e-08 -4.983911425939658845e-07 -3.754532113540557507e-06 -5.113633642398301475e-06 -5.327266187696000265e-06 -6.531000647650454535e-06 -4.545127236361017322e-06 7.747763733682196534e-07 -1.658933355704032491e-06
3.900794786119000852e-06 6.066320558829903062e-07 2.186326122027400488e-06 -2.148872059234534796e-06 -1.735191497931731894e-06 -1.969471287356306185e-06 -1.537717187688958489e-06 1.503694873676011313e-06 2.752520912572235084e-06 3.161045358437037550e-06 4.581192207537436973e-06 3.476403773583095260e-06 1.733040523451144045e-06 6.550489839558605834e-07 -9.820769997006362424e-09 1.267605413004822996e-06 3.756857905710682304e-06 1.153573725836152869e-05 2.653054713433845787e-05 4.988115130137823800e-05
-1.834137922185629882e-06 -3.650350465229903813e-06 -9.254335411409634112e-07 -2.271169346015789896e-06 -2.050891651785201683e-06 2.182568205408915997e-06 2.938612552774060550e-06 2.095269266812770655e-06 -9.381677777807163808e-07 1.704236410962670593e-06 2.669460504255428613e-06 3.625722601627263475e-06 4.644917052249501825e-06 5.861265134352784192e-06 7.554187054783320263e-06 8.570881111782274899e-06 8.226507487808822953e-06 8.785932918792495252e-06 8.832769732016020200e-06 1.310680066276600799e-05
-2.254927614819890421e-06 -1.698085576440953361e-06 2.277849350289634555e-06 3.463006756335945519e-07 -6.265811487822239932e-07 3.988933779978526311e-07 1.504417442843796811e-07 1.762584863378652218e-06 5.009963600181296589e-07 -5.365417220967614558e-07 -7.420130082092774008e-07 4.099942304543352635e-07 6.942824737505572889e-07 1.473350831810084938e-06 4.301873286203935175e-07 -1.838302317911262904e-06 -2.936957280524745000e-06 -1.999369159232211868e-06 -3.859536018402073051e-06 -6.007804764265584871e-06
1.864177180805515729e-06 7.260831120931060549e-06 -1.497372799159155330e-06 -1.691295355142805515e-06 -2.556823313435028494e-06 -1.844327349972418669e-06 2.367297331879071897e-06 4.010549311021045293e-07 -2.513761011796704042e-06 -3.363404801384514213e-06 -4.367162845288240324e-06 -2.928676373014263786e-06 1.734373173042365049e-07 2.186545777632722371e-08 2.883159350425512416e-06 3.839703575738223733e-06 2.229790213817151943e-06 1.227399017490924864e-06 9.655984831954871775e-07 -4.661475710006525063e-06
-3.677596316394689328e-06 -1.487836231880137748e-06 2.402451526468343574e-06 -3.367615376043616728e-06 1.478367884651723531e-06 -7.070440667685150471e-07 2.475509142415114516e-06 -1.689036739902714159e-06 4.086518387506462558e-07 -9.417594904643633007e-07 -2.522591810924041305e-06 -1.417163295487103138e-06 -2.191570277168671340e-06 -9.864659760005614036e-07 -1.464367774221560421e-06 -3.561598449690131643e-06 -3.152470104296175517e-06 -1.727098165062844671e-07 1.645523438569711460e-06 6.638710720500213180e-06
6.562901390649448587e-06 -1.344654465741613037e-06 -6.628417196767457217e-07 3.150483647493342613e-07 1.632945139309506702e-06 1.433835013435277310e-06 -7.714200619315337660e-07 1.685721197507252176e-06 -1.221679650576817756e-06 1.205739618502302277e-06 4.595708342778535805e-07 2.512193784303320976e-06 1.023228740689117915e-06 -1.103847142881874228e-07 -3.175701456634756038e-06 -3.283800510696262943e-06 6.337878781604978589e-07 6.771718558424321666e-06 8.883995751376979136e-06 6.607061506405814902e-06
4.913868642341771063e-06 4.665580110035488048e-06 1.984890462549951563e-06 8.919514125171393725e-07 2.057471277714181428e-06 -9.943949975082512349e-07 -1.455109035682242586e-06 -2.279594064045018760e-06 -1.782786120471811273e-06 -1.995218613130305477e-06 -1.038708900955370150e-06 -2.050304909448732647e-06 -2.375328545730180561e-06 -2.643119917317025675e-06 -2.967671982885399080e-06 -2.306687035241567399e-06 -2.545558202764276585e-06 1.121601080532238961e-06 1.779740764899195293e-06 -3.554878700933983283e-06
6.186732808467977438e-07 2.725113457643826535e-07 4.113097955747635164e-07 3.822468142483504921e-07 -4.710949685715472740e-07 -6.302942714177357082e-08 -1.883211218776518789e-06 -2.457659834843599478e-06 -8.966276344347108572e-07 -1.428713175249860548e-06 -2.079017248950117930e-06 -1.771291353638931311e-06 -1.868165743378194595e-06 -2.403402920917446524e-06 -2.644002910512979861e-06 -2.902577797734948245e-06 -1.461475165290652492e-06 1.304579839262260880e-06 4.407559205744193073e-06 3.232666303328229751e-06
7.734036851558040486e-06 -2.021753018610091889e-06 -1.988913304027467698e-06 -1.681345457489993673e-06 -2.392742675197360463e-07 1.866805793567660316e-06 -8.768449224981855210e-07 -5.269806409800453534e-07 -4.478277482375024705e-07 2.055427277928581890e-06 2.232538500280804674e-06 2.015784286543974510e-06 2.859694658289611803e-06 2.057034328818852976e-06 1.642043991104564659e-06 2.423049953823556764e-06 1.970359566902704065e-06 -2.411204440632791108e-06 -7.864955604764507771e-06 -1.251855675181970874e-05
7.921871257565944789e-06 9.660864823288794287e-07 4.074572774207012782e-06 5.524068547975021441e-07 1.951550706953784717e-06 4.363534004149979277e-07 3.213675968617958710e-06 2.928499280499572760e-06 1.808688082652283247e-06 1.928848771391502075e-06 3.325186551480888101e-06 3.130857533620039515e-06 4.262956834917508207e-06 4.340170386341472343e-06 3.857717615058992861e-06 2.746856581109423375e-06 1.436150576212405771e-06 2.810554924586101694e-06 3.855217517371553405e-06 4.388232251195403692e-06
6.539977570770191615e-06 2.303152548133772395e-06 -3.664285968072531256e-07 1.310577426945036837e-06 3.028174716971055774e-06 1.211373841403777678e-06 -2.179989317830826651e-06 -1.990699808138867237e-06 -6.191108446924000756e-07 2.572055338347091543e-07 -1.110948112615238423e-06 -2.938479716047870928e-06 -6.512628429727186061e-06 -7.108619035202864944e-06 -9.379359694085405533e-06 -1.354319081541696681e-05 -1.841444139006216866e-05 -2.483758912226794293e-05 -3.966856136564147193e-05 -6.733121614939590412e-05
1.028874034043892111e-05 5.686057923251233796e-06 6.529529731351315677e-06 3.380579934500800745e-06 -3.413745688973044511e-07 -2.664586942592134618e-06 -1.013747254942124916e-06 -2.455297029347034208e-06 -3.108244310308620434e-06 -5.624185352526064733e-06 -5.287829384251781687e-06 -1.907377438561766486e-06 -8.303496356532950916e-07 -5.038407476958913638e-06 -1.168154696163366480e-05 -1.741571534573337811e-05 -2.194161153603174302e-05 -2.845866536792146618e-05 -3.291033235440556792e-05 -2.887763285759804036e-05
1.637696766114168952e-06 -1.487885874032579619e-06 4.219314755500121966e-06 5.738564584243428410e-08 4.225764506626510298e-07 6.192832649341451760e-09 -1.231235609750928873e-08 -1.553947024515876912e-06 8.819010337608812435e-07 1.219154606693214504e-06 5.498613764777484631e-08 7.595078698102354556e-07 4.134884819632783682e-06 6.828291864842617833e-06 1.008105609140914994e-05 1.594316925962997616e-05 2.332674056875562834e-05 2.938083447633776804e-05 3.823693933262358369e-05 6.127933253151775055e-05
-4.131508765267567215e-06 -4.746212022313618359e-06 -1.442804869000377521e-06 -2.730870010400870973e-07 1.611350461836519062e-06 7.587752607831628317e-07 -1.178002227572154998e-06 -2.542104734640959783e-06 -4.199396206442748335e-06 -4.855334225345769729e-06 -6.134742194568858287e-06 -5.194846828914818289e-06 -4.352294043133515599e-06 -7.338066286100587688e-06 -1.370676813604979985e-05 -2.384262105400145238e-05 -4.076430436905436553e-05 -6.072315003030629490e-05 -8.669902515962239623e-05 -1.266204415756262474e-04
6.652015721570610700e-07 -2.131394646424878392e-06 3.313220836013810535e-06 -1.704548804648082645e-06 -2.735868641392416382e-06 3.164681930312963268e-06 -5.271813318261130835e-07 -9.121208921789035203e-07 -2.248610365775867956e-06 -1.007893570914369831e-06 -1.079292273164896998e-06 -1.290449724841072716e-06 -1.116927676396590643e-06 7.226420591725720266e-07 2.848378348267377738e-06 3.481625228924157709e-06 2.320894708513852489e-06 1.573516941139482813e-06 1.702160404119732686e-06 6.560376062913786444e-06
1.480795470653348650e-06 -3.024818757341454222e-06 -2.152341158407794834e-06 2.863882010684312814e-06 -1.978307928981164994e-06 -5.353430689018797467e-07 1.563992763144018770e-06 2.453130565648269131e-07 -6.253167141321332571e-07 -9.753598689145636195e-07 -9.997382403149437364e-07 8.017125702884568078e-07 9.572511789592530176e-07 8.252556924915612335e-07 4.551468495804406569e-07 1.701686461109440111e-06 4.138196552838486197e-06 1.645696741988853483e-06 -1.269591393752549915e-06 -5.780818091919420670e-06
-4.832857407498335850e-06 -7.359548541335949588e-06 -2.801237908018579076e-07 1.965592575403878581e-06 -3.025215170118957766e-06 3.368497585970112388e-07 -8.067644342098314451e-07 -8.871592090801874449e-07 4.959868205313232688e-07 2.162356624781097286e-07 8.070774062321905625e-09 1.390737568908438803e-06 1.562710994904574596e-06 4.921341265150708209e-07 9.954782115937130137e-07 6.493915684415619717e-07 -1.544040384073263603e-06 -4.068731881438351864e-06 -4.300154278885064180e-06 -4.877896926049789010e-06
-3.184149057320626225e-06 -1.520703240629789119e-06 2.476636322062900851e-07 1.385216501039717294e-06 -2.390603213909340414e-06 -2.632855942743011666e-06 -2.709155591563795071e-06 -3.640257706684253336e-06 -4.410496890833475234e-06 -3.913867840361205487e-06 -3.523594318420869028e-06 -3.588381369331876712e-06 -6.359486259192838988e-06 -7.759546605414617085e-06 -8.381019750611924297e-06 -1.116389751532752853e-05 -1.538364640338559593e-05 -2.935383167029426938e-05 -5.404805779215398498e-05 -8.959985677579186778e-05
1.287844689856261780e-06 4.834494262764352139e-06 4.484167362936924495e-06 -1.242545192699215952e-06 -2.224114435006561087e-06 9.046972644122549814e-08 -2.867978182895837880e-06 -3.326513072205511739e-08 -1.760464179775038635e-06 -1.898233876002059510e-06 -2.520410788451427269e-06 -3.715173909381132778e-06 -3.094183824446121809e-06 -3.245916648175577603e-06 -3.585656798787074045e-06 -6.090067426986603369e-06 -6.124879380338451242e-06 -3.582256279525981519e-06 -6.583663459350569858e-06 -8.640676518790710200e-06
9.336333666830109039e-06 4.475880760839258328e-06 2.463301218890276268e-06 -1.295421776563103400e-06 3.245613748704306414e-06 7.202115394237696696e-07 2.105169467097874732e-06 2.246758518158945686e-07 1.248962742638296476e-06 -9.742475429940667325e-08 2.008918868718463711e-06 3.523862436485454857e-06 5.240398450906858814e-06 5.348586392325750766e-06 7.691300634038489945e-06 9.126501303064991097e-06 8.638942908970884197e-06 5.819446526856566441e-06 4.880565665320791473e-06 5.156236289506758317e-06
1.593971854071233328e-07 2.923115910160987848e-06 9.855190019066843184e-07 -2.260113677100434527e-06 5.426550717256039753e-07 -1.275977717541611605e-06 8.355593226393284261e-07 2.025826634002717700e-06 3.118897409310319977e-06 2.298363782945497989e-06 2.739292090090025280e-06 2.079590215326940465e-06 1.758031234039303126e-06 9.610590417268482561e-07 -3.588640835476743114e-07 -2.526874338702579718e-06 -2.984800285703169769e-06 -2.548845681626876868e-06 1.180406423066037297e-06 4.084240316440136879e-06
2.721966801484163719e-06 -8.326575490495652192e-06 2.011309597798374395e-06 2.588457323894611379e-06 2.261895549173360697e-06 1.510575486366008020e-06 -4.533430024090829717e-07 1.108705427837228926e-06 1.629518541232563322e-06 2.177752958981821683e-06 2.202401087697441106e-06 1.995745161137089619e-07 -4.208148270389626761e-07 5.052370415693590858e-07 6.264715550294592343e-06 8.974324828311730628e-06 8.142904786019235054e-06 4.577703677443441144e-06 -3.265796710767559510e-06 -1.824802158436722349e-05
3.932083870378299471e-06 1.592457097743908074e-06 1.729532734203161138e-06 2.073383024396896941e-06 3.862626393134573634e-06 1.981478184903293361e-06 6.168363757661063499e-07 -6.715809895647550056e-07 -1.197488184621246880e-06 -2.859956879020961209e-06 -1.935573201533393407e-06 -2.947663536836330297e-06 -3.150581551490489728e-06 -5.274779136588269892e-06 -7.325566500657749704e-06 -9.221368039631628366e-06 -1.231223607224594960e-05 -8.604578614779830506e-06 3.279244387525948227e-06 1.340857142593588060e-05
3.900816790938926825e-06 4.236009901284079600e-06 4.545021995268937151e-06 6.615908335133141829e-07 -2.758766032949314060e-06 -2.027096050860859388e-06 -6.203634496103351970e-07 -1.021033512055453407e-06 1.586486058891636863e-06 2.946510577593229068e-06 1.737242316804423849e-06 3.269690017413424401e-06 4.296575328889159228e-06 2.476879952163093725e-06 7.633399886330527984e-07 2.767111253635781977e-07 6.867229369535778195e-06 1.012083004730989207e-05 9.480643387341341005e-06 9.942332347097835907e-06
-5.288495896761885592e-06 -5.642304244644231557e-08 4.865375175696997454e-06 5.926465189749446878e-06 -2.398994949898587313e-07 -4.517535889545497273e-06 -3.107380092292355631e-07 -6.751723425112558013e-07 -1.513272336637233263e-06 -2.231106196131617105e-07 4.042839233784297114e-07 8.512952985524287435e-07 9.613471892636838807e-07 9.801495378341300547e-07 6.832203739616375398e-07 3.095492396804805598e-06 5.117952771871803419e-06 6.355790758994921434e-06 1.071705809700964113e-05 1.473198994215798507e-05
-5.034418777097634373e-06 -4.477829729662326493e-07 -1.080721094327282470e-06 -2.927253748292021650e-06 -3.144776043340350086e-06 -1.622514190296068026e-06 -1.617171615938115674e-06 -4.598338698355218899e-07 -2.109267475105323610e-06 -1.934001205431789931e-06 -2.246157073718940616e-06 -1.524971986212515942e-06 -8.106899278820071645e-07 -1.135085576892781118e-06 -1.822708663875036612e-06 -1.610238494368928311e-06 8.453630840597895257e-07 2.151610238687416733e-06 1.710734093791481447e-06 3.002400022263674281e-06
-1.171637666144179174e-06 2.932388691560416299e-06 -1.802335371733236368e-06 -6.958531799302991099e-07 -5.255773598306983673e-07 -2.867513624378187449e-06 -1.217328458185645350e-06 -4.599419500033360995e-07 -1.087038083716412320e-06 -2.332659195931409733e-06 -4.396987610222508197e-07 2.064089863219934681e-07 2.967769094468478783e-06 1.735489347920678384e-06 -6.578303771782246618e-09 -1.072984641539564584e-07 1.428112657688946739e-06 1.502118345644368389e-06 3.104278786840473092e-06 -7.587236195687888240e-07
-6.358848893470474513e-06 -3.030073869913144696e-06 2.686655113149425246e-06 7.109467949144739891e-07 -6.341338678269539516e-07 2.099958601686198198e-06 2.215218123870299434e-06 1.509003955856584646e-06 2.065756713146570347e-06 2.140643905134570679e-07 7.006396493882282901e-07 2.386539356129017492e-06 2.848111275340112763e-06 3.060754215591876155e-06 2.228624708842801157e-06 1.327454807816192754e-06 -2.798721390542012224e-07 4.021046280602202603e-06 1.069863636426772311e-05 2.671620803121681177e-05
3.265118337264619241e-06 5.091700363408737905e-06 7.657015031028396480e-06 -2.398391352864096590e-06 2.761524749179513429e-06 3.498080192126962776e-06 4.864719330116489701e-06 1.899407165846805756e-06 3.834259042155670411e-06 2.994058379873909045e-06 2.443889766198110789e-06 8.532976438778025547e-07 -1.065489048549311753e-06 -2.841907245013980888e-06 -2.405311603563801992e-06 3.502727992312348317e-06 7.140624885810656519e-06 1.135995897749544675e-05 1.701057179929275757e-05 2.279897975693498673e-05
-1.449309028798363036e-06 -5.974766586500766383e-07 9.582590808993164832e-07 -3.631960571137810069e-06 -5.024942248811396469e-06 -3.274102038357455213e-06 -1.745524354044935410e-06 1.207038286545054072e-06 1.103479434074023946e-06 1.337057461810535817e-06 1.365142738564726064e-06 1.667123372008717205e-06 3.171345066670291292e-06 3.465861250246097345e-06 6.724713622434582786e-06 8.987188182891623110e-06 7.721307908287904355e-06 1.133977597836138676e-05 1.055494591223185245e-05 1.164545932137461204e-05
-1.698893750334140878e-06 2.659638931295656637e-06 -3.271302677634606607e-06 3.343309678767615126e-06 -5.026281115000846875e-06 2.830586519611060225e-07 -1.531114088273297414e-06 1.565625931566477881e-07 1.080741349363846442e-06 -2.275353247514758150e-07 1.458186204106144561e-07 -9.969336377457374206e-07 -5.717146180931050660e-07 2.382568407619619554e-06 1.615972363298752206e-06 -6.549387924651072462e-07 -3.276357526394608473e-06 -5.601323074838577553e-06 -1.155391487136017523e-05 -1.907521215781138204e-05
1.498180647941389986e-06 -1.128227578800478469e-06 -3.611285987948632578e-06 -2.741535388347923411e-06 -1.978586638659110553e-07 2.383900196263629292e-06 2.624139487518164554e-06 -1.335501679281441748e-06 -8.250373851411265135e-07 2.146481660955864479e-07 8.308712270192749547e-07 2.965653289655701866e-06 3.468779451083936131e-06 2.819482044587878501e-06 3.058926695526167137e-06 2.775190801977342300e-06 1.392804594745997554e-06 -3.082721706518317572e-06 -2.892206453820929119e-06 -1.046006642175543319e-06
3.721367903413716508e-06 2.218962701060144808e-06 -5.977095675377351485e-07 -5.975877048455370628e-07 -4.518801446037184954e-06 2.337400127547597473e-06 7.534931551005158274e-07 -8.101120485556934872e-07 9.585437094699544860e-07 1.471358969554186427e-07 -1.985154581801638711e-06 -1.375945093808026680e-06 2.748207563744272727e-07 1.612448979293704563e-06 1.967128600031905365e-06 4.042215521067058645e-06 5.983926050624128022e-07 -3.139771895867566934e-06 2.119540193014731701e-07 1.265058365231774074e-05
-5.235448081768045556e-06 -6.713459793673938291e-07 -9.586440555775630260e-07 3.182497440434563531e-06 -3.772694537422057548e-07 1.770654958494302940e-06 -3.681676683344799089e-08 1.348443320234779212e-06 3.056413550447731237e-07 4.149345913464578645e-07 1.063815327142113595e-06 -1.741996161274117231e-07 -1.096505023119074953e-06 -9.532828171711581195e-07 1.130328976849630865e-08 1.141831766222244771e-06 1.913550918135477653e-06 1.605494015160901867e-06 2.195467543054739596e-06 2.667474484843631749e-06
3.921004718292248165e-06 -1.171317829485654785e-05 2.839958887777949536e-07 1.770141093982639575e-07 5.790837802077916032e-07 -1.312751582163101138e-06 -1.427967318832601365e-06 -1.333788629092477347e-06 -1.902170625287150029e-07 1.182096158976326614e-07 1.598119172579277025e-06 1.934406880885610672e-06 3.875128977444195876e-06 8.391842786695732796e-07 -9.952406951148021241e-07 -1.396115645644350207e-06 1.665229234271722786e-06 3.397471904617282691e-06 3.285662550294380915e-08 -1.786539138653136364e-06
1.166024320812745708e-05 8.765665064457421399e-07 4.520841819615461083e-06 6.782416214013105729e-07 9.169082564555184862e-07 2.083331899984559137e-06 5.991258189935124351e-07 7.221847367000971358e-07 -6.888763823556507810e-07 -1.284267277836229803e-06 -4.544193858858001178e-07 -2.750666503755225925e-07 1.707502972570690504e-06 9.225498895958517656e-07 7.902006384853875254e-07 3.130283177825005623e-06 4.950102688707245252e-06 5.476371360742777663e-06 1.108836506483892929e-06 2.134455572778253284e-06
-2.038759403738936381e-06 3.850480785239014792e-06 -3.217560172868746911e-06 -4.338845749483092228e-06 2.011876009704902792e-06 -1.402221602706011603e-06 -7.282760447567699434e-07 -1.772917875332357137e-07 -9.757639018268320716e-08 4.484240543439315639e-07 -9.407425268849112512e-07 -2.100376008278286788e-06 -4.153060782052053911e-06 -6.112787247719447079e-06 -7.678365246412077684e-06 -7.784187669833322871e-06 -7.507229478908813290e-06 -4.018792591507899039e-06 -8.533978839712334433e-08 -4.289186733687773491e-07
-3.442136659196162389e-06 4.326941246053461264e-06 3.329950367536619874e-07 2.366778323322905238e-06 4.338859731340939033e-06 -8.952219846109902120e-07 2.636045578438568881e-06 1.170666966562349507e-06 2.197672058085847013e-06 1.311166653778725341e-06 1.448848565689621710e-06 -1.713966284605336167e-08 3.588033863733624989e-07 2.321683227362465119e-07 2.091053741055316749e-06 2.042930178308430055e-06 2.626549698103471256e-06 2.417871300757887218e-06 6.317371121011060582e-07 2.084730638082169494e-06
-2.635694604977700416e-06 1.249949288070174090e-06 3.636013937541189626e-07 3.755717574806814451e-07 2.847889750910486051e-06 2.559460386669482448e-06 2.022954448796695772e-06 2.773874244883054703e-06 2.879224494694001218e-06 1.400516065182312529e-06 -8.686400661525406837e-07 -1.062632042760152966e-06 -3.833583065071799384e-07 1.150674842215793986e-06 1.841594608397455177e-06 2.846437541434277276e-06 2.693761096181757449e-06 -2.604235746560312591e-08 -1.427603115920876508e-06 -2.109660375935519769e-06
7.108649618315926986e-07 4.080428462447222434e-06 4.492786673829444983e-06 -3.243519432822407715e-08 -1.099124381236299555e-06 -2.209474988365365637e-06 -1.730418061468591928e-06 -2.580889611183397075e-07 -1.496272122999373794e-06 -1.151095945704547697e-06 -3.840778697123406609e-06 -4.253818216362058989e-06 -4.587126739262276338e-06 -5.581290543358438438e-06 -6.529118658023092247e-06 -7.543935198315595884e-06 -9.690837634456215725e-06 -3.948953404138520136e-06 -2.279661976364407643e-06 -8.413623448727582392e-06
-1.559050860389503942e-06 1.082893873656094302e-06 -3.245627548978263635e-06 -2.175179058605858948e-06 5.878951831682799429e-07 2.990376079120336209e-06 -4.139932698751016899e-08 -4.359233608651668779e-07 3.910829680986370699e-06 1.323511761102792431e-06 1.001121333966749856e-06 -1.048779637864109084e-06 -8.851822624586315371e-07 -2.746731476467796537e-06 -4.073331144858109525e-06 -6.263590708587224451e-06 -7.807273875309831077e-06 -6.501419817812144842e-06 -1.006874857573613131e-05 -1.540417719529429589e-05
-9.966115776769440300e-06 -4.231924579924723226e-06 5.545120814956050297e-06 2.275575674182934476e-06 -5.924033967993237848e-07 -2.543848630024037642e-06 -1.491348019331028983e-06 -4.024925593996094842e-06 -2.430985841613292816e-06 -2.766923460380270050e-06 -3.902558637738478375e-06 -5.019996192884609826e-06 -7.182196620855316558e-06 -1.081498126510172772e-05 -1.478415164139291832e-05 -1.895952612428164927e-05 -2.470774463706356370e-05 -3.154180742823324362e-05 -4.056118397897503976e-05 -5.403319130295997341e-05
2.514950190563680632e-07 1.448463932623103281e-06 -4.653073662950863025e-06 -1.196492313016307993e-06 1.638511554363600696e-07 9.920039340864291961e-07 -3.912118215821685378e-06 -4.127383309647875156e-06 -4.914946122846265922e-06 -3.787974725455295130e-06 -9.351299492649593805e-06 -1.143468865382270214e-05 -1.212736622569732317e-05 -1.378378275104437761e-05 -1.646571869852218271e-05 -2.338726843139822157e-05 -2.968334407961345807e-05 -3.777124120969039287e-05 -6.368662773575636035e-05 -7.992372412260524846e-05
1.841376369537357066e-06 -1.060817879809752090e-06 5.961151410826083618e-06 9.621567901011213709e-07 8.742699646093223965e-08 3.778818577378564519e-06 -5.810413519061049166e-07 9.259240405510434905e-07 1.020162803920029877e-06 -3.706421544617777400e-08 6.782149104424418429e-07 -1.191060057405931190e-06 -1.503599787955089164e-07 -1.351469934105086391e-06 -3.098971087996010096e-06 -6.822162886093066823e-06 -1.036503984525847918e-05 -1.169191673386455917e-05 -1.179951150796507523e-05 -1.962848158966114077e-05
-6.219630604661475321e-06 1.670916437173644694e-06 7.677526509513207624e-07 -5.011804736856381914e-07 -2.901354901110606052e-06 1.788245559952678363e-06 2.044890479254324587e-06 8.490610168848048864e-07 1.089714849624484247e-06 2.892784802920743232e-07 1.025930366072424553e-07 -1.967175853703300888e-07 -3.944843927774494220e-07 -3.930139965608412005e-07 1.090971775274765856e-06 4.316214006865609705e-06 1.004494931785507153e-05 9.428504196951262889e-06 4.328169397881030488e-06 -1.647834010040975689e-06
2.167615889198171716e-07 1.880518736471303135e-06 1.893603319115896591e-06 -2.153561984557825584e-06 2.597559458405705932e-06 4.395736180759554415e-06 4.859019140210371598e-06 6.537726039841995016e-06 7.532213107409647865e-06 7.799845668877645051e-06 9.315565737193689247e-06 1.400405516050077378e-05 1.831426945514850265e-05 2.433934708477625928e-05 2.936514394880708861e-05 3.457199150685265961e-05 4.648927677069445856e-05 6.044606834783371690e-05 7.303609315427853131e-05 8.164876599857640558e-05
7.045730086259704770e-06 2.892036643302254866e-06 -4.276207232051721213e-07 -3.219045507622080501e-06 1.184339873113672608e-06 2.397597277193787054e-06 1.082865324904553724e-06 3.329754041501614939e-06 3.567763334372636201e-06 5.641414316771203748e-06 7.150395929711639945e-06 7.621154209346560350e-06 9.297910229619566589e-06 1.080124162108611204e-05 1.412249041421822878e-05 1.839348109985709432e-05 3.139450341300993851e-05 5.271921358322308968e-05 8.210319960582871540e-05 1.225552148375550756e-04
-5.598031547299753738e-06 -2.381206804869590996e-06 4.621642025504356681e-06 -1.264337150528412811e-07 3.663041811650974322e-07 -5.685857556456387323e-07 -1.021285014947025320e-06 -6.469519231913420896e-07 -5.993777854029716330e-08 -5.528483878449175910e-07 7.173329212716567505e-09 -6.716267771424139203e-08 -5.746169417626013522e-07 -1.288601973806281869e-06 3.418081101854873391e-07 3.929399309246677966e-06 1.014274329471119684e-05 1.206359059757532393e-05 1.009440141343973145e-05 7.956204341277236131e-06
2.908631146784866758e-06 -8.830899313261728694e-07 3.477891104113920112e-06 5.885700099311506396e-06 4.554708546772973011e-07 1.103909978565625431e-06 -1.193062445406608736e-06 -1.995536409027706908e-06 -1.981701671628073068e-06 -1.230099410611261181e-06 -2.679201691274692364e-06 -2.757837041062024931e-06 -3.897572923719049546e-06 -3.311785944729861651e-06 -3.342075431351781752e-06 -6.207286550197251498e-06 -9.190310747823547305e-06 -1.113911249147645550e-05 -1.364487831288083179e-05 -1.373232841111852579e-05
-1.048885392382639118e-07 -8.857004535513081214e-07 -7.372844920595316834e-07 -2.011371629813036245e-06 -1.802497154964795673e-06 -4.774596128222215205e-06 -8.974723451771046749e-07 -7.871343104413075525e-07 1.526711007367861000e-07 4.298975197157530492e-08 -1.895206130027896268e-06 -4.029561063620813982e-07 1.455048102886235372e-06 9.244959869075645133e-07 1.025729490984366439e-06 -6.004380658779140915e-07 -2.192059005144189988e-06 -1.654016373277090056e-06 -1.242793734380559746e-06 -6.575943729420601544e-06
7.253080829773303895e-07 2.296757055098602197e-06 -8.683057643623068660e-07 -8.001963725027078605e-07 1.575155555594852393e-07 -9.096896805409015741e-07 -1.059898461488319825e-06 -5.510265828526337083e-07 -1.757483988416019861e-06 -1.718096690657879872e-06 -4.473821746484892642e-06 -5.842727126922819015e-06 -9.076419143207289843e-06 -1.079977837593004507e-05 -1.003414005488058140e-05 -1.054339662427659285e-05 -1.229063571330086437e-05 -1.369134124159664206e-05 -1.764100076512512485e-05 -2.577383023560007554e-05
3.537766877498058180e-06 -1.725405734368392919e-06 3.388782611261508912e-06 5.545435632958037001e-07 -4.135377262502634999e-07 4.286113477624642650e-07 -6.571386566852502517e-07 -1.717645126953326562e-06 -2.161777761210572288e-06 -3.693714426860979259e-06 -3.661601802118518746e-06 -3.109442761720871452e-06 -1.923092657776779823e-06 -1.259201498867763953e-06 5.721591768431045523e-07 2.601326062968113736e-07 -5.717810058232345985e-07 -1.243906088203414244e-06 2.246552361624748312e-06 4.417223579082068933e-06
8.765515371792130959e-06 -8.508792752726255715e-07 3.762493938777832270e-06 -9.685279665172829527e-07 5.430645946886599502e-07 -1.365484067831147273e-06 -1.701675204205536563e-07 5.081806857824607520e-07 9.332983638692333006e-08 1.583921710161631006e-06 1.044941626395380958e-06 -6.317092239266754555e-07 -3.428560191695675566e-06 -6.130760270027209988e-06 -8.837740307869248815e-06 -1.027288281475892040e-05 -1.100519572346101541e-05 -1.464046679582536223e-05 -1.644125214103053169e-05 -2.043275109622082986e-05
-4.170996848872126260e-06 -2.361228114308875292e-06 -2.348826448993456650e-06 1.709106361422811918e-06 -1.107561650564327445e-06 -1.651445564532974184e-06 -3.224596338742216074e-06 -2.396109389790476015e-06 -4.424023517722120136e-06 -3.118099400837122869e-06 -4.961292820854057435e-06 -7.098405015093437649e-06 -7.062739203021507185e-06 -5.178065171011124504e-06 -4.407798975320636438e-06 -2.948217354746541861e-06 -9.077968812336831861e-07 2.082610610280127270e-06 6.360090637131064920e-06 1.029686024490800474e-05
