# th, randoms, err_randoms
2.805046135754908576e+00 4.365966322697956807e-08 5.218096950926204495e-07
3.531343861556885511e+00 -4.706053401379511609e-07 5.212097626799500108e-07
4.445698525097307119e+00 9.277418158976743877e-07 4.643175735778668426e-07
5.596802846420849242e+00 2.202573550372670961e-07 4.755243359156748176e-07
7.045957328161136068e+00 -2.433446357962263087e-07 4.725170456577039043e-07
8.870334730839386950e+00 -4.331379967993485484e-07 5.141148633546015563e-07
1.116708980377407912e+01 -1.949379694643939809e-07 5.594347935114759713e-07
1.405853312975872704e+01 -1.582906034802998289e-07 6.595133171866118629e-07
1.769864460960344488e+01 -3.442011133204466318e-08 7.572981934378093552e-07
2.228127345334364406e+01 -5.685142321960132697e-07 9.712776783605938307e-07
2.805046135754909287e+01 -5.946451699573700460e-07 1.224412280932585554e-06
3.531343861556886310e+01 -5.410202366225103663e-07 1.584931637821644777e-06
4.445698525097307652e+01 -4.632699375445907559e-07 2.001158824468326769e-06
5.596802846420851552e+01 -5.803337105258504091e-07 2.512095119626921091e-06
7.045957328161136957e+01 -7.625005518386467839e-07 3.191117877401247744e-06
8.870334730839388726e+01 -6.733891201336271840e-07 3.898537913322485581e-06
1.116708980377408125e+02 -1.302210678077410112e-07 5.017600881098770133e-06
1.405853312975872882e+02 -8.123904929513465059e-08 6.679221402294440365e-06
1.769864460960346548e+02 -5.556796217575755859e-07 8.589986895986910617e-06
2.228127345334363838e+02 -9.727657255505141337e-07 1.092823663129765864e-05
