# th, gt_boosted, err_gt_boosted
2.805046135754908576e+00 2.445142048697825803e-05 2.024284031101089600e-06
3.531343861556885511e+00 1.971476161500385643e-05 1.878485747847666911e-06
4.445698525097307119e+00 1.429845562442324325e-05 1.555843044849400475e-06
5.596802846420849242e+00 1.024523338887409667e-05 1.561867998785136213e-06
7.045957328161136068e+00 9.005329602762024308e-06 1.572636405628737960e-06
8.870334730839386950e+00 7.095872871173203478e-06 1.452422516977315932e-06
1.116708980377407912e+01 5.649011744247745145e-06 1.450497847303488779e-06
1.405853312975872704e+01 5.217141241926576526e-06 1.521373323291846109e-06
1.769864460960344488e+01 3.230516480332455656e-06 1.450609302075849471e-06
2.228127345334364406e+01 3.194109047324870953e-06 1.517814785636043238e-06
2.805046135754909287e+01 2.370767236978667345e-06 1.517508171474249271e-06
3.531343861556886310e+01 2.056192640960869396e-06 1.500301073940979313e-06
4.445698525097307652e+01 3.973519339971420694e-06 1.629456935754014734e-06
5.596802846420851552e+01 3.709454749362183117e-06 1.708850894466496427e-06
7.045957328161136957e+01 9.475378443966107772e-07 1.750193825926388005e-06
8.870334730839388726e+01 2.242045828226965545e-06 1.907294927459126645e-06
1.116708980377408125e+02 3.464607669688213013e-06 1.872448137690719879e-06
1.405853312975872882e+02 3.589414208606920041e-06 1.871377178772167940e-06
1.769864460960346548e+02 2.235121660598340480e-06 1.597489922857215370e-06
2.228127345334363838e+02 1.909096115292971813e-06 1.676475604233866196e-06
