# npairs for all jackknife regions
1.322187000000000000e+06 2.097237000000000000e+06 3.320296000000000000e+06 5.260963000000000000e+06 8.336040000000000000e+06 1.321424300000000000e+07 2.092896300000000000e+07 3.315879300000000000e+07 5.253399300000000000e+07 8.326254600000000000e+07 1.318883510000000000e+08 2.090375200000000000e+08 3.310300360000000000e+08 5.244241810000000000e+08 8.319574060000000000e+08 1.321857475000000000e+09 2.103782856000000000e+09 3.359380835000000000e+09 5.363900691000000000e+09 8.540122458000000000e+09
1.388412000000000000e+06 2.199668000000000000e+06 3.482801000000000000e+06 5.517265000000000000e+06 8.747743000000000000e+06 1.386314200000000000e+07 2.199696900000000000e+07 3.483932100000000000e+07 5.523196000000000000e+07 8.746057500000000000e+07 1.385301390000000000e+08 2.193940560000000000e+08 3.474534080000000000e+08 5.501900750000000000e+08 8.719134320000000000e+08 1.382885885000000000e+09 2.188693547000000000e+09 3.459411680000000000e+09 5.461479829000000000e+09 8.569276289000000000e+09
1.009465000000000000e+06 1.595810000000000000e+06 2.533835000000000000e+06 4.014149000000000000e+06 6.363117000000000000e+06 1.008927200000000000e+07 1.598548800000000000e+07 2.533447400000000000e+07 4.009823100000000000e+07 6.346317300000000000e+07 1.004152430000000000e+08 1.586666950000000000e+08 2.505509870000000000e+08 3.957728620000000000e+08 6.256702410000000000e+08 9.908902260000000000e+08 1.569129009000000000e+09 2.483969852000000000e+09 3.942064693000000000e+09 6.236932118000000000e+09
1.176106000000000000e+06 1.861105000000000000e+06 2.947984000000000000e+06 4.679629000000000000e+06 7.418136000000000000e+06 1.174749200000000000e+07 1.861597100000000000e+07 2.948503100000000000e+07 4.674183500000000000e+07 7.410258800000000000e+07 1.173852080000000000e+08 1.859868880000000000e+08 2.948987540000000000e+08 4.679688450000000000e+08 7.440945570000000000e+08 1.182550317000000000e+09 1.878513394000000000e+09 2.986470861000000000e+09 4.767602737000000000e+09 7.624073729000000000e+09
1.374854000000000000e+06 2.178126000000000000e+06 3.454923000000000000e+06 5.471979000000000000e+06 8.670569000000000000e+06 1.374280100000000000e+07 2.178082100000000000e+07 3.452634900000000000e+07 5.470081300000000000e+07 8.662277800000000000e+07 1.371663940000000000e+08 2.172635670000000000e+08 3.441938050000000000e+08 5.451756970000000000e+08 8.638972990000000000e+08 1.369064246000000000e+09 2.168223241000000000e+09 3.431913701000000000e+09 5.428852892000000000e+09 8.591405606000000000e+09
8.266480000000000000e+05 1.306974000000000000e+06 2.073479000000000000e+06 3.289147000000000000e+06 5.213847000000000000e+06 8.257850000000000000e+06 1.308611000000000000e+07 2.074080000000000000e+07 3.289303300000000000e+07 5.217096000000000000e+07 8.276769500000000000e+07 1.311974840000000000e+08 2.080606840000000000e+08 3.293919420000000000e+08 5.210206200000000000e+08 8.236614680000000000e+08 1.298769485000000000e+09 2.050424961000000000e+09 3.240700974000000000e+09 5.079424767000000000e+09
1.143350000000000000e+06 1.807826000000000000e+06 2.868274000000000000e+06 4.547443000000000000e+06 7.208671000000000000e+06 1.142214900000000000e+07 1.810614500000000000e+07 2.867380500000000000e+07 4.541878600000000000e+07 7.187171900000000000e+07 1.136682460000000000e+08 1.798519530000000000e+08 2.847902010000000000e+08 4.510650430000000000e+08 7.150270760000000000e+08 1.133680607000000000e+09 1.797498266000000000e+09 2.854183803000000000e+09 4.549321365000000000e+09 7.253349229000000000e+09
1.122048000000000000e+06 1.778986000000000000e+06 2.818585000000000000e+06 4.466238000000000000e+06 7.085011000000000000e+06 1.122187900000000000e+07 1.777740600000000000e+07 2.814461300000000000e+07 4.459574800000000000e+07 7.059969400000000000e+07 1.118088050000000000e+08 1.772308050000000000e+08 2.807534310000000000e+08 4.445202820000000000e+08 7.039997590000000000e+08 1.116366091000000000e+09 1.768870789000000000e+09 2.793270567000000000e+09 4.396089815000000000e+09 6.873683730000000000e+09
1.424513000000000000e+06 2.259285000000000000e+06 3.579226000000000000e+06 5.666385000000000000e+06 8.972761000000000000e+06 1.420664900000000000e+07 2.247215100000000000e+07 3.552012900000000000e+07 5.611758500000000000e+07 8.864396000000000000e+07 1.397892240000000000e+08 2.201552740000000000e+08 3.462629770000000000e+08 5.441820640000000000e+08 8.528062530000000000e+08 1.329582693000000000e+09 2.059226751000000000e+09 3.168904639000000000e+09 4.833882756000000000e+09 7.304004590000000000e+09
1.373528000000000000e+06 2.171330000000000000e+06 3.441854000000000000e+06 5.443939000000000000e+06 8.623787000000000000e+06 1.363576500000000000e+07 2.159376900000000000e+07 3.414102600000000000e+07 5.395070400000000000e+07 8.522129300000000000e+07 1.344262650000000000e+08 2.117901250000000000e+08 3.334325410000000000e+08 5.230172800000000000e+08 8.186907190000000000e+08 1.276386920000000000e+09 1.982793187000000000e+09 3.055968564000000000e+09 4.641659093000000000e+09 6.918034139000000000e+09
1.371087000000000000e+06 2.171913000000000000e+06 3.439839000000000000e+06 5.454527000000000000e+06 8.650414000000000000e+06 1.370991700000000000e+07 2.174441200000000000e+07 3.444870100000000000e+07 5.460622800000000000e+07 8.654816300000000000e+07 1.372422250000000000e+08 2.176641700000000000e+08 3.453505790000000000e+08 5.480704310000000000e+08 8.701722300000000000e+08 1.380919848000000000e+09 2.195202292000000000e+09 3.497304223000000000e+09 5.573679022000000000e+09 8.870209172000000000e+09
1.377554000000000000e+06 2.184786000000000000e+06 3.458444000000000000e+06 5.486767000000000000e+06 8.699435000000000000e+06 1.378645200000000000e+07 2.185950900000000000e+07 3.468529700000000000e+07 5.503013300000000000e+07 8.721638300000000000e+07 1.381723730000000000e+08 2.187049120000000000e+08 3.461824500000000000e+08 5.476575130000000000e+08 8.662116370000000000e+08 1.370365749000000000e+09 2.170433292000000000e+09 3.452681166000000000e+09 5.504205684000000000e+09 8.764836631000000000e+09
1.055342000000000000e+06 1.677812000000000000e+06 2.655112000000000000e+06 4.204608000000000000e+06 6.668574000000000000e+06 1.055233700000000000e+07 1.671341900000000000e+07 2.648412300000000000e+07 4.196755900000000000e+07 6.642273700000000000e+07 1.052829760000000000e+08 1.670718730000000000e+08 2.652421150000000000e+08 4.217166030000000000e+08 6.715699940000000000e+08 1.068842058000000000e+09 1.702701556000000000e+09 2.707334860000000000e+09 4.305144493000000000e+09 6.849372584000000000e+09
1.148945000000000000e+06 1.820537000000000000e+06 2.884935000000000000e+06 4.568981000000000000e+06 7.243569000000000000e+06 1.149033400000000000e+07 1.820458200000000000e+07 2.886118200000000000e+07 4.570944800000000000e+07 7.244750100000000000e+07 1.148176340000000000e+08 1.819682260000000000e+08 2.884592920000000000e+08 4.568907590000000000e+08 7.230301620000000000e+08 1.145751240000000000e+09 1.818165396000000000e+09 2.892748079000000000e+09 4.616456490000000000e+09 7.411017673000000000e+09
1.273205000000000000e+06 2.017661000000000000e+06 3.198821000000000000e+06 5.078090000000000000e+06 8.044801000000000000e+06 1.275262600000000000e+07 2.021323400000000000e+07 3.203729900000000000e+07 5.080823400000000000e+07 8.062224200000000000e+07 1.279280880000000000e+08 2.031479270000000000e+08 3.225632850000000000e+08 5.126525960000000000e+08 8.157915500000000000e+08 1.299952885000000000e+09 2.075051115000000000e+09 3.314824778000000000e+09 5.314535169000000000e+09 8.563754442000000000e+09
1.434144000000000000e+06 2.270389000000000000e+06 3.601677000000000000e+06 5.703989000000000000e+06 9.037224000000000000e+06 1.433973700000000000e+07 2.270437500000000000e+07 3.599365900000000000e+07 5.705324000000000000e+07 9.045281600000000000e+07 1.434385680000000000e+08 2.274544850000000000e+08 3.604874440000000000e+08 5.712231020000000000e+08 9.055070780000000000e+08 1.435891846000000000e+09 2.277713408000000000e+09 3.614839848000000000e+09 5.725016894000000000e+09 9.046122853000000000e+09
1.430720000000000000e+06 2.267697000000000000e+06 3.591973000000000000e+06 5.690456000000000000e+06 9.017042000000000000e+06 1.428622900000000000e+07 2.266248900000000000e+07 3.592200900000000000e+07 5.692640800000000000e+07 9.026661000000000000e+07 1.430481230000000000e+08 2.266868990000000000e+08 3.593694640000000000e+08 5.695166350000000000e+08 9.021860550000000000e+08 1.430486302000000000e+09 2.269108845000000000e+09 3.593395764000000000e+09 5.679803087000000000e+09 8.955036866000000000e+09
1.005828000000000000e+06 1.588690000000000000e+06 2.519625000000000000e+06 3.984302000000000000e+06 6.304449000000000000e+06 9.964527000000000000e+06 1.573621400000000000e+07 2.481964900000000000e+07 3.911096200000000000e+07 6.157083000000000000e+07 9.670183800000000000e+07 1.515447200000000000e+08 2.365875930000000000e+08 3.671861490000000000e+08 5.671454000000000000e+08 8.683193960000000000e+08 1.315446177000000000e+09 1.964586603000000000e+09 2.887615231000000000e+09 4.136672312000000000e+09
1.159633000000000000e+06 1.835992000000000000e+06 2.904283000000000000e+06 4.608217000000000000e+06 7.289218000000000000e+06 1.153138800000000000e+07 1.822287700000000000e+07 2.880524600000000000e+07 4.549271100000000000e+07 7.184396900000000000e+07 1.132163220000000000e+08 1.782701300000000000e+08 2.806538400000000000e+08 4.412282620000000000e+08 6.917819760000000000e+08 1.079263990000000000e+09 1.675303774000000000e+09 2.588418797000000000e+09 3.961860821000000000e+09 5.994138071000000000e+09
1.663202000000000000e+06 2.639942000000000000e+06 4.178796000000000000e+06 6.629660000000000000e+06 1.049366000000000000e+07 1.661523200000000000e+07 2.633937100000000000e+07 4.173779900000000000e+07 6.608678600000000000e+07 1.046886560000000000e+08 1.657679690000000000e+08 2.624891650000000000e+08 4.151929750000000000e+08 6.569295280000000000e+08 1.039739699000000000e+09 1.644167846000000000e+09 2.596523582000000000e+09 4.100799200000000000e+09 6.484074925000000000e+09 1.023464334900000000e+10
1.380104000000000000e+06 2.188957000000000000e+06 3.461190000000000000e+06 5.495818000000000000e+06 8.700691000000000000e+06 1.378529900000000000e+07 2.184960800000000000e+07 3.462712700000000000e+07 5.483195700000000000e+07 8.684382800000000000e+07 1.374779720000000000e+08 2.178069780000000000e+08 3.452462930000000000e+08 5.467590170000000000e+08 8.647285100000000000e+08 1.365160705000000000e+09 2.154562347000000000e+09 3.386152965000000000e+09 5.309258689000000000e+09 8.323143685000000000e+09
1.380623000000000000e+06 2.187237000000000000e+06 3.463105000000000000e+06 5.487263000000000000e+06 8.700299000000000000e+06 1.377542600000000000e+07 2.183608800000000000e+07 3.456973300000000000e+07 5.474232700000000000e+07 8.670520400000000000e+07 1.371802150000000000e+08 2.170457920000000000e+08 3.434416880000000000e+08 5.438432740000000000e+08 8.609133840000000000e+08 1.362979769000000000e+09 2.160100741000000000e+09 3.423092995000000000e+09 5.433254318000000000e+09 8.609615029000000000e+09
1.361953000000000000e+06 2.160898000000000000e+06 3.419777000000000000e+06 5.411682000000000000e+06 8.560597000000000000e+06 1.353930900000000000e+07 2.140892200000000000e+07 3.382094000000000000e+07 5.337621100000000000e+07 8.415275700000000000e+07 1.324799970000000000e+08 2.082640220000000000e+08 3.266512930000000000e+08 5.107463390000000000e+08 7.966530780000000000e+08 1.238306834000000000e+09 1.915619645000000000e+09 2.947354065000000000e+09 4.482530392000000000e+09 6.721570644000000000e+09
1.459940000000000000e+06 2.315779000000000000e+06 3.665256000000000000e+06 5.815121000000000000e+06 9.217428000000000000e+06 1.461739100000000000e+07 2.317259200000000000e+07 3.673109300000000000e+07 5.823337600000000000e+07 9.227325500000000000e+07 1.461751660000000000e+08 2.312959190000000000e+08 3.654991990000000000e+08 5.773099150000000000e+08 9.102227230000000000e+08 1.431876881000000000e+09 2.245419902000000000e+09 3.514444492000000000e+09 5.500511836000000000e+09 8.566909366000000000e+09
1.285556000000000000e+06 2.039883000000000000e+06 3.235784000000000000e+06 5.124030000000000000e+06 8.121354000000000000e+06 1.287737500000000000e+07 2.041370700000000000e+07 3.239879000000000000e+07 5.133267800000000000e+07 8.136824900000000000e+07 1.289576040000000000e+08 2.043959080000000000e+08 3.234607850000000000e+08 5.109668880000000000e+08 8.064878210000000000e+08 1.275061779000000000e+09 2.015896869000000000e+09 3.190260368000000000e+09 5.036259645000000000e+09 7.909795286000000000e+09
1.184485000000000000e+06 1.882165000000000000e+06 2.981877000000000000e+06 4.730935000000000000e+06 7.491243000000000000e+06 1.187518900000000000e+07 1.884019700000000000e+07 2.985947500000000000e+07 4.741174600000000000e+07 7.521000000000000000e+07 1.193770240000000000e+08 1.894703060000000000e+08 3.010486710000000000e+08 4.790294670000000000e+08 7.620130700000000000e+08 1.214195102000000000e+09 1.940552666000000000e+09 3.114257336000000000e+09 4.983314818000000000e+09 7.958454148000000000e+09
1.120219000000000000e+06 1.776845000000000000e+06 2.811200000000000000e+06 4.445271000000000000e+06 7.041443000000000000e+06 1.113098000000000000e+07 1.761154200000000000e+07 2.783129400000000000e+07 4.390506400000000000e+07 6.924614900000000000e+07 1.090520290000000000e+08 1.715376850000000000e+08 2.692483690000000000e+08 4.207617200000000000e+08 6.550548040000000000e+08 1.015058437000000000e+09 1.565904515000000000e+09 2.405769477000000000e+09 3.675174747000000000e+09 5.564067145000000000e+09
1.455219000000000000e+06 2.307289000000000000e+06 3.648850000000000000e+06 5.777243000000000000e+06 9.151760000000000000e+06 1.447863000000000000e+07 2.290294600000000000e+07 3.623595800000000000e+07 5.725641400000000000e+07 9.045163500000000000e+07 1.428671400000000000e+08 2.254371930000000000e+08 3.551960560000000000e+08 5.583335830000000000e+08 8.753397830000000000e+08 1.366822219000000000e+09 2.119595906000000000e+09 3.267377075000000000e+09 4.998418231000000000e+09 7.536514818000000000e+09
1.316580000000000000e+06 2.089128000000000000e+06 3.307737000000000000e+06 5.246133000000000000e+06 8.317842000000000000e+06 1.319656700000000000e+07 2.088663600000000000e+07 3.312266100000000000e+07 5.250839100000000000e+07 8.322312900000000000e+07 1.320153740000000000e+08 2.094516530000000000e+08 3.319853680000000000e+08 5.258331850000000000e+08 8.332051240000000000e+08 1.324617448000000000e+09 2.106986644000000000e+09 3.329986916000000000e+09 5.231053613000000000e+09 8.202884048000000000e+09
1.183909000000000000e+06 1.875243000000000000e+06 2.970883000000000000e+06 4.713823000000000000e+06 7.470860000000000000e+06 1.184824500000000000e+07 1.876716900000000000e+07 2.974711000000000000e+07 4.718358200000000000e+07 7.482804800000000000e+07 1.186694420000000000e+08 1.880789280000000000e+08 2.979315430000000000e+08 4.718761770000000000e+08 7.471288850000000000e+08 1.183598677000000000e+09 1.880544848000000000e+09 3.003828637000000000e+09 4.806557043000000000e+09 7.677348468000000000e+09
1.201755000000000000e+06 1.902795000000000000e+06 3.008986000000000000e+06 4.764460000000000000e+06 7.528417000000000000e+06 1.191043300000000000e+07 1.884618600000000000e+07 2.977741200000000000e+07 4.694452500000000000e+07 7.402547800000000000e+07 1.166050500000000000e+08 1.833199050000000000e+08 2.876975680000000000e+08 4.500692200000000000e+08 7.023292240000000000e+08 1.092674253000000000e+09 1.688501340000000000e+09 2.589945404000000000e+09 3.938619242000000000e+09 5.911814237000000000e+09
1.293365000000000000e+06 2.048324000000000000e+06 3.245625000000000000e+06 5.146226000000000000e+06 8.154368000000000000e+06 1.292009500000000000e+07 2.047833800000000000e+07 3.245763500000000000e+07 5.140796700000000000e+07 8.152348200000000000e+07 1.291771770000000000e+08 2.046852440000000000e+08 3.239637480000000000e+08 5.123904000000000000e+08 8.094535110000000000e+08 1.274840672000000000e+09 2.003012719000000000e+09 3.137362870000000000e+09 4.912620012000000000e+09 7.707669784000000000e+09
1.228921000000000000e+06 1.947200000000000000e+06 3.083416000000000000e+06 4.892893000000000000e+06 7.750322000000000000e+06 1.227679100000000000e+07 1.943903700000000000e+07 3.080500300000000000e+07 4.875895700000000000e+07 7.721336000000000000e+07 1.223455120000000000e+08 1.939636770000000000e+08 3.075015030000000000e+08 4.874423810000000000e+08 7.736795220000000000e+08 1.228840264000000000e+09 1.956873602000000000e+09 3.127012955000000000e+09 5.015417768000000000e+09 8.080475428000000000e+09
9.373800000000000000e+05 1.488866000000000000e+06 2.358000000000000000e+06 3.732208000000000000e+06 5.908259000000000000e+06 9.378973000000000000e+06 1.487598200000000000e+07 2.358919100000000000e+07 3.740531700000000000e+07 5.929350400000000000e+07 9.413932000000000000e+07 1.493813850000000000e+08 2.367686170000000000e+08 3.748413130000000000e+08 5.930317140000000000e+08 9.369651110000000000e+08 1.479244781000000000e+09 2.329307579000000000e+09 3.677260323000000000e+09 5.827039941000000000e+09
1.323506000000000000e+06 2.096763000000000000e+06 3.328741000000000000e+06 5.275772000000000000e+06 8.361231000000000000e+06 1.325229300000000000e+07 2.101636500000000000e+07 3.332286200000000000e+07 5.284466700000000000e+07 8.377607100000000000e+07 1.329716620000000000e+08 2.112036400000000000e+08 3.349822600000000000e+08 5.312217930000000000e+08 8.401662030000000000e+08 1.325793338000000000e+09 2.087237939000000000e+09 3.285218054000000000e+09 5.183163433000000000e+09 8.176509144000000000e+09
1.709660000000000000e+06 2.709224000000000000e+06 4.295853000000000000e+06 6.801038000000000000e+06 1.075006600000000000e+07 1.701465400000000000e+07 2.693892400000000000e+07 4.259348300000000000e+07 6.731319300000000000e+07 1.063061730000000000e+08 1.677976990000000000e+08 2.645162880000000000e+08 4.160612950000000000e+08 6.531830980000000000e+08 1.023448783000000000e+09 1.598226482000000000e+09 2.482410266000000000e+09 3.821434691000000000e+09 5.824664419000000000e+09 8.778274004000000000e+09
1.094215000000000000e+06 1.736488000000000000e+06 2.755604000000000000e+06 4.365269000000000000e+06 6.917752000000000000e+06 1.097283500000000000e+07 1.737289300000000000e+07 2.750428100000000000e+07 4.357203700000000000e+07 6.904253700000000000e+07 1.094524680000000000e+08 1.735406680000000000e+08 2.753639080000000000e+08 4.370806830000000000e+08 6.935098520000000000e+08 1.102063988000000000e+09 1.754481123000000000e+09 2.796906051000000000e+09 4.463863583000000000e+09 7.107653289000000000e+09
1.117388000000000000e+06 1.769074000000000000e+06 2.808600000000000000e+06 4.444001000000000000e+06 7.045933000000000000e+06 1.116891900000000000e+07 1.770338500000000000e+07 2.805749400000000000e+07 4.446755900000000000e+07 7.046728200000000000e+07 1.115775280000000000e+08 1.766603650000000000e+08 2.798447670000000000e+08 4.431073250000000000e+08 7.009765250000000000e+08 1.109650320000000000e+09 1.761265205000000000e+09 2.802707347000000000e+09 4.461782111000000000e+09 7.083222364000000000e+09
1.057618000000000000e+06 1.673045000000000000e+06 2.649131000000000000e+06 4.187258000000000000e+06 6.626506000000000000e+06 1.048862900000000000e+07 1.658039700000000000e+07 2.620450500000000000e+07 4.135869900000000000e+07 6.521785400000000000e+07 1.027679100000000000e+08 1.616414500000000000e+08 2.535419400000000000e+08 3.966572860000000000e+08 6.188156010000000000e+08 9.612329990000000000e+08 1.482807128000000000e+09 2.269131957000000000e+09 3.433807089000000000e+09 5.095021418000000000e+09
1.340769000000000000e+06 2.122374000000000000e+06 3.362127000000000000e+06 5.327360000000000000e+06 8.436980000000000000e+06 1.336738600000000000e+07 2.120790300000000000e+07 3.361322300000000000e+07 5.323336500000000000e+07 8.430710800000000000e+07 1.333619020000000000e+08 2.106795720000000000e+08 3.326139340000000000e+08 5.240036820000000000e+08 8.234869140000000000e+08 1.291987138000000000e+09 2.021316081000000000e+09 3.147987105000000000e+09 4.869346785000000000e+09 7.478257478000000000e+09
1.166398000000000000e+06 1.846532000000000000e+06 2.925038000000000000e+06 4.630946000000000000e+06 7.326300000000000000e+06 1.159697900000000000e+07 1.834128100000000000e+07 2.898765500000000000e+07 4.577804800000000000e+07 7.228111900000000000e+07 1.139739260000000000e+08 1.790951440000000000e+08 2.808450060000000000e+08 4.392702900000000000e+08 6.837931160000000000e+08 1.058914494000000000e+09 1.628284390000000000e+09 2.482460244000000000e+09 3.749585605000000000e+09 5.550847497000000000e+09
1.466241000000000000e+06 2.324634000000000000e+06 3.689013000000000000e+06 5.844788000000000000e+06 9.270204000000000000e+06 1.467572500000000000e+07 2.327857900000000000e+07 3.692160500000000000e+07 5.846132000000000000e+07 9.262254300000000000e+07 1.467782370000000000e+08 2.322520280000000000e+08 3.678009330000000000e+08 5.825729860000000000e+08 9.222161190000000000e+08 1.457536973000000000e+09 2.300475937000000000e+09 3.621207700000000000e+09 5.704247233000000000e+09 8.975743583000000000e+09
1.054293000000000000e+06 1.671178000000000000e+06 2.647406000000000000e+06 4.202172000000000000e+06 6.664096000000000000e+06 1.055477500000000000e+07 1.672798700000000000e+07 2.653624900000000000e+07 4.211499800000000000e+07 6.675407000000000000e+07 1.058444250000000000e+08 1.680864190000000000e+08 2.669049180000000000e+08 4.231461940000000000e+08 6.707689250000000000e+08 1.063670326000000000e+09 1.687601651000000000e+09 2.678284898000000000e+09 4.266762856000000000e+09 6.802911048000000000e+09
7.289900000000000000e+05 1.157198000000000000e+06 1.831396000000000000e+06 2.905591000000000000e+06 4.609500000000000000e+06 7.295066000000000000e+06 1.156551400000000000e+07 1.832578800000000000e+07 2.905193200000000000e+07 4.604989600000000000e+07 7.297485600000000000e+07 1.156719800000000000e+08 1.833836240000000000e+08 2.909459880000000000e+08 4.618636550000000000e+08 7.342914940000000000e+08 1.169405930000000000e+09 1.861487961000000000e+09 2.969581382000000000e+09 4.736031891000000000e+09
9.094300000000000000e+05 1.439656000000000000e+06 2.280626000000000000e+06 3.610505000000000000e+06 5.715142000000000000e+06 9.036566000000000000e+06 1.427015900000000000e+07 2.253594800000000000e+07 3.554894200000000000e+07 5.603420300000000000e+07 8.827682400000000000e+07 1.389770030000000000e+08 2.185237510000000000e+08 3.429162810000000000e+08 5.373195600000000000e+08 8.383636740000000000e+08 1.302666350000000000e+09 2.008907547000000000e+09 3.067818494000000000e+09 4.612506125000000000e+09
1.140683000000000000e+06 1.806245000000000000e+06 2.871889000000000000e+06 4.545717000000000000e+06 7.203757000000000000e+06 1.142275000000000000e+07 1.809580600000000000e+07 2.867750200000000000e+07 4.545146600000000000e+07 7.208556700000000000e+07 1.143798370000000000e+08 1.816321280000000000e+08 2.884141800000000000e+08 4.589494090000000000e+08 7.298675430000000000e+08 1.161155376000000000e+09 1.851675956000000000e+09 2.961098475000000000e+09 4.748347970000000000e+09 7.611594850000000000e+09
1.240211000000000000e+06 1.968191000000000000e+06 3.117149000000000000e+06 4.937673000000000000e+06 7.820215000000000000e+06 1.239395400000000000e+07 1.963217700000000000e+07 3.111473800000000000e+07 4.932288300000000000e+07 7.815547600000000000e+07 1.238697590000000000e+08 1.962222470000000000e+08 3.110918980000000000e+08 4.930973130000000000e+08 7.819475400000000000e+08 1.238898220000000000e+09 1.959864552000000000e+09 3.097487876000000000e+09 4.881563626000000000e+09 7.676247033000000000e+09
1.664225000000000000e+06 2.636037000000000000e+06 4.173356000000000000e+06 6.621393000000000000e+06 1.048805800000000000e+07 1.661978600000000000e+07 2.634377000000000000e+07 4.175346000000000000e+07 6.612608700000000000e+07 1.047561390000000000e+08 1.660396550000000000e+08 2.630833220000000000e+08 4.166196950000000000e+08 6.601921250000000000e+08 1.047025144000000000e+09 1.661073661000000000e+09 2.639609629000000000e+09 4.197163385000000000e+09 6.649026342000000000e+09 1.048350196000000000e+10
1.183810000000000000e+06 1.875170000000000000e+06 2.970888000000000000e+06 4.713542000000000000e+06 7.468430000000000000e+06 1.183666900000000000e+07 1.876330700000000000e+07 2.971727300000000000e+07 4.707622700000000000e+07 7.455001100000000000e+07 1.180981630000000000e+08 1.870692230000000000e+08 2.961986430000000000e+08 4.686301650000000000e+08 7.410337560000000000e+08 1.170638471000000000e+09 1.850071326000000000e+09 2.919497026000000000e+09 4.599377256000000000e+09 7.269095157000000000e+09
7.500910000000000000e+05 1.193357000000000000e+06 1.887900000000000000e+06 2.992681000000000000e+06 4.742546000000000000e+06 7.515697000000000000e+06 1.191309500000000000e+07 1.886804100000000000e+07 2.987214600000000000e+07 4.731713800000000000e+07 7.505808100000000000e+07 1.189733270000000000e+08 1.887065160000000000e+08 2.993700300000000000e+08 4.744168020000000000e+08 7.530586860000000000e+08 1.199918523000000000e+09 1.917402790000000000e+09 3.062853993000000000e+09 4.900801277000000000e+09
1.102871000000000000e+06 1.749899000000000000e+06 2.771662000000000000e+06 4.392351000000000000e+06 6.956468000000000000e+06 1.103038900000000000e+07 1.748128700000000000e+07 2.768741100000000000e+07 4.386862000000000000e+07 6.957192900000000000e+07 1.103804170000000000e+08 1.752061650000000000e+08 2.782163380000000000e+08 4.414287220000000000e+08 6.986786530000000000e+08 1.102494511000000000e+09 1.734516653000000000e+09 2.728176014000000000e+09 4.282418058000000000e+09 6.709103409000000000e+09
1.436311000000000000e+06 2.273181000000000000e+06 3.598633000000000000e+06 5.694215000000000000e+06 9.020963000000000000e+06 1.427468500000000000e+07 2.257231200000000000e+07 3.564043000000000000e+07 5.633069600000000000e+07 8.893581700000000000e+07 1.402258620000000000e+08 2.208127020000000000e+08 3.468537720000000000e+08 5.438092900000000000e+08 8.499966110000000000e+08 1.324078559000000000e+09 2.054344605000000000e+09 3.165184010000000000e+09 4.828556854000000000e+09 7.276105865000000000e+09
1.387934000000000000e+06 2.196122000000000000e+06 3.479104000000000000e+06 5.511876000000000000e+06 8.740893000000000000e+06 1.384548000000000000e+07 2.193356100000000000e+07 3.476366500000000000e+07 5.511534700000000000e+07 8.737473200000000000e+07 1.385967790000000000e+08 2.198869960000000000e+08 3.489955170000000000e+08 5.542511750000000000e+08 8.807566030000000000e+08 1.400420841000000000e+09 2.224944118000000000e+09 3.535637404000000000e+09 5.624413383000000000e+09 8.942247182000000000e+09
8.257800000000000000e+05 1.307246000000000000e+06 2.067869000000000000e+06 3.271383000000000000e+06 5.172609000000000000e+06 8.170750000000000000e+06 1.291033000000000000e+07 2.033953000000000000e+07 3.205605900000000000e+07 5.044938800000000000e+07 7.922237900000000000e+07 1.240467990000000000e+08 1.936870160000000000e+08 3.013757790000000000e+08 4.670289480000000000e+08 7.187687840000000000e+08 1.099305482000000000e+09 1.669259839000000000e+09 2.508756863000000000e+09 3.683047835000000000e+09
1.252813000000000000e+06 1.986305000000000000e+06 3.150187000000000000e+06 4.982993000000000000e+06 7.904567000000000000e+06 1.253609900000000000e+07 1.987128800000000000e+07 3.149521500000000000e+07 4.990283400000000000e+07 7.911156700000000000e+07 1.254512280000000000e+08 1.989753040000000000e+08 3.154153250000000000e+08 4.997550540000000000e+08 7.920902810000000000e+08 1.256094856000000000e+09 1.998676089000000000e+09 3.176762442000000000e+09 5.034130074000000000e+09 7.991979255000000000e+09
1.188149000000000000e+06 1.881306000000000000e+06 2.983477000000000000e+06 4.724422000000000000e+06 7.491429000000000000e+06 1.187410600000000000e+07 1.881543000000000000e+07 2.981129600000000000e+07 4.731092700000000000e+07 7.501840300000000000e+07 1.190052500000000000e+08 1.889505530000000000e+08 3.001684810000000000e+08 4.768849130000000000e+08 7.589378720000000000e+08 1.209538115000000000e+09 1.930932086000000000e+09 3.090121145000000000e+09 4.951968819000000000e+09 7.950675612000000000e+09
1.154087000000000000e+06 1.829405000000000000e+06 2.896306000000000000e+06 4.584468000000000000e+06 7.258838000000000000e+06 1.149269000000000000e+07 1.818006000000000000e+07 2.876977400000000000e+07 4.545499000000000000e+07 7.179188000000000000e+07 1.132105270000000000e+08 1.780701310000000000e+08 2.794265610000000000e+08 4.361707820000000000e+08 6.772365860000000000e+08 1.045524512000000000e+09 1.602365076000000000e+09 2.437275183000000000e+09 3.665058551000000000e+09 5.432444105000000000e+09
1.152393000000000000e+06 1.823570000000000000e+06 2.890423000000000000e+06 4.579315000000000000e+06 7.268562000000000000e+06 1.152064800000000000e+07 1.826971800000000000e+07 2.894359200000000000e+07 4.590619400000000000e+07 7.277493700000000000e+07 1.154984510000000000e+08 1.831402100000000000e+08 2.906394350000000000e+08 4.614225720000000000e+08 7.327084640000000000e+08 1.162714589000000000e+09 1.849412144000000000e+09 2.954933525000000000e+09 4.730635531000000000e+09 7.568440688000000000e+09
7.552720000000000000e+05 1.195646000000000000e+06 1.888448000000000000e+06 2.987088000000000000e+06 4.728171000000000000e+06 7.481873000000000000e+06 1.182552500000000000e+07 1.867411500000000000e+07 2.948079100000000000e+07 4.645164600000000000e+07 7.302785500000000000e+07 1.145923660000000000e+08 1.792942280000000000e+08 2.800279090000000000e+08 4.343677630000000000e+08 6.670899830000000000e+08 1.016411268000000000e+09 1.531779619000000000e+09 2.276077098000000000e+09 3.327252232000000000e+09
1.029714000000000000e+06 1.629308000000000000e+06 2.586305000000000000e+06 4.101076000000000000e+06 6.500893000000000000e+06 1.030811700000000000e+07 1.632722100000000000e+07 2.588389100000000000e+07 4.103048000000000000e+07 6.511604800000000000e+07 1.032280760000000000e+08 1.637300800000000000e+08 2.599992680000000000e+08 4.132799430000000000e+08 6.572439550000000000e+08 1.045641109000000000e+09 1.665701356000000000e+09 2.650296748000000000e+09 4.212697463000000000e+09 6.675911637000000000e+09
1.473386000000000000e+06 2.331983000000000000e+06 3.700558000000000000e+06 5.857827000000000000e+06 9.270017000000000000e+06 1.467049600000000000e+07 2.321147200000000000e+07 3.668924000000000000e+07 5.793361800000000000e+07 9.140944600000000000e+07 1.442206040000000000e+08 2.269890910000000000e+08 3.567233740000000000e+08 5.594081360000000000e+08 8.745555670000000000e+08 1.362492965000000000e+09 2.113773736000000000e+09 3.256202147000000000e+09 4.998637822000000000e+09 7.641615867000000000e+09
1.107983000000000000e+06 1.761856000000000000e+06 2.794925000000000000e+06 4.429230000000000000e+06 7.023471000000000000e+06 1.112868000000000000e+07 1.764278800000000000e+07 2.796319100000000000e+07 4.429672000000000000e+07 7.021343300000000000e+07 1.112912020000000000e+08 1.765232260000000000e+08 2.802070980000000000e+08 4.451720950000000000e+08 7.071393750000000000e+08 1.119877678000000000e+09 1.770832466000000000e+09 2.802055334000000000e+09 4.462389437000000000e+09 7.140011763000000000e+09
1.007986000000000000e+06 1.595288000000000000e+06 2.529307000000000000e+06 4.007266000000000000e+06 6.351021000000000000e+06 1.007525200000000000e+07 1.597560800000000000e+07 2.534969700000000000e+07 4.020536500000000000e+07 6.376153900000000000e+07 1.011141750000000000e+08 1.602215500000000000e+08 2.534831430000000000e+08 4.009467090000000000e+08 6.339278520000000000e+08 1.003050336000000000e+09 1.593251269000000000e+09 2.541042585000000000e+09 4.043028102000000000e+09 6.425448278000000000e+09
1.531694000000000000e+06 2.422797000000000000e+06 3.837317000000000000e+06 6.070258000000000000e+06 9.615257000000000000e+06 1.521282900000000000e+07 2.404993300000000000e+07 3.800218700000000000e+07 6.000848800000000000e+07 9.468765700000000000e+07 1.491085000000000000e+08 2.343033150000000000e+08 3.675579250000000000e+08 5.751941990000000000e+08 8.971786330000000000e+08 1.393878421000000000e+09 2.153980613000000000e+09 3.302922259000000000e+09 5.027397670000000000e+09 7.549731404000000000e+09
1.194543000000000000e+06 1.892081000000000000e+06 2.994801000000000000e+06 4.744557000000000000e+06 7.507467000000000000e+06 1.186029500000000000e+07 1.874485000000000000e+07 2.960260700000000000e+07 4.672222000000000000e+07 7.359633900000000000e+07 1.158245410000000000e+08 1.819460270000000000e+08 2.851320970000000000e+08 4.459659660000000000e+08 6.966835740000000000e+08 1.084754241000000000e+09 1.678952977000000000e+09 2.580043613000000000e+09 3.926825111000000000e+09 5.889231300000000000e+09
1.265367000000000000e+06 2.003145000000000000e+06 3.173357000000000000e+06 5.038010000000000000e+06 7.978645000000000000e+06 1.263759700000000000e+07 2.003395600000000000e+07 3.174539700000000000e+07 5.030734000000000000e+07 7.974044600000000000e+07 1.264686220000000000e+08 2.005984520000000000e+08 3.180558290000000000e+08 5.039730550000000000e+08 7.988355350000000000e+08 1.265577631000000000e+09 2.004502840000000000e+09 3.175796802000000000e+09 5.031437591000000000e+09 7.946924131000000000e+09
1.165328000000000000e+06 1.847569000000000000e+06 2.925966000000000000e+06 4.630478000000000000e+06 7.344010000000000000e+06 1.162508000000000000e+07 1.841614600000000000e+07 2.918510000000000000e+07 4.627446900000000000e+07 7.335112000000000000e+07 1.162570250000000000e+08 1.844405550000000000e+08 2.926004060000000000e+08 4.643849230000000000e+08 7.373891710000000000e+08 1.170923609000000000e+09 1.861224767000000000e+09 2.955566965000000000e+09 4.672162662000000000e+09 7.391478319000000000e+09
1.334990000000000000e+06 2.115389000000000000e+06 3.346503000000000000e+06 5.293956000000000000e+06 8.357650000000000000e+06 1.321557800000000000e+07 2.085962200000000000e+07 3.287459300000000000e+07 5.179860700000000000e+07 8.144218600000000000e+07 1.278822970000000000e+08 2.001740670000000000e+08 3.119056720000000000e+08 4.840169690000000000e+08 7.460601740000000000e+08 1.140672517000000000e+09 1.729983176000000000e+09 2.593663303000000000e+09 3.824950672000000000e+09 5.501653749000000000e+09
1.066673000000000000e+06 1.692287000000000000e+06 2.680365000000000000e+06 4.242162000000000000e+06 6.703016000000000000e+06 1.059692700000000000e+07 1.675133400000000000e+07 2.644008900000000000e+07 4.173001000000000000e+07 6.578061100000000000e+07 1.036246420000000000e+08 1.629219430000000000e+08 2.555888970000000000e+08 3.993369120000000000e+08 6.209638990000000000e+08 9.590926210000000000e+08 1.473880645000000000e+09 2.246466393000000000e+09 3.395366815000000000e+09 5.094097236000000000e+09
8.248690000000000000e+05 1.306250000000000000e+06 2.068691000000000000e+06 3.275439000000000000e+06 5.182415000000000000e+06 8.186714000000000000e+06 1.293709600000000000e+07 2.041433300000000000e+07 3.214958100000000000e+07 5.058548700000000000e+07 7.940003100000000000e+07 1.244331140000000000e+08 1.945284320000000000e+08 3.035804850000000000e+08 4.727156290000000000e+08 7.297848200000000000e+08 1.113384073000000000e+09 1.678915934000000000e+09 2.496542469000000000e+09 3.641726623000000000e+09
1.246870000000000000e+06 1.981142000000000000e+06 3.135442000000000000e+06 4.972825000000000000e+06 7.888424000000000000e+06 1.248602500000000000e+07 1.979158700000000000e+07 3.137762600000000000e+07 4.973644000000000000e+07 7.885478700000000000e+07 1.250603540000000000e+08 1.984123710000000000e+08 3.150470280000000000e+08 5.004100000000000000e+08 7.950053200000000000e+08 1.262084112000000000e+09 1.999332490000000000e+09 3.164687515000000000e+09 5.006323227000000000e+09 7.898805118000000000e+09
1.182393000000000000e+06 1.871666000000000000e+06 2.967948000000000000e+06 4.706108000000000000e+06 7.453442000000000000e+06 1.181224000000000000e+07 1.875104000000000000e+07 2.973352700000000000e+07 4.715051100000000000e+07 7.478945600000000000e+07 1.185063500000000000e+08 1.877942160000000000e+08 2.975050880000000000e+08 4.721342480000000000e+08 7.496237080000000000e+08 1.188180132000000000e+09 1.881951956000000000e+09 2.980503277000000000e+09 4.702434757000000000e+09 7.379534344000000000e+09
1.531300000000000000e+06 2.429360000000000000e+06 3.846107000000000000e+06 6.094208000000000000e+06 9.658383000000000000e+06 1.531389300000000000e+07 2.425383800000000000e+07 3.840461700000000000e+07 6.087573200000000000e+07 9.640970400000000000e+07 1.525430250000000000e+08 2.414862270000000000e+08 3.819683510000000000e+08 6.041254370000000000e+08 9.552485860000000000e+08 1.510340864000000000e+09 2.386858332000000000e+09 3.765393368000000000e+09 5.939497750000000000e+09 9.355021216000000000e+09
1.242820000000000000e+06 1.971981000000000000e+06 3.128027000000000000e+06 4.958758000000000000e+06 7.863217000000000000e+06 1.245904100000000000e+07 1.974545100000000000e+07 3.129568600000000000e+07 4.957661700000000000e+07 7.857203000000000000e+07 1.244631060000000000e+08 1.969698180000000000e+08 3.115548420000000000e+08 4.926340720000000000e+08 7.780372690000000000e+08 1.227274990000000000e+09 1.931917430000000000e+09 3.035404422000000000e+09 4.754825644000000000e+09 7.432751505000000000e+09
1.303347000000000000e+06 2.066050000000000000e+06 3.277760000000000000e+06 5.197003000000000000e+06 8.244459000000000000e+06 1.306124100000000000e+07 2.068273800000000000e+07 3.277105300000000000e+07 5.195644200000000000e+07 8.235265900000000000e+07 1.304591230000000000e+08 2.067228690000000000e+08 3.274331320000000000e+08 5.186470260000000000e+08 8.207341590000000000e+08 1.296058070000000000e+09 2.039291580000000000e+09 3.208360715000000000e+09 5.067318705000000000e+09 8.003025504000000000e+09
1.413761000000000000e+06 2.239521000000000000e+06 3.552797000000000000e+06 5.636661000000000000e+06 8.929656000000000000e+06 1.415710800000000000e+07 2.243110000000000000e+07 3.552879800000000000e+07 5.627960300000000000e+07 8.919096100000000000e+07 1.411640380000000000e+08 2.233271370000000000e+08 3.531390480000000000e+08 5.580888910000000000e+08 8.815556490000000000e+08 1.392373068000000000e+09 2.197911649000000000e+09 3.472849277000000000e+09 5.485852499000000000e+09 8.653757959000000000e+09
9.637550000000000000e+05 1.528584000000000000e+06 2.424664000000000000e+06 3.840316000000000000e+06 6.085503000000000000e+06 9.645119000000000000e+06 1.528363300000000000e+07 2.422736300000000000e+07 3.842086900000000000e+07 6.091643400000000000e+07 9.649471600000000000e+07 1.531171850000000000e+08 2.430836360000000000e+08 3.856593520000000000e+08 6.124794290000000000e+08 9.750744490000000000e+08 1.553455889000000000e+09 2.479910147000000000e+09 3.965013456000000000e+09 6.347341720000000000e+09
1.204118000000000000e+06 1.907429000000000000e+06 3.018168000000000000e+06 4.793056000000000000e+06 7.589084000000000000e+06 1.204444200000000000e+07 1.909743300000000000e+07 3.024218400000000000e+07 4.796740400000000000e+07 7.609706700000000000e+07 1.207355250000000000e+08 1.914114200000000000e+08 3.038774960000000000e+08 4.824054070000000000e+08 7.654148220000000000e+08 1.215539325000000000e+09 1.929248184000000000e+09 3.053084152000000000e+09 4.808516102000000000e+09 7.568361342000000000e+09
6.818230000000000000e+05 1.081149000000000000e+06 1.714361000000000000e+06 2.713782000000000000e+06 4.305259000000000000e+06 6.819537000000000000e+06 1.080535900000000000e+07 1.712836200000000000e+07 2.714749500000000000e+07 4.308892500000000000e+07 6.828530400000000000e+07 1.082809410000000000e+08 1.715236360000000000e+08 2.718588640000000000e+08 4.310922700000000000e+08 6.848385000000000000e+08 1.087952495000000000e+09 1.726777351000000000e+09 2.755175486000000000e+09 4.405089587000000000e+09
1.388407000000000000e+06 2.200353000000000000e+06 3.488926000000000000e+06 5.534072000000000000e+06 8.763945000000000000e+06 1.389343900000000000e+07 2.204230800000000000e+07 3.492984100000000000e+07 5.539888200000000000e+07 8.783745000000000000e+07 1.393950580000000000e+08 2.213407300000000000e+08 3.515908930000000000e+08 5.586698490000000000e+08 8.880040190000000000e+08 1.415160401000000000e+09 2.254925461000000000e+09 3.589002247000000000e+09 5.703647895000000000e+09 9.067873597000000000e+09
1.015435000000000000e+06 1.605246000000000000e+06 2.545793000000000000e+06 4.028964000000000000e+06 6.369457000000000000e+06 1.006290400000000000e+07 1.590440800000000000e+07 2.511416900000000000e+07 3.959296300000000000e+07 6.241020800000000000e+07 9.817319300000000000e+07 1.541144210000000000e+08 2.412795320000000000e+08 3.772901730000000000e+08 5.888269510000000000e+08 9.143347870000000000e+08 1.412927925000000000e+09 2.160675089000000000e+09 3.254219035000000000e+09 4.822380604000000000e+09
7.865730000000000000e+05 1.244425000000000000e+06 1.976367000000000000e+06 3.135805000000000000e+06 4.966351000000000000e+06 7.880995000000000000e+06 1.249094700000000000e+07 1.979992300000000000e+07 3.137305600000000000e+07 4.969869600000000000e+07 7.870085900000000000e+07 1.245756060000000000e+08 1.974701750000000000e+08 3.128781860000000000e+08 4.948375900000000000e+08 7.837644550000000000e+08 1.239278365000000000e+09 1.958365921000000000e+09 3.100538101000000000e+09 4.951520272000000000e+09
1.531674000000000000e+06 2.426464000000000000e+06 3.847846000000000000e+06 6.090672000000000000e+06 9.658009000000000000e+06 1.530434900000000000e+07 2.425842600000000000e+07 3.846452800000000000e+07 6.093991500000000000e+07 9.657527100000000000e+07 1.530520090000000000e+08 2.424574690000000000e+08 3.845333930000000000e+08 6.096930600000000000e+08 9.652203230000000000e+08 1.526377633000000000e+09 2.409561841000000000e+09 3.798246507000000000e+09 5.986682513000000000e+09 9.450211633000000000e+09
1.421186000000000000e+06 2.255553000000000000e+06 3.568761000000000000e+06 5.660187000000000000e+06 8.970880000000000000e+06 1.421207000000000000e+07 2.253082800000000000e+07 3.569518200000000000e+07 5.660597400000000000e+07 8.972977400000000000e+07 1.421952550000000000e+08 2.253529350000000000e+08 3.573719970000000000e+08 5.665448590000000000e+08 8.978691930000000000e+08 1.421733417000000000e+09 2.247095748000000000e+09 3.544618827000000000e+09 5.581147243000000000e+09 8.758127134000000000e+09
1.466179000000000000e+06 2.326894000000000000e+06 3.683778000000000000e+06 5.827704000000000000e+06 9.236034000000000000e+06 1.461372700000000000e+07 2.312634500000000000e+07 3.658985200000000000e+07 5.781393400000000000e+07 9.122580600000000000e+07 1.438936500000000000e+08 2.265272590000000000e+08 3.562116430000000000e+08 5.586784540000000000e+08 8.729876770000000000e+08 1.360440485000000000e+09 2.109743820000000000e+09 3.253728119000000000e+09 4.968429717000000000e+09 7.488429637000000000e+09
1.187423000000000000e+06 1.884372000000000000e+06 2.981044000000000000e+06 4.726406000000000000e+06 7.500551000000000000e+06 1.188022500000000000e+07 1.883204400000000000e+07 2.983011700000000000e+07 4.726200700000000000e+07 7.493697000000000000e+07 1.188000330000000000e+08 1.883150900000000000e+08 2.983987120000000000e+08 4.732185960000000000e+08 7.488773310000000000e+08 1.181280863000000000e+09 1.860145015000000000e+09 2.916305607000000000e+09 4.536420236000000000e+09 7.023433407000000000e+09
6.969040000000000000e+05 1.104402000000000000e+06 1.749961000000000000e+06 2.771109000000000000e+06 4.394476000000000000e+06 6.957821000000000000e+06 1.100600400000000000e+07 1.743231700000000000e+07 2.760479200000000000e+07 4.369221700000000000e+07 6.914222800000000000e+07 1.093861950000000000e+08 1.729999830000000000e+08 2.728610800000000000e+08 4.298787330000000000e+08 6.770197890000000000e+08 1.065748932000000000e+09 1.680982176000000000e+09 2.626321519000000000e+09 4.007673614000000000e+09
7.092230000000000000e+05 1.120964000000000000e+06 1.782123000000000000e+06 2.820432000000000000e+06 4.458002000000000000e+06 7.044846000000000000e+06 1.112582400000000000e+07 1.757543800000000000e+07 2.773284700000000000e+07 4.367494900000000000e+07 6.875302600000000000e+07 1.079323510000000000e+08 1.691115310000000000e+08 2.639822870000000000e+08 4.089013130000000000e+08 6.285197760000000000e+08 9.545230800000000000e+08 1.425136476000000000e+09 2.086162587000000000e+09 3.031050145000000000e+09
1.218618000000000000e+06 1.928819000000000000e+06 3.060736000000000000e+06 4.848366000000000000e+06 7.688797000000000000e+06 1.219380100000000000e+07 1.932236200000000000e+07 3.064345400000000000e+07 4.859564100000000000e+07 7.709453400000000000e+07 1.222413740000000000e+08 1.937849760000000000e+08 3.073234320000000000e+08 4.880662720000000000e+08 7.757644610000000000e+08 1.232941212000000000e+09 1.958065145000000000e+09 3.100710076000000000e+09 4.900036328000000000e+09 7.771882216000000000e+09
1.421814000000000000e+06 2.253128000000000000e+06 3.573132000000000000e+06 5.659308000000000000e+06 8.960121000000000000e+06 1.421927700000000000e+07 2.252406400000000000e+07 3.572224000000000000e+07 5.664145300000000000e+07 8.983970600000000000e+07 1.424842740000000000e+08 2.261110840000000000e+08 3.589263240000000000e+08 5.699183440000000000e+08 9.052704290000000000e+08 1.436193326000000000e+09 2.272080038000000000e+09 3.593818897000000000e+09 5.691594142000000000e+09 8.988262868000000000e+09
9.650320000000000000e+05 1.526019000000000000e+06 2.418004000000000000e+06 3.837316000000000000e+06 6.074646000000000000e+06 9.623723000000000000e+06 1.527179600000000000e+07 2.419107600000000000e+07 3.830601400000000000e+07 6.069320500000000000e+07 9.620871600000000000e+07 1.527268630000000000e+08 2.426538830000000000e+08 3.859746830000000000e+08 6.146137050000000000e+08 9.768195270000000000e+08 1.546182332000000000e+09 2.439937399000000000e+09 3.835281881000000000e+09 6.079119481000000000e+09
1.296646000000000000e+06 2.059691000000000000e+06 3.264721000000000000e+06 5.175244000000000000e+06 8.207370000000000000e+06 1.300856100000000000e+07 2.062521700000000000e+07 3.270748500000000000e+07 5.186889700000000000e+07 8.225539900000000000e+07 1.304039020000000000e+08 2.064986040000000000e+08 3.272081810000000000e+08 5.189790000000000000e+08 8.215621460000000000e+08 1.300844879000000000e+09 2.065328914000000000e+09 3.292743792000000000e+09 5.269788184000000000e+09 8.454580269000000000e+09
1.317307000000000000e+06 2.089066000000000000e+06 3.310958000000000000e+06 5.245255000000000000e+06 8.313242000000000000e+06 1.318438500000000000e+07 2.089250300000000000e+07 3.312522000000000000e+07 5.249365400000000000e+07 8.318492900000000000e+07 1.317724120000000000e+08 2.090326430000000000e+08 3.316734960000000000e+08 5.267495710000000000e+08 8.365982390000000000e+08 1.328794954000000000e+09 2.108844155000000000e+09 3.329535768000000000e+09 5.235504807000000000e+09 8.198406885000000000e+09
1.079306000000000000e+06 1.708178000000000000e+06 2.708294000000000000e+06 4.290526000000000000e+06 6.803669000000000000e+06 1.077716300000000000e+07 1.707769000000000000e+07 2.704639200000000000e+07 4.287325000000000000e+07 6.796198000000000000e+07 1.076488940000000000e+08 1.705031150000000000e+08 2.699034650000000000e+08 4.274536430000000000e+08 6.773020940000000000e+08 1.073249424000000000e+09 1.704919206000000000e+09 2.712111814000000000e+09 4.300597604000000000e+09 6.842516100000000000e+09
1.153390000000000000e+06 1.823119000000000000e+06 2.891461000000000000e+06 4.590388000000000000e+06 7.273886000000000000e+06 1.152779100000000000e+07 1.825503200000000000e+07 2.891667600000000000e+07 4.577200200000000000e+07 7.246722500000000000e+07 1.146047710000000000e+08 1.812265350000000000e+08 2.865931900000000000e+08 4.519680390000000000e+08 7.129656070000000000e+08 1.123510579000000000e+09 1.769227552000000000e+09 2.781882020000000000e+09 4.358547651000000000e+09 6.751536835000000000e+09
1.024170000000000000e+06 1.626068000000000000e+06 2.576861000000000000e+06 4.086795000000000000e+06 6.471446000000000000e+06 1.025204000000000000e+07 1.624934600000000000e+07 2.576189700000000000e+07 4.081935900000000000e+07 6.468722700000000000e+07 1.025316190000000000e+08 1.624855270000000000e+08 2.574766080000000000e+08 4.084402610000000000e+08 6.472750490000000000e+08 1.026261584000000000e+09 1.627707992000000000e+09 2.588118369000000000e+09 4.110194684000000000e+09 6.513022155000000000e+09
1.366804000000000000e+06 2.164022000000000000e+06 3.432744000000000000e+06 5.431351000000000000e+06 8.602748000000000000e+06 1.360749700000000000e+07 2.154395200000000000e+07 3.408615600000000000e+07 5.390036600000000000e+07 8.512372600000000000e+07 1.343203570000000000e+08 2.116561470000000000e+08 3.331920130000000000e+08 5.237139230000000000e+08 8.213973800000000000e+08 1.284299378000000000e+09 1.997815534000000000e+09 3.090059713000000000e+09 4.735679333000000000e+09 7.185531380000000000e+09
1.434692000000000000e+06 2.274146000000000000e+06 3.604909000000000000e+06 5.715306000000000000e+06 9.059352000000000000e+06 1.434732600000000000e+07 2.272232700000000000e+07 3.599146600000000000e+07 5.706942500000000000e+07 9.038356600000000000e+07 1.432483280000000000e+08 2.270336350000000000e+08 3.595592940000000000e+08 5.698669940000000000e+08 9.051837390000000000e+08 1.438770990000000000e+09 2.288623287000000000e+09 3.647642528000000000e+09 5.821486868000000000e+09 9.316091349000000000e+09
1.296737000000000000e+06 2.051185000000000000e+06 3.255015000000000000e+06 5.160742000000000000e+06 8.179139000000000000e+06 1.295402200000000000e+07 2.055324100000000000e+07 3.253752500000000000e+07 5.155291300000000000e+07 8.166576500000000000e+07 1.294103650000000000e+08 2.050236590000000000e+08 3.249165870000000000e+08 5.151018900000000000e+08 8.171458230000000000e+08 1.295390989000000000e+09 2.052323809000000000e+09 3.251586562000000000e+09 5.144167989000000000e+09 8.150230673000000000e+09
1.052150000000000000e+06 1.672427000000000000e+06 2.641600000000000000e+06 4.190773000000000000e+06 6.640858000000000000e+06 1.054110600000000000e+07 1.671133800000000000e+07 2.648044500000000000e+07 4.201127400000000000e+07 6.664067300000000000e+07 1.058312250000000000e+08 1.680257960000000000e+08 2.667629490000000000e+08 4.234866710000000000e+08 6.735205480000000000e+08 1.073106000000000000e+09 1.715800643000000000e+09 2.749895986000000000e+09 4.414509235000000000e+09 7.096349685000000000e+09
1.277917000000000000e+06 2.024308000000000000e+06 3.211273000000000000e+06 5.091892000000000000e+06 8.072538000000000000e+06 1.279968200000000000e+07 2.027953100000000000e+07 3.215299100000000000e+07 5.096849700000000000e+07 8.079568700000000000e+07 1.281121040000000000e+08 2.031904820000000000e+08 3.223038460000000000e+08 5.112182380000000000e+08 8.110179090000000000e+08 1.286737785000000000e+09 2.043125810000000000e+09 3.251935857000000000e+09 5.183041779000000000e+09 8.260067980000000000e+09
1.306352000000000000e+06 2.073072000000000000e+06 3.282990000000000000e+06 5.200637000000000000e+06 8.238182000000000000e+06 1.304903700000000000e+07 2.068346000000000000e+07 3.275663900000000000e+07 5.186077700000000000e+07 8.207120500000000000e+07 1.298426620000000000e+08 2.054010020000000000e+08 3.248563370000000000e+08 5.139075280000000000e+08 8.120762390000000000e+08 1.281213323000000000e+09 2.017798490000000000e+09 3.179200841000000000e+09 5.015533323000000000e+09 7.934600547000000000e+09
1.047880000000000000e+06 1.661329000000000000e+06 2.631260000000000000e+06 4.175216000000000000e+06 6.618779000000000000e+06 1.049532200000000000e+07 1.663431700000000000e+07 2.633998800000000000e+07 4.175024900000000000e+07 6.621251100000000000e+07 1.050104110000000000e+08 1.663602800000000000e+08 2.636033430000000000e+08 4.171218190000000000e+08 6.609046570000000000e+08 1.049198092000000000e+09 1.665947502000000000e+09 2.652409670000000000e+09 4.237795777000000000e+09 6.779276866000000000e+09
1.443914000000000000e+06 2.295521000000000000e+06 3.636775000000000000e+06 5.772739000000000000e+06 9.148982000000000000e+06 1.448820300000000000e+07 2.293825500000000000e+07 3.639291900000000000e+07 5.774270800000000000e+07 9.159557300000000000e+07 1.453322690000000000e+08 2.303539140000000000e+08 3.653345060000000000e+08 5.796480390000000000e+08 9.186678700000000000e+08 1.455543771000000000e+09 2.308146654000000000e+09 3.661923606000000000e+09 5.775293411000000000e+09 9.088563862000000000e+09
1.346782000000000000e+06 2.137784000000000000e+06 3.385661000000000000e+06 5.369297000000000000e+06 8.507623000000000000e+06 1.349668500000000000e+07 2.139697900000000000e+07 3.389511600000000000e+07 5.370294200000000000e+07 8.511665500000000000e+07 1.349594640000000000e+08 2.139403580000000000e+08 3.386814230000000000e+08 5.362579460000000000e+08 8.487410570000000000e+08 1.343245441000000000e+09 2.122140227000000000e+09 3.343673616000000000e+09 5.275368330000000000e+09 8.349649811000000000e+09
1.364231000000000000e+06 2.159098000000000000e+06 3.423753000000000000e+06 5.433490000000000000e+06 8.603212000000000000e+06 1.363611000000000000e+07 2.162382300000000000e+07 3.425313900000000000e+07 5.429157900000000000e+07 8.597928500000000000e+07 1.362471190000000000e+08 2.158998870000000000e+08 3.421981640000000000e+08 5.422760080000000000e+08 8.598898700000000000e+08 1.366056950000000000e+09 2.173262499000000000e+09 3.465400203000000000e+09 5.541856046000000000e+09 8.882825730000000000e+09
1.520249000000000000e+06 2.407128000000000000e+06 3.805922000000000000e+06 6.021621000000000000e+06 9.531477000000000000e+06 1.506615800000000000e+07 2.381259200000000000e+07 3.760763100000000000e+07 5.934728500000000000e+07 9.361684900000000000e+07 1.475362430000000000e+08 2.320619270000000000e+08 3.644754570000000000e+08 5.705671880000000000e+08 8.895826720000000000e+08 1.379426364000000000e+09 2.125469130000000000e+09 3.265516584000000000e+09 4.995580680000000000e+09 7.497496097000000000e+09
1.030665000000000000e+06 1.628939000000000000e+06 2.578077000000000000e+06 4.084210000000000000e+06 6.471003000000000000e+06 1.024155000000000000e+07 1.622428200000000000e+07 2.567651300000000000e+07 4.064868100000000000e+07 6.431390400000000000e+07 1.017430230000000000e+08 1.609010560000000000e+08 2.541108100000000000e+08 4.005584160000000000e+08 6.295897110000000000e+08 9.873740910000000000e+08 1.544897974000000000e+09 2.403753460000000000e+09 3.703519599000000000e+09 5.589002764000000000e+09
1.515464000000000000e+06 2.403139000000000000e+06 3.805367000000000000e+06 6.014812000000000000e+06 9.522862000000000000e+06 1.506072300000000000e+07 2.384573100000000000e+07 3.768934300000000000e+07 5.949195300000000000e+07 9.387977800000000000e+07 1.480291640000000000e+08 2.331203410000000000e+08 3.666709730000000000e+08 5.755232750000000000e+08 9.001355610000000000e+08 1.402750878000000000e+09 2.176456116000000000e+09 3.353798883000000000e+09 5.113196954000000000e+09 7.712019895000000000e+09
1.596603000000000000e+06 2.523652000000000000e+06 3.997239000000000000e+06 6.322658000000000000e+06 1.000077500000000000e+07 1.579421800000000000e+07 2.495860300000000000e+07 3.942314200000000000e+07 6.217683700000000000e+07 9.780452500000000000e+07 1.534909420000000000e+08 2.402963240000000000e+08 3.748494020000000000e+08 5.823860060000000000e+08 9.008816160000000000e+08 1.384307380000000000e+09 2.103252418000000000e+09 3.155664548000000000e+09 4.656599063000000000e+09 6.727309241000000000e+09
1.451909000000000000e+06 2.300745000000000000e+06 3.648426000000000000e+06 5.782459000000000000e+06 9.165126000000000000e+06 1.451877300000000000e+07 2.302494500000000000e+07 3.648020700000000000e+07 5.780284500000000000e+07 9.151497800000000000e+07 1.447056070000000000e+08 2.288735010000000000e+08 3.615379520000000000e+08 5.709526220000000000e+08 9.021424220000000000e+08 1.424701627000000000e+09 2.249736996000000000e+09 3.549142361000000000e+09 5.598253237000000000e+09 8.842011740000000000e+09
1.386388000000000000e+06 2.196035000000000000e+06 3.480751000000000000e+06 5.518643000000000000e+06 8.742021000000000000e+06 1.386031600000000000e+07 2.195431500000000000e+07 3.478478500000000000e+07 5.513090800000000000e+07 8.734635100000000000e+07 1.384648130000000000e+08 2.194173480000000000e+08 3.477789940000000000e+08 5.513667630000000000e+08 8.742009360000000000e+08 1.387677051000000000e+09 2.204220235000000000e+09 3.496731252000000000e+09 5.555148330000000000e+09 8.884471119000000000e+09
1.248615000000000000e+06 1.975838000000000000e+06 3.132287000000000000e+06 4.957920000000000000e+06 7.854598000000000000e+06 1.245234700000000000e+07 1.973557800000000000e+07 3.127618800000000000e+07 4.954139500000000000e+07 7.850592600000000000e+07 1.243228420000000000e+08 1.969096900000000000e+08 3.119956790000000000e+08 4.943887330000000000e+08 7.840263020000000000e+08 1.243661968000000000e+09 1.975144360000000000e+09 3.144210447000000000e+09 5.016516679000000000e+09 8.002150764000000000e+09
1.212941000000000000e+06 1.921145000000000000e+06 3.041361000000000000e+06 4.817241000000000000e+06 7.630233000000000000e+06 1.208345700000000000e+07 1.911197700000000000e+07 3.026250200000000000e+07 4.784296600000000000e+07 7.566073500000000000e+07 1.195173620000000000e+08 1.885185380000000000e+08 2.967281730000000000e+08 4.656137460000000000e+08 7.292406080000000000e+08 1.141944428000000000e+09 1.784503588000000000e+09 2.775967515000000000e+09 4.279649326000000000e+09 6.520490377000000000e+09
1.195781000000000000e+06 1.894971000000000000e+06 3.006758000000000000e+06 4.763419000000000000e+06 7.559403000000000000e+06 1.197638400000000000e+07 1.900576000000000000e+07 3.010374700000000000e+07 4.771620200000000000e+07 7.571386600000000000e+07 1.201060530000000000e+08 1.904729380000000000e+08 3.021036540000000000e+08 4.793400300000000000e+08 7.605417670000000000e+08 1.206319248000000000e+09 1.908674354000000000e+09 3.025379265000000000e+09 4.813385032000000000e+09 7.657564269000000000e+09
1.173917000000000000e+06 1.862106000000000000e+06 2.949536000000000000e+06 4.676958000000000000e+06 7.421799000000000000e+06 1.175556400000000000e+07 1.863231400000000000e+07 2.951266800000000000e+07 4.674224400000000000e+07 7.405574500000000000e+07 1.173231240000000000e+08 1.857018120000000000e+08 2.938509250000000000e+08 4.650279600000000000e+08 7.358207590000000000e+08 1.165171654000000000e+09 1.845677494000000000e+09 2.934320056000000000e+09 4.699073606000000000e+09 7.548989373000000000e+09
1.249003000000000000e+06 1.976500000000000000e+06 3.133592000000000000e+06 4.967553000000000000e+06 7.872434000000000000e+06 1.248098900000000000e+07 1.979009100000000000e+07 3.137129500000000000e+07 4.969681600000000000e+07 7.872102200000000000e+07 1.248577960000000000e+08 1.980750710000000000e+08 3.143506830000000000e+08 4.994736680000000000e+08 7.949140070000000000e+08 1.266230951000000000e+09 2.010282115000000000e+09 3.175801466000000000e+09 5.018422233000000000e+09 7.904458229000000000e+09
1.047799000000000000e+06 1.662388000000000000e+06 2.631934000000000000e+06 4.175969000000000000e+06 6.621224000000000000e+06 1.050464100000000000e+07 1.664659300000000000e+07 2.637129800000000000e+07 4.181841000000000000e+07 6.625748200000000000e+07 1.048405530000000000e+08 1.659528680000000000e+08 2.625587110000000000e+08 4.155895340000000000e+08 6.577832640000000000e+08 1.039402930000000000e+09 1.642194066000000000e+09 2.600932728000000000e+09 4.120894816000000000e+09 6.431555228000000000e+09
1.190605000000000000e+06 1.888077000000000000e+06 2.988617000000000000e+06 4.730019000000000000e+06 7.495174000000000000e+06 1.185400600000000000e+07 1.874332000000000000e+07 2.963503200000000000e+07 4.677704900000000000e+07 7.382977800000000000e+07 1.163045040000000000e+08 1.828106900000000000e+08 2.870914070000000000e+08 4.496135740000000000e+08 7.020055060000000000e+08 1.092591447000000000e+09 1.694663640000000000e+09 2.616090678000000000e+09 4.025544755000000000e+09 6.139826517000000000e+09
1.026779000000000000e+06 1.627993000000000000e+06 2.584456000000000000e+06 4.095510000000000000e+06 6.492560000000000000e+06 1.027788800000000000e+07 1.628154300000000000e+07 2.582333800000000000e+07 4.090767400000000000e+07 6.478883900000000000e+07 1.026697790000000000e+08 1.627529320000000000e+08 2.577038360000000000e+08 4.077927240000000000e+08 6.445241080000000000e+08 1.020455180000000000e+09 1.617010312000000000e+09 2.560266169000000000e+09 4.059758814000000000e+09 6.415492782000000000e+09
1.319303000000000000e+06 2.090306000000000000e+06 3.317844000000000000e+06 5.246103000000000000e+06 8.318543000000000000e+06 1.318287600000000000e+07 2.089110100000000000e+07 3.312337000000000000e+07 5.246393500000000000e+07 8.321015900000000000e+07 1.319012180000000000e+08 2.090407020000000000e+08 3.309678950000000000e+08 5.231640480000000000e+08 8.264483920000000000e+08 1.304912101000000000e+09 2.060029572000000000e+09 3.262643805000000000e+09 5.172258442000000000e+09 8.171736980000000000e+09
1.401952000000000000e+06 2.222433000000000000e+06 3.528616000000000000e+06 5.592691000000000000e+06 8.855788000000000000e+06 1.404019000000000000e+07 2.224142700000000000e+07 3.523772300000000000e+07 5.584279000000000000e+07 8.851570900000000000e+07 1.402454570000000000e+08 2.223152240000000000e+08 3.527595660000000000e+08 5.599176530000000000e+08 8.885892800000000000e+08 1.410533228000000000e+09 2.240159143000000000e+09 3.554425054000000000e+09 5.620109002000000000e+09 8.856106704000000000e+09
1.024393000000000000e+06 1.623666000000000000e+06 2.572747000000000000e+06 4.074327000000000000e+06 6.461877000000000000e+06 1.023921200000000000e+07 1.622585200000000000e+07 2.571254900000000000e+07 4.076750400000000000e+07 6.459083700000000000e+07 1.023019880000000000e+08 1.620432350000000000e+08 2.566710520000000000e+08 4.065584170000000000e+08 6.440046650000000000e+08 1.022709642000000000e+09 1.627318396000000000e+09 2.592304147000000000e+09 4.127051005000000000e+09 6.545317247000000000e+09
1.149393000000000000e+06 1.818892000000000000e+06 2.881793000000000000e+06 4.562308000000000000e+06 7.220160000000000000e+06 1.143281600000000000e+07 1.809808200000000000e+07 2.864674100000000000e+07 4.533093100000000000e+07 7.169960500000000000e+07 1.132346870000000000e+08 1.786129790000000000e+08 2.816499300000000000e+08 4.436615360000000000e+08 6.974611080000000000e+08 1.094685523000000000e+09 1.708418294000000000e+09 2.644775433000000000e+09 4.057165524000000000e+09 6.079237860000000000e+09
1.459305000000000000e+06 2.311923000000000000e+06 3.659533000000000000e+06 5.799795000000000000e+06 9.188632000000000000e+06 1.457965900000000000e+07 2.309679000000000000e+07 3.657473300000000000e+07 5.793132400000000000e+07 9.178425300000000000e+07 1.454507150000000000e+08 2.305545440000000000e+08 3.659128370000000000e+08 5.805515740000000000e+08 9.213708680000000000e+08 1.459692147000000000e+09 2.309737373000000000e+09 3.644188672000000000e+09 5.746916054000000000e+09 9.088186687000000000e+09
1.353014000000000000e+06 2.148722000000000000e+06 3.404205000000000000e+06 5.391389000000000000e+06 8.526503000000000000e+06 1.352284700000000000e+07 2.144236100000000000e+07 3.399531600000000000e+07 5.385112300000000000e+07 8.534367000000000000e+07 1.351255100000000000e+08 2.140335780000000000e+08 3.388426720000000000e+08 5.361555670000000000e+08 8.480936270000000000e+08 1.341303020000000000e+09 2.119291622000000000e+09 3.352072194000000000e+09 5.314866421000000000e+09 8.459042240000000000e+09
1.348769000000000000e+06 2.135097000000000000e+06 3.381617000000000000e+06 5.361127000000000000e+06 8.503372000000000000e+06 1.347814200000000000e+07 2.136768300000000000e+07 3.385596800000000000e+07 5.363219700000000000e+07 8.494460700000000000e+07 1.345187370000000000e+08 2.127236140000000000e+08 3.364591520000000000e+08 5.316681550000000000e+08 8.407736810000000000e+08 1.330422431000000000e+09 2.102979534000000000e+09 3.323240324000000000e+09 5.255308547000000000e+09 8.299284336000000000e+09
1.427406000000000000e+06 2.261042000000000000e+06 3.587069000000000000e+06 5.679039000000000000e+06 9.004157000000000000e+06 1.427731900000000000e+07 2.263399500000000000e+07 3.586382800000000000e+07 5.684977100000000000e+07 9.001084800000000000e+07 1.426258690000000000e+08 2.260374910000000000e+08 3.581653810000000000e+08 5.668729000000000000e+08 8.966460590000000000e+08 1.417945309000000000e+09 2.239535090000000000e+09 3.535920415000000000e+09 5.570739146000000000e+09 8.773802983000000000e+09
1.308062000000000000e+06 2.072122000000000000e+06 3.285334000000000000e+06 5.208528000000000000e+06 8.261766000000000000e+06 1.309684400000000000e+07 2.078368300000000000e+07 3.294511000000000000e+07 5.224025500000000000e+07 8.286375100000000000e+07 1.315152840000000000e+08 2.087145760000000000e+08 3.313517680000000000e+08 5.262321840000000000e+08 8.370437980000000000e+08 1.335423996000000000e+09 2.135881560000000000e+09 3.418272516000000000e+09 5.467578902000000000e+09 8.736626037000000000e+09
1.280285000000000000e+06 2.028004000000000000e+06 3.214893000000000000e+06 5.088700000000000000e+06 8.064964000000000000e+06 1.278197200000000000e+07 2.024683400000000000e+07 3.208477800000000000e+07 5.085497700000000000e+07 8.057304000000000000e+07 1.276854410000000000e+08 2.023105120000000000e+08 3.204285320000000000e+08 5.077601860000000000e+08 8.028588520000000000e+08 1.267850525000000000e+09 1.997860236000000000e+09 3.150972197000000000e+09 4.964241807000000000e+09 7.778270676000000000e+09
1.269137000000000000e+06 2.010087000000000000e+06 3.186408000000000000e+06 5.048845000000000000e+06 7.999753000000000000e+06 1.267213800000000000e+07 2.008159000000000000e+07 3.182262700000000000e+07 5.042314100000000000e+07 7.989214800000000000e+07 1.266496310000000000e+08 2.007499970000000000e+08 3.178569010000000000e+08 5.035476660000000000e+08 7.969601730000000000e+08 1.265091339000000000e+09 2.011863432000000000e+09 3.203560629000000000e+09 5.097907563000000000e+09 8.118374028000000000e+09
1.528935000000000000e+06 2.423360000000000000e+06 3.835468000000000000e+06 6.083768000000000000e+06 9.643374000000000000e+06 1.530042400000000000e+07 2.424009700000000000e+07 3.840250400000000000e+07 6.087782300000000000e+07 9.645926000000000000e+07 1.528815570000000000e+08 2.424124420000000000e+08 3.845976460000000000e+08 6.098710150000000000e+08 9.680297830000000000e+08 1.532624356000000000e+09 2.423028846000000000e+09 3.830499157000000000e+09 6.062470432000000000e+09 9.587137126000000000e+09
1.123252000000000000e+06 1.781753000000000000e+06 2.823331000000000000e+06 4.475032000000000000e+06 7.091329000000000000e+06 1.124532300000000000e+07 1.782540400000000000e+07 2.822562500000000000e+07 4.471129400000000000e+07 7.086572300000000000e+07 1.123755570000000000e+08 1.781779670000000000e+08 2.828502250000000000e+08 4.495584070000000000e+08 7.145598010000000000e+08 1.136929994000000000e+09 1.813714976000000000e+09 2.894024515000000000e+09 4.611176154000000000e+09 7.347794766000000000e+09
1.317945000000000000e+06 2.088755000000000000e+06 3.313529000000000000e+06 5.244864000000000000e+06 8.311992000000000000e+06 1.316909900000000000e+07 2.087605400000000000e+07 3.307620400000000000e+07 5.237990200000000000e+07 8.293763300000000000e+07 1.313247820000000000e+08 2.078618300000000000e+08 3.291728720000000000e+08 5.217350330000000000e+08 8.273475340000000000e+08 1.311346809000000000e+09 2.074017299000000000e+09 3.274002550000000000e+09 5.173692487000000000e+09 8.192955875000000000e+09
1.353574000000000000e+06 2.145558000000000000e+06 3.397013000000000000e+06 5.383203000000000000e+06 8.541792000000000000e+06 1.353419200000000000e+07 2.143452000000000000e+07 3.396008400000000000e+07 5.381282300000000000e+07 8.532566800000000000e+07 1.352242210000000000e+08 2.143896840000000000e+08 3.401446770000000000e+08 5.399514970000000000e+08 8.586070490000000000e+08 1.365226733000000000e+09 2.166224027000000000e+09 3.430662777000000000e+09 5.435165340000000000e+09 8.618595699000000000e+09
1.013588000000000000e+06 1.601863000000000000e+06 2.541380000000000000e+06 4.028190000000000000e+06 6.393628000000000000e+06 1.014388600000000000e+07 1.609206700000000000e+07 2.552736900000000000e+07 4.048565000000000000e+07 6.422925100000000000e+07 1.018634100000000000e+08 1.615532610000000000e+08 2.560411060000000000e+08 4.054671640000000000e+08 6.420416610000000000e+08 1.015620826000000000e+09 1.607569494000000000e+09 2.550900761000000000e+09 4.058883362000000000e+09 6.461338206000000000e+09
1.187536000000000000e+06 1.877971000000000000e+06 2.969375000000000000e+06 4.699507000000000000e+06 7.431534000000000000e+06 1.173898300000000000e+07 1.852996300000000000e+07 2.923483900000000000e+07 4.612343500000000000e+07 7.266372700000000000e+07 1.142120290000000000e+08 1.792070900000000000e+08 2.803841980000000000e+08 4.367644600000000000e+08 6.766896330000000000e+08 1.043147524000000000e+09 1.598153118000000000e+09 2.418076235000000000e+09 3.598791125000000000e+09 5.275974385000000000e+09
1.146870000000000000e+06 1.814922000000000000e+06 2.875239000000000000e+06 4.545774000000000000e+06 7.200992000000000000e+06 1.139693600000000000e+07 1.801862000000000000e+07 2.849485600000000000e+07 4.499113600000000000e+07 7.103963800000000000e+07 1.120693230000000000e+08 1.765972300000000000e+08 2.782995430000000000e+08 4.371700360000000000e+08 6.844396060000000000e+08 1.065517393000000000e+09 1.648196747000000000e+09 2.530997141000000000e+09 3.858478446000000000e+09 5.817214188000000000e+09
7.454880000000000000e+05 1.182021000000000000e+06 1.866527000000000000e+06 2.952285000000000000e+06 4.664236000000000000e+06 7.365657000000000000e+06 1.160249500000000000e+07 1.826579900000000000e+07 2.869885600000000000e+07 4.501897500000000000e+07 7.033192200000000000e+07 1.093437730000000000e+08 1.692649500000000000e+08 2.604926540000000000e+08 3.983313720000000000e+08 6.023744630000000000e+08 8.999793740000000000e+08 1.322487805000000000e+09 1.898845287000000000e+09 2.638696845000000000e+09
1.408635000000000000e+06 2.230568000000000000e+06 3.531398000000000000e+06 5.592144000000000000e+06 8.846361000000000000e+06 1.400717100000000000e+07 2.214632200000000000e+07 3.500740200000000000e+07 5.535566100000000000e+07 8.733157100000000000e+07 1.377148080000000000e+08 2.167337600000000000e+08 3.403104670000000000e+08 5.332216220000000000e+08 8.332386910000000000e+08 1.295417303000000000e+09 2.000435126000000000e+09 3.063683213000000000e+09 4.647127962000000000e+09 6.939110471000000000e+09
9.999190000000000000e+05 1.583573000000000000e+06 2.513030000000000000e+06 3.981052000000000000e+06 6.299500000000000000e+06 9.983519000000000000e+06 1.583248400000000000e+07 2.510241100000000000e+07 3.979319000000000000e+07 6.314602700000000000e+07 1.000945970000000000e+08 1.586100760000000000e+08 2.515031960000000000e+08 3.994850480000000000e+08 6.347088050000000000e+08 1.007084634000000000e+09 1.594773614000000000e+09 2.523706815000000000e+09 3.986020997000000000e+09 6.286200133000000000e+09
1.385929000000000000e+06 2.194112000000000000e+06 3.473541000000000000e+06 5.498227000000000000e+06 8.705239000000000000e+06 1.376636900000000000e+07 2.176781900000000000e+07 3.439335200000000000e+07 5.423914600000000000e+07 8.544616000000000000e+07 1.343895110000000000e+08 2.111186770000000000e+08 3.308978730000000000e+08 5.179131910000000000e+08 8.074981870000000000e+08 1.252024766000000000e+09 1.928171572000000000e+09 2.952509495000000000e+09 4.495267503000000000e+09 6.746423040000000000e+09
1.038619000000000000e+06 1.641509000000000000e+06 2.598138000000000000e+06 4.119319000000000000e+06 6.520016000000000000e+06 1.031307300000000000e+07 1.631422800000000000e+07 2.577623700000000000e+07 4.073109300000000000e+07 6.429029900000000000e+07 1.012041550000000000e+08 1.590526450000000000e+08 2.495301310000000000e+08 3.898138000000000000e+08 6.068746740000000000e+08 9.411270310000000000e+08 1.452699414000000000e+09 2.216358809000000000e+09 3.325455476000000000e+09 4.910537683000000000e+09
1.230318000000000000e+06 1.947740000000000000e+06 3.081945000000000000e+06 4.887198000000000000e+06 7.750965000000000000e+06 1.228620200000000000e+07 1.946083200000000000e+07 3.085460300000000000e+07 4.889739900000000000e+07 7.742941400000000000e+07 1.227552720000000000e+08 1.946272320000000000e+08 3.083513740000000000e+08 4.884808090000000000e+08 7.737126860000000000e+08 1.226136383000000000e+09 1.942008462000000000e+09 3.070145012000000000e+09 4.861196200000000000e+09 7.740450830000000000e+09
1.340679000000000000e+06 2.122576000000000000e+06 3.365017000000000000e+06 5.327770000000000000e+06 8.440472000000000000e+06 1.338593800000000000e+07 2.121699900000000000e+07 3.365688700000000000e+07 5.331692300000000000e+07 8.462490100000000000e+07 1.342133630000000000e+08 2.128493080000000000e+08 3.376012360000000000e+08 5.358715470000000000e+08 8.506983650000000000e+08 1.350511796000000000e+09 2.144833168000000000e+09 3.410069567000000000e+09 5.423234703000000000e+09 8.644210772000000000e+09
1.230988000000000000e+06 1.950011000000000000e+06 3.096318000000000000e+06 4.909614000000000000e+06 7.767842000000000000e+06 1.231683500000000000e+07 1.953292600000000000e+07 3.096118600000000000e+07 4.907822400000000000e+07 7.777094900000000000e+07 1.232328030000000000e+08 1.953894080000000000e+08 3.098296340000000000e+08 4.916640190000000000e+08 7.812082960000000000e+08 1.240984600000000000e+09 1.974379495000000000e+09 3.151083514000000000e+09 5.036429320000000000e+09 8.057081347000000000e+09
1.007022000000000000e+06 1.593499000000000000e+06 2.523454000000000000e+06 3.998061000000000000e+06 6.328574000000000000e+06 1.001742900000000000e+07 1.582126300000000000e+07 2.501329200000000000e+07 3.949451500000000000e+07 6.229721900000000000e+07 9.814084900000000000e+07 1.543846260000000000e+08 2.423280490000000000e+08 3.796009130000000000e+08 5.930521240000000000e+08 9.210353050000000000e+08 1.420629743000000000e+09 2.173038740000000000e+09 3.297365946000000000e+09 4.970050426000000000e+09
1.208020000000000000e+06 1.915388000000000000e+06 3.037835000000000000e+06 4.815433000000000000e+06 7.632829000000000000e+06 1.208771000000000000e+07 1.915908700000000000e+07 3.037087300000000000e+07 4.819181200000000000e+07 7.634910300000000000e+07 1.210517520000000000e+08 1.917696030000000000e+08 3.038618280000000000e+08 4.815610120000000000e+08 7.627359710000000000e+08 1.209602560000000000e+09 1.920420220000000000e+09 3.051088852000000000e+09 4.848650111000000000e+09 7.675009523000000000e+09
1.422189000000000000e+06 2.255375000000000000e+06 3.578789000000000000e+06 5.667529000000000000e+06 8.981070000000000000e+06 1.423143500000000000e+07 2.255876900000000000e+07 3.576340400000000000e+07 5.666117200000000000e+07 8.976081600000000000e+07 1.423247500000000000e+08 2.257902510000000000e+08 3.576665880000000000e+08 5.665089980000000000e+08 8.975128720000000000e+08 1.425832579000000000e+09 2.265828221000000000e+09 3.587254752000000000e+09 5.672436370000000000e+09 8.992789064000000000e+09
1.128774000000000000e+06 1.789607000000000000e+06 2.839692000000000000e+06 4.494787000000000000e+06 7.136137000000000000e+06 1.131594500000000000e+07 1.793000200000000000e+07 2.843507900000000000e+07 4.514428500000000000e+07 7.156505300000000000e+07 1.134601910000000000e+08 1.799196690000000000e+08 2.855101190000000000e+08 4.527721470000000000e+08 7.182704820000000000e+08 1.138110995000000000e+09 1.802154410000000000e+09 2.849280384000000000e+09 4.476125716000000000e+09 6.999484807000000000e+09
