# gt (sum of gt from all patches except for one, different each time)
1.273351536694061757e-05 1.298787559943895014e-05 1.242811111434661937e-05 1.131928721372318178e-05 8.170655999417165971e-06 6.706111478661492467e-06 7.620824543871548344e-06 7.155660432773939495e-06 6.141831155386157074e-06 6.046481174840995449e-06 4.665711833105842808e-06 3.751973880473629000e-06 4.684092515379140234e-06 3.923562042438300757e-06 1.754756458024883856e-06 1.993944758554696070e-06 2.374849551197680946e-06 2.302092239256058336e-06 1.184510025729824017e-06 1.203761187684898286e-06
1.255512931797429353e-05 1.288369763312677561e-05 1.229879564276941504e-05 1.126581595932410759e-05 8.149801709634744089e-06 6.573576976070880101e-06 7.482994708299932717e-06 7.079104740085482092e-06 5.974283811647816256e-06 5.823263719812823832e-06 4.589442386361439831e-06 3.518388409994420751e-06 4.515923707420258740e-06 3.744965975964840474e-06 1.505834520258025204e-06 1.782151305391544715e-06 2.374096189402879260e-06 2.443337961233571799e-06 1.110909080596875038e-06 1.082116741959267607e-06
1.244900891683320460e-05 1.294156080652101697e-05 1.234728754841805191e-05 1.134546034982994586e-05 8.208969469912167014e-06 6.570031856585874193e-06 7.498571977646622380e-06 7.174083433364643443e-06 6.162139184139056227e-06 5.894083263787954080e-06 4.514338976824058933e-06 3.571580415869050755e-06 4.596402127845103761e-06 3.786209451242073057e-06 1.607862157810819895e-06 2.012131997540962353e-06 2.486293589145096910e-06 2.618947759918325758e-06 1.360720424048058030e-06 1.303751544973621280e-06
1.265664120306843999e-05 1.270878111956519967e-05 1.228355135927216848e-05 1.123439990008484773e-05 8.042780060908752404e-06 6.433463691658839174e-06 7.479135067584932513e-06 7.184591380521311792e-06 6.132352496251705567e-06 5.934663588394830602e-06 4.570490226663555895e-06 3.578065953863512126e-06 4.605788722019073039e-06 3.825644000632708837e-06 1.664620195696780531e-06 2.016529662615244403e-06 2.512601783230805145e-06 2.526002561062768860e-06 1.212533709172520097e-06 1.057458212705060557e-06
1.273226435480534889e-05 1.313114449695590124e-05 1.251847460892749926e-05 1.154444842137338923e-05 8.350252214044389605e-06 6.762156137049762179e-06 7.710380381206083744e-06 7.350275873616295028e-06 6.202791844207827782e-06 5.874692069642911327e-06 4.547856477795520314e-06 3.612640562877883484e-06 4.569960669178605181e-06 3.807045421511821829e-06 1.642195544270382297e-06 1.993596364283192976e-06 2.517977590845276298e-06 2.503597885208887539e-06 1.108665700355444624e-06 1.067241621849454003e-06
1.256544056495846964e-05 1.293894807310403948e-05 1.238410890278614911e-05 1.137432871898852544e-05 8.265347932698778572e-06 6.717194808559286163e-06 7.567160036660288894e-06 7.199868021853817917e-06 6.141492171531424301e-06 5.813387935433678399e-06 4.573483439239215746e-06 3.566444976018957395e-06 4.524968545652052331e-06 3.806348280686928575e-06 1.639266408825142050e-06 1.973653924339467500e-06 2.360181152235836100e-06 2.355106260232213192e-06 1.036045012551924896e-06 9.526058085489975147e-07
1.257556645844577016e-05 1.297467061460880490e-05 1.248694460905274323e-05 1.140761341068673450e-05 8.176626648306124364e-06 6.710913221762344034e-06 7.589268336990416814e-06 7.173238921359116809e-06 6.086446562155123072e-06 5.698112075451176749e-06 4.397614984695691218e-06 3.504628404146788683e-06 4.501638224546686054e-06 3.767439172333600464e-06 1.587042944140133277e-06 1.760360110824366184e-06 2.134183771355412839e-06 2.216261302654785988e-06 9.238241380242756983e-07 9.259892164940306532e-07
1.272153160316298656e-05 1.305064021852369678e-05 1.233665795095301637e-05 1.139756557742108963e-05 8.114699266760235874e-06 6.667930366992862768e-06 7.631315984554729986e-06 7.191788197810120705e-06 6.160258180802892832e-06 6.016545413234868051e-06 4.681708840811628968e-06 3.758352780270628410e-06 4.707276513307535269e-06 3.875171004153312997e-06 1.694349355669442343e-06 2.038411134291390541e-06 2.461840381998162398e-06 2.442626855175144631e-06 1.147619752971574427e-06 1.182033936003909627e-06
1.247934893121514450e-05 1.299480833052603882e-05 1.232419472449707664e-05 1.134877837270109889e-05 8.414703932351132802e-06 6.826087635591311051e-06 7.689146056527634598e-06 7.279578409352865104e-06 6.083784583283421216e-06 5.693565561103874945e-06 4.461504240220435774e-06 3.630825479393192085e-06 4.565112166741379149e-06 3.746939365406355625e-06 1.607156188178614409e-06 1.975803783543003661e-06 2.449518187932959378e-06 2.441656433560210749e-06 1.071715255742386272e-06 1.054573000163072400e-06
1.257573543432836433e-05 1.293797459434148684e-05 1.237193861090630594e-05 1.138038841563826509e-05 8.155346955794090687e-06 6.575146235492520071e-06 7.507991552590366510e-06 7.012717764614138975e-06 5.986777089548080517e-06 5.892879424609820364e-06 4.601541772662559573e-06 3.594731374341347670e-06 4.582692974610423933e-06 3.870344389865318701e-06 1.643282457905958065e-06 1.929230723179660611e-06 2.364678036432212053e-06 2.385112286772102859e-06 1.109199245570194648e-06 1.042985624926625198e-06
1.258733628497898424e-05 1.308119872362535842e-05 1.234123620758008061e-05 1.141615063293681730e-05 8.095947074337668140e-06 6.841162738913824852e-06 7.663965551701859856e-06 7.140596628365683525e-06 6.103892698560050243e-06 5.839171248103347154e-06 4.608063761143991494e-06 3.636955181791617530e-06 4.590299905388970118e-06 3.922349568090628226e-06 1.717938425854607586e-06 2.004838628380216782e-06 2.345193483385074922e-06 2.345726406661511252e-06 1.076702976498344842e-06 1.064538274463345089e-06
1.263930176764822881e-05 1.290608230079531708e-05 1.232616359475852701e-05 1.143593860720722918e-05 8.218269390243212674e-06 6.687022543597517185e-06 7.636881923215467670e-06 7.290670135957279482e-06 6.267775238366012793e-06 6.037683757019205698e-06 4.730696638358273082e-06 3.773749746542027188e-06 4.690511536392082814e-06 3.933101794865562670e-06 1.556675840515690901e-06 1.896759923990764893e-06 2.313616993147301873e-06 2.351479592093497971e-06 9.566638556138802988e-07 9.073126199019804119e-07
1.266097009325038487e-05 1.299429062795157992e-05 1.235924503343137902e-05 1.140842720107517396e-05 8.211273003260636334e-06 6.653695328449475833e-06 7.623372502763830728e-06 7.299638164459040519e-06 6.174193258887465224e-06 5.939297363267568287e-06 4.631971110812808893e-06 3.660507650668234825e-06 4.681498534706873520e-06 3.818748781693663436e-06 1.603112463432590897e-06 1.951627599396816657e-06 2.353282585509794634e-06 2.375177263086557385e-06 1.108517554466296082e-06 1.002072198532926718e-06
1.272620081553549710e-05 1.318596404345526216e-05 1.249025474726368976e-05 1.149071211822848551e-05 8.214350454558059741e-06 6.674580505005317165e-06 7.620444219612747361e-06 7.167399761151379675e-06 6.125792090499119850e-06 5.923813502378766024e-06 4.583928943660551785e-06 3.586656637541830076e-06 4.548228825349508436e-06 3.784703005182490016e-06 1.537680061420795485e-06 1.915642279939199954e-06 2.230478487977230874e-06 2.207866312302019178e-06 9.510675771893438434e-07 9.286623194904470057e-07
1.281193865385593063e-05 1.329342696197601101e-05 1.259440226478737623e-05 1.146457341307538626e-05 8.312802086793949816e-06 6.617974702895758435e-06 7.560637894125411388e-06 7.221044480357902309e-06 6.128709162737791389e-06 5.801420993887285938e-06 4.421442259467676338e-06 3.557033945669507328e-06 4.418800324719463704e-06 3.615366381231174834e-06 1.566657684239308609e-06 1.978671741237443755e-06 2.404016855747401997e-06 2.383534473061391395e-06 1.010890803398207681e-06 9.011803055440611948e-07
1.265501945580802276e-05 1.296072015100043050e-05 1.239606202659524805e-05 1.142815867124406473e-05 8.226641195389989823e-06 6.688045945455906456e-06 7.728008983723251400e-06 7.270090467735776340e-06 6.189956286684429788e-06 6.073558340854309634e-06 4.723232631509723507e-06 3.564765220451633510e-06 4.642978760269879398e-06 3.847963894396297855e-06 1.636373984129885072e-06 2.010859495804154673e-06 2.383891321550436229e-06 2.480717578971169699e-06 1.301325113478460193e-06 1.300736479980841467e-06
1.251973756465811841e-05 1.291457930377515201e-05 1.248660277716709020e-05 1.127606183457488524e-05 8.261048781958244143e-06 6.781606812850756655e-06 7.622788516278927471e-06 7.357921367611282080e-06 6.270137703833714606e-06 6.099441559596572167e-06 4.771216713459810259e-06 3.792926825739336454e-06 4.603034603562191086e-06 3.632212877439539106e-06 1.361699378051203662e-06 1.875616808932687749e-06 2.661479634635746801e-06 2.735364353559047110e-06 1.280281885011493690e-06 1.051685253436694826e-06
1.265620844997323376e-05 1.305422850996821484e-05 1.230020046713714870e-05 1.134841968386675948e-05 8.199631596594427469e-06 6.682682710284732401e-06 7.580168233294701539e-06 7.168357520453306528e-06 6.116913051741054569e-06 5.838984937613091990e-06 4.536154556411839047e-06 3.539185095772669560e-06 4.558242450992470489e-06 3.770578858236232108e-06 1.475907126170228995e-06 1.710902006263435795e-06 2.224055135260897588e-06 2.292803687900207794e-06 1.039181837792604951e-06 1.053616643701685355e-06
1.241196758357239751e-05 1.289647736278554422e-05 1.213218873822343298e-05 1.113104227042936698e-05 7.995871479023602946e-06 6.548547395196743881e-06 7.540502582390122517e-06 7.238283220545078746e-06 6.161913774931064145e-06 5.907081426202716071e-06 4.513965848349359686e-06 3.538400695276733241e-06 4.572473334005387863e-06 3.778953904716929342e-06 1.541227898769891899e-06 1.938625668135811884e-06 2.432203015202947624e-06 2.554920152720075553e-06 1.320111451900933892e-06 1.154401737681354959e-06
1.258545552035186388e-05 1.289905525802006621e-05 1.240949463793210075e-05 1.128073467801051936e-05 8.144125049939160700e-06 6.698152070403917480e-06 7.549658981425378328e-06 7.086686970702219336e-06 6.094547310671271638e-06 5.880704889585734854e-06 4.596008408490440257e-06 3.617947442649803502e-06 4.681002557463375739e-06 3.820068774535697180e-06 1.558760983428919097e-06 1.924532860226382407e-06 2.295459594139642750e-06 2.312754364046028361e-06 1.093295437131549346e-06 9.844428917577843657e-07
1.283023877709191064e-05 1.288165482892801426e-05 1.225150536461550995e-05 1.131045576953197176e-05 8.043124541507302533e-06 6.430223507460098668e-06 7.375538402224279198e-06 7.088136533950188237e-06 6.037089375737312825e-06 5.843007218975544291e-06 4.633367098372631233e-06 3.647993982321184342e-06 4.504551730704136009e-06 3.710851862232886194e-06 1.584417448421486774e-06 1.953011497097773722e-06 2.465896207480385713e-06 2.508232208911408216e-06 1.106341686082502194e-06 1.020393433929504528e-06
1.267717957263639232e-05 1.313508403684076822e-05 1.228554921439172177e-05 1.152979645462881542e-05 8.251828391303467865e-06 6.675880596829593623e-06 7.583647003392842072e-06 7.145416844620968246e-06 6.043544563710995863e-06 5.923427340911599280e-06 4.664893246662152198e-06 3.697907789520139617e-06 4.833483148937840635e-06 4.140029750915621322e-06 1.856617771310839624e-06 1.983917149638706492e-06 2.438135117527453996e-06 2.377459070410823337e-06 1.069730833770343473e-06 1.113280404711241770e-06
1.276768300511640756e-05 1.313857461368106616e-05 1.241554857079200437e-05 1.130917351981529827e-05 8.262733933617175157e-06 6.848203722047657971e-06 7.797756457023135042e-06 7.350640955455857878e-06 6.330167421489943609e-06 6.046506213789045950e-06 4.735250113997838680e-06 3.717576968976738342e-06 4.825886530494182615e-06 4.014151933546152927e-06 1.795688398076190686e-06 2.094369803160338314e-06 2.523526744662927041e-06 2.529572999531922594e-06 1.118561417493876414e-06 1.123476006321992285e-06
1.266116354278194873e-05 1.292290821931439728e-05 1.231561045985470052e-05 1.133330944738037332e-05 8.205340244138175536e-06 6.579728792232815604e-06 7.519831227886573578e-06 7.155261141810825981e-06 6.195831227104673709e-06 5.913305247040639654e-06 4.620867613073349058e-06 3.605895301158025713e-06 4.658677919353128054e-06 3.849449280920494399e-06 1.635398452115881243e-06 1.957556819815917896e-06 2.399647035025484166e-06 2.515549945756167602e-06 1.187236111054364755e-06 1.134621078959856172e-06
1.248513455971100264e-05 1.304520604640802865e-05 1.246275983504267057e-05 1.151639848914942624e-05 8.269291529145887708e-06 6.670373377363431346e-06 7.538264947258947610e-06 7.153226119100925624e-06 6.147358712676653061e-06 5.883575844123228814e-06 4.619440469951244607e-06 3.662555662257886151e-06 4.691380169098601461e-06 3.897871630902137720e-06 1.605270364744000042e-06 1.976252828968903220e-06 2.388437344372445276e-06 2.357541762217611617e-06 9.475653931490029137e-07 9.290504644141988068e-07
1.274309839393778280e-05 1.287788455098556608e-05 1.226031472121805306e-05 1.135049783222613977e-05 7.994983425025311056e-06 6.449325737561663208e-06 7.481093349152043845e-06 7.107079906765773537e-06 6.023774086124554553e-06 5.781600657959588377e-06 4.522610665283926027e-06 3.517040012938866820e-06 4.530803006639928301e-06 3.707008566670342919e-06 1.563475865734606638e-06 1.949868771102022225e-06 2.340424273276195346e-06 2.478797081400168633e-06 1.125739817744927988e-06 1.045839412531843555e-06
1.262823268436099109e-05 1.291601301038206782e-05 1.234294414869052209e-05 1.138332425544808501e-05 8.079402715686175349e-06 6.460453483607384614e-06 7.430858419127665141e-06 7.231941364128759884e-06 6.263372848832213904e-06 6.054497934989073313e-06 4.752148075853065309e-06 3.614566906962114337e-06 4.567677256775892332e-06 3.766687845197352462e-06 1.472343119149251969e-06 1.868464335503334604e-06 2.358976850386379028e-06 2.513710031075672052e-06 1.196527264313081704e-06 1.291910168573074229e-06
1.259205592183014542e-05 1.281083685059076130e-05 1.235908396626180987e-05 1.145174329307887169e-05 8.316845423875555786e-06 6.799128160019679459e-06 7.799092748531596985e-06 7.308870481442250709e-06 6.293504243592268525e-06 6.061134588105032911e-06 4.698049230558778977e-06 3.653656893158281732e-06 4.705961423320103764e-06 3.875375094515000117e-06 1.649621102797837219e-06 2.008173674508706496e-06 2.424346522395926291e-06 2.400765496916386037e-06 1.099544642592106062e-06 9.368888038794252004e-07
1.280781647143864166e-05 1.295938265094085150e-05 1.248216625551147723e-05 1.129226037480312012e-05 8.210451071984212115e-06 6.638250231521980690e-06 7.513927031000279178e-06 7.201186455494895380e-06 6.112910730819828066e-06 5.887806709941535003e-06 4.661731061292453053e-06 3.692266931511795305e-06 4.597700416177866612e-06 3.732994926436706153e-06 1.540000415025483194e-06 1.942326937293962158e-06 2.485135878444072752e-06 2.587485932837887113e-06 1.236185415012317181e-06 1.036152742728221983e-06
1.246664065853754838e-05 1.300012722244911732e-05 1.226491948250374006e-05 1.144255363756020281e-05 8.117896307812199640e-06 6.598891746474786490e-06 7.530710263367651495e-06 7.105004763978252083e-06 6.014950429591468363e-06 5.806794482965379681e-06 4.646940767525417610e-06 3.666449072364545491e-06 4.650220323768092964e-06 3.809592162313363296e-06 1.622735364933881884e-06 1.919897844066629564e-06 2.343822296529788083e-06 2.254574215115041197e-06 1.076398269292711450e-06 1.197909691250369071e-06
1.241712238620818437e-05 1.291579173100147790e-05 1.228198779838033674e-05 1.120551042516730227e-05 8.061127778592311043e-06 6.554324258662954672e-06 7.468630479296886821e-06 7.161170190924700583e-06 6.155098201391692901e-06 5.907713390373333868e-06 4.580326924163688110e-06 3.618819026066624398e-06 4.612284972384536006e-06 3.793337576177133754e-06 1.603249559354385299e-06 1.938624940600103154e-06 2.434162145179355553e-06 2.510428832441604980e-06 1.228102519720160194e-06 1.147793363574424293e-06
1.252772836195970633e-05 1.303343308085759391e-05 1.228796363067694483e-05 1.133477308419840018e-05 8.182261714319390950e-06 6.560947288623119529e-06 7.592903261822067121e-06 7.126548188817713931e-06 6.002878959026816387e-06 5.718529942070830539e-06 4.320039964348216785e-06 3.282019778452222042e-06 4.373555982633013694e-06 3.661320916075365662e-06 1.527656732719791194e-06 1.907463400945053036e-06 2.421392247792791661e-06 2.432340687170771886e-06 1.073105153645684215e-06 1.006185147818362798e-06
1.269763211862777680e-05 1.298481573208607598e-05 1.233487586289112287e-05 1.135151017502705151e-05 8.211974317239015132e-06 6.579991173976128981e-06 7.592323210965414534e-06 7.055722626162710552e-06 5.991326136542334518e-06 5.789435701618778547e-06 4.505548121294739369e-06 3.636845103786915507e-06 4.721363478779400003e-06 3.881574662362209942e-06 1.768830717390768748e-06 2.077976757088670497e-06 2.454447465753146413e-06 2.458312618733589893e-06 1.108989871456531371e-06 1.087520729896238664e-06
1.279093590922864589e-05 1.288064986282744595e-05 1.227802876998260531e-05 1.134124680411250196e-05 8.229700421662001881e-06 6.627533012822477008e-06 7.526069721929814741e-06 7.072850183706645598e-06 6.083720202801765914e-06 6.002333041286634263e-06 4.636866675648473123e-06 3.641122950656382126e-06 4.646977736844264272e-06 3.800523326770993518e-06 1.580054478935286113e-06 1.979997492874119687e-06 2.507056874137449883e-06 2.514089885031626769e-06 1.131034440973616353e-06 1.120645773360873979e-06
1.257409373927855681e-05 1.291476326177379512e-05 1.240242011110319047e-05 1.124925192946563479e-05 8.068081124250774713e-06 6.667325177443946751e-06 7.579842526282651653e-06 7.111249740871744502e-06 6.091941778560847407e-06 5.912272304138162543e-06 4.566729399742132431e-06 3.631156449431410769e-06 4.604598579969419850e-06 3.829511145579003362e-06 1.680672060242692657e-06 1.961904829686295164e-06 2.424012534220011665e-06 2.430793311967232498e-06 1.198158450058950600e-06 1.109019920363247685e-06
1.272676579644456426e-05 1.298622425979726497e-05 1.220489520371518326e-05 1.138457057976461021e-05 8.040545423948855259e-06 6.683726539289281955e-06 7.596797052539339492e-06 7.217880432222961223e-06 6.175846676283037471e-06 6.015730448357219390e-06 4.708264406493514578e-06 3.647293593247595938e-06 4.745176953049556135e-06 4.180820864372590460e-06 1.909212361842520508e-06 2.321134006833591811e-06 2.631043056442951011e-06 2.474643206763716052e-06 1.013936524223691742e-06 9.308757414689332591e-07
1.275967660526406394e-05 1.299185520990565749e-05 1.244052960147246466e-05 1.134082669458618954e-05 8.110755772785725964e-06 6.728630091240323827e-06 7.594599381903139003e-06 7.135442952547660444e-06 5.995432306109170159e-06 5.645686322096669479e-06 4.422232324664026960e-06 3.413398700141298385e-06 4.381262668496610740e-06 3.781245810859183902e-06 1.540297667275930091e-06 1.920206534316560393e-06 2.504801821601015057e-06 2.469119006113382895e-06 1.163689417506360123e-06 1.059409898298020372e-06
1.267791089342545852e-05 1.293514078502534838e-05 1.241062805461697852e-05 1.132933329570848744e-05 8.125571552462148699e-06 6.567733621535108526e-06 7.523870977562572327e-06 7.170751627588488836e-06 6.103064801918638323e-06 5.914964938524711275e-06 4.618864201311914795e-06 3.571391303820140626e-06 4.619398452594246209e-06 3.851180773692961146e-06 1.658012409250223762e-06 2.062322866861041470e-06 2.452131035367260592e-06 2.451362089121402648e-06 1.142383399542120658e-06 1.067192695324616693e-06
1.271543483106244420e-05 1.296080207716730540e-05 1.221990844644472367e-05 1.131235497080439100e-05 8.061107213665252483e-06 6.698583851776415479e-06 7.561108086866066856e-06 7.157948262022714516e-06 6.147445897212697331e-06 5.867780103997883898e-06 4.489126191949509287e-06 3.611544294990158663e-06 4.727800633573681800e-06 3.900625359024424785e-06 1.587188509782059543e-06 1.891881322162220417e-06 2.506857360835966457e-06 2.501794008268776886e-06 1.232136488861746372e-06 1.102268814336942264e-06
1.267700040581139363e-05 1.303469811089930338e-05 1.231877276738940530e-05 1.130580823596892834e-05 8.226974575207016501e-06 6.752693873520897164e-06 7.752111052511651663e-06 7.262640613244854755e-06 6.189560901552428473e-06 5.943755766411062132e-06 4.689210376670780936e-06 3.762118269411800355e-06 4.738022311058941142e-06 3.853575063547746248e-06 1.586040275586213528e-06 1.920498414597154035e-06 2.453915112114663376e-06 2.602303410819486943e-06 1.284349789430314984e-06 1.151284876221102151e-06
1.228195879872545422e-05 1.285253542974637733e-05 1.239492665071310053e-05 1.131208841781347720e-05 8.210188605386578884e-06 6.685736467432029618e-06 7.457970855669632322e-06 7.084996335852205646e-06 6.087747774331623609e-06 5.869565708861539449e-06 4.585374069222865407e-06 3.555082708336227628e-06 4.535979902671759389e-06 3.722436607248036287e-06 1.481505902614338326e-06 1.920383312079657405e-06 2.333016319564819308e-06 2.387936716135727109e-06 1.110433188220988668e-06 9.881957413256877981e-07
1.248020104857783312e-05 1.289767807875893102e-05 1.243114933218449827e-05 1.125724500706939897e-05 8.094767948647168930e-06 6.627938179660700312e-06 7.527370151578038110e-06 7.033793091445080163e-06 6.017380357738550028e-06 5.882245637181851664e-06 4.685849259269699691e-06 3.676148264884138498e-06 4.827657431989094577e-06 4.077629344678721857e-06 1.872364356136224435e-06 2.141588772294514514e-06 2.591143975281152702e-06 2.628567940904252012e-06 1.353166041342270527e-06 1.268842568788131834e-06
1.278299147455313415e-05 1.310222064287085047e-05 1.234303749843826215e-05 1.132880691846255174e-05 8.068427210456217806e-06 6.561940257345066440e-06 7.524791061042144139e-06 7.103430739631520080e-06 6.053741997352045463e-06 5.883885670508016067e-06 4.598465330665236293e-06 3.630600572551445530e-06 4.606484097415757736e-06 3.864608878243029463e-06 1.642063821900706532e-06 1.987297397467179958e-06 2.412346630259641992e-06 2.467117190727775741e-06 1.214804282032591995e-06 1.125317220731141947e-06
1.271011204209173529e-05 1.321971711117666202e-05 1.251898554182758494e-05 1.152058241902218648e-05 8.210639786081390455e-06 6.637789324174788662e-06 7.555827490453932708e-06 7.283786591759034481e-06 6.328606144998821368e-06 6.071725507881182902e-06 4.770678591388679562e-06 3.756817436497428896e-06 4.826467205273906545e-06 4.003094151621202433e-06 1.816477038996657320e-06 2.128977736055154116e-06 2.540643432308399905e-06 2.472281577122039246e-06 1.153300598772263744e-06 1.081774650494802460e-06
1.285387718421652799e-05 1.303358325804772191e-05 1.237921002424980011e-05 1.141005170720624117e-05 8.167157075222010467e-06 6.678040297398621554e-06 7.669876490027188157e-06 7.276499871886516307e-06 6.142500230808204367e-06 5.824256663930827694e-06 4.587673483137201318e-06 3.672473668379898274e-06 4.656215868365430296e-06 3.818654464986494757e-06 1.587003529519088260e-06 1.944726864949211197e-06 2.440276506880583356e-06 2.480354767969234741e-06 1.185915741699259768e-06 1.148089255337421242e-06
1.261173665990101604e-05 1.290606865736554734e-05 1.221312674342597555e-05 1.122193968241120636e-05 7.955237215363540273e-06 6.557027199845182342e-06 7.500268987440397256e-06 7.181087663313107829e-06 6.114221098078143798e-06 5.935573524662543735e-06 4.612199468456781836e-06 3.622193477053829551e-06 4.665992327124352588e-06 3.901222634112979546e-06 1.748077388829044053e-06 2.037400533914488422e-06 2.393094742493711569e-06 2.460300768345121253e-06 1.130740544248673349e-06 1.047122855344499843e-06
1.263791856502636735e-05 1.295047047609056898e-05 1.252178808260829235e-05 1.145871415400381966e-05 8.189732580854600064e-06 6.664673584134446793e-06 7.585535439978300145e-06 7.169389391208162237e-06 6.102488723179895696e-06 5.934683073531126945e-06 4.633913060495644033e-06 3.689317868336371606e-06 4.545236776369643179e-06 3.663020653978928021e-06 1.603330240154360076e-06 2.097005673108056134e-06 2.521392262679299884e-06 2.502820947212804172e-06 1.097658171688296517e-06 9.444273185079324182e-07
1.277725307419414701e-05 1.305474924065282399e-05 1.240400132910937250e-05 1.124253039396547607e-05 8.092213678349113165e-06 6.563064124458040463e-06 7.483450699422082870e-06 7.166304225016771121e-06 6.118517701678830518e-06 5.954799107448760996e-06 4.529634120677881215e-06 3.523879148412881981e-06 4.631617932095066830e-06 3.820561996089199446e-06 1.622076860339356149e-06 1.935761758131310160e-06 2.383832597665535309e-06 2.383087993783243808e-06 1.092818973013406038e-06 1.144682195167882061e-06
1.258776533738018136e-05 1.290845333720254567e-05 1.240606005801593296e-05 1.135814512028624454e-05 8.076860309589011921e-06 6.531591594539057766e-06 7.485871707722678076e-06 7.164043147858196272e-06 6.079370233199867264e-06 5.926176755433377385e-06 4.687574537581875298e-06 3.700946520006982714e-06 4.713360206247298376e-06 3.895851749266178866e-06 1.711391094927134019e-06 2.074841515781160418e-06 2.483367930555634281e-06 2.506640496128398128e-06 1.230355640360229904e-06 1.204548099692709641e-06
1.273267874027418079e-05 1.313652070839663215e-05 1.242075659700801605e-05 1.146978062717035526e-05 8.281257646189159091e-06 6.767470093630729362e-06 7.598942658096199804e-06 7.141199011993441143e-06 6.081969259049345536e-06 5.824060842976733072e-06 4.599635153392408248e-06 3.627986186477199204e-06 4.569767789505960523e-06 3.752559062378398224e-06 1.596648667502067055e-06 1.983871072088616442e-06 2.436659860238919597e-06 2.316538601046857357e-06 1.050100829368437365e-06 1.039923936861057902e-06
1.258692613645746436e-05 1.300389502617651879e-05 1.226534738316320011e-05 1.120165910849570077e-05 8.063977432020416543e-06 6.655091883923007057e-06 7.639382217707754732e-06 7.240560440480158666e-06 6.184940616943737658e-06 5.910484469198161540e-06 4.557808397436122524e-06 3.604474399383588986e-06 4.630409724478373584e-06 3.882668472784791366e-06 1.794169025548571030e-06 2.192768362524909918e-06 2.588898211359379427e-06 2.468667114319144335e-06 1.095291819458254556e-06 1.082707683582329696e-06
1.264233174446227588e-05 1.284090108594848608e-05 1.239058501291693249e-05 1.142009916196142386e-05 8.231161646173813765e-06 6.754710819246275954e-06 7.617219325215911456e-06 7.208255053144726156e-06 6.121746801550327494e-06 5.899878059464157294e-06 4.618629447903369014e-06 3.623431830566822546e-06 4.629703018500402978e-06 3.899402037983953250e-06 1.667866032330704080e-06 1.984181099990517509e-06 2.475173944774675543e-06 2.540380979761933233e-06 1.303988887430682959e-06 1.280884672542421026e-06
1.255281089698463858e-05 1.297892029861214488e-05 1.239776891192511467e-05 1.132373626794023797e-05 8.120661336602993816e-06 6.593785026557361206e-06 7.486154418961696679e-06 7.083531084603154079e-06 6.069514918798787841e-06 5.893685154340074556e-06 4.591966854897379395e-06 3.605893232626395769e-06 4.571419761992229616e-06 3.843417384988001121e-06 1.623888124653243180e-06 1.984774486288520622e-06 2.454535685376209391e-06 2.456955357182832159e-06 1.175407879211182781e-06 1.235856886098830941e-06
1.269290605086885821e-05 1.303579760378499337e-05 1.234407348148017869e-05 1.146300404842010764e-05 8.238145902884417399e-06 6.641334772905395825e-06 7.545657027071203806e-06 7.156191177284435205e-06 6.138292688078479197e-06 5.934868478579473797e-06 4.617437306881019775e-06 3.569093688597307971e-06 4.539642243498221122e-06 3.756721303455531620e-06 1.497716368959353275e-06 1.727472108477929466e-06 2.146332726771812205e-06 2.291919527208946329e-06 1.035449636010678042e-06 9.312352562736664614e-07
1.265164552442071924e-05 1.309930155724524878e-05 1.237452682285803670e-05 1.147007070439041370e-05 8.332752717839661619e-06 6.822220309813157945e-06 7.704795536152017233e-06 7.162007734965392771e-06 6.055704051098328534e-06 5.874357609090816222e-06 4.567278666481732827e-06 3.643045413113106835e-06 4.660670327152957791e-06 3.836596407598240762e-06 1.659522403915691752e-06 2.003897411107195854e-06 2.431082214609681153e-06 2.480155783506675413e-06 1.133265194091596839e-06 1.044652114807565731e-06
1.250421249646962479e-05 1.305345599404773441e-05 1.254317978805061062e-05 1.141281721503998133e-05 8.205516476030641086e-06 6.726444137552074056e-06 7.722828056425465614e-06 7.303556512744832123e-06 6.169389546309602133e-06 5.836552718730982612e-06 4.469567860905287042e-06 3.439414671462549885e-06 4.398606534650965041e-06 3.633822866085746823e-06 1.571486544310243613e-06 2.006011344652447039e-06 2.537793020720682484e-06 2.465888186022938179e-06 1.136674493048614364e-06 1.071802850955510568e-06
1.253919954356126000e-05 1.285935964028058749e-05 1.235927353392373348e-05 1.137981074127698547e-05 8.218308583026166599e-06 6.683086621175672174e-06 7.579231872880549824e-06 7.261931870787785188e-06 6.187147551237794158e-06 5.979424879477564819e-06 4.654715050535574536e-06 3.634178354616825816e-06 4.661224543920592816e-06 3.842710024001534411e-06 1.673795946501254488e-06 1.986496914669833214e-06 2.377247739703335858e-06 2.341939017463825448e-06 1.151737834551214466e-06 1.132773199143415869e-06
1.272590046357819409e-05 1.298753536503426759e-05 1.238060935515989086e-05 1.146179668395249960e-05 8.239179102935702509e-06 6.768947933504516354e-06 7.707987411643349378e-06 7.272902575530730502e-06 6.269005701659221034e-06 5.887849642610225468e-06 4.543222537354802500e-06 3.456992318928491661e-06 4.506134548533548070e-06 3.704454251509310770e-06 1.584762968386246790e-06 1.877656786574002446e-06 2.287966433221697795e-06 2.264382756686633279e-06 1.011932230009282871e-06 1.051340204894013142e-06
1.261547509532956669e-05 1.312281679210807112e-05 1.226435828368821959e-05 1.134030672225754726e-05 8.133958822375359567e-06 6.643023795189880003e-06 7.659582398781222086e-06 7.211439137150370463e-06 6.179098731323104534e-06 6.127660076130567823e-06 4.852974137103316470e-06 3.780044610817095897e-06 4.652792688451093641e-06 3.901855202254223161e-06 1.693582265743423572e-06 2.050234050816023001e-06 2.390011091057047760e-06 2.490145517343378194e-06 1.232628512256653891e-06 1.333231706691478975e-06
1.271083816659154757e-05 1.308543684571102893e-05 1.230801072727687156e-05 1.137120323964120994e-05 8.124849904252014630e-06 6.564602478237537363e-06 7.489309467414071373e-06 7.123699010628943654e-06 6.084338285813886211e-06 5.843739221457493005e-06 4.575238207245604025e-06 3.617461613851322821e-06 4.550299111852206763e-06 3.650170011479824644e-06 1.466140558113644489e-06 1.842718086143843471e-06 2.367008713843524227e-06 2.539232077334018520e-06 1.202686835469366299e-06 1.135952220610280790e-06
1.278901783213061943e-05 1.302084835068797813e-05 1.243119063701518170e-05 1.126507471047441457e-05 8.060880735135495071e-06 6.529341768885791694e-06 7.578903744850336805e-06 7.140903076049735485e-06 6.205718574922452311e-06 5.908551174190976047e-06 4.486000635332401764e-06 3.428817892518547427e-06 4.567052513330373210e-06 4.057950785588820491e-06 1.894390029392107391e-06 2.206047017067597798e-06 2.528920265642849062e-06 2.409833515665429843e-06 9.451304711104879914e-07 9.786420445594270229e-07
1.270243918249785523e-05 1.286732949822001648e-05 1.227120079406266482e-05 1.127497107030994876e-05 8.064789705954115366e-06 6.586205040167676319e-06 7.582826974462351526e-06 7.199807321145912289e-06 6.132723782166064873e-06 5.885879166350759592e-06 4.580982116791722313e-06 3.562500692619268918e-06 4.621809112097571810e-06 3.881134308712323722e-06 1.663543628430547811e-06 2.019383339894248162e-06 2.442071905584706345e-06 2.412216238470305510e-06 1.163625939573639018e-06 1.092633688092924327e-06
1.268937636831111503e-05 1.296886000054603745e-05 1.239543332570106844e-05 1.134629005488858820e-05 8.158653463571311631e-06 6.558644919657999097e-06 7.483300391292983015e-06 7.147700746012796272e-06 6.155631073497605114e-06 5.943892232597115611e-06 4.643140761703674751e-06 3.632740052795898402e-06 4.630084613400775251e-06 3.817812587341453513e-06 1.599635670683622410e-06 2.008475616393946952e-06 2.477332021944930462e-06 2.474007738347846213e-06 1.238713654418069495e-06 1.104732152507083412e-06
1.252917902660434888e-05 1.300476966014122584e-05 1.261513123092948962e-05 1.145213370693788241e-05 8.338186410252651818e-06 6.707690884888532191e-06 7.576466242567326098e-06 7.175967044591109438e-06 6.033379549499197964e-06 5.788173813503363407e-06 4.559276035406918132e-06 3.503187156680346364e-06 4.432477157353385911e-06 3.628836412065979038e-06 1.413874406438945009e-06 1.757413793645086799e-06 2.220898014172121737e-06 2.161734186568595548e-06 8.951684032563782039e-07 9.258121666488051870e-07
1.268311311282555715e-05 1.299478133365882352e-05 1.232696303016575146e-05 1.129346381256208765e-05 8.139792754199844880e-06 6.732211515238134048e-06 7.693200708612806223e-06 7.311005596911471340e-06 6.269598232273702197e-06 5.996421551716270355e-06 4.626210825056547549e-06 3.645963396749735651e-06 4.683143551290887429e-06 3.780734552270340354e-06 1.569814513897994485e-06 1.938371584543048268e-06 2.452705543196088262e-06 2.500994308025993284e-06 1.163259285775580585e-06 1.123214029104680422e-06
1.261301520313729173e-05 1.296955297011899178e-05 1.238541139376698766e-05 1.137377201608113684e-05 8.267789663107946032e-06 6.578380371408847170e-06 7.459917702205216159e-06 7.039712133015119100e-06 5.975953674249547261e-06 5.769915265716877245e-06 4.467501693915679146e-06 3.570740238803532750e-06 4.408459988921551868e-06 3.714740315868783914e-06 1.539182897114511360e-06 1.910064991802628825e-06 2.375984539119300487e-06 2.349378837502687903e-06 8.732979961245087622e-07 7.256826020177075275e-07
1.265807970155370453e-05 1.296397418217513723e-05 1.244046215451355637e-05 1.139634119741582107e-05 8.228222591048278071e-06 6.714552991442609754e-06 7.622760718420400356e-06 7.230795858319898390e-06 6.103086779538068006e-06 5.886394421193870668e-06 4.572165077532380835e-06 3.574728748527501143e-06 4.682962774776258849e-06 4.015308215260109588e-06 1.768970603941256582e-06 1.993619556570118459e-06 2.481644436872658159e-06 2.479792784348662941e-06 1.121760295689110290e-06 9.950665456309905135e-07
1.245809407289078038e-05 1.301414804308985108e-05 1.234559598497813485e-05 1.130898163906510766e-05 8.233327306477166021e-06 6.769451312597124068e-06 7.773639063634203559e-06 7.318856008441456641e-06 6.213796089803220396e-06 6.012794833253738512e-06 4.589960406738809921e-06 3.622432639409960303e-06 4.610070089099730022e-06 3.792424710127566504e-06 1.528562738504246975e-06 1.942834699446725639e-06 2.408488129329776533e-06 2.451282560516797234e-06 1.097285320182195693e-06 1.038173820913793091e-06
1.267471327997018768e-05 1.323176718709280577e-05 1.252865017516035286e-05 1.161952020809103394e-05 8.286658818779873514e-06 6.653923818280329519e-06 7.497011087251984309e-06 7.228740124916699074e-06 6.137661183922135997e-06 5.845529049409769134e-06 4.538841963930173815e-06 3.561051639264185445e-06 4.512902907329392566e-06 3.666060131051255914e-06 1.552494950005435050e-06 1.960589700610987132e-06 2.409934780238987338e-06 2.357418781783176742e-06 1.112753647682314953e-06 1.063076207139740762e-06
1.263747095543438593e-05 1.290619813452126449e-05 1.237368833245268006e-05 1.141162397708501096e-05 8.226662131936731515e-06 6.702170649755287962e-06 7.551568394261834143e-06 7.102050038414787346e-06 6.030214101965558794e-06 5.839297887328856096e-06 4.578706925140342684e-06 3.633953690806461125e-06 4.612023931741344987e-06 3.954400291814952517e-06 1.660937889286603935e-06 1.993755546963251555e-06 2.427791230939642896e-06 2.444562932858102889e-06 1.134584906032299267e-06 1.033602083681654611e-06
1.283923626625110279e-05 1.284112989316226238e-05 1.237055608361067923e-05 1.133895907304811853e-05 8.165927944248263417e-06 6.660529320247068143e-06 7.562437854942157392e-06 7.178556172886760503e-06 6.138475800256456229e-06 5.956864622375439178e-06 4.612521738396392961e-06 3.700685841747976448e-06 4.780083900483149100e-06 3.926050898398332446e-06 1.780648057590991080e-06 2.175101307510492693e-06 2.699856262859459056e-06 2.663763096795971874e-06 1.260030689534769644e-06 1.127255626432708646e-06
1.267732097377515066e-05 1.303055715009456446e-05 1.245737464266337129e-05 1.123482268130735098e-05 8.069567406990482559e-06 6.733324917362587746e-06 7.656448502936747340e-06 7.266376378511546144e-06 6.263750405347566043e-06 6.046536495240584862e-06 4.756370047774024827e-06 3.692326670646886864e-06 4.476250528461647283e-06 3.669033608314562081e-06 1.512065581004441282e-06 1.836445440868161746e-06 2.357928552182920292e-06 2.318260267612920105e-06 9.426425137831629963e-07 8.786104822344308261e-07
1.240395135841537744e-05 1.290776936142110882e-05 1.240854703750365948e-05 1.134874172284537003e-05 8.080675167739078391e-06 6.573374141843938456e-06 7.460617246354581830e-06 7.107816154915845792e-06 6.121319448870062482e-06 6.046518564411755045e-06 4.758603959279652291e-06 3.672237977983845477e-06 4.630037997668965671e-06 3.905648602939681670e-06 1.745443145663682890e-06 2.053731563576520018e-06 2.517835192344911421e-06 2.533239673778515151e-06 1.325194530558359134e-06 1.164303768443902148e-06
1.261204574505904237e-05 1.303716698268486697e-05 1.254432072407190432e-05 1.152680243495792189e-05 8.312548182828385630e-06 6.750680886303393570e-06 7.665879517413665348e-06 7.194553160784850598e-06 6.196696680380328938e-06 6.033261939273148227e-06 4.640700004738721897e-06 3.607560461087144043e-06 4.668947358413696338e-06 3.852181522948840203e-06 1.632523476458294025e-06 2.003466196278682043e-06 2.405848437967295699e-06 2.508979179434609638e-06 1.213923823010457103e-06 1.163752364368544221e-06
1.260020990213367853e-05 1.287991235049860789e-05 1.249795360387284200e-05 1.140642934480149423e-05 8.259249793300225899e-06 6.795532190796960251e-06 7.695005006931198129e-06 7.117000036344171008e-06 6.009266611043706382e-06 5.772175936030475753e-06 4.575543310619527784e-06 3.606953208084164614e-06 4.649232152281716434e-06 3.909034713039493124e-06 1.647181520596203799e-06 2.007109385133324968e-06 2.554086154508252162e-06 2.744710601901253619e-06 1.509852433501852485e-06 1.438684014677907908e-06
1.253806186388722520e-05 1.295868608298423474e-05 1.251649911705465778e-05 1.136228578446472773e-05 8.079109056477725838e-06 6.559085310288550971e-06 7.474374490208859228e-06 7.160835732608298120e-06 6.211817706201738720e-06 6.023833524488772620e-06 4.701352035570127042e-06 3.694119080642547857e-06 4.536627896687342967e-06 3.900466377995215934e-06 1.707420906327856149e-06 2.067276094399644953e-06 2.563966992625782485e-06 2.623814938425829674e-06 1.378055538976714810e-06 1.373229672880790066e-06
1.267677834054345729e-05 1.297582656415194896e-05 1.230253236586788598e-05 1.146666358203105824e-05 8.129954957551310094e-06 6.729711269817988430e-06 7.566147339386579227e-06 7.218080013307620979e-06 6.192468145416260329e-06 5.932542868156446586e-06 4.685441698232687916e-06 3.646706743516680952e-06 4.700465445139376780e-06 3.956386630643905054e-06 1.762777863083155279e-06 2.084849891579180125e-06 2.497266276064094836e-06 2.484071217759278801e-06 1.188672755494385289e-06 1.204554458874427734e-06
1.253621836604317015e-05 1.291247242432930053e-05 1.237358702679664523e-05 1.131441731584893778e-05 8.216955842341343232e-06 6.740460635168139132e-06 7.672220424568800806e-06 7.183264174885082689e-06 6.070158867553038717e-06 5.876373943117047460e-06 4.597008305744309179e-06 3.650717085300548125e-06 4.639312511587945003e-06 3.860997921609331302e-06 1.565528553904702347e-06 1.912874798529014205e-06 2.349664034609432059e-06 2.329976568341682345e-06 1.092892849520936009e-06 1.040110683103567040e-06
1.267582553084339484e-05 1.284642816464611296e-05 1.233781093024966328e-05 1.132710157914822002e-05 8.134032026665238808e-06 6.651125738201007402e-06 7.504975247898685682e-06 7.121236884679992193e-06 6.141830864574382727e-06 5.881977022587615180e-06 4.633822507094527196e-06 3.632244076677373877e-06 4.621775688883491210e-06 3.812441247154173478e-06 1.634542913484441333e-06 1.888713363929545497e-06 2.465507834035457419e-06 2.557576967528570865e-06 1.289946977325082112e-06 1.203752598972561553e-06
1.282322139421178174e-05 1.304950329208232635e-05 1.232245849323988001e-05 1.126644255208899142e-05 8.127556943328456609e-06 6.629800218599447101e-06 7.619362127606719320e-06 7.188227082109774453e-06 6.107103330140421495e-06 5.893452780524314038e-06 4.592972297070517710e-06 3.653572263598342719e-06 4.752885388842514652e-06 3.910562635910246561e-06 1.622252611486554419e-06 1.964694638940820077e-06 2.421795968654037793e-06 2.549032395052067070e-06 1.247376093139805864e-06 1.054070550376574223e-06
1.233478632408720372e-05 1.282807219516855795e-05 1.231488972731766037e-05 1.147053113378163341e-05 8.144635331782555386e-06 6.669912617529877347e-06 7.572680532628204992e-06 7.171516409843023505e-06 6.134409588941998607e-06 5.792852512630469229e-06 4.460278618091605379e-06 3.608239535804998490e-06 4.787090771784328750e-06 3.859496490715294584e-06 1.765619149616985139e-06 2.011501448421991276e-06 2.410619860874646530e-06 2.513311399027987335e-06 1.134219981547474701e-06 9.825115631325742418e-07
1.276860923605735860e-05 1.304856266845938111e-05 1.238545206440892973e-05 1.134971712990531530e-05 8.145242089129281856e-06 6.493030677320795652e-06 7.356842726596497331e-06 7.036371363220144362e-06 6.079054814760517580e-06 5.816735181112188847e-06 4.568406175700173758e-06 3.571332928931479616e-06 4.554400164184575393e-06 3.903956968807165633e-06 1.655435525898952122e-06 2.007799062574766758e-06 2.499396888988753300e-06 2.544093596797954992e-06 1.143888671813787808e-06 1.118674883524086418e-06
1.277246484407005476e-05 1.302479997992773426e-05 1.237059798300514887e-05 1.114041296445786377e-05 8.043289110445359146e-06 6.563816501108257781e-06 7.496176694488703983e-06 7.144515638058060859e-06 6.101035805710275116e-06 5.891709053831966322e-06 4.585461893567981455e-06 3.588505587908630530e-06 4.550158288436003816e-06 3.792308474938051427e-06 1.580166294858416909e-06 1.913558200206696129e-06 2.434449590610879777e-06 2.469975217792255598e-06 1.195823633038878303e-06 1.142635761675666636e-06
1.268362714844196041e-05 1.301510690534046243e-05 1.235084335789852834e-05 1.126401005263101890e-05 8.202142229463126676e-06 6.649337570021658350e-06 7.626039152614203133e-06 7.206129910414972239e-06 6.181385735739162711e-06 5.961986445267052237e-06 4.618225406920057497e-06 3.624096345297134429e-06 4.588388102320358255e-06 3.811766289239594364e-06 1.677681842076973732e-06 1.994052704861831520e-06 2.383915919930876498e-06 2.469641348047949368e-06 1.210839890807102947e-06 1.183845077302796423e-06
1.263947079693017877e-05 1.294453598627597540e-05 1.234809218914809601e-05 1.142995798970256535e-05 8.132503762673285683e-06 6.590960346456317848e-06 7.522560151552470207e-06 7.128214222072086658e-06 6.044102414844016603e-06 5.826571439774212347e-06 4.521032788208618637e-06 3.601940341512383668e-06 4.614089950691622489e-06 3.808330116354699288e-06 1.578258920640796993e-06 1.912687658754452495e-06 2.390538839454070846e-06 2.470249751111357970e-06 1.216203205854528319e-06 1.186400705524473165e-06
1.264373986215632981e-05 1.295963886691566266e-05 1.248508467415301079e-05 1.128808865757091144e-05 8.052761934192651278e-06 6.562568307734618950e-06 7.546095980072243311e-06 7.187005323051856952e-06 6.123822757195810295e-06 5.876787061407079558e-06 4.645333702691572632e-06 3.686170535975958470e-06 4.637928972671172552e-06 3.797092544443331631e-06 1.557841082123647844e-06 1.973887037217491115e-06 2.482184229449450079e-06 2.540860038845285712e-06 1.276550104158612252e-06 1.297262140544791625e-06
1.273837336040918278e-05 1.300696672607033501e-05 1.235971458941726272e-05 1.139279477334819999e-05 8.129618553894590372e-06 6.690916788141515578e-06 7.622462571038576567e-06 7.243737978987974262e-06 6.177472624283348134e-06 5.962394614318464083e-06 4.705283832508072684e-06 3.685165538692241935e-06 4.689105331847429031e-06 3.882891962411933278e-06 1.634772608236785682e-06 1.943326361195466305e-06 2.413126214639442365e-06 2.423046563557333658e-06 1.212010002528898455e-06 1.155544836498113821e-06
1.269614067001049963e-05 1.286850460608760491e-05 1.232484671785501379e-05 1.132171984444043590e-05 8.134758073458175662e-06 6.693412768429560784e-06 7.573452891141365454e-06 7.071485784318958800e-06 5.997423689912016700e-06 5.831044432615082270e-06 4.451808971992370167e-06 3.580358656430571419e-06 4.700504708661267467e-06 3.935931645257788759e-06 1.740586763463783845e-06 2.048642810249327783e-06 2.544060553995565124e-06 2.627749720058068131e-06 1.393675126324895234e-06 1.383004446727807942e-06
1.263659062350660515e-05 1.291012012560934652e-05 1.249799838732010878e-05 1.134547760755297765e-05 8.157684935516578220e-06 6.636383625193347869e-06 7.469809948051401473e-06 6.994657747289571197e-06 5.969798448346312262e-06 5.859350536649119781e-06 4.627173776461356917e-06 3.701408999939917704e-06 4.650049703867980006e-06 3.867290760740521684e-06 1.683374631650995042e-06 1.991075786112926776e-06 2.416645024023220276e-06 2.527287033586104664e-06 1.172123053045393184e-06 1.023500878626918977e-06
1.259179636382307115e-05 1.304416268739987858e-05 1.225246126936892182e-05 1.132771668904414552e-05 8.244100502037902923e-06 6.723029441107240525e-06 7.740565305785943962e-06 7.389487320606106174e-06 6.271438099494419094e-06 6.001111671348384341e-06 4.601567549841427323e-06 3.663042665651483946e-06 4.558250806010510517e-06 3.771451963231284609e-06 1.489494035262161307e-06 1.913801360999095751e-06 2.472098028175449383e-06 2.578214214407086406e-06 1.330950364929385924e-06 1.398233955807571000e-06
1.252947181037228377e-05 1.282437658927039587e-05 1.238782224543138490e-05 1.126568190187240230e-05 8.162739680347853296e-06 6.695775437996214149e-06 7.531704884199924934e-06 7.148297965935971356e-06 6.083323839566378351e-06 5.787117741337292669e-06 4.518612860688222620e-06 3.676910672178048936e-06 4.744835535514702666e-06 3.904742421859781327e-06 1.753672205220652835e-06 1.969219639836956552e-06 2.416860895562259856e-06 2.480381754149157092e-06 1.240534561491194333e-06 1.126430744087662677e-06
1.269974126102148859e-05 1.288079848229949961e-05 1.244522061947697719e-05 1.145355651785537923e-05 8.190745254635994088e-06 6.590066321364017416e-06 7.627085312541825246e-06 7.301337386933861201e-06 6.226553732118070575e-06 6.046668832321856081e-06 4.712768157100084154e-06 3.624907703501853367e-06 4.570208733737900490e-06 3.810956589055506904e-06 1.672808223620388922e-06 1.954877107389742497e-06 2.333232555545160562e-06 2.379405625331941632e-06 1.102887494167008864e-06 1.169076107256212852e-06
1.293409315672613987e-05 1.299864417367681107e-05 1.247266941370810677e-05 1.133504101397644467e-05 8.159426364542032999e-06 6.624076254124265104e-06 7.462015889234192984e-06 7.121170094608759022e-06 6.017094509897030596e-06 5.725560006489340940e-06 4.402663506434815652e-06 3.501646979030526133e-06 4.443737801499310381e-06 3.741995921009191840e-06 1.612735035171937275e-06 1.903671368293227969e-06 2.512605874434350673e-06 2.611409510314254390e-06 1.270387879928332352e-06 1.139231082567995438e-06
1.260192361402970619e-05 1.282419082006427807e-05 1.242714756324099426e-05 1.134382262216701269e-05 8.241769785419270718e-06 6.697444789568781120e-06 7.534715860140777277e-06 7.269733005894410269e-06 6.155157594901719163e-06 5.854434759927708387e-06 4.522304698922850639e-06 3.494532071267856104e-06 4.521555398972134876e-06 3.832072246344237184e-06 1.614638636460489607e-06 2.024699178930564426e-06 2.482228610576664213e-06 2.447668236119829599e-06 1.124319121207301136e-06 1.029667436710094717e-06
1.258659472494610175e-05 1.296840027169524637e-05 1.231031579252956268e-05 1.126722091510594185e-05 8.188778713038476074e-06 6.669382624815285846e-06 7.664080976411987133e-06 7.311882609181344830e-06 6.291000335050790255e-06 6.114062571353707730e-06 4.800012984239511567e-06 3.677522856777579053e-06 4.557675493968781587e-06 3.677217780903519711e-06 1.502910718448652348e-06 1.967389305567181371e-06 2.497314554222977468e-06 2.547013952405848773e-06 1.197907054648258632e-06 1.091802286511350300e-06
1.256641182109617559e-05 1.301203734968534278e-05 1.238268786481537601e-05 1.141511083294355457e-05 8.213335835615661945e-06 6.550246273140637982e-06 7.507545452035640429e-06 7.054396318034594674e-06 5.999314063975866844e-06 5.837913293129935155e-06 4.631151582753417737e-06 3.689726250885012788e-06 4.590111797282001640e-06 3.850871277128900354e-06 1.617620098050582730e-06 1.923202221895923238e-06 2.401988724554461634e-06 2.371312972000190692e-06 1.111880105613175235e-06 1.134809565792786832e-06
1.286112183563945323e-05 1.294082618134304140e-05 1.225843989192956211e-05 1.129573753569085999e-05 8.103336070508505818e-06 6.587487165667191714e-06 7.509834469715593835e-06 7.145398947488181415e-06 6.141198931584048064e-06 5.889502207210929165e-06 4.501795301072887647e-06 3.508808809848031022e-06 4.514475712631707563e-06 3.686811580973400606e-06 1.674396206852581026e-06 2.013511542448087646e-06 2.354394237137525135e-06 2.300716291821335413e-06 1.093416233250409727e-06 1.167901552207212834e-06
1.263310969539978804e-05 1.298961753475827277e-05 1.238067259454552247e-05 1.125476135558763748e-05 8.189146533571362900e-06 6.630602000145738945e-06 7.542746983456415738e-06 7.106898935154928824e-06 6.075704639506716823e-06 5.971608626017997207e-06 4.539775212191166449e-06 3.427419568295599506e-06 4.456722964234385781e-06 3.626643670820510175e-06 1.485264715006240943e-06 1.801421958449010103e-06 2.290645015856946684e-06 2.366123076014277113e-06 1.204270798794283341e-06 1.027754141805094772e-06
1.267377275452051419e-05 1.309004967424633795e-05 1.249829134410221590e-05 1.144601083801391920e-05 8.120162562773533486e-06 6.706318517269698468e-06 7.592147879966510599e-06 7.179631654758592219e-06 6.087590901904043226e-06 5.946075424561406153e-06 4.682447298812903127e-06 3.763153125584785543e-06 4.796423685326702922e-06 3.971606948835115636e-06 1.729211119523707653e-06 1.997014879157426979e-06 2.539362324326025425e-06 2.491303420902479611e-06 1.179539237323776462e-06 1.123619538303387790e-06
1.277541326761554865e-05 1.290705697374710269e-05 1.245218255014399093e-05 1.131595069571378548e-05 8.095929946454019676e-06 6.767005797466748536e-06 7.433196096318697485e-06 7.114340000041381005e-06 6.202169255557942780e-06 5.965881978802313397e-06 4.648647665653605621e-06 3.758674143991619798e-06 4.675707200835945966e-06 4.005516720831625104e-06 1.774494775479906752e-06 2.104288304314479875e-06 2.332351231539281011e-06 2.294172196736758926e-06 9.979405575061338009e-07 1.148922766965276545e-06
1.273535068470244052e-05 1.312229321406101334e-05 1.251101229455974824e-05 1.146316711769978711e-05 8.061880439183642389e-06 6.643418579702116145e-06 7.533046282039197812e-06 7.157921495907382614e-06 6.126707707831439323e-06 5.942422968931823006e-06 4.627391508926407614e-06 3.625575867012708333e-06 4.566533912190741244e-06 3.774219552405872770e-06 1.520349540516936165e-06 1.894030915798179062e-06 2.395462866613621959e-06 2.303389425609360492e-06 1.055054549795160066e-06 9.770922906537583641e-07
1.271335968209711675e-05 1.308345470850938592e-05 1.234940946406893356e-05 1.147511449721849724e-05 8.162125905608901929e-06 6.652623744690716616e-06 7.589645593088574915e-06 7.129224269577106539e-06 6.011293860938596901e-06 5.750849486456381568e-06 4.362947124918510277e-06 3.521046259218337594e-06 4.676776379699212808e-06 3.810190265145268806e-06 1.602267210298029129e-06 1.968424574563728870e-06 2.472760037569821560e-06 2.507221242956251155e-06 1.069078632164953792e-06 9.627641815927541851e-07
1.280064545214939969e-05 1.303299178623441049e-05 1.253038926048645941e-05 1.142578987807035526e-05 8.318213763781492386e-06 6.670829157004297354e-06 7.481780672877788151e-06 7.065811735916641347e-06 6.024513010659856512e-06 5.798923586524352656e-06 4.638680797872568300e-06 3.732094445111933591e-06 4.633492162092674644e-06 3.924756422197438077e-06 1.669276783653766081e-06 1.922378190772891609e-06 2.405077894149341356e-06 2.515565881983062527e-06 1.256997968360172419e-06 1.178295117419645723e-06
1.268618332855268673e-05 1.291174612785359207e-05 1.231215375487019104e-05 1.132781652658986211e-05 8.186960202860904781e-06 6.640802250856515822e-06 7.512764445156637540e-06 7.108019842438094910e-06 6.013269581350224586e-06 5.821997924029798620e-06 4.581461203096650768e-06 3.648101646086659622e-06 4.555300153065172680e-06 3.842861343398143750e-06 1.583488559263052713e-06 1.966680980710377509e-06 2.530415330063905959e-06 2.548386244495450427e-06 1.087536151397802800e-06 1.036922240996020507e-06
1.294552590116908113e-05 1.293627682061007242e-05 1.242289428359835149e-05 1.133448742318876921e-05 8.120841865486468769e-06 6.720068599178033152e-06 7.666105453121560608e-06 7.224993145800425256e-06 6.117264961646470920e-06 5.817447295418774490e-06 4.572987135775972506e-06 3.660241699791980339e-06 4.792515643644704259e-06 4.157991934797179559e-06 1.894603738676655491e-06 2.311526008310757460e-06 2.704707411970869597e-06 2.595702797357814104e-06 1.134619523062053311e-06 9.384131109217923950e-07
1.266687961438573771e-05 1.298428165978232301e-05 1.226249329117561304e-05 1.128449535776590510e-05 8.097076894669329866e-06 6.574024614211234561e-06 7.533062477807951770e-06 7.137704241520323765e-06 6.137994127105266623e-06 5.884431393195500070e-06 4.582580500243064533e-06 3.557858883807365430e-06 4.538271727941563370e-06 3.732099578430636817e-06 1.525076365402530535e-06 1.894066859905137879e-06 2.314534712788681860e-06 2.358521928560857233e-06 1.122977482109808861e-06 1.052739728971396874e-06
1.279380211086316516e-05 1.298682143090418134e-05 1.254409548891025680e-05 1.152399399406447460e-05 8.177047802013769569e-06 6.608653524158903704e-06 7.630674005792270671e-06 7.265184408164699309e-06 6.210568563325839897e-06 6.027302002657174895e-06 4.741423635814322559e-06 3.717474976738355496e-06 4.671309300117159824e-06 3.864678905161213722e-06 1.776270653756630811e-06 2.111796818817439253e-06 2.512756372457591793e-06 2.467383377424856933e-06 1.124092430821550837e-06 1.055425204916635168e-06
1.256861221362454998e-05 1.288111129443939231e-05 1.243455190738673540e-05 1.138636223632087870e-05 8.187074610619775645e-06 6.568314455009610322e-06 7.573521263748518932e-06 7.188027720623225044e-06 6.110429921760122696e-06 5.789169648566894162e-06 4.402820516573868104e-06 3.345244629303788121e-06 4.316027726630526077e-06 3.623414667646609977e-06 1.495539162397772483e-06 1.878155547015507556e-06 2.454566560927939421e-06 2.396679588399077382e-06 1.134160732101363527e-06 1.002023074432953641e-06
1.263920281694125953e-05 1.312769536428467700e-05 1.234210681214530988e-05 1.128561326353754864e-05 8.236956555324517941e-06 6.673157293910368030e-06 7.633855081471245811e-06 7.134463843048038063e-06 6.005341497093426878e-06 5.846237283603086468e-06 4.570604975840760522e-06 3.622652993091126883e-06 4.617140448662517402e-06 3.853076456214203348e-06 1.760228743101147883e-06 2.067442875887953204e-06 2.432161360097018094e-06 2.468228049288601844e-06 1.186053063819887291e-06 1.134832782740408054e-06
1.287995358836317143e-05 1.300096480384677378e-05 1.257865601691589509e-05 1.153202749042869636e-05 8.165377661125036420e-06 6.533051494772017789e-06 7.456843254301217521e-06 7.137099114006037432e-06 6.068722103642379035e-06 5.815413598446592862e-06 4.514472612575488482e-06 3.588180340269983337e-06 4.594229282103840431e-06 3.790297177879420710e-06 1.579304663133837493e-06 1.974082787340289773e-06 2.387585274030943347e-06 2.401709163484884975e-06 1.093948827651281097e-06 1.105995076785907671e-06
1.280382964027325883e-05 1.313981083892393305e-05 1.226676979265080561e-05 1.128728091262187096e-05 8.162208959982102051e-06 6.657831977427607087e-06 7.523352071611461366e-06 7.149978654416928264e-06 6.133047252109145563e-06 5.883718925153710253e-06 4.566605510578749143e-06 3.596145703562406638e-06 4.475777645877615602e-06 3.780418129057554468e-06 1.482149710204350802e-06 1.830021584704192064e-06 2.229146103043784004e-06 2.165397852009554417e-06 9.275772775962111066e-07 9.773002427769301454e-07
1.261071793534664291e-05 1.312645321764700319e-05 1.233356929393394981e-05 1.121986932778422646e-05 8.115866031929498171e-06 6.717818189243334030e-06 7.711776919351216527e-06 7.186379154992556498e-06 6.012051146713850595e-06 5.771065859765876637e-06 4.517400146330858314e-06 3.435262250150659660e-06 4.473077361853725287e-06 3.594000817129148511e-06 1.297559475212177023e-06 1.539744889871078885e-06 2.104027420913716502e-06 2.340792953184998193e-06 1.105486671116263824e-06 1.130822039346044348e-06
1.264170157844821090e-05 1.311862318729836100e-05 1.221823307799562348e-05 1.140889596929107719e-05 8.118110392721589741e-06 6.661153775952090857e-06 7.590113893887950431e-06 7.194059706776064740e-06 6.208158109813319019e-06 5.955017452334575412e-06 4.480862269727153204e-06 3.454923243308609977e-06 4.463119174725011902e-06 3.906265905738215968e-06 1.644590649941724199e-06 1.944881103830483154e-06 2.219769852972095903e-06 2.069721240533702575e-06 8.216555607617975581e-07 1.065925046798728186e-06
1.251787545333998276e-05 1.303394066186529059e-05 1.230251120250487243e-05 1.134213428921418624e-05 8.110463597825295201e-06 6.567277467263479231e-06 7.552400132758003802e-06 7.041127328062042034e-06 6.116859905273261691e-06 5.896626184653678740e-06 4.537628645450899371e-06 3.496541330938017099e-06 4.570410152515753157e-06 3.820175348820033149e-06 1.642700113501576117e-06 1.963494590932715825e-06 2.330524406693200946e-06 2.347150338851048948e-06 1.067462860328104885e-06 1.066224165706825220e-06
1.282792511982708934e-05 1.302697457158485776e-05 1.236428753479238855e-05 1.134129383829615156e-05 8.166643593552213741e-06 6.579113316774409884e-06 7.475161781014430243e-06 7.115884158249708118e-06 6.062424073038562178e-06 5.853686837158507780e-06 4.558313793656026594e-06 3.536613887569154710e-06 4.557659444487121294e-06 3.796849365556979684e-06 1.708178446581204747e-06 2.125819797381777408e-06 2.596976744043820190e-06 2.612592692250579816e-06 1.188616714747206941e-06 1.075499323359676972e-06
1.248700241892227671e-05 1.283894389627946921e-05 1.230870513461998299e-05 1.128236965650842285e-05 8.158624620999578564e-06 6.717831085220550731e-06 7.712543378379302914e-06 7.307197341549896848e-06 6.150416720549916765e-06 5.894880574067029244e-06 4.657168677165765033e-06 3.592737916111804359e-06 4.567794452423094133e-06 3.681882484598844931e-06 1.502104677976258738e-06 1.809328176827135207e-06 2.360737748290526198e-06 2.453441720280484184e-06 1.234974024815823634e-06 1.125924324502376328e-06
1.283974530893519097e-05 1.308706763926166251e-05 1.251468103912206014e-05 1.149347536768321365e-05 8.321965031300086833e-06 6.798384142538871630e-06 7.692893912670160196e-06 7.274854506723362263e-06 6.188531978660952385e-06 5.927195870587390485e-06 4.519641609094536028e-06 3.547456357557063391e-06 4.568011682691476147e-06 3.787213061543124913e-06 1.588854991977288869e-06 2.000362685478574461e-06 2.502572055844289763e-06 2.433999084240665324e-06 1.135970753301750305e-06 1.197780848647352740e-06
1.281297598815186084e-05 1.299280244993001616e-05 1.242448015833988513e-05 1.138002618359403278e-05 8.222227072220225787e-06 6.683711879268139773e-06 7.567076791714023496e-06 7.187121310137749354e-06 6.079819717339220663e-06 5.798169045251534131e-06 4.550893025620056411e-06 3.646395316319828090e-06 4.708453721488588136e-06 3.830125300178830522e-06 1.665423665071555597e-06 1.957020445478255141e-06 2.422904390805285407e-06 2.450774616592171887e-06 1.060650718047003151e-06 1.015523463341650255e-06
1.260287635090201136e-05 1.285994527572138103e-05 1.237660287552439276e-05 1.129407414553736333e-05 8.028079046720925689e-06 6.558182553376843981e-06 7.462201398992913712e-06 7.038945588535957820e-06 6.074327645781501216e-06 5.930865186553550394e-06 4.666397422025111226e-06 3.732657590486863063e-06 4.704500459291212988e-06 3.839516177147841092e-06 1.596498060925150176e-06 2.019564457609021170e-06 2.527842124287987058e-06 2.624065118915767861e-06 1.217879164168914075e-06 1.041717991535179826e-06
1.259800204779029088e-05 1.298109260402032282e-05 1.248918941643115029e-05 1.111214877507816197e-05 8.055789555229551363e-06 6.535585354806083743e-06 7.434731054098251099e-06 7.119612812947583257e-06 6.052098859207735075e-06 5.824713053800580946e-06 4.640277633511676438e-06 3.610117007593399021e-06 4.617746097890106786e-06 3.809938395329523540e-06 1.626507796779307921e-06 1.938920655537605718e-06 2.394155718541323057e-06 2.387409479572041561e-06 1.187003702156558910e-06 1.059658930393127139e-06
1.268992713054288395e-05 1.287808615945329463e-05 1.226457084601872258e-05 1.134808156646623158e-05 8.132823721197326755e-06 6.755758526775441172e-06 7.637368055414015075e-06 7.310436740350754861e-06 6.098144658951030071e-06 5.838488062158080259e-06 4.624205104229046610e-06 3.511985509354382761e-06 4.609162413557706589e-06 3.774896315346304266e-06 1.667685491954566667e-06 1.982982716331155040e-06 2.459367569367210913e-06 2.501855371479192082e-06 1.252463487001118589e-06 1.132078080322654788e-06
1.273114835785529654e-05 1.302452568187868728e-05 1.238346947862242917e-05 1.154569128721767021e-05 8.185163726119362953e-06 6.681344504187801139e-06 7.570965961360651909e-06 7.231046628288525725e-06 6.235028784589520357e-06 6.070010060245697975e-06 4.679432797244561178e-06 3.704611750895235607e-06 4.686924784509697927e-06 3.782133424239272281e-06 1.452646203184284159e-06 1.792785218228003448e-06 2.270150809805390325e-06 2.385891242985223505e-06 1.210526911612287923e-06 1.199715390586223937e-06
1.263381759041494167e-05 1.291973131410925034e-05 1.228157396646406148e-05 1.131986708425103458e-05 8.072313700965570894e-06 6.546931214093637683e-06 7.420788505984792985e-06 7.051163575794637225e-06 6.046031725190527356e-06 5.897206035529465076e-06 4.463497922618111704e-06 3.472707801543554637e-06 4.481830680603767973e-06 3.673904430884998518e-06 1.515562218578081245e-06 1.823036874449048893e-06 2.350005088610538152e-06 2.433434209391591982e-06 1.202269460254782089e-06 1.092581202885357085e-06
1.262031725607259668e-05 1.278221452270267920e-05 1.239238861774990943e-05 1.139608298622382840e-05 8.070136207757528437e-06 6.598782389661140340e-06 7.566718864590717116e-06 7.298282681022729527e-06 6.158701655232559433e-06 5.849877414283334333e-06 4.420042227650355289e-06 3.402638847374574308e-06 4.317768529531057531e-06 3.596717148968378212e-06 1.280937581115953034e-06 1.505930039660684079e-06 1.988244738478009230e-06 2.104874909237396542e-06 9.784998883250438621e-07 1.150102733551236200e-06
1.263094794954964119e-05 1.300006112764742240e-05 1.241087652561191557e-05 1.137895486439701407e-05 8.143970056964979835e-06 6.604679363176393179e-06 7.490191151987315650e-06 7.149585502130457733e-06 6.083857673064776402e-06 5.818366541829765042e-06 4.505036498164254202e-06 3.531399222663733443e-06 4.528114173842533042e-06 3.810836342067273807e-06 1.559161335529672432e-06 1.889939181253074216e-06 2.309183549031998567e-06 2.194758554149232742e-06 9.026418217526898117e-07 8.618868700684209643e-07
1.260312955671968296e-05 1.294589228820851747e-05 1.228155876287624583e-05 1.123115695616146678e-05 8.217477291876609208e-06 6.573987249879570751e-06 7.567775356628972529e-06 7.208497648654069140e-06 6.246675851233695980e-06 5.986524522793998520e-06 4.619469083791839606e-06 3.552374176270907811e-06 4.618075194637706013e-06 3.888471461372275047e-06 1.663085628032211784e-06 1.987941227109566044e-06 2.471359632528795321e-06 2.504105099133846721e-06 1.243932936364392838e-06 1.225394867693636408e-06
1.266091165622414198e-05 1.300760471483803972e-05 1.231596697710441319e-05 1.135990676109850287e-05 8.139754542569411160e-06 6.712899357002307981e-06 7.660172207086990735e-06 7.183169202942252986e-06 6.108701149242436387e-06 5.876562833741006393e-06 4.487972995286187483e-06 3.534480583447208170e-06 4.494310510189654606e-06 3.696283205307634360e-06 1.571760100662069359e-06 1.933099238534397488e-06 2.373724811585007684e-06 2.425951632173062839e-06 1.162900423609926260e-06 1.096756480223932772e-06
1.263526018402268646e-05 1.299740601248787960e-05 1.243386207819086231e-05 1.126509497822861010e-05 8.105488286931414169e-06 6.623327897130025114e-06 7.479721009388244346e-06 7.119687644291124654e-06 6.102724133418758067e-06 5.891735814804660505e-06 4.530008280699503741e-06 3.556353481360281308e-06 4.616644348023707945e-06 3.795610332691721752e-06 1.575941142799826506e-06 2.005169385539757869e-06 2.478468903003254329e-06 2.459563543767229020e-06 1.241410107559014231e-06 1.223093039937844450e-06
1.269684818613326223e-05 1.297259006003044580e-05 1.259402435999651816e-05 1.144039861261788451e-05 8.247900272660545494e-06 6.711356452756182548e-06 7.584586651191492283e-06 7.120852801260051050e-06 6.113030175354716692e-06 5.880834300085483412e-06 4.529040946670133768e-06 3.568160218760189511e-06 4.674978213490641062e-06 3.975670147651750482e-06 1.797499826130473514e-06 2.155465732728663210e-06 2.540649382215687263e-06 2.458499380232852877e-06 1.183555710330891138e-06 1.148469165831265801e-06
1.260971341668259602e-05 1.306569083829584840e-05 1.248549162458084802e-05 1.135604092603805529e-05 8.104313241409040388e-06 6.611551844938740098e-06 7.599249483327457909e-06 7.253734745555039347e-06 6.220306910568826087e-06 5.954792022495867702e-06 4.764812182634779232e-06 3.758419025182542553e-06 4.725344157745847534e-06 3.851897985328378704e-06 1.739507463289495426e-06 2.015987898881897869e-06 2.417056534272988336e-06 2.514252307937400466e-06 1.136166376634096724e-06 1.125362700431928424e-06
1.290528419070010953e-05 1.312248095794430578e-05 1.244523525355882465e-05 1.150363344972323904e-05 8.183868532487073057e-06 6.634999617387070964e-06 7.634319268276489260e-06 7.257592969885823658e-06 6.113854719723005078e-06 5.911112785673326964e-06 4.707219853510907751e-06 3.714838276491112592e-06 4.745318457711453940e-06 4.058720726777963978e-06 1.836969255292694685e-06 2.106741093845761522e-06 2.577268467976534485e-06 2.675027099969476593e-06 1.271846656332373918e-06 1.090986716816194492e-06
1.258481858510890573e-05 1.304753865242462443e-05 1.240245872484690508e-05 1.141314451373280044e-05 8.157509301730590481e-06 6.640397130758220221e-06 7.489988565086817693e-06 7.175612940109386146e-06 6.126051397650954427e-06 5.895426183847275332e-06 4.579444738979904483e-06 3.606436888538602291e-06 4.736996085538152866e-06 3.996855650931334391e-06 1.752696447488386168e-06 2.059029335037321018e-06 2.469699314396979877e-06 2.454359131871613671e-06 1.153175580716750982e-06 1.156059644122315974e-06
1.285331054014038634e-05 1.304119712259323827e-05 1.254474060361299980e-05 1.143640145588132019e-05 8.266066457122848703e-06 6.801723255922432224e-06 7.634115745802455444e-06 7.149367568406036030e-06 6.061170417365602536e-06 5.895688382617382557e-06 4.560130546588382358e-06 3.525356490065215274e-06 4.422212072403051678e-06 3.640037969657896704e-06 1.670624488818045827e-06 2.044411724227843850e-06 2.399695405584649492e-06 2.338219388906937168e-06 1.155738120914670653e-06 1.142223656511012536e-06
1.265558597908102513e-05 1.287822076755418512e-05 1.222203749727412274e-05 1.131837727758404062e-05 8.138868388730185821e-06 6.540693981636426663e-06 7.464450254720006410e-06 7.136707046325453077e-06 6.080952134692435986e-06 5.770958913673366446e-06 4.452421040243096777e-06 3.581823109690064643e-06 4.664205752021043544e-06 3.881754844114728849e-06 1.600283745204378846e-06 1.953051351076201426e-06 2.581168155805186292e-06 2.465024718819387693e-06 1.177040607209068419e-06 1.107978324431285414e-06
1.251832663855250554e-05 1.305030686511187699e-05 1.249621302312527301e-05 1.144943430230410954e-05 8.179170319350986720e-06 6.668056024319458778e-06 7.591830147919358633e-06 7.229329141753732385e-06 6.137349835685100708e-06 5.945048759505743248e-06 4.679526499924232729e-06 3.621449308479574276e-06 4.567600021866173432e-06 3.694890903417873236e-06 1.554674771564689529e-06 1.946327044379323968e-06 2.359692929792577741e-06 2.442658994197214721e-06 1.172272732850566516e-06 1.069201264039930190e-06
1.258519821395276933e-05 1.298767868561797898e-05 1.229812880136677354e-05 1.137435682065551833e-05 8.103851130456200932e-06 6.710256722998436138e-06 7.643098042642736250e-06 7.232802529422191486e-06 6.114768303891882699e-06 5.885188475982399625e-06 4.618619218350444810e-06 3.638489650852951927e-06 4.658070598509624777e-06 3.848190772536151359e-06 1.673259513837257469e-06 1.965407038816205789e-06 2.451476118618420587e-06 2.504665434468568146e-06 1.201603735754284702e-06 1.013450101114465341e-06
1.258975028811125801e-05 1.302883585399506045e-05 1.241289175546026419e-05 1.143266174858038653e-05 8.283104169372914439e-06 6.674183835667268310e-06 7.601242946327900744e-06 7.124427532936581540e-06 6.049799182572391699e-06 5.837167513464553514e-06 4.569005101444086224e-06 3.583202119958340291e-06 4.504888248481314182e-06 3.761548948758551467e-06 1.671719538242570286e-06 1.965007669552803777e-06 2.354620641610693066e-06 2.404739084272158394e-06 1.146913217410785953e-06 1.029236662778644392e-06
1.258824904794014025e-05 1.294565022781871025e-05 1.229682651065929272e-05 1.139548028580816424e-05 8.227588933395416358e-06 6.718557794872880510e-06 7.575412793103783198e-06 7.197157282167649990e-06 6.187285572033227199e-06 5.972906261998011246e-06 4.601985358838044002e-06 3.504665415810785965e-06 4.503911944253856945e-06 3.786327557473079312e-06 1.507182829749852876e-06 1.859437592633177807e-06 2.315802242733635780e-06 2.332872195549979524e-06 1.019593035478448027e-06 9.986714107091623618e-07
1.250936044445570384e-05 1.287505030288084662e-05 1.238821686746943976e-05 1.134111204937234437e-05 8.123292301541866172e-06 6.545725063373809862e-06 7.505139133892859880e-06 7.182982324299085986e-06 6.228829185158393328e-06 6.034803433395095421e-06 4.712026839992416415e-06 3.678748413700325779e-06 4.630973091243355224e-06 3.868875881348905993e-06 1.655690678533130103e-06 2.017992128010680050e-06 2.382588551718454550e-06 2.420503222665289313e-06 1.046253785576312331e-06 9.936767814496091756e-07
1.264869907759958885e-05 1.292577237435886830e-05 1.238233891869195048e-05 1.153293006457760018e-05 8.309558301550758888e-06 6.759156182487975777e-06 7.531955137546545729e-06 7.103209859456066575e-06 6.138336721615669991e-06 5.954219551616407027e-06 4.585281096634743614e-06 3.575663711634398130e-06 4.578179425684715881e-06 3.682742220985642862e-06 1.460337469684805481e-06 1.851782418194282424e-06 2.361260505514961239e-06 2.438068202497407031e-06 1.264364180594022932e-06 1.212063390210292636e-06
1.253791758453750688e-05 1.298778145742262576e-05 1.238806638011465908e-05 1.140426785163864990e-05 8.180134215691052635e-06 6.582797587034206293e-06 7.482837636976343858e-06 7.075781538722514686e-06 6.078021021690794330e-06 5.851321565355306155e-06 4.624632435642877438e-06 3.650843124430984336e-06 4.670744857512784009e-06 3.879644081891144952e-06 1.662004047727168358e-06 1.906035492039981271e-06 2.318343614496321841e-06 2.315144753184790084e-06 1.056515829375098268e-06 9.078610048812812623e-07
1.263322997010783798e-05 1.300774905190978723e-05 1.225398090052740980e-05 1.124904704248148610e-05 8.075945307534742243e-06 6.572598724174512083e-06 7.537377158930057820e-06 7.134129053709736799e-06 6.139133779608045188e-06 5.978762781056326658e-06 4.644602984080210835e-06 3.602918808373566400e-06 4.571331533153187286e-06 3.753070258105318395e-06 1.612800124610533582e-06 1.930601069072606555e-06 2.498341543409207442e-06 2.494387919144524261e-06 1.151311707910905692e-06 1.084276156737780147e-06
1.261759047824047063e-05 1.310904475460044949e-05 1.237299457522822145e-05 1.138125848867363002e-05 8.182534318209241049e-06 6.734813037960925049e-06 7.704673588637524022e-06 7.356647753075535761e-06 6.395527973468742680e-06 6.230866556547174968e-06 4.847323351263317824e-06 3.814486245196363033e-06 4.561352806493257116e-06 3.685900398530928833e-06 1.382964135652938479e-06 1.713729969725765332e-06 2.434683295943511511e-06 2.367359982003215633e-06 1.094405875763383874e-06 1.016014577667049388e-06
1.268158846008159629e-05 1.309510785738042220e-05 1.238377158403036461e-05 1.139543871504298960e-05 8.269008535691262833e-06 6.663744260662058184e-06 7.613275906149048228e-06 7.202168474299147513e-06 6.074372538792338268e-06 5.825255275537588535e-06 4.562158904273861129e-06 3.547507507726563835e-06 4.432434640931289422e-06 3.733174010840192366e-06 1.500510513782807722e-06 1.896193091765757784e-06 2.371204795903971330e-06 2.395196052526696554e-06 1.096381893731850508e-06 1.125664129126668780e-06
1.259266807282554960e-05 1.293995320381503581e-05 1.232537772712083684e-05 1.134121852927349055e-05 8.154461454339244911e-06 6.654787119985489562e-06 7.623221053190862093e-06 7.247385178882192093e-06 6.157129375574368205e-06 5.806737671672352509e-06 4.416715940602876768e-06 3.472434202823946398e-06 4.456161322161393537e-06 3.642540534651417606e-06 1.449078998607741131e-06 1.737855562745840323e-06 2.202158207267668739e-06 2.266898232240925177e-06 1.073184353197717018e-06 1.093762732225919072e-06
1.260849522508788179e-05 1.297181169750036483e-05 1.222128532367433352e-05 1.123735239239298715e-05 8.011839455315828697e-06 6.611132551984627655e-06 7.550504415755169248e-06 7.196455768458891219e-06 6.140978296704098032e-06 6.020427233245437954e-06 4.684111582772906184e-06 3.747833800026329315e-06 4.804982074153333858e-06 3.992709721079896294e-06 1.826906888374641223e-06 2.225893075408693522e-06 2.581649566019140827e-06 2.609797609197941957e-06 1.298174969371960181e-06 1.134353668941580837e-06
1.251866691005031431e-05 1.292491735780557395e-05 1.237090161093268081e-05 1.129969577493202817e-05 8.144414660687529582e-06 6.684121983312227251e-06 7.710588044665256036e-06 7.302307205618554424e-06 6.359414321054922686e-06 6.059621803015979246e-06 4.726819886185133166e-06 3.666965713900107005e-06 4.701221046838446881e-06 4.122071133094019061e-06 1.966776261027567669e-06 2.177889157214415262e-06 2.575228481306149690e-06 2.538631792837340618e-06 1.246118888465191904e-06 1.157765227379275011e-06
1.257367646413667105e-05 1.296244010241391088e-05 1.221001295068595243e-05 1.125480631223079894e-05 8.252647858097682536e-06 6.630664509807318750e-06 7.601478683434415933e-06 7.275970407714856206e-06 6.237985960751721549e-06 5.993568571250231438e-06 4.595046691686159490e-06 3.605880094180092826e-06 4.587879183387882776e-06 3.838580445861125119e-06 1.719234600264901223e-06 2.142759157291785927e-06 2.505142761507835170e-06 2.410119675083123072e-06 1.162058465837509393e-06 1.308741406625437822e-06
1.251886471915536292e-05 1.279163154388665654e-05 1.219647501479655172e-05 1.125292108061306857e-05 8.137060340783237929e-06 6.582739546897196544e-06 7.482723717256409481e-06 7.201148083224682695e-06 6.168173497675985208e-06 5.926619103045316775e-06 4.680233564113453167e-06 3.716734617223180928e-06 4.699930349180117713e-06 3.779991629523636021e-06 1.565652067545527309e-06 1.997729488693170026e-06 2.464929480263511636e-06 2.440774045610280641e-06 1.185853175875523559e-06 1.118066757073137848e-06
1.264094912512778315e-05 1.290751162700465827e-05 1.229221174696028111e-05 1.128509961412099467e-05 8.113927670420454597e-06 6.563826044525599802e-06 7.505139096247145460e-06 7.159824937280497264e-06 6.063557008640691235e-06 5.857962952049574232e-06 4.604493641121410141e-06 3.615613376073008290e-06 4.679601492258887111e-06 3.879245086846667373e-06 1.586089731724247541e-06 1.976069942967035957e-06 2.476242960693902189e-06 2.538488506904967402e-06 1.234137886076139546e-06 1.123461554606677186e-06
