# npairs for all jackknife regions
9.684100000000000000e+04 1.513940000000000000e+05 2.370520000000000000e+05 3.714810000000000000e+05 5.858790000000000000e+05 9.210750000000000000e+05 1.450323000000000000e+06 2.285518000000000000e+06 3.592500000000000000e+06 5.642766000000000000e+06 8.864003000000000000e+06 1.395372400000000000e+07 2.188473700000000000e+07 3.426446800000000000e+07 5.366512800000000000e+07 8.368763100000000000e+07 1.295830600000000000e+08 1.987946400000000000e+08 3.003775130000000000e+08 4.465229470000000000e+08
7.218700000000000000e+04 1.131570000000000000e+05 1.755940000000000000e+05 2.751640000000000000e+05 4.311250000000000000e+05 6.811580000000000000e+05 1.078970000000000000e+06 1.692263000000000000e+06 2.670717000000000000e+06 4.217802000000000000e+06 6.632296000000000000e+06 1.039426000000000000e+07 1.630793200000000000e+07 2.550554400000000000e+07 3.977235100000000000e+07 6.161521300000000000e+07 9.532827900000000000e+07 1.471050330000000000e+08 2.245915770000000000e+08 3.427319760000000000e+08
6.291300000000000000e+04 9.717300000000000000e+04 1.520910000000000000e+05 2.377900000000000000e+05 3.727650000000000000e+05 5.851010000000000000e+05 9.184440000000000000e+05 1.437428000000000000e+06 2.248062000000000000e+06 3.509104000000000000e+06 5.475541000000000000e+06 8.487166000000000000e+06 1.314632700000000000e+07 2.038250400000000000e+07 3.126974000000000000e+07 4.770255300000000000e+07 7.250462900000000000e+07 1.074384410000000000e+08 1.541633910000000000e+08 2.178571550000000000e+08
5.950600000000000000e+04 9.303300000000000000e+04 1.473390000000000000e+05 2.318050000000000000e+05 3.652350000000000000e+05 5.750210000000000000e+05 9.012310000000000000e+05 1.413397000000000000e+06 2.221166000000000000e+06 3.502537000000000000e+06 5.535057000000000000e+06 8.736237000000000000e+06 1.377491400000000000e+07 2.180266300000000000e+07 3.443143800000000000e+07 5.423555900000000000e+07 8.537946100000000000e+07 1.335726080000000000e+08 2.085191450000000000e+08 3.230958330000000000e+08
8.510400000000000000e+04 1.336000000000000000e+05 2.118670000000000000e+05 3.311840000000000000e+05 5.207790000000000000e+05 8.170110000000000000e+05 1.280810000000000000e+06 2.018751000000000000e+06 3.164638000000000000e+06 4.962112000000000000e+06 7.789826000000000000e+06 1.221900300000000000e+07 1.909687400000000000e+07 2.971431400000000000e+07 4.597340000000000000e+07 7.021958600000000000e+07 1.064629520000000000e+08 1.594429700000000000e+08 2.353336420000000000e+08 3.383767850000000000e+08
5.449200000000000000e+04 8.579100000000000000e+04 1.339040000000000000e+05 2.100620000000000000e+05 3.303260000000000000e+05 5.189540000000000000e+05 8.183080000000000000e+05 1.289626000000000000e+06 2.027088000000000000e+06 3.179102000000000000e+06 4.998304000000000000e+06 7.860897000000000000e+06 1.234507300000000000e+07 1.940954000000000000e+07 3.021142800000000000e+07 4.696089700000000000e+07 7.370094800000000000e+07 1.151889560000000000e+08 1.793129510000000000e+08 2.769754330000000000e+08
7.297400000000000000e+04 1.151180000000000000e+05 1.804560000000000000e+05 2.826560000000000000e+05 4.437360000000000000e+05 6.959120000000000000e+05 1.095020000000000000e+06 1.715190000000000000e+06 2.688602000000000000e+06 4.219709000000000000e+06 6.613294000000000000e+06 1.030240100000000000e+07 1.609952300000000000e+07 2.519576400000000000e+07 3.932798300000000000e+07 6.110198100000000000e+07 9.397428200000000000e+07 1.434288970000000000e+08 2.182047530000000000e+08 3.289800450000000000e+08
8.106900000000000000e+04 1.259390000000000000e+05 1.965960000000000000e+05 3.089680000000000000e+05 4.879050000000000000e+05 7.669650000000000000e+05 1.211917000000000000e+06 1.910452000000000000e+06 3.002504000000000000e+06 4.748348000000000000e+06 7.505732000000000000e+06 1.182684600000000000e+07 1.871358900000000000e+07 2.951845300000000000e+07 4.622793600000000000e+07 7.211488300000000000e+07 1.127087460000000000e+08 1.757243830000000000e+08 2.738097110000000000e+08 4.256425760000000000e+08
5.629100000000000000e+04 8.790100000000000000e+04 1.373680000000000000e+05 2.155940000000000000e+05 3.399720000000000000e+05 5.349950000000000000e+05 8.436630000000000000e+05 1.329038000000000000e+06 2.086389000000000000e+06 3.298773000000000000e+06 5.199946000000000000e+06 8.170021000000000000e+06 1.287712700000000000e+07 2.033028300000000000e+07 3.220780100000000000e+07 5.117136000000000000e+07 8.143722600000000000e+07 1.298087120000000000e+08 2.069466910000000000e+08 3.305173900000000000e+08
5.208000000000000000e+04 8.128000000000000000e+04 1.268610000000000000e+05 1.985520000000000000e+05 3.141200000000000000e+05 4.936430000000000000e+05 7.799780000000000000e+05 1.229631000000000000e+06 1.940237000000000000e+06 3.056567000000000000e+06 4.844289000000000000e+06 7.628010000000000000e+06 1.207037100000000000e+07 1.916527000000000000e+07 3.060319100000000000e+07 4.895840700000000000e+07 7.850097500000000000e+07 1.269452660000000000e+08 2.050904190000000000e+08 3.302812570000000000e+08
5.512900000000000000e+04 8.594900000000000000e+04 1.348270000000000000e+05 2.129250000000000000e+05 3.350920000000000000e+05 5.252400000000000000e+05 8.301830000000000000e+05 1.313328000000000000e+06 2.075721000000000000e+06 3.295028000000000000e+06 5.213125000000000000e+06 8.271293000000000000e+06 1.308581500000000000e+07 2.074623000000000000e+07 3.278189300000000000e+07 5.151041500000000000e+07 8.108183000000000000e+07 1.274669720000000000e+08 1.998449860000000000e+08 3.122106850000000000e+08
8.396400000000000000e+04 1.312770000000000000e+05 2.074110000000000000e+05 3.234080000000000000e+05 5.111340000000000000e+05 8.062560000000000000e+05 1.274594000000000000e+06 2.018021000000000000e+06 3.178483000000000000e+06 5.020378000000000000e+06 7.931493000000000000e+06 1.250571800000000000e+07 1.983175800000000000e+07 3.154831500000000000e+07 5.004436600000000000e+07 7.905454400000000000e+07 1.253475000000000000e+08 1.992968320000000000e+08 3.161886140000000000e+08 5.031248140000000000e+08
8.663200000000000000e+04 1.351080000000000000e+05 2.122030000000000000e+05 3.349620000000000000e+05 5.301770000000000000e+05 8.360400000000000000e+05 1.314539000000000000e+06 2.070559000000000000e+06 3.258012000000000000e+06 5.149480000000000000e+06 8.144950000000000000e+06 1.286631000000000000e+07 2.035697700000000000e+07 3.213454800000000000e+07 5.079632600000000000e+07 8.040460000000000000e+07 1.270107880000000000e+08 2.008230450000000000e+08 3.167218770000000000e+08 4.990597690000000000e+08
6.445300000000000000e+04 1.006340000000000000e+05 1.587840000000000000e+05 2.481470000000000000e+05 3.896760000000000000e+05 6.143870000000000000e+05 9.675470000000000000e+05 1.515498000000000000e+06 2.375058000000000000e+06 3.743009000000000000e+06 5.899209000000000000e+06 9.267212000000000000e+06 1.464853100000000000e+07 2.324446700000000000e+07 3.690110500000000000e+07 5.862857600000000000e+07 9.354623100000000000e+07 1.489110790000000000e+08 2.368293240000000000e+08 3.742698760000000000e+08
5.597700000000000000e+04 8.866900000000000000e+04 1.388600000000000000e+05 2.161110000000000000e+05 3.401760000000000000e+05 5.307520000000000000e+05 8.353270000000000000e+05 1.309745000000000000e+06 2.042721000000000000e+06 3.190686000000000000e+06 4.970906000000000000e+06 7.708782000000000000e+06 1.189422900000000000e+07 1.837508600000000000e+07 2.839262400000000000e+07 4.356029500000000000e+07 6.673626500000000000e+07 1.011419950000000000e+08 1.489328830000000000e+08 2.198347550000000000e+08
7.871400000000000000e+04 1.241990000000000000e+05 1.955180000000000000e+05 3.058650000000000000e+05 4.822330000000000000e+05 7.599820000000000000e+05 1.201039000000000000e+06 1.894610000000000000e+06 2.991694000000000000e+06 4.738601000000000000e+06 7.500051000000000000e+06 1.187392000000000000e+07 1.874255300000000000e+07 2.954000300000000000e+07 4.661372700000000000e+07 7.348561000000000000e+07 1.157502730000000000e+08 1.823647670000000000e+08 2.859613260000000000e+08 4.481370600000000000e+08
5.309400000000000000e+04 8.270700000000000000e+04 1.308220000000000000e+05 2.072860000000000000e+05 3.250590000000000000e+05 5.125120000000000000e+05 8.120260000000000000e+05 1.286879000000000000e+06 2.031891000000000000e+06 3.204348000000000000e+06 5.070606000000000000e+06 8.025534000000000000e+06 1.270185700000000000e+07 2.017507600000000000e+07 3.200639900000000000e+07 5.094954000000000000e+07 8.111396900000000000e+07 1.290821620000000000e+08 2.043035610000000000e+08 3.245690650000000000e+08
6.586800000000000000e+04 1.030520000000000000e+05 1.614580000000000000e+05 2.540130000000000000e+05 3.982330000000000000e+05 6.265350000000000000e+05 9.885690000000000000e+05 1.561206000000000000e+06 2.453404000000000000e+06 3.872127000000000000e+06 6.123515000000000000e+06 9.694568000000000000e+06 1.535319700000000000e+07 2.432214600000000000e+07 3.842278700000000000e+07 6.061061200000000000e+07 9.577032600000000000e+07 1.510378330000000000e+08 2.379262260000000000e+08 3.727299800000000000e+08
6.856600000000000000e+04 1.076860000000000000e+05 1.685350000000000000e+05 2.623110000000000000e+05 4.141880000000000000e+05 6.532600000000000000e+05 1.026460000000000000e+06 1.609004000000000000e+06 2.518439000000000000e+06 3.940219000000000000e+06 6.136856000000000000e+06 9.544177000000000000e+06 1.478438200000000000e+07 2.280916000000000000e+07 3.478357500000000000e+07 5.197855200000000000e+07 7.601060300000000000e+07 1.078714230000000000e+08 1.450742260000000000e+08 1.814999400000000000e+08
6.932500000000000000e+04 1.089950000000000000e+05 1.708660000000000000e+05 2.680120000000000000e+05 4.209780000000000000e+05 6.601260000000000000e+05 1.038448000000000000e+06 1.630040000000000000e+06 2.558088000000000000e+06 4.040125000000000000e+06 6.392363000000000000e+06 1.010235500000000000e+07 1.589159700000000000e+07 2.493069800000000000e+07 3.928478100000000000e+07 6.183040300000000000e+07 9.824717200000000000e+07 1.570979210000000000e+08 2.513308570000000000e+08 4.013643200000000000e+08
8.299100000000000000e+04 1.300680000000000000e+05 2.037040000000000000e+05 3.214000000000000000e+05 5.080520000000000000e+05 8.011790000000000000e+05 1.264900000000000000e+06 1.995032000000000000e+06 3.153587000000000000e+06 4.974774000000000000e+06 7.857385000000000000e+06 1.240059400000000000e+07 1.961115000000000000e+07 3.100818400000000000e+07 4.900343500000000000e+07 7.725427800000000000e+07 1.219525390000000000e+08 1.915595440000000000e+08 3.006977430000000000e+08 4.740397200000000000e+08
7.811600000000000000e+04 1.214430000000000000e+05 1.896110000000000000e+05 2.967670000000000000e+05 4.615270000000000000e+05 7.180290000000000000e+05 1.123525000000000000e+06 1.761932000000000000e+06 2.745028000000000000e+06 4.273279000000000000e+06 6.623975000000000000e+06 1.027587700000000000e+07 1.582882600000000000e+07 2.428571300000000000e+07 3.705745800000000000e+07 5.629387500000000000e+07 8.503866000000000000e+07 1.255526040000000000e+08 1.814351010000000000e+08 2.613660850000000000e+08
7.211200000000000000e+04 1.127430000000000000e+05 1.763770000000000000e+05 2.768410000000000000e+05 4.331310000000000000e+05 6.810110000000000000e+05 1.069890000000000000e+06 1.677132000000000000e+06 2.633582000000000000e+06 4.128453000000000000e+06 6.489469000000000000e+06 1.019688700000000000e+07 1.604337900000000000e+07 2.522512600000000000e+07 3.964698000000000000e+07 6.267051100000000000e+07 9.992829500000000000e+07 1.606047240000000000e+08 2.597644020000000000e+08 4.202899960000000000e+08
6.736300000000000000e+04 1.052620000000000000e+05 1.658470000000000000e+05 2.620060000000000000e+05 4.128070000000000000e+05 6.527180000000000000e+05 1.028325000000000000e+06 1.621991000000000000e+06 2.561728000000000000e+06 4.052363000000000000e+06 6.414336000000000000e+06 1.016148500000000000e+07 1.608350900000000000e+07 2.553583400000000000e+07 4.055920900000000000e+07 6.428635000000000000e+07 1.015772520000000000e+08 1.600069570000000000e+08 2.519018580000000000e+08 3.983342190000000000e+08
7.894700000000000000e+04 1.244550000000000000e+05 1.945050000000000000e+05 3.054820000000000000e+05 4.794200000000000000e+05 7.543320000000000000e+05 1.185685000000000000e+06 1.863620000000000000e+06 2.937926000000000000e+06 4.622850000000000000e+06 7.291862000000000000e+06 1.145880900000000000e+07 1.806271600000000000e+07 2.855623200000000000e+07 4.540504400000000000e+07 7.221721700000000000e+07 1.147859060000000000e+08 1.814105390000000000e+08 2.865368870000000000e+08 4.532895030000000000e+08
4.195200000000000000e+04 6.511500000000000000e+04 1.018340000000000000e+05 1.582530000000000000e+05 2.466140000000000000e+05 3.877530000000000000e+05 6.097010000000000000e+05 9.516930000000000000e+05 1.496959000000000000e+06 2.331089000000000000e+06 3.624020000000000000e+06 5.639165000000000000e+06 8.734044000000000000e+06 1.349299400000000000e+07 2.078733500000000000e+07 3.175594200000000000e+07 4.855197900000000000e+07 7.288868400000000000e+07 1.060450550000000000e+08 1.508160580000000000e+08
7.795600000000000000e+04 1.229170000000000000e+05 1.924570000000000000e+05 3.016210000000000000e+05 4.750870000000000000e+05 7.480430000000000000e+05 1.181554000000000000e+06 1.860553000000000000e+06 2.924767000000000000e+06 4.623189000000000000e+06 7.313457000000000000e+06 1.155618900000000000e+07 1.822748500000000000e+07 2.868409600000000000e+07 4.490571000000000000e+07 7.004038800000000000e+07 1.094882160000000000e+08 1.703375040000000000e+08 2.631005300000000000e+08 4.054554850000000000e+08
3.614600000000000000e+04 5.676800000000000000e+04 8.911400000000000000e+04 1.391060000000000000e+05 2.197580000000000000e+05 3.442870000000000000e+05 5.412170000000000000e+05 8.503760000000000000e+05 1.341779000000000000e+06 2.113264000000000000e+06 3.324533000000000000e+06 5.231608000000000000e+06 8.262307000000000000e+06 1.298857800000000000e+07 2.034202600000000000e+07 3.156217600000000000e+07 4.906136600000000000e+07 7.563202100000000000e+07 1.172052590000000000e+08 1.808887530000000000e+08
4.656900000000000000e+04 7.282900000000000000e+04 1.138330000000000000e+05 1.804240000000000000e+05 2.821500000000000000e+05 4.395970000000000000e+05 6.942720000000000000e+05 1.089595000000000000e+06 1.720032000000000000e+06 2.703119000000000000e+06 4.246745000000000000e+06 6.656573000000000000e+06 1.042869500000000000e+07 1.634064200000000000e+07 2.562639900000000000e+07 4.017830100000000000e+07 6.310715200000000000e+07 9.908655000000000000e+07 1.551136910000000000e+08 2.472641110000000000e+08
6.906800000000000000e+04 1.089150000000000000e+05 1.703060000000000000e+05 2.652540000000000000e+05 4.188300000000000000e+05 6.603040000000000000e+05 1.043982000000000000e+06 1.640807000000000000e+06 2.591544000000000000e+06 4.082468000000000000e+06 6.420001000000000000e+06 1.011515500000000000e+07 1.596110200000000000e+07 2.518961600000000000e+07 3.953116800000000000e+07 6.190535200000000000e+07 9.729457400000000000e+07 1.539261450000000000e+08 2.465844340000000000e+08 3.915484930000000000e+08
3.161200000000000000e+04 4.846300000000000000e+04 7.634000000000000000e+04 1.182780000000000000e+05 1.860310000000000000e+05 2.902250000000000000e+05 4.567490000000000000e+05 7.155600000000000000e+05 1.119837000000000000e+06 1.766357000000000000e+06 2.765290000000000000e+06 4.349554000000000000e+06 6.836306000000000000e+06 1.077564800000000000e+07 1.701673200000000000e+07 2.674743600000000000e+07 4.198703200000000000e+07 6.690305200000000000e+07 1.066674400000000000e+08 1.665506270000000000e+08
7.604500000000000000e+04 1.193270000000000000e+05 1.865080000000000000e+05 2.958050000000000000e+05 4.637290000000000000e+05 7.277230000000000000e+05 1.149058000000000000e+06 1.805902000000000000e+06 2.844032000000000000e+06 4.484602000000000000e+06 7.028325000000000000e+06 1.103421900000000000e+07 1.734596700000000000e+07 2.721903000000000000e+07 4.256671800000000000e+07 6.630068700000000000e+07 1.032734220000000000e+08 1.598695530000000000e+08 2.466339750000000000e+08 3.775364830000000000e+08
6.664100000000000000e+04 1.039730000000000000e+05 1.627180000000000000e+05 2.526470000000000000e+05 3.956950000000000000e+05 6.190660000000000000e+05 9.726590000000000000e+05 1.507846000000000000e+06 2.368905000000000000e+06 3.692049000000000000e+06 5.739656000000000000e+06 8.898201000000000000e+06 1.361782600000000000e+07 2.075586600000000000e+07 3.091935200000000000e+07 4.515509800000000000e+07 6.404301200000000000e+07 8.749128200000000000e+07 1.121571670000000000e+08 1.263008100000000000e+08
9.613500000000000000e+04 1.490000000000000000e+05 2.345240000000000000e+05 3.676830000000000000e+05 5.758100000000000000e+05 9.040690000000000000e+05 1.418147000000000000e+06 2.226978000000000000e+06 3.484998000000000000e+06 5.460571000000000000e+06 8.518399000000000000e+06 1.327979800000000000e+07 2.059061100000000000e+07 3.190479300000000000e+07 4.944933800000000000e+07 7.614553400000000000e+07 1.169175540000000000e+08 1.779337660000000000e+08 2.667805790000000000e+08 3.961312850000000000e+08
8.529300000000000000e+04 1.332010000000000000e+05 2.082300000000000000e+05 3.295010000000000000e+05 5.176060000000000000e+05 8.146200000000000000e+05 1.281334000000000000e+06 2.013855000000000000e+06 3.178168000000000000e+06 5.005987000000000000e+06 7.874540000000000000e+06 1.239079700000000000e+07 1.956758100000000000e+07 3.095356700000000000e+07 4.895983500000000000e+07 7.765492200000000000e+07 1.231328650000000000e+08 1.949590180000000000e+08 3.080903330000000000e+08 4.869385090000000000e+08
5.643600000000000000e+04 8.838600000000000000e+04 1.398620000000000000e+05 2.207060000000000000e+05 3.481810000000000000e+05 5.464840000000000000e+05 8.614710000000000000e+05 1.353394000000000000e+06 2.128660000000000000e+06 3.359004000000000000e+06 5.310933000000000000e+06 8.416758000000000000e+06 1.332750200000000000e+07 2.107698500000000000e+07 3.339673600000000000e+07 5.297809100000000000e+07 8.342326900000000000e+07 1.319928990000000000e+08 2.075084540000000000e+08 3.220858550000000000e+08
5.892500000000000000e+04 9.207000000000000000e+04 1.449700000000000000e+05 2.290530000000000000e+05 3.565340000000000000e+05 5.620500000000000000e+05 8.829210000000000000e+05 1.390222000000000000e+06 2.184154000000000000e+06 3.439743000000000000e+06 5.398353000000000000e+06 8.460416000000000000e+06 1.322306600000000000e+07 2.064461700000000000e+07 3.206854800000000000e+07 4.953584300000000000e+07 7.571660100000000000e+07 1.150728020000000000e+08 1.737933830000000000e+08 2.593325770000000000e+08
4.741700000000000000e+04 7.456400000000000000e+04 1.167520000000000000e+05 1.838000000000000000e+05 2.897630000000000000e+05 4.577950000000000000e+05 7.231720000000000000e+05 1.141435000000000000e+06 1.796750000000000000e+06 2.846023000000000000e+06 4.515632000000000000e+06 7.140122000000000000e+06 1.130476000000000000e+07 1.794704300000000000e+07 2.848670400000000000e+07 4.528315800000000000e+07 7.189213100000000000e+07 1.132709830000000000e+08 1.782071320000000000e+08 2.820237090000000000e+08
9.102200000000000000e+04 1.426980000000000000e+05 2.225100000000000000e+05 3.510930000000000000e+05 5.516950000000000000e+05 8.716690000000000000e+05 1.375142000000000000e+06 2.169316000000000000e+06 3.423984000000000000e+06 5.417420000000000000e+06 8.569786000000000000e+06 1.354471400000000000e+07 2.140399100000000000e+07 3.386455600000000000e+07 5.344673400000000000e+07 8.464935800000000000e+07 1.336723810000000000e+08 2.117155850000000000e+08 3.355047410000000000e+08 5.295275090000000000e+08
4.201700000000000000e+04 6.606600000000000000e+04 1.038860000000000000e+05 1.635050000000000000e+05 2.573620000000000000e+05 4.040470000000000000e+05 6.381440000000000000e+05 1.006507000000000000e+06 1.581039000000000000e+06 2.482579000000000000e+06 3.904248000000000000e+06 6.181145000000000000e+06 9.785433000000000000e+06 1.547866800000000000e+07 2.453361700000000000e+07 3.898471500000000000e+07 6.260814900000000000e+07 1.010768900000000000e+08 1.630464400000000000e+08 2.649146550000000000e+08
8.151400000000000000e+04 1.274010000000000000e+05 2.002870000000000000e+05 3.147260000000000000e+05 4.947440000000000000e+05 7.805410000000000000e+05 1.224534000000000000e+06 1.929902000000000000e+06 3.035391000000000000e+06 4.791774000000000000e+06 7.574982000000000000e+06 1.198347200000000000e+07 1.893836200000000000e+07 2.994116500000000000e+07 4.743113300000000000e+07 7.494571900000000000e+07 1.188335900000000000e+08 1.892056750000000000e+08 3.052085130000000000e+08 4.904031850000000000e+08
7.918400000000000000e+04 1.236320000000000000e+05 1.952360000000000000e+05 3.082350000000000000e+05 4.840840000000000000e+05 7.644780000000000000e+05 1.203549000000000000e+06 1.888481000000000000e+06 2.971109000000000000e+06 4.697617000000000000e+06 7.409820000000000000e+06 1.173322900000000000e+07 1.865348100000000000e+07 2.960262000000000000e+07 4.715711000000000000e+07 7.490861300000000000e+07 1.190773830000000000e+08 1.897818010000000000e+08 3.002958960000000000e+08 4.761109950000000000e+08
7.234400000000000000e+04 1.125190000000000000e+05 1.771840000000000000e+05 2.796360000000000000e+05 4.396780000000000000e+05 6.979020000000000000e+05 1.098987000000000000e+06 1.733924000000000000e+06 2.731626000000000000e+06 4.297496000000000000e+06 6.801827000000000000e+06 1.073505400000000000e+07 1.690750700000000000e+07 2.678654600000000000e+07 4.240214200000000000e+07 6.679466600000000000e+07 1.050842280000000000e+08 1.655461540000000000e+08 2.622196010000000000e+08 4.141345900000000000e+08
6.347600000000000000e+04 9.995100000000000000e+04 1.574080000000000000e+05 2.457650000000000000e+05 3.883130000000000000e+05 6.101390000000000000e+05 9.620110000000000000e+05 1.520335000000000000e+06 2.386962000000000000e+06 3.756730000000000000e+06 5.911743000000000000e+06 9.311724000000000000e+06 1.463433400000000000e+07 2.287567100000000000e+07 3.577409700000000000e+07 5.611086800000000000e+07 8.766736400000000000e+07 1.353411740000000000e+08 2.070953350000000000e+08 3.157707900000000000e+08
5.934400000000000000e+04 9.369600000000000000e+04 1.468520000000000000e+05 2.322300000000000000e+05 3.651720000000000000e+05 5.727660000000000000e+05 8.997740000000000000e+05 1.422060000000000000e+06 2.231903000000000000e+06 3.514289000000000000e+06 5.553302000000000000e+06 8.767852000000000000e+06 1.380397000000000000e+07 2.182632000000000000e+07 3.466290100000000000e+07 5.506063900000000000e+07 8.722678400000000000e+07 1.378222980000000000e+08 2.176981010000000000e+08 3.412428770000000000e+08
7.729900000000000000e+04 1.201760000000000000e+05 1.891670000000000000e+05 2.970090000000000000e+05 4.665150000000000000e+05 7.368280000000000000e+05 1.161575000000000000e+06 1.831684000000000000e+06 2.884617000000000000e+06 4.548098000000000000e+06 7.199418000000000000e+06 1.139493600000000000e+07 1.804448200000000000e+07 2.869952200000000000e+07 4.573277100000000000e+07 7.297095000000000000e+07 1.161890110000000000e+08 1.854360700000000000e+08 2.968584230000000000e+08 4.747909650000000000e+08
8.308700000000000000e+04 1.314150000000000000e+05 2.067080000000000000e+05 3.240450000000000000e+05 5.117890000000000000e+05 8.059380000000000000e+05 1.275080000000000000e+06 2.009540000000000000e+06 3.176633000000000000e+06 5.025133000000000000e+06 7.943213000000000000e+06 1.259010600000000000e+07 1.993179500000000000e+07 3.159193500000000000e+07 5.011988500000000000e+07 7.955809600000000000e+07 1.259228850000000000e+08 1.989449710000000000e+08 3.138246200000000000e+08 4.975182440000000000e+08
8.924900000000000000e+04 1.403050000000000000e+05 2.208270000000000000e+05 3.463490000000000000e+05 5.455170000000000000e+05 8.610170000000000000e+05 1.358593000000000000e+06 2.139654000000000000e+06 3.378184000000000000e+06 5.307359000000000000e+06 8.328949000000000000e+06 1.306923800000000000e+07 2.051159400000000000e+07 3.209785700000000000e+07 5.020781700000000000e+07 7.807024400000000000e+07 1.212670530000000000e+08 1.879334570000000000e+08 2.868868620000000000e+08 4.321875760000000000e+08
5.454200000000000000e+04 8.607600000000000000e+04 1.345760000000000000e+05 2.103990000000000000e+05 3.298530000000000000e+05 5.171860000000000000e+05 8.141100000000000000e+05 1.284066000000000000e+06 2.025365000000000000e+06 3.194809000000000000e+06 5.037871000000000000e+06 7.956269000000000000e+06 1.257371800000000000e+07 1.985599700000000000e+07 3.134094900000000000e+07 4.965845700000000000e+07 7.897663900000000000e+07 1.266902860000000000e+08 2.032271880000000000e+08 3.275679810000000000e+08
5.695700000000000000e+04 8.947300000000000000e+04 1.423960000000000000e+05 2.241860000000000000e+05 3.532710000000000000e+05 5.582690000000000000e+05 8.817570000000000000e+05 1.389192000000000000e+06 2.191798000000000000e+06 3.477575000000000000e+06 5.522184000000000000e+06 8.740611000000000000e+06 1.378286500000000000e+07 2.186481800000000000e+07 3.469252100000000000e+07 5.501424400000000000e+07 8.679752300000000000e+07 1.368590980000000000e+08 2.164366660000000000e+08 3.423351260000000000e+08
7.397500000000000000e+04 1.152860000000000000e+05 1.817230000000000000e+05 2.860850000000000000e+05 4.520190000000000000e+05 7.106460000000000000e+05 1.121409000000000000e+06 1.775880000000000000e+06 2.804726000000000000e+06 4.411048000000000000e+06 6.937691000000000000e+06 1.095669900000000000e+07 1.732279500000000000e+07 2.731725600000000000e+07 4.306499200000000000e+07 6.796076900000000000e+07 1.069562620000000000e+08 1.678234160000000000e+08 2.619174470000000000e+08 4.095813530000000000e+08
6.282400000000000000e+04 9.846200000000000000e+04 1.565180000000000000e+05 2.463300000000000000e+05 3.872960000000000000e+05 6.098370000000000000e+05 9.639960000000000000e+05 1.518301000000000000e+06 2.403109000000000000e+06 3.790118000000000000e+06 5.981502000000000000e+06 9.408422000000000000e+06 1.481033600000000000e+07 2.327863600000000000e+07 3.660098000000000000e+07 5.746118600000000000e+07 9.013929800000000000e+07 1.407800160000000000e+08 2.180966020000000000e+08 3.413617820000000000e+08
8.239800000000000000e+04 1.289230000000000000e+05 2.037160000000000000e+05 3.192700000000000000e+05 5.055030000000000000e+05 7.967900000000000000e+05 1.262501000000000000e+06 1.998849000000000000e+06 3.160095000000000000e+06 4.994264000000000000e+06 7.897794000000000000e+06 1.250230900000000000e+07 1.977839200000000000e+07 3.139581800000000000e+07 4.982538600000000000e+07 7.921065400000000000e+07 1.256731680000000000e+08 1.992299950000000000e+08 3.137493110000000000e+08 4.944881600000000000e+08
7.332300000000000000e+04 1.144860000000000000e+05 1.806620000000000000e+05 2.833550000000000000e+05 4.489810000000000000e+05 7.095440000000000000e+05 1.118210000000000000e+06 1.762787000000000000e+06 2.777997000000000000e+06 4.386069000000000000e+06 6.942183000000000000e+06 1.100063200000000000e+07 1.743961300000000000e+07 2.771208800000000000e+07 4.382249800000000000e+07 6.924392600000000000e+07 1.096036590000000000e+08 1.736279930000000000e+08 2.755371060000000000e+08 4.367467180000000000e+08
7.638100000000000000e+04 1.193560000000000000e+05 1.885760000000000000e+05 2.952830000000000000e+05 4.666950000000000000e+05 7.323310000000000000e+05 1.155347000000000000e+06 1.816844000000000000e+06 2.866941000000000000e+06 4.523253000000000000e+06 7.137179000000000000e+06 1.127830700000000000e+07 1.780293400000000000e+07 2.813637500000000000e+07 4.461092900000000000e+07 7.084752100000000000e+07 1.128543620000000000e+08 1.789249320000000000e+08 2.841063130000000000e+08 4.534364360000000000e+08
7.538400000000000000e+04 1.175940000000000000e+05 1.851650000000000000e+05 2.903050000000000000e+05 4.550840000000000000e+05 7.188220000000000000e+05 1.132931000000000000e+06 1.781539000000000000e+06 2.802923000000000000e+06 4.409297000000000000e+06 6.963125000000000000e+06 1.097917800000000000e+07 1.726380400000000000e+07 2.708090400000000000e+07 4.229235100000000000e+07 6.576110200000000000e+07 1.015106520000000000e+08 1.556271420000000000e+08 2.372647050000000000e+08 3.567007710000000000e+08
6.670300000000000000e+04 1.044700000000000000e+05 1.627840000000000000e+05 2.552440000000000000e+05 4.021520000000000000e+05 6.332810000000000000e+05 1.000561000000000000e+06 1.573058000000000000e+06 2.465134000000000000e+06 3.873695000000000000e+06 6.065600000000000000e+06 9.480243000000000000e+06 1.472650400000000000e+07 2.284984800000000000e+07 3.530345200000000000e+07 5.448872400000000000e+07 8.389732700000000000e+07 1.283697740000000000e+08 1.958472580000000000e+08 2.962324670000000000e+08
6.766000000000000000e+04 1.057870000000000000e+05 1.656830000000000000e+05 2.578790000000000000e+05 4.042670000000000000e+05 6.333190000000000000e+05 9.919760000000000000e+05 1.545894000000000000e+06 2.403415000000000000e+06 3.746411000000000000e+06 5.810384000000000000e+06 8.985127000000000000e+06 1.390365300000000000e+07 2.148436900000000000e+07 3.305405100000000000e+07 5.059368700000000000e+07 7.660362400000000000e+07 1.152037860000000000e+08 1.714693640000000000e+08 2.544296550000000000e+08
5.187900000000000000e+04 8.103800000000000000e+04 1.269560000000000000e+05 1.989550000000000000e+05 3.137560000000000000e+05 4.925560000000000000e+05 7.779390000000000000e+05 1.223567000000000000e+06 1.928204000000000000e+06 3.043836000000000000e+06 4.806677000000000000e+06 7.610721000000000000e+06 1.202972100000000000e+07 1.900670400000000000e+07 3.015584800000000000e+07 4.793801000000000000e+07 7.605374400000000000e+07 1.209174550000000000e+08 1.935722990000000000e+08 3.078380200000000000e+08
4.778400000000000000e+04 7.610300000000000000e+04 1.197360000000000000e+05 1.891730000000000000e+05 2.987370000000000000e+05 4.702330000000000000e+05 7.409720000000000000e+05 1.168794000000000000e+06 1.849759000000000000e+06 2.928965000000000000e+06 4.656436000000000000e+06 7.366317000000000000e+06 1.166584600000000000e+07 1.841247000000000000e+07 2.905798900000000000e+07 4.569155900000000000e+07 7.188446900000000000e+07 1.133263660000000000e+08 1.787061550000000000e+08 2.812408460000000000e+08
7.747900000000000000e+04 1.215460000000000000e+05 1.911980000000000000e+05 2.991770000000000000e+05 4.697270000000000000e+05 7.386230000000000000e+05 1.164558000000000000e+06 1.818720000000000000e+06 2.850480000000000000e+06 4.477989000000000000e+06 7.029315000000000000e+06 1.102114000000000000e+07 1.718748200000000000e+07 2.681048100000000000e+07 4.174374900000000000e+07 6.483499600000000000e+07 1.001550060000000000e+08 1.532375350000000000e+08 2.327686740000000000e+08 3.489922200000000000e+08
6.454300000000000000e+04 1.013560000000000000e+05 1.586360000000000000e+05 2.505470000000000000e+05 3.932550000000000000e+05 6.215280000000000000e+05 9.773450000000000000e+05 1.536393000000000000e+06 2.408669000000000000e+06 3.774479000000000000e+06 5.910819000000000000e+06 9.247545000000000000e+06 1.450582200000000000e+07 2.278944600000000000e+07 3.596063600000000000e+07 5.639040700000000000e+07 8.786474100000000000e+07 1.356275750000000000e+08 2.072920960000000000e+08 3.118293170000000000e+08
6.055600000000000000e+04 9.366800000000000000e+04 1.476320000000000000e+05 2.328740000000000000e+05 3.649340000000000000e+05 5.729770000000000000e+05 9.077280000000000000e+05 1.422694000000000000e+06 2.236215000000000000e+06 3.538075000000000000e+06 5.575480000000000000e+06 8.767446000000000000e+06 1.379515500000000000e+07 2.159909000000000000e+07 3.373970800000000000e+07 5.220546200000000000e+07 8.014201100000000000e+07 1.221727440000000000e+08 1.837762280000000000e+08 2.720708110000000000e+08
5.693600000000000000e+04 8.914000000000000000e+04 1.395110000000000000e+05 2.186640000000000000e+05 3.471560000000000000e+05 5.487830000000000000e+05 8.663790000000000000e+05 1.361945000000000000e+06 2.143159000000000000e+06 3.380284000000000000e+06 5.330879000000000000e+06 8.443594000000000000e+06 1.336530000000000000e+07 2.117069900000000000e+07 3.360607200000000000e+07 5.337230300000000000e+07 8.531852600000000000e+07 1.369629020000000000e+08 2.204636630000000000e+08 3.533765460000000000e+08
6.183000000000000000e+04 9.652900000000000000e+04 1.531650000000000000e+05 2.402500000000000000e+05 3.771340000000000000e+05 5.913180000000000000e+05 9.314670000000000000e+05 1.457819000000000000e+06 2.287721000000000000e+06 3.591352000000000000e+06 5.635139000000000000e+06 8.824098000000000000e+06 1.382189400000000000e+07 2.162982800000000000e+07 3.350581400000000000e+07 5.145080000000000000e+07 7.882961000000000000e+07 1.206782100000000000e+08 1.824343170000000000e+08 2.719795110000000000e+08
5.131200000000000000e+04 8.111100000000000000e+04 1.277350000000000000e+05 2.001090000000000000e+05 3.138430000000000000e+05 4.973570000000000000e+05 7.875690000000000000e+05 1.248327000000000000e+06 1.961561000000000000e+06 3.111769000000000000e+06 4.906682000000000000e+06 7.772479000000000000e+06 1.227815800000000000e+07 1.941743800000000000e+07 3.065227300000000000e+07 4.849541800000000000e+07 7.688950100000000000e+07 1.221033350000000000e+08 1.936327140000000000e+08 3.059190740000000000e+08
6.465000000000000000e+04 1.020530000000000000e+05 1.610550000000000000e+05 2.535760000000000000e+05 3.998420000000000000e+05 6.304160000000000000e+05 9.987700000000000000e+05 1.574746000000000000e+06 2.478488000000000000e+06 3.908776000000000000e+06 6.162148000000000000e+06 9.703091000000000000e+06 1.538771900000000000e+07 2.444143600000000000e+07 3.879111200000000000e+07 6.171529500000000000e+07 9.806331300000000000e+07 1.554824880000000000e+08 2.464574280000000000e+08 3.887823030000000000e+08
5.561000000000000000e+04 8.796200000000000000e+04 1.372490000000000000e+05 2.155390000000000000e+05 3.404070000000000000e+05 5.372930000000000000e+05 8.513610000000000000e+05 1.343555000000000000e+06 2.119758000000000000e+06 3.350420000000000000e+06 5.293043000000000000e+06 8.364140000000000000e+06 1.321529200000000000e+07 2.089244000000000000e+07 3.312389500000000000e+07 5.265880000000000000e+07 8.382721200000000000e+07 1.326200000000000000e+08 2.099600340000000000e+08 3.347817280000000000e+08
7.248500000000000000e+04 1.125380000000000000e+05 1.768450000000000000e+05 2.772700000000000000e+05 4.330290000000000000e+05 6.760810000000000000e+05 1.057183000000000000e+06 1.646361000000000000e+06 2.578021000000000000e+06 4.016938000000000000e+06 6.285771000000000000e+06 9.850264000000000000e+06 1.539011900000000000e+07 2.403497000000000000e+07 3.758216200000000000e+07 5.879504800000000000e+07 9.139540000000000000e+07 1.412570150000000000e+08 2.169095210000000000e+08 3.309448300000000000e+08
7.053200000000000000e+04 1.114900000000000000e+05 1.751930000000000000e+05 2.754590000000000000e+05 4.341340000000000000e+05 6.862580000000000000e+05 1.081679000000000000e+06 1.704813000000000000e+06 2.693109000000000000e+06 4.251772000000000000e+06 6.697723000000000000e+06 1.055446600000000000e+07 1.673848600000000000e+07 2.647722100000000000e+07 4.176848800000000000e+07 6.573761600000000000e+07 1.035189290000000000e+08 1.636953060000000000e+08 2.587441110000000000e+08 4.075938130000000000e+08
9.218300000000000000e+04 1.435710000000000000e+05 2.251570000000000000e+05 3.543180000000000000e+05 5.614470000000000000e+05 8.815140000000000000e+05 1.386784000000000000e+06 2.185359000000000000e+06 3.449224000000000000e+06 5.454457000000000000e+06 8.620410000000000000e+06 1.367553400000000000e+07 2.154343200000000000e+07 3.396900500000000000e+07 5.339448500000000000e+07 8.394867900000000000e+07 1.315446330000000000e+08 2.044086760000000000e+08 3.180054530000000000e+08 4.954351160000000000e+08
7.011600000000000000e+04 1.092070000000000000e+05 1.710300000000000000e+05 2.713870000000000000e+05 4.259150000000000000e+05 6.712120000000000000e+05 1.060355000000000000e+06 1.666969000000000000e+06 2.628600000000000000e+06 4.148559000000000000e+06 6.568440000000000000e+06 1.037736900000000000e+07 1.640654400000000000e+07 2.604045600000000000e+07 4.147370500000000000e+07 6.604491600000000000e+07 1.047291380000000000e+08 1.665456700000000000e+08 2.664109990000000000e+08 4.224434710000000000e+08
9.434300000000000000e+04 1.476890000000000000e+05 2.323900000000000000e+05 3.641760000000000000e+05 5.730590000000000000e+05 9.041010000000000000e+05 1.429631000000000000e+06 2.250359000000000000e+06 3.546645000000000000e+06 5.586215000000000000e+06 8.767182000000000000e+06 1.376906200000000000e+07 2.156172100000000000e+07 3.362229200000000000e+07 5.225749900000000000e+07 8.098413100000000000e+07 1.250096010000000000e+08 1.915579150000000000e+08 2.890781620000000000e+08 4.273304260000000000e+08
5.347700000000000000e+04 8.320300000000000000e+04 1.308720000000000000e+05 2.063060000000000000e+05 3.254590000000000000e+05 5.117600000000000000e+05 8.061960000000000000e+05 1.270086000000000000e+06 2.009083000000000000e+06 3.169846000000000000e+06 4.998968000000000000e+06 7.930939000000000000e+06 1.258607800000000000e+07 1.990794300000000000e+07 3.163634100000000000e+07 5.034757100000000000e+07 8.042620100000000000e+07 1.282514680000000000e+08 2.046463980000000000e+08 3.285480910000000000e+08
4.821500000000000000e+04 7.616000000000000000e+04 1.194780000000000000e+05 1.886630000000000000e+05 2.972670000000000000e+05 4.691740000000000000e+05 7.422510000000000000e+05 1.170931000000000000e+06 1.855161000000000000e+06 2.941379000000000000e+06 4.652352000000000000e+06 7.370150000000000000e+06 1.167288100000000000e+07 1.864672200000000000e+07 2.968463100000000000e+07 4.714866900000000000e+07 7.491307700000000000e+07 1.192162210000000000e+08 1.896220480000000000e+08 3.032798130000000000e+08
7.455500000000000000e+04 1.164240000000000000e+05 1.827100000000000000e+05 2.888470000000000000e+05 4.548720000000000000e+05 7.174190000000000000e+05 1.122141000000000000e+06 1.763057000000000000e+06 2.760046000000000000e+06 4.355658000000000000e+06 6.900596000000000000e+06 1.094114900000000000e+07 1.732401400000000000e+07 2.752443600000000000e+07 4.357143600000000000e+07 6.876755800000000000e+07 1.088563620000000000e+08 1.724513500000000000e+08 2.738661630000000000e+08 4.308194270000000000e+08
9.370500000000000000e+04 1.466710000000000000e+05 2.288000000000000000e+05 3.587730000000000000e+05 5.633050000000000000e+05 8.855520000000000000e+05 1.385397000000000000e+06 2.170509000000000000e+06 3.412547000000000000e+06 5.336127000000000000e+06 8.366636000000000000e+06 1.311525000000000000e+07 2.051611300000000000e+07 3.208266700000000000e+07 5.030309800000000000e+07 7.862356500000000000e+07 1.225460880000000000e+08 1.894516730000000000e+08 2.901887560000000000e+08 4.463734110000000000e+08
7.748500000000000000e+04 1.209420000000000000e+05 1.895670000000000000e+05 2.983000000000000000e+05 4.678300000000000000e+05 7.377270000000000000e+05 1.161291000000000000e+06 1.820049000000000000e+06 2.861212000000000000e+06 4.504018000000000000e+06 7.081105000000000000e+06 1.112308900000000000e+07 1.751845100000000000e+07 2.757079700000000000e+07 4.324833300000000000e+07 6.751439600000000000e+07 1.050302010000000000e+08 1.622519860000000000e+08 2.496771570000000000e+08 3.814015910000000000e+08
7.037400000000000000e+04 1.098450000000000000e+05 1.734760000000000000e+05 2.713270000000000000e+05 4.292830000000000000e+05 6.730600000000000000e+05 1.064245000000000000e+06 1.681607000000000000e+06 2.658434000000000000e+06 4.209118000000000000e+06 6.651358000000000000e+06 1.055198700000000000e+07 1.668785600000000000e+07 2.644105200000000000e+07 4.183937000000000000e+07 6.597064900000000000e+07 1.043143270000000000e+08 1.641810730000000000e+08 2.590513040000000000e+08 4.100356050000000000e+08
6.371100000000000000e+04 9.988900000000000000e+04 1.566610000000000000e+05 2.465880000000000000e+05 3.865490000000000000e+05 6.072140000000000000e+05 9.527510000000000000e+05 1.491287000000000000e+06 2.341442000000000000e+06 3.655440000000000000e+06 5.691102000000000000e+06 8.868570000000000000e+06 1.377297400000000000e+07 2.136417500000000000e+07 3.310076900000000000e+07 5.106581900000000000e+07 7.890104100000000000e+07 1.205536810000000000e+08 1.822155040000000000e+08 2.708083440000000000e+08
8.002000000000000000e+04 1.250390000000000000e+05 1.933190000000000000e+05 3.042430000000000000e+05 4.769660000000000000e+05 7.500860000000000000e+05 1.185943000000000000e+06 1.868816000000000000e+06 2.925719000000000000e+06 4.601237000000000000e+06 7.224518000000000000e+06 1.133074200000000000e+07 1.778623400000000000e+07 2.777207500000000000e+07 4.315757100000000000e+07 6.684512100000000000e+07 1.033660400000000000e+08 1.578476520000000000e+08 2.372565270000000000e+08 3.502881780000000000e+08
9.012700000000000000e+04 1.408380000000000000e+05 2.218730000000000000e+05 3.490290000000000000e+05 5.452080000000000000e+05 8.562510000000000000e+05 1.352079000000000000e+06 2.122212000000000000e+06 3.332930000000000000e+06 5.239667000000000000e+06 8.222688000000000000e+06 1.289200100000000000e+07 2.014381800000000000e+07 3.151069900000000000e+07 4.906969800000000000e+07 7.585343500000000000e+07 1.170834290000000000e+08 1.792336040000000000e+08 2.735908230000000000e+08 4.137313690000000000e+08
8.913000000000000000e+04 1.391300000000000000e+05 2.195560000000000000e+05 3.446450000000000000e+05 5.421590000000000000e+05 8.505530000000000000e+05 1.334290000000000000e+06 2.098118000000000000e+06 3.291034000000000000e+06 5.173680000000000000e+06 8.104105000000000000e+06 1.270778900000000000e+07 1.998157700000000000e+07 3.154693300000000000e+07 5.007073200000000000e+07 7.927709700000000000e+07 1.250431130000000000e+08 1.977158690000000000e+08 3.150565020000000000e+08 5.040061120000000000e+08
4.585300000000000000e+04 7.125200000000000000e+04 1.120240000000000000e+05 1.763870000000000000e+05 2.775100000000000000e+05 4.386720000000000000e+05 6.906000000000000000e+05 1.085539000000000000e+06 1.717102000000000000e+06 2.715047000000000000e+06 4.303425000000000000e+06 6.779426000000000000e+06 1.071032200000000000e+07 1.690207400000000000e+07 2.685109100000000000e+07 4.265560400000000000e+07 6.798110800000000000e+07 1.077083060000000000e+08 1.687152390000000000e+08 2.586622430000000000e+08
5.776100000000000000e+04 9.029600000000000000e+04 1.422180000000000000e+05 2.229350000000000000e+05 3.498310000000000000e+05 5.468120000000000000e+05 8.619780000000000000e+05 1.347670000000000000e+06 2.116740000000000000e+06 3.342308000000000000e+06 5.254095000000000000e+06 8.270501000000000000e+06 1.302602800000000000e+07 2.052028400000000000e+07 3.234003000000000000e+07 5.083748800000000000e+07 8.009861400000000000e+07 1.252830240000000000e+08 1.965898500000000000e+08 3.116448930000000000e+08
9.050500000000000000e+04 1.424570000000000000e+05 2.221520000000000000e+05 3.482490000000000000e+05 5.468500000000000000e+05 8.598470000000000000e+05 1.353567000000000000e+06 2.118518000000000000e+06 3.319713000000000000e+06 5.228005000000000000e+06 8.224374000000000000e+06 1.289875200000000000e+07 2.016635500000000000e+07 3.157041300000000000e+07 4.924259100000000000e+07 7.662486200000000000e+07 1.189637100000000000e+08 1.837456090000000000e+08 2.809395260000000000e+08 4.231822570000000000e+08
7.330100000000000000e+04 1.143720000000000000e+05 1.788330000000000000e+05 2.818480000000000000e+05 4.434400000000000000e+05 6.998890000000000000e+05 1.102407000000000000e+06 1.734371000000000000e+06 2.725920000000000000e+06 4.301554000000000000e+06 6.775431000000000000e+06 1.067199600000000000e+07 1.680492500000000000e+07 2.667198000000000000e+07 4.251887000000000000e+07 6.776761000000000000e+07 1.081371880000000000e+08 1.716340780000000000e+08 2.754694300000000000e+08 4.425411010000000000e+08
8.506400000000000000e+04 1.344320000000000000e+05 2.123330000000000000e+05 3.333680000000000000e+05 5.238430000000000000e+05 8.221720000000000000e+05 1.295828000000000000e+06 2.038914000000000000e+06 3.205420000000000000e+06 5.046691000000000000e+06 7.942824000000000000e+06 1.249018700000000000e+07 1.965485200000000000e+07 3.116636600000000000e+07 4.952282600000000000e+07 7.875462100000000000e+07 1.254564490000000000e+08 1.994110030000000000e+08 3.172125410000000000e+08 5.041405820000000000e+08
2.278200000000000000e+04 3.493700000000000000e+04 5.393200000000000000e+04 8.435500000000000000e+04 1.329490000000000000e+05 2.090340000000000000e+05 3.245180000000000000e+05 5.049730000000000000e+05 7.886400000000000000e+05 1.220656000000000000e+06 1.881110000000000000e+06 2.916359000000000000e+06 4.470759000000000000e+06 6.878205000000000000e+06 1.034903200000000000e+07 1.522189700000000000e+07 2.250017500000000000e+07 3.362854900000000000e+07 4.994987200000000000e+07 7.525086200000000000e+07
8.074500000000000000e+04 1.254180000000000000e+05 1.985500000000000000e+05 3.128410000000000000e+05 4.894230000000000000e+05 7.704800000000000000e+05 1.211435000000000000e+06 1.911502000000000000e+06 3.013641000000000000e+06 4.763631000000000000e+06 7.484557000000000000e+06 1.181613700000000000e+07 1.878651700000000000e+07 2.990970500000000000e+07 4.754697000000000000e+07 7.534590000000000000e+07 1.189956530000000000e+08 1.868701330000000000e+08 2.920348280000000000e+08 4.540340810000000000e+08
7.010400000000000000e+04 1.109370000000000000e+05 1.741140000000000000e+05 2.732530000000000000e+05 4.311000000000000000e+05 6.800280000000000000e+05 1.071289000000000000e+06 1.683429000000000000e+06 2.659495000000000000e+06 4.190912000000000000e+06 6.602104000000000000e+06 1.037215100000000000e+07 1.632132000000000000e+07 2.568646500000000000e+07 4.036125100000000000e+07 6.363290800000000000e+07 1.001688500000000000e+08 1.570018870000000000e+08 2.470616910000000000e+08 3.877097950000000000e+08
6.975300000000000000e+04 1.102640000000000000e+05 1.731060000000000000e+05 2.727840000000000000e+05 4.290690000000000000e+05 6.744980000000000000e+05 1.062877000000000000e+06 1.678512000000000000e+06 2.648080000000000000e+06 4.190079000000000000e+06 6.613307000000000000e+06 1.043788000000000000e+07 1.646134300000000000e+07 2.606262600000000000e+07 4.137320900000000000e+07 6.556884900000000000e+07 1.037098270000000000e+08 1.635893570000000000e+08 2.565450890000000000e+08 4.018382870000000000e+08
5.539600000000000000e+04 8.706500000000000000e+04 1.362680000000000000e+05 2.147320000000000000e+05 3.363250000000000000e+05 5.293320000000000000e+05 8.367270000000000000e+05 1.321041000000000000e+06 2.085931000000000000e+06 3.288801000000000000e+06 5.219461000000000000e+06 8.273079000000000000e+06 1.310295100000000000e+07 2.078487300000000000e+07 3.301050200000000000e+07 5.264919800000000000e+07 8.381602100000000000e+07 1.334834690000000000e+08 2.124492870000000000e+08 3.370015170000000000e+08
5.516700000000000000e+04 8.632800000000000000e+04 1.357560000000000000e+05 2.137220000000000000e+05 3.368850000000000000e+05 5.306210000000000000e+05 8.383660000000000000e+05 1.313877000000000000e+06 2.071862000000000000e+06 3.281186000000000000e+06 5.177916000000000000e+06 8.191148000000000000e+06 1.289591300000000000e+07 2.021681100000000000e+07 3.172257300000000000e+07 4.975595900000000000e+07 7.812117800000000000e+07 1.221966930000000000e+08 1.907608660000000000e+08 2.982521910000000000e+08
6.592900000000000000e+04 1.015560000000000000e+05 1.596550000000000000e+05 2.501970000000000000e+05 3.913260000000000000e+05 6.118190000000000000e+05 9.635950000000000000e+05 1.501989000000000000e+06 2.338116000000000000e+06 3.628034000000000000e+06 5.601067000000000000e+06 8.626111000000000000e+06 1.318434300000000000e+07 1.997831500000000000e+07 2.999423300000000000e+07 4.494559600000000000e+07 6.552560000000000000e+07 9.268663300000000000e+07 1.230722810000000000e+08 1.477241900000000000e+08
6.177200000000000000e+04 9.664700000000000000e+04 1.506230000000000000e+05 2.368010000000000000e+05 3.730570000000000000e+05 5.849780000000000000e+05 9.182390000000000000e+05 1.440370000000000000e+06 2.257438000000000000e+06 3.526687000000000000e+06 5.543669000000000000e+06 8.762092000000000000e+06 1.380714000000000000e+07 2.177146000000000000e+07 3.414384600000000000e+07 5.349044600000000000e+07 8.390374700000000000e+07 1.318624600000000000e+08 2.089300200000000000e+08 3.326430940000000000e+08
9.650900000000000000e+04 1.501800000000000000e+05 2.362760000000000000e+05 3.706730000000000000e+05 5.831070000000000000e+05 9.188040000000000000e+05 1.444480000000000000e+06 2.273204000000000000e+06 3.580105000000000000e+06 5.654807000000000000e+06 8.946431000000000000e+06 1.415378800000000000e+07 2.240379900000000000e+07 3.532470200000000000e+07 5.564521100000000000e+07 8.798096600000000000e+07 1.386147870000000000e+08 2.183064370000000000e+08 3.450068640000000000e+08 5.469274500000000000e+08
9.302400000000000000e+04 1.453720000000000000e+05 2.272470000000000000e+05 3.562210000000000000e+05 5.596130000000000000e+05 8.795550000000000000e+05 1.388734000000000000e+06 2.188135000000000000e+06 3.451735000000000000e+06 5.434884000000000000e+06 8.533197000000000000e+06 1.338186200000000000e+07 2.103451800000000000e+07 3.301622800000000000e+07 5.185631900000000000e+07 8.120977700000000000e+07 1.264360670000000000e+08 1.955579580000000000e+08 3.021637370000000000e+08 4.636529560000000000e+08
5.250900000000000000e+04 8.112400000000000000e+04 1.255660000000000000e+05 1.958800000000000000e+05 3.028260000000000000e+05 4.750530000000000000e+05 7.474820000000000000e+05 1.157548000000000000e+06 1.794019000000000000e+06 2.786060000000000000e+06 4.280705000000000000e+06 6.576587000000000000e+06 1.000405300000000000e+07 1.520249700000000000e+07 2.291712600000000000e+07 3.393273700000000000e+07 4.879352100000000000e+07 6.855823400000000000e+07 9.027591400000000000e+07 1.121851350000000000e+08
7.334600000000000000e+04 1.149460000000000000e+05 1.822330000000000000e+05 2.853320000000000000e+05 4.485720000000000000e+05 7.068350000000000000e+05 1.115513000000000000e+06 1.756154000000000000e+06 2.764834000000000000e+06 4.376149000000000000e+06 6.901812000000000000e+06 1.091938200000000000e+07 1.721392100000000000e+07 2.737015300000000000e+07 4.344789800000000000e+07 6.867297800000000000e+07 1.077709920000000000e+08 1.693495450000000000e+08 2.671503820000000000e+08 4.211923190000000000e+08
7.702900000000000000e+04 1.211880000000000000e+05 1.896050000000000000e+05 2.973960000000000000e+05 4.662260000000000000e+05 7.326080000000000000e+05 1.160451000000000000e+06 1.823388000000000000e+06 2.861357000000000000e+06 4.495134000000000000e+06 7.064283000000000000e+06 1.111564300000000000e+07 1.740199700000000000e+07 2.715063700000000000e+07 4.200285700000000000e+07 6.455506100000000000e+07 9.841035700000000000e+07 1.490606610000000000e+08 2.227583460000000000e+08 3.256040240000000000e+08
6.300300000000000000e+04 9.840000000000000000e+04 1.546500000000000000e+05 2.427240000000000000e+05 3.835370000000000000e+05 6.047010000000000000e+05 9.556640000000000000e+05 1.508599000000000000e+06 2.368500000000000000e+06 3.739712000000000000e+06 5.904806000000000000e+06 9.281127000000000000e+06 1.458034100000000000e+07 2.296883500000000000e+07 3.625845000000000000e+07 5.712689300000000000e+07 9.018065700000000000e+07 1.422589960000000000e+08 2.225673170000000000e+08 3.538098620000000000e+08
1.078910000000000000e+05 1.694890000000000000e+05 2.677680000000000000e+05 4.241860000000000000e+05 6.662530000000000000e+05 1.045370000000000000e+06 1.650029000000000000e+06 2.606988000000000000e+06 4.123372000000000000e+06 6.518102000000000000e+06 1.029863800000000000e+07 1.628146300000000000e+07 2.573321500000000000e+07 4.077783900000000000e+07 6.430239300000000000e+07 1.015631470000000000e+08 1.600925870000000000e+08 2.519399070000000000e+08 3.955857900000000000e+08 6.127253060000000000e+08
5.876000000000000000e+04 9.214800000000000000e+04 1.450160000000000000e+05 2.269530000000000000e+05 3.543310000000000000e+05 5.552780000000000000e+05 8.749620000000000000e+05 1.372264000000000000e+06 2.153152000000000000e+06 3.384631000000000000e+06 5.296312000000000000e+06 8.327769000000000000e+06 1.308373200000000000e+07 2.045246300000000000e+07 3.209639400000000000e+07 5.013690500000000000e+07 7.740957600000000000e+07 1.185409350000000000e+08 1.789816990000000000e+08 2.631592080000000000e+08
5.295100000000000000e+04 8.291800000000000000e+04 1.293030000000000000e+05 2.035620000000000000e+05 3.220650000000000000e+05 5.070180000000000000e+05 7.971650000000000000e+05 1.259203000000000000e+06 1.986182000000000000e+06 3.118900000000000000e+06 4.891241000000000000e+06 7.690217000000000000e+06 1.210091600000000000e+07 1.898506400000000000e+07 2.959218000000000000e+07 4.623743300000000000e+07 7.207957900000000000e+07 1.123119530000000000e+08 1.760882870000000000e+08 2.785123880000000000e+08
6.878200000000000000e+04 1.069380000000000000e+05 1.668370000000000000e+05 2.632870000000000000e+05 4.128970000000000000e+05 6.460530000000000000e+05 1.009622000000000000e+06 1.587902000000000000e+06 2.485668000000000000e+06 3.895338000000000000e+06 6.101107000000000000e+06 9.572197000000000000e+06 1.500527300000000000e+07 2.345709800000000000e+07 3.650857700000000000e+07 5.659278400000000000e+07 8.720119600000000000e+07 1.345896260000000000e+08 2.066473250000000000e+08 3.117876290000000000e+08
7.064500000000000000e+04 1.108220000000000000e+05 1.732240000000000000e+05 2.721810000000000000e+05 4.279810000000000000e+05 6.724030000000000000e+05 1.058293000000000000e+06 1.666761000000000000e+06 2.616999000000000000e+06 4.110726000000000000e+06 6.466721000000000000e+06 1.018051500000000000e+07 1.596516100000000000e+07 2.503292000000000000e+07 3.917599900000000000e+07 6.167785400000000000e+07 9.780030900000000000e+07 1.544511060000000000e+08 2.420710190000000000e+08 3.798454330000000000e+08
6.529200000000000000e+04 1.012770000000000000e+05 1.605420000000000000e+05 2.501410000000000000e+05 3.955760000000000000e+05 6.234020000000000000e+05 9.822290000000000000e+05 1.549028000000000000e+06 2.434827000000000000e+06 3.830103000000000000e+06 5.998738000000000000e+06 9.338088000000000000e+06 1.450828100000000000e+07 2.257977700000000000e+07 3.493118500000000000e+07 5.375075000000000000e+07 8.210992500000000000e+07 1.235760690000000000e+08 1.836684380000000000e+08 2.706761110000000000e+08
5.410800000000000000e+04 8.481900000000000000e+04 1.331180000000000000e+05 2.079240000000000000e+05 3.249700000000000000e+05 5.122430000000000000e+05 8.073690000000000000e+05 1.261371000000000000e+06 1.971088000000000000e+06 3.075871000000000000e+06 4.796752000000000000e+06 7.449122000000000000e+06 1.153889000000000000e+07 1.774463800000000000e+07 2.705116200000000000e+07 4.084542300000000000e+07 6.152079400000000000e+07 9.259953000000000000e+07 1.402993920000000000e+08 2.146270390000000000e+08
5.981000000000000000e+04 9.442100000000000000e+04 1.472220000000000000e+05 2.334500000000000000e+05 3.641360000000000000e+05 5.743820000000000000e+05 9.051080000000000000e+05 1.419539000000000000e+06 2.231163000000000000e+06 3.526262000000000000e+06 5.542518000000000000e+06 8.709846000000000000e+06 1.375317200000000000e+07 2.165232600000000000e+07 3.424215800000000000e+07 5.383359500000000000e+07 8.490515300000000000e+07 1.338807070000000000e+08 2.094254630000000000e+08 3.214850550000000000e+08
1.028630000000000000e+05 1.612370000000000000e+05 2.520250000000000000e+05 3.956900000000000000e+05 6.224880000000000000e+05 9.772770000000000000e+05 1.549458000000000000e+06 2.439379000000000000e+06 3.856980000000000000e+06 6.101074000000000000e+06 9.637880000000000000e+06 1.521751500000000000e+07 2.395577100000000000e+07 3.778382800000000000e+07 5.918301500000000000e+07 9.257562200000000000e+07 1.457201400000000000e+08 2.292282750000000000e+08 3.600606330000000000e+08 5.664008590000000000e+08
8.303300000000000000e+04 1.296270000000000000e+05 2.019560000000000000e+05 3.185840000000000000e+05 5.002240000000000000e+05 7.889090000000000000e+05 1.241865000000000000e+06 1.958809000000000000e+06 3.079728000000000000e+06 4.861365000000000000e+06 7.684764000000000000e+06 1.214020700000000000e+07 1.908374000000000000e+07 3.010602600000000000e+07 4.742061700000000000e+07 7.474773200000000000e+07 1.178593670000000000e+08 1.844931010000000000e+08 2.887629130000000000e+08 4.465374840000000000e+08
8.365700000000000000e+04 1.310530000000000000e+05 2.044310000000000000e+05 3.234940000000000000e+05 5.067780000000000000e+05 8.000950000000000000e+05 1.263093000000000000e+06 1.987476000000000000e+06 3.130376000000000000e+06 4.940506000000000000e+06 7.805689000000000000e+06 1.234735500000000000e+07 1.947677900000000000e+07 3.077163000000000000e+07 4.886221100000000000e+07 7.747785700000000000e+07 1.232996940000000000e+08 1.955750800000000000e+08 3.087634500000000000e+08 4.882683140000000000e+08
5.550100000000000000e+04 8.792300000000000000e+04 1.375770000000000000e+05 2.163810000000000000e+05 3.397720000000000000e+05 5.358620000000000000e+05 8.425410000000000000e+05 1.330730000000000000e+06 2.103533000000000000e+06 3.305158000000000000e+06 5.194376000000000000e+06 8.176451000000000000e+06 1.291813500000000000e+07 2.055497800000000000e+07 3.286395300000000000e+07 5.247732100000000000e+07 8.426002100000000000e+07 1.350471080000000000e+08 2.172081320000000000e+08 3.507234960000000000e+08
4.795000000000000000e+04 7.468500000000000000e+04 1.169490000000000000e+05 1.837640000000000000e+05 2.876190000000000000e+05 4.505380000000000000e+05 7.090120000000000000e+05 1.114515000000000000e+06 1.754764000000000000e+06 2.766040000000000000e+06 4.356059000000000000e+06 6.891490000000000000e+06 1.083836200000000000e+07 1.716743300000000000e+07 2.720918400000000000e+07 4.335004500000000000e+07 6.898180100000000000e+07 1.090504660000000000e+08 1.746146020000000000e+08 2.782208030000000000e+08
5.469200000000000000e+04 8.509200000000000000e+04 1.340940000000000000e+05 2.113800000000000000e+05 3.341890000000000000e+05 5.273000000000000000e+05 8.366040000000000000e+05 1.319990000000000000e+06 2.085060000000000000e+06 3.306210000000000000e+06 5.243041000000000000e+06 8.312822000000000000e+06 1.314094500000000000e+07 2.079821100000000000e+07 3.301246800000000000e+07 5.242540200000000000e+07 8.372237800000000000e+07 1.337583510000000000e+08 2.144589060000000000e+08 3.441916420000000000e+08
2.445100000000000000e+04 3.818900000000000000e+04 5.999500000000000000e+04 9.425400000000000000e+04 1.481970000000000000e+05 2.337060000000000000e+05 3.624720000000000000e+05 5.692730000000000000e+05 9.002230000000000000e+05 1.405481000000000000e+06 2.185756000000000000e+06 3.402882000000000000e+06 5.282651000000000000e+06 8.115365000000000000e+06 1.248297700000000000e+07 1.911085800000000000e+07 2.884027300000000000e+07 4.323655700000000000e+07 6.312288100000000000e+07 9.070138500000000000e+07
4.918300000000000000e+04 7.692000000000000000e+04 1.209180000000000000e+05 1.889410000000000000e+05 2.970490000000000000e+05 4.683920000000000000e+05 7.357400000000000000e+05 1.155200000000000000e+06 1.818834000000000000e+06 2.857130000000000000e+06 4.494165000000000000e+06 7.048859000000000000e+06 1.108918400000000000e+07 1.747756400000000000e+07 2.763784000000000000e+07 4.367327400000000000e+07 6.903266200000000000e+07 1.095372570000000000e+08 1.737354050000000000e+08 2.744963790000000000e+08
3.886100000000000000e+04 6.071000000000000000e+04 9.618000000000000000e+04 1.508100000000000000e+05 2.356660000000000000e+05 3.720410000000000000e+05 5.843220000000000000e+05 9.164170000000000000e+05 1.433553000000000000e+06 2.240934000000000000e+06 3.488735000000000000e+06 5.408542000000000000e+06 8.362669000000000000e+06 1.280552600000000000e+07 1.941089700000000000e+07 2.921681300000000000e+07 4.313199700000000000e+07 6.331660900000000000e+07 9.411709000000000000e+07 1.493654420000000000e+08
1.019460000000000000e+05 1.606150000000000000e+05 2.497620000000000000e+05 3.949080000000000000e+05 6.205160000000000000e+05 9.777540000000000000e+05 1.544290000000000000e+06 2.436485000000000000e+06 3.850327000000000000e+06 6.050737000000000000e+06 9.544716000000000000e+06 1.507039600000000000e+07 2.377850200000000000e+07 3.754524200000000000e+07 5.931019300000000000e+07 9.364038500000000000e+07 1.483825030000000000e+08 2.341722450000000000e+08 3.699946760000000000e+08 5.834240960000000000e+08
5.002900000000000000e+04 8.032600000000000000e+04 1.258580000000000000e+05 1.979420000000000000e+05 3.109610000000000000e+05 4.884210000000000000e+05 7.727540000000000000e+05 1.223856000000000000e+06 1.930067000000000000e+06 3.046605000000000000e+06 4.817061000000000000e+06 7.625561000000000000e+06 1.209037800000000000e+07 1.912832000000000000e+07 3.027597100000000000e+07 4.787571300000000000e+07 7.567789800000000000e+07 1.190825090000000000e+08 1.884895180000000000e+08 2.976094040000000000e+08
6.137600000000000000e+04 9.628800000000000000e+04 1.519210000000000000e+05 2.380480000000000000e+05 3.737810000000000000e+05 5.869190000000000000e+05 9.211030000000000000e+05 1.446327000000000000e+06 2.277836000000000000e+06 3.586789000000000000e+06 5.674455000000000000e+06 8.957493000000000000e+06 1.406049500000000000e+07 2.216023100000000000e+07 3.483737000000000000e+07 5.462337500000000000e+07 8.574220600000000000e+07 1.341491910000000000e+08 2.095744920000000000e+08 3.289396850000000000e+08
5.540200000000000000e+04 8.663700000000000000e+04 1.359550000000000000e+05 2.136750000000000000e+05 3.345430000000000000e+05 5.290710000000000000e+05 8.336240000000000000e+05 1.307022000000000000e+06 2.050787000000000000e+06 3.231412000000000000e+06 5.085596000000000000e+06 7.966457000000000000e+06 1.249796900000000000e+07 1.945909000000000000e+07 3.013414300000000000e+07 4.661491600000000000e+07 7.123818400000000000e+07 1.080995000000000000e+08 1.619164660000000000e+08 2.364030730000000000e+08
8.092500000000000000e+04 1.272300000000000000e+05 1.982780000000000000e+05 3.130330000000000000e+05 4.908480000000000000e+05 7.749390000000000000e+05 1.215630000000000000e+06 1.910755000000000000e+06 2.995590000000000000e+06 4.703677000000000000e+06 7.391005000000000000e+06 1.162491000000000000e+07 1.829625900000000000e+07 2.880184200000000000e+07 4.497347700000000000e+07 7.025273500000000000e+07 1.088407320000000000e+08 1.682596520000000000e+08 2.588332320000000000e+08 3.961519220000000000e+08
1.017180000000000000e+05 1.593420000000000000e+05 2.496690000000000000e+05 3.959320000000000000e+05 6.266860000000000000e+05 9.901560000000000000e+05 1.565957000000000000e+06 2.468803000000000000e+06 3.898096000000000000e+06 6.154266000000000000e+06 9.743266000000000000e+06 1.537155200000000000e+07 2.430989500000000000e+07 3.842251400000000000e+07 6.086128200000000000e+07 9.624691400000000000e+07 1.522760980000000000e+08 2.415311710000000000e+08 3.836156550000000000e+08 6.072843420000000000e+08
4.592800000000000000e+04 7.147200000000000000e+04 1.130060000000000000e+05 1.779390000000000000e+05 2.775490000000000000e+05 4.378440000000000000e+05 6.898550000000000000e+05 1.087520000000000000e+06 1.714664000000000000e+06 2.698500000000000000e+06 4.230883000000000000e+06 6.637445000000000000e+06 1.040466400000000000e+07 1.624939800000000000e+07 2.541133100000000000e+07 3.977078300000000000e+07 6.210388900000000000e+07 9.740035400000000000e+07 1.534774410000000000e+08 2.395808460000000000e+08
5.199600000000000000e+04 8.117500000000000000e+04 1.277930000000000000e+05 1.993930000000000000e+05 3.119060000000000000e+05 4.902330000000000000e+05 7.722480000000000000e+05 1.210359000000000000e+06 1.901548000000000000e+06 2.995190000000000000e+06 4.717279000000000000e+06 7.406572000000000000e+06 1.161490100000000000e+07 1.816371600000000000e+07 2.815453800000000000e+07 4.327605800000000000e+07 6.623350600000000000e+07 1.007096250000000000e+08 1.522465520000000000e+08 2.299378390000000000e+08
5.865900000000000000e+04 9.195000000000000000e+04 1.437140000000000000e+05 2.263940000000000000e+05 3.589450000000000000e+05 5.661470000000000000e+05 8.919040000000000000e+05 1.406032000000000000e+06 2.212425000000000000e+06 3.499874000000000000e+06 5.535341000000000000e+06 8.763604000000000000e+06 1.387244200000000000e+07 2.194902000000000000e+07 3.479343300000000000e+07 5.523497000000000000e+07 8.769039600000000000e+07 1.395451160000000000e+08 2.211096010000000000e+08 3.474335120000000000e+08
7.049500000000000000e+04 1.112460000000000000e+05 1.740950000000000000e+05 2.755350000000000000e+05 4.343350000000000000e+05 6.879770000000000000e+05 1.080971000000000000e+06 1.709268000000000000e+06 2.687573000000000000e+06 4.249488000000000000e+06 6.722323000000000000e+06 1.061596900000000000e+07 1.672885500000000000e+07 2.644773500000000000e+07 4.173262300000000000e+07 6.596632600000000000e+07 1.051298900000000000e+08 1.679294930000000000e+08 2.688279520000000000e+08 4.267963710000000000e+08
6.799200000000000000e+04 1.058760000000000000e+05 1.655380000000000000e+05 2.601060000000000000e+05 4.110230000000000000e+05 6.473660000000000000e+05 1.016840000000000000e+06 1.589593000000000000e+06 2.495322000000000000e+06 3.903513000000000000e+06 6.096339000000000000e+06 9.494450000000000000e+06 1.470800100000000000e+07 2.280098000000000000e+07 3.502974100000000000e+07 5.344782300000000000e+07 8.093396600000000000e+07 1.211971470000000000e+08 1.775143120000000000e+08 2.505814640000000000e+08
7.119500000000000000e+04 1.115960000000000000e+05 1.742030000000000000e+05 2.752020000000000000e+05 4.315870000000000000e+05 6.787750000000000000e+05 1.069396000000000000e+06 1.677958000000000000e+06 2.639352000000000000e+06 4.170493000000000000e+06 6.564019000000000000e+06 1.033829400000000000e+07 1.619942200000000000e+07 2.543901000000000000e+07 3.971266000000000000e+07 6.167862400000000000e+07 9.481613400000000000e+07 1.446637450000000000e+08 2.196448040000000000e+08 3.295954570000000000e+08
6.478500000000000000e+04 1.010760000000000000e+05 1.582410000000000000e+05 2.502210000000000000e+05 3.940940000000000000e+05 6.206550000000000000e+05 9.807960000000000000e+05 1.549676000000000000e+06 2.434106000000000000e+06 3.849439000000000000e+06 6.074974000000000000e+06 9.611538000000000000e+06 1.520749200000000000e+07 2.399284200000000000e+07 3.808537600000000000e+07 6.043151800000000000e+07 9.562148400000000000e+07 1.515867970000000000e+08 2.405792950000000000e+08 3.807634930000000000e+08
2.669800000000000000e+04 4.163000000000000000e+04 6.445700000000000000e+04 1.019690000000000000e+05 1.601040000000000000e+05 2.528410000000000000e+05 3.981460000000000000e+05 6.275890000000000000e+05 9.918050000000000000e+05 1.562988000000000000e+06 2.453036000000000000e+06 3.875384000000000000e+06 6.119675000000000000e+06 9.697690000000000000e+06 1.540408600000000000e+07 2.454081700000000000e+07 3.946020500000000000e+07 6.409712000000000000e+07 1.033899900000000000e+08 1.670574310000000000e+08
6.465700000000000000e+04 1.012320000000000000e+05 1.582990000000000000e+05 2.500440000000000000e+05 3.912840000000000000e+05 6.188330000000000000e+05 9.814300000000000000e+05 1.549953000000000000e+06 2.451323000000000000e+06 3.872925000000000000e+06 6.101918000000000000e+06 9.682700000000000000e+06 1.532073400000000000e+07 2.417697200000000000e+07 3.841187800000000000e+07 6.098923800000000000e+07 9.664133600000000000e+07 1.536465400000000000e+08 2.456111980000000000e+08 3.920631000000000000e+08
1.140220000000000000e+05 1.788260000000000000e+05 2.816810000000000000e+05 4.406870000000000000e+05 6.948340000000000000e+05 1.094409000000000000e+06 1.729121000000000000e+06 2.710572000000000000e+06 4.266793000000000000e+06 6.710108000000000000e+06 1.054342500000000000e+07 1.658101100000000000e+07 2.608798200000000000e+07 4.093161900000000000e+07 6.399998500000000000e+07 9.947457400000000000e+07 1.536860250000000000e+08 2.354221980000000000e+08 3.568668980000000000e+08 5.306502160000000000e+08
3.603000000000000000e+04 5.534100000000000000e+04 8.639400000000000000e+04 1.349240000000000000e+05 2.112690000000000000e+05 3.305490000000000000e+05 5.237490000000000000e+05 8.156210000000000000e+05 1.275447000000000000e+06 1.985868000000000000e+06 3.098057000000000000e+06 4.820572000000000000e+06 7.436875000000000000e+06 1.147248400000000000e+07 1.759285700000000000e+07 2.665646100000000000e+07 4.009211700000000000e+07 6.021425700000000000e+07 8.887795400000000000e+07 1.292913610000000000e+08
7.414900000000000000e+04 1.155340000000000000e+05 1.816680000000000000e+05 2.874000000000000000e+05 4.526900000000000000e+05 7.172130000000000000e+05 1.131371000000000000e+06 1.783742000000000000e+06 2.817734000000000000e+06 4.452862000000000000e+06 7.041163000000000000e+06 1.112597900000000000e+07 1.756992200000000000e+07 2.772338700000000000e+07 4.378737800000000000e+07 6.904048100000000000e+07 1.087869620000000000e+08 1.706830590000000000e+08 2.656253840000000000e+08 4.122051070000000000e+08
4.859700000000000000e+04 7.567000000000000000e+04 1.174720000000000000e+05 1.857060000000000000e+05 2.901670000000000000e+05 4.590780000000000000e+05 7.222830000000000000e+05 1.141100000000000000e+06 1.793281000000000000e+06 2.812007000000000000e+06 4.432770000000000000e+06 6.987818000000000000e+06 1.093652800000000000e+07 1.707669800000000000e+07 2.658940400000000000e+07 4.115519600000000000e+07 6.298641000000000000e+07 9.517643800000000000e+07 1.416107750000000000e+08 2.060182640000000000e+08
6.496500000000000000e+04 1.014190000000000000e+05 1.584210000000000000e+05 2.474410000000000000e+05 3.883960000000000000e+05 6.098460000000000000e+05 9.584530000000000000e+05 1.506809000000000000e+06 2.355892000000000000e+06 3.700923000000000000e+06 5.793272000000000000e+06 9.082130000000000000e+06 1.415678800000000000e+07 2.200693300000000000e+07 3.384122000000000000e+07 5.152991200000000000e+07 7.806686100000000000e+07 1.187558950000000000e+08 1.794238670000000000e+08 2.684521760000000000e+08
8.002600000000000000e+04 1.257790000000000000e+05 1.970980000000000000e+05 3.097590000000000000e+05 4.917000000000000000e+05 7.717360000000000000e+05 1.221748000000000000e+06 1.928278000000000000e+06 3.039577000000000000e+06 4.787516000000000000e+06 7.555579000000000000e+06 1.194830900000000000e+07 1.894059000000000000e+07 3.004712500000000000e+07 4.737377200000000000e+07 7.441243600000000000e+07 1.161212950000000000e+08 1.818314830000000000e+08 2.856196170000000000e+08 4.461704530000000000e+08
6.440200000000000000e+04 1.011430000000000000e+05 1.583320000000000000e+05 2.483200000000000000e+05 3.905740000000000000e+05 6.115610000000000000e+05 9.631650000000000000e+05 1.515148000000000000e+06 2.373307000000000000e+06 3.717043000000000000e+06 5.819958000000000000e+06 9.122979000000000000e+06 1.424055000000000000e+07 2.232920700000000000e+07 3.496115400000000000e+07 5.458288800000000000e+07 8.465999300000000000e+07 1.312481310000000000e+08 2.050250620000000000e+08 3.234948340000000000e+08
7.405200000000000000e+04 1.153120000000000000e+05 1.811600000000000000e+05 2.859560000000000000e+05 4.480120000000000000e+05 7.098730000000000000e+05 1.113577000000000000e+06 1.759253000000000000e+06 2.775339000000000000e+06 4.369242000000000000e+06 6.874601000000000000e+06 1.087275200000000000e+07 1.718236900000000000e+07 2.720278500000000000e+07 4.295537900000000000e+07 6.811974400000000000e+07 1.083380820000000000e+08 1.717915480000000000e+08 2.725773910000000000e+08 4.374402400000000000e+08
6.124300000000000000e+04 9.525600000000000000e+04 1.495110000000000000e+05 2.362020000000000000e+05 3.702760000000000000e+05 5.850800000000000000e+05 9.220220000000000000e+05 1.453719000000000000e+06 2.295530000000000000e+06 3.632542000000000000e+06 5.745592000000000000e+06 9.075459000000000000e+06 1.438529500000000000e+07 2.276058400000000000e+07 3.590404200000000000e+07 5.661702100000000000e+07 8.941103800000000000e+07 1.417597360000000000e+08 2.244626640000000000e+08 3.531437540000000000e+08
7.695800000000000000e+04 1.210690000000000000e+05 1.912670000000000000e+05 2.997920000000000000e+05 4.707730000000000000e+05 7.375440000000000000e+05 1.160676000000000000e+06 1.826455000000000000e+06 2.879945000000000000e+06 4.538666000000000000e+06 7.170156000000000000e+06 1.132732300000000000e+07 1.793919200000000000e+07 2.831910200000000000e+07 4.462309700000000000e+07 7.045835700000000000e+07 1.109037140000000000e+08 1.746428370000000000e+08 2.749884950000000000e+08 4.311308240000000000e+08
4.631400000000000000e+04 7.297600000000000000e+04 1.157040000000000000e+05 1.814300000000000000e+05 2.865990000000000000e+05 4.485800000000000000e+05 7.071140000000000000e+05 1.123660000000000000e+06 1.771944000000000000e+06 2.802654000000000000e+06 4.418157000000000000e+06 6.990263000000000000e+06 1.109559400000000000e+07 1.762270400000000000e+07 2.793553800000000000e+07 4.416225700000000000e+07 6.945433400000000000e+07 1.093821080000000000e+08 1.718565800000000000e+08 2.682341540000000000e+08
8.248600000000000000e+04 1.292860000000000000e+05 2.026260000000000000e+05 3.158720000000000000e+05 4.978230000000000000e+05 7.843150000000000000e+05 1.233294000000000000e+06 1.936887000000000000e+06 3.038986000000000000e+06 4.783680000000000000e+06 7.492365000000000000e+06 1.172812800000000000e+07 1.830103600000000000e+07 2.855041500000000000e+07 4.430872200000000000e+07 6.856520000000000000e+07 1.051797450000000000e+08 1.593462410000000000e+08 2.396946460000000000e+08 3.593935070000000000e+08
5.225300000000000000e+04 8.160200000000000000e+04 1.283910000000000000e+05 2.007950000000000000e+05 3.169100000000000000e+05 4.951640000000000000e+05 7.831870000000000000e+05 1.231754000000000000e+06 1.938224000000000000e+06 3.058918000000000000e+06 4.839073000000000000e+06 7.643921000000000000e+06 1.209323100000000000e+07 1.914044600000000000e+07 3.036722600000000000e+07 4.816284000000000000e+07 7.630774600000000000e+07 1.206877570000000000e+08 1.910555720000000000e+08 3.037311660000000000e+08
8.169300000000000000e+04 1.280470000000000000e+05 2.002070000000000000e+05 3.163480000000000000e+05 4.968510000000000000e+05 7.794150000000000000e+05 1.226273000000000000e+06 1.926111000000000000e+06 3.034431000000000000e+06 4.773182000000000000e+06 7.497507000000000000e+06 1.178089500000000000e+07 1.849972800000000000e+07 2.891141200000000000e+07 4.491237900000000000e+07 6.961961400000000000e+07 1.073218650000000000e+08 1.654810480000000000e+08 2.522789810000000000e+08 3.748431050000000000e+08
5.077800000000000000e+04 7.907200000000000000e+04 1.247300000000000000e+05 1.958000000000000000e+05 3.075390000000000000e+05 4.830440000000000000e+05 7.610920000000000000e+05 1.199519000000000000e+06 1.892067000000000000e+06 2.975445000000000000e+06 4.706706000000000000e+06 7.447771000000000000e+06 1.174137100000000000e+07 1.859532800000000000e+07 2.936788000000000000e+07 4.634063300000000000e+07 7.349156000000000000e+07 1.161064470000000000e+08 1.834804650000000000e+08 2.873388480000000000e+08
6.541500000000000000e+04 1.013250000000000000e+05 1.588700000000000000e+05 2.510320000000000000e+05 3.930990000000000000e+05 6.190380000000000000e+05 9.721740000000000000e+05 1.525085000000000000e+06 2.388914000000000000e+06 3.762737000000000000e+06 5.911388000000000000e+06 9.305193000000000000e+06 1.466912800000000000e+07 2.303029400000000000e+07 3.606453100000000000e+07 5.606342600000000000e+07 8.706601700000000000e+07 1.345632370000000000e+08 2.080170060000000000e+08 3.205447610000000000e+08
