# weights for all jackknife regions
4.276195693138549104e+06 6.702080982409596443e+06 1.047086689019603841e+07 1.640273291981200315e+07 2.587625362530918792e+07 4.068244715250734240e+07 6.406077640351109952e+07 1.009958418294336051e+08 1.588066037934628725e+08 2.495130660606508851e+08 3.920320811345314980e+08 6.175230776027647257e+08 9.688140944366332293e+08 1.516854295023692846e+09 2.375263416353706360e+09 3.704071446567189217e+09 5.734845951144363403e+09 8.790488357983385086e+09 1.326386589445565796e+10 1.969197159536855698e+10
3.081275656494400930e+06 4.828478935303138569e+06 7.509292764130987227e+06 1.174889833852570504e+07 1.843453631302857399e+07 2.914411742971985787e+07 4.614092253311400115e+07 7.246041117052243650e+07 1.142771161839257032e+08 1.804520315477892160e+08 2.840641697948580384e+08 4.451016338266530037e+08 6.988914389893084764e+08 1.093619097621526718e+09 1.706679440608408928e+09 2.644963950712270737e+09 4.093078757368544102e+09 6.316514370094917297e+09 9.648440631948890686e+09 1.473038445694697189e+10
2.462233128687348682e+06 3.783684654324197676e+06 5.935810426888167858e+06 9.301125602459752932e+06 1.454251668763629347e+07 2.284426075040179491e+07 3.589538772236669809e+07 5.617437895580407232e+07 8.783381931674699485e+07 1.371462485743891299e+08 2.141165188160725236e+08 3.319687930739800334e+08 5.143717810259816647e+08 7.981107510722874403e+08 1.224713852248519421e+09 1.869594101500270128e+09 2.844526136386295319e+09 4.222400851437350273e+09 6.065522770056624413e+09 8.571670212966122627e+09
2.787555210286269430e+06 4.351529612485561520e+06 6.889259047761725262e+06 1.084753003846611455e+07 1.705951742200610042e+07 2.688215499757675081e+07 4.210187022235044092e+07 6.604825173010458052e+07 1.037823614939307868e+08 1.636242804048084021e+08 2.585748841475935876e+08 4.083258179077781439e+08 6.435698458060002327e+08 1.018380075167984247e+09 1.607296091840582132e+09 2.528763655707504272e+09 3.976824269017455101e+09 6.213759053197171211e+09 9.690585850529451370e+09 1.500449683865667915e+10
3.655553890404243022e+06 5.737791609620140865e+06 9.094140509218925610e+06 1.422032942085819878e+07 2.233725750552788004e+07 3.504806899864608794e+07 5.493949935325751454e+07 8.654842043955881894e+07 1.357400584726708531e+08 2.129120371137748659e+08 3.344328788403084278e+08 5.247306559205236435e+08 8.199595171472098827e+08 1.276003967357591867e+09 1.973870898997175455e+09 3.012598404295707703e+09 4.563515901234133720e+09 6.831670187072747231e+09 1.008272987081422615e+10 1.450940086412833595e+10
2.356374294955389574e+06 3.706533469698430505e+06 5.805938404502149671e+06 9.082590731620429084e+06 1.426989480238022096e+07 2.244672908909293637e+07 3.540291850685528666e+07 5.576561165454895794e+07 8.771665286494240165e+07 1.374639541121522486e+08 2.162804235857935548e+08 3.403354120516347885e+08 5.349829490871870518e+08 8.419923429497081041e+08 1.311175282369648933e+09 2.038511400661275864e+09 3.202121184097581387e+09 5.004151209618529320e+09 7.789501693602628708e+09 1.202605445993874741e+10
3.225956822150992695e+06 5.101697076763522811e+06 7.996789999466152862e+06 1.253923530435956828e+07 1.968612419564570859e+07 3.089489765344733372e+07 4.858651213129308075e+07 7.612333295708164573e+07 1.193849106401195526e+08 1.874808236673372090e+08 2.936910199018053412e+08 4.578377992001874447e+08 7.155760053540900946e+08 1.118875628549464703e+09 1.745147206353119612e+09 2.707886597017931938e+09 4.162248521299500942e+09 6.354717907125107765e+09 9.670476397571166992e+09 1.458090670404377174e+10
3.243160980070520658e+06 5.053888695060207509e+06 7.862653853815349750e+06 1.236243558402469382e+07 1.952328942592003942e+07 3.067622265228820220e+07 4.856584017179542035e+07 7.648627477564585209e+07 1.201403444538463652e+08 1.899359131247176528e+08 3.002952186490207314e+08 4.732800263743987083e+08 7.484091412646406889e+08 1.179522202936000109e+09 1.844674417275190353e+09 2.874275411100679398e+09 4.487838937019461632e+09 6.994837033134664536e+09 1.090802878347692108e+10 1.700309597282921410e+10
2.246771297765965108e+06 3.524417461610317230e+06 5.488897930806722492e+06 8.600153827411044389e+06 1.358153317174839787e+07 2.137664120365260169e+07 3.368566317285292596e+07 5.306216501333601028e+07 8.330012869311287999e+07 1.316853690021308064e+08 2.077179141510332823e+08 3.261470311194466949e+08 5.140384249784536958e+08 8.114161635241857767e+08 1.286248965332045794e+09 2.044617001005744934e+09 3.253877502849996090e+09 5.182708325181844711e+09 8.255393903765228271e+09 1.316586373667298698e+10
2.208472883846919518e+06 3.441042012328078970e+06 5.385737863081684336e+06 8.422871227631863207e+06 1.332275460809776746e+07 2.092492604931015894e+07 3.308735543388641626e+07 5.213527388508874178e+07 8.226815272343014181e+07 1.296254024296359271e+08 2.056088894005690217e+08 3.237962618271692395e+08 5.124594707007859349e+08 8.138723997966887951e+08 1.300584826969791174e+09 2.083145950037076950e+09 3.343902965474502563e+09 5.418000212129638672e+09 8.773496926119155884e+09 1.415855118697204590e+10
2.493904979663571343e+06 3.880134082456594333e+06 6.091248514477592893e+06 9.632251404108401388e+06 1.512353675482489169e+07 2.375284151375852153e+07 3.757460628181187809e+07 5.939461563445885479e+07 9.391446030296517909e+07 1.491489996845999062e+08 2.359344200247149765e+08 3.743425540805867314e+08 5.924007669023816586e+08 9.391417436223305464e+08 1.484403918006652117e+09 2.331371943341973782e+09 3.667677696365728855e+09 5.760196823067041397e+09 9.008808250556240082e+09 1.404156269083788109e+10
3.517439110530135222e+06 5.493908465643757023e+06 8.695290757974440232e+06 1.355403685502833314e+07 2.142396686272666603e+07 3.382059717331229895e+07 5.347068705446311086e+07 8.468406251796776056e+07 1.333849675313341171e+08 2.106342307697182000e+08 3.326279986151936650e+08 5.246712288636008501e+08 8.321657177245807648e+08 1.324978182027405024e+09 2.103013153963231802e+09 3.323105876537993908e+09 5.269818315515494347e+09 8.382709375285156250e+09 1.329685759424168205e+10 2.114450550227099609e+10
4.041482499321106821e+06 6.300322460752034560e+06 9.878136471688952297e+06 1.564078289952828549e+07 2.471854865020923689e+07 3.901294425318474323e+07 6.132931954637382925e+07 9.655264771291412413e+07 1.519160979376919866e+08 2.402380109847957790e+08 3.801313540874202847e+08 6.006834359499045610e+08 9.505078388960467577e+08 1.501047604214518070e+09 2.373654849653580666e+09 3.760004644863328457e+09 5.937703822768171310e+09 9.385537730754487991e+09 1.478386510262004089e+10 2.325329034452108383e+10
2.650001441946248058e+06 4.156326101212553680e+06 6.563404918246506713e+06 1.023816793366624787e+07 1.610508380922637507e+07 2.537260208945044130e+07 3.998657518088362366e+07 6.257838920295966417e+07 9.810198614072114229e+07 1.545601817960906923e+08 2.436909480866115689e+08 3.827863510804690719e+08 6.048655652801616192e+08 9.599686366246562004e+08 1.524194300274045467e+09 2.422723841228693008e+09 3.866461652420857906e+09 6.156501092128513336e+09 9.799406816494554520e+09 1.548243395791198540e+10
2.496125973125842400e+06 3.954571150019359309e+06 6.185584016847763211e+06 9.618235359738258645e+06 1.514806491700601950e+07 2.366688811760046706e+07 3.725340675900560617e+07 5.840618597206748277e+07 9.111952746148702502e+07 1.424864874150787890e+08 2.221372456768803298e+08 3.446973020808709264e+08 5.327387409830631018e+08 8.248172116687657833e+08 1.276383649288551807e+09 1.958352961383624792e+09 2.996892519766602039e+09 4.532942893445878029e+09 6.655505601605585098e+09 9.788046848544139862e+09
3.401012537296862807e+06 5.361970394209539518e+06 8.445921730137707666e+06 1.321025290039438568e+07 2.082681467215887830e+07 3.281507759267175943e+07 5.187302323271738738e+07 8.179886277131006122e+07 1.292426289670373499e+08 2.048145308794517815e+08 3.242297178940002322e+08 5.135051274112117290e+08 8.103216528782936335e+08 1.277683849255154848e+09 2.016522295238941431e+09 3.178654490557012081e+09 5.004336502919376373e+09 7.885280152880858421e+09 1.236419658537305832e+10 1.937379179823289871e+10
2.318940451370755676e+06 3.617716840113453101e+06 5.713824297612219118e+06 9.033529215422367677e+06 1.416147652727792226e+07 2.234978708883921802e+07 3.542923305177992582e+07 5.617498499015204608e+07 8.862299316493366659e+07 1.397445795584806800e+08 2.209612326544429958e+08 3.498250124944366217e+08 5.535893009171538353e+08 8.792376237620240450e+08 1.394178489829347372e+09 2.219896439200353622e+09 3.538088448333936214e+09 5.635615412028285980e+09 8.923454857440671921e+09 1.418094292840446663e+10
2.948412705860676244e+06 4.619289932259562425e+06 7.239970120342101902e+06 1.138102878905409202e+07 1.784947590140392631e+07 2.808552888183947280e+07 4.431181514412461221e+07 6.995142637417881191e+07 1.099220642565772086e+08 1.735368497906094491e+08 2.743660671442841887e+08 4.343511597042563558e+08 6.882845016074439287e+08 1.090333398710868835e+09 1.722305071757100821e+09 2.716192733772936344e+09 4.292632375840630531e+09 6.770505117360671043e+09 1.066984787896974754e+10 1.670569511702929688e+10
2.849457193241429981e+06 4.479378098472949117e+06 7.000453373506102711e+06 1.091574115285378695e+07 1.719483481149920449e+07 2.713757188370501250e+07 4.263074769160377234e+07 6.683903666171384603e+07 1.046250709060800523e+08 1.638281268485143185e+08 2.552336966403006911e+08 3.972628701964053512e+08 6.157315552938824892e+08 9.502490145214678049e+08 1.449096059674021959e+09 2.163415077355823040e+09 3.158361053136016846e+09 4.469763684070831299e+09 5.980006901546299934e+09 7.449949726811849594e+09
2.866898838420079090e+06 4.518583550787146203e+06 7.089976457179876044e+06 1.110510288907265849e+07 1.745286484167286381e+07 2.736389646326899156e+07 4.305574212022137642e+07 6.762344321885213256e+07 1.061533095743378252e+08 1.676680267907341719e+08 2.652018217715359330e+08 4.193633351876521111e+08 6.602621429210925102e+08 1.036387197280990839e+09 1.634441834839442730e+09 2.573639376310284615e+09 4.092405849362814903e+09 6.539230462797469139e+09 1.044654482783941269e+10 1.666655571014553833e+10
3.785613071990975644e+06 5.938523740787792951e+06 9.283763172250635922e+06 1.466348793248850480e+07 2.316210005426348001e+07 3.657010883943300694e+07 5.769607682897723466e+07 9.099820206731104851e+07 1.438906120444506705e+08 2.270939900206816196e+08 3.586907371095457673e+08 5.660210884868546724e+08 8.953371077949066162e+08 1.414784014406315327e+09 2.235266440817729473e+09 3.522376560566392899e+09 5.554183857088186264e+09 8.711932731702484131e+09 1.367259803469443512e+10 2.156483475649143982e+10
3.526395311093383003e+06 5.463356772420332767e+06 8.542144605816945434e+06 1.337723613235826790e+07 2.077408592558097094e+07 3.233316785171928257e+07 5.058567123419293761e+07 7.936271265780270100e+07 1.236633119662212729e+08 1.924997479327870905e+08 2.985631383533275127e+08 4.634427364784589410e+08 7.141323085700291395e+08 1.097934315090328217e+09 1.679272721938076735e+09 2.556761775102225304e+09 3.870671798173348904e+09 5.731467654892005920e+09 8.315805295532426834e+09 1.201312623025257874e+10
3.132050774393417407e+06 4.886363669468834065e+06 7.649862601090928540e+06 1.200434239004788361e+07 1.879236358292652294e+07 2.956650113113855571e+07 4.646751520829229057e+07 7.280839627932040393e+07 1.144099791313096881e+08 1.792818780878738761e+08 2.818767633912199736e+08 4.427009579651504159e+08 6.966682165540937185e+08 1.096075183968470097e+09 1.723295424181216240e+09 2.725787098729256630e+09 4.350137792175571442e+09 6.999469192089315414e+09 1.133571661584364891e+10 1.835318272257089233e+10
2.696881881438162643e+06 4.215982153986439109e+06 6.634692792488469742e+06 1.050665009281801432e+07 1.655351054952124879e+07 2.614769214556726813e+07 4.118006206634036452e+07 6.498642306618232280e+07 1.025749304742203653e+08 1.624076918515784442e+08 2.571155850924883783e+08 4.074922529707580209e+08 6.452164600434529781e+08 1.024353533592596769e+09 1.627301475381569862e+09 2.579513281842251778e+09 4.075292899454502583e+09 6.416994848800338745e+09 1.010419068049243546e+10 1.598762583377063751e+10
3.201478110277595464e+06 5.030398960312176496e+06 7.872502362057474442e+06 1.235632510584586114e+07 1.941477792093380168e+07 3.048508144482038170e+07 4.792608926436878741e+07 7.537077847752706707e+07 1.187193172154067159e+08 1.868410147412158847e+08 2.946374238179706931e+08 4.630204811394392848e+08 7.299805275048941374e+08 1.153817657601240873e+09 1.835256019370579004e+09 2.920274304048766136e+09 4.644016561422560692e+09 7.341538152267867088e+09 1.159255688927717781e+10 1.833236836116200638e+10
1.620848114093147684e+06 2.509075614696556237e+06 3.935643485666646156e+06 6.118354009348358959e+06 9.530824433366114274e+06 1.498920217220712267e+07 2.356551364861135557e+07 3.684205355384835601e+07 5.797044558343946934e+07 9.029881436321520805e+07 1.404531163384941816e+08 2.185419502048000395e+08 3.383959415797250867e+08 5.223965887766160369e+08 8.045052690699751377e+08 1.229301747498315811e+09 1.880472611842701674e+09 2.823302468013418674e+09 4.105133348335919380e+09 5.839123824870164871e+09
3.285798156054506544e+06 5.183416737801115960e+06 8.111077683814667165e+06 1.272840608291072026e+07 2.003091382431397215e+07 3.153438812226671353e+07 4.973811366622680426e+07 7.841139373451869190e+07 1.232193689674095362e+08 1.948346539604262412e+08 3.081832056566534042e+08 4.871906555280496478e+08 7.682880548849991560e+08 1.208757661320513010e+09 1.892766429284243345e+09 2.953466087799295902e+09 4.617260607897023201e+09 7.178369748714874268e+09 1.106553888631713295e+10 1.701684150595523453e+10
1.606669764135860372e+06 2.531103428393487353e+06 3.970382346694050357e+06 6.192306259408926591e+06 9.761272251904141158e+06 1.531727884045925736e+07 2.409745711078546196e+07 3.788178880083017796e+07 5.978141261381361634e+07 9.415732158962498605e+07 1.481428911268725693e+08 2.332350863211674392e+08 3.684244594549635649e+08 5.792446492274296284e+08 9.071874390269868374e+08 1.407340176637898445e+09 2.186095142620423794e+09 3.366674931974458694e+09 5.211482013869882584e+09 8.025555973010777473e+09
1.834713565448309062e+06 2.863156820405060891e+06 4.471618831250757910e+06 7.085337412058487535e+06 1.108944149904496409e+07 1.724571193053303659e+07 2.726543276948419958e+07 4.281203800594910234e+07 6.756308674423363805e+07 1.062012613279417306e+08 1.668257184145015180e+08 2.617297989956968725e+08 4.102706112693665028e+08 6.431442012260624170e+08 1.009915058378707767e+09 1.587086388564634323e+09 2.499357207847993851e+09 3.936703837884004593e+09 6.191499975498830795e+09 9.909564188277954102e+09
2.758205372625375632e+06 4.351148944782167673e+06 6.792708142393187620e+06 1.058741166398943961e+07 1.669921198234631307e+07 2.635527876540120319e+07 4.172639220979861170e+07 6.554882310433065146e+07 1.034991738528859615e+08 1.630100984027488828e+08 2.562399564732916355e+08 4.038347201115824580e+08 6.374092933151013851e+08 1.006509084860967755e+09 1.580432737314765453e+09 2.475308552262335777e+09 3.892952616503262520e+09 6.161331741315043449e+09 9.879443298150352478e+09 1.570411484967640877e+10
1.325742967276446754e+06 2.027022027217758354e+06 3.201682804854626767e+06 4.956126452066158876e+06 7.783172967879593372e+06 1.213569854465643503e+07 1.912558519056256860e+07 2.993338276880736277e+07 4.686476401293127984e+07 7.392443065521775186e+07 1.155856931356209069e+08 1.816996404232599735e+08 2.854203141535457969e+08 4.493214302959161401e+08 7.089660877707262039e+08 1.113760349216410875e+09 1.748789471796339989e+09 2.792054575472605228e+09 4.463330241853198051e+09 6.980602526612127304e+09
2.944225466777988244e+06 4.622989127796810120e+06 7.222209087819272652e+06 1.147323922975172475e+07 1.796720235841412097e+07 2.822510356771995872e+07 4.452559209783783555e+07 6.997873078859278560e+07 1.102212309107857347e+08 1.738709248348442912e+08 2.725321784983180165e+08 4.278785445293431282e+08 6.727710517977383137e+08 1.055799673785691023e+09 1.651242613681810141e+09 2.573201806952092171e+09 4.011237945388424397e+09 6.214541959178179741e+09 9.599427881284950256e+09 1.471701396578897285e+10
2.727912615873218980e+06 4.260395326619188301e+06 6.667894734037658200e+06 1.036442535830833763e+07 1.622164801385375485e+07 2.539607131577790901e+07 3.995031937844349444e+07 6.194350739884653687e+07 9.732201742248308659e+07 1.517521976123305857e+08 2.362146024550462663e+08 3.665163304594356418e+08 5.613798329492194653e+08 8.556835475509920120e+08 1.273612022742983103e+09 1.858725088192767620e+09 2.634424694678944111e+09 3.594654116559930801e+09 4.595974356125401497e+09 5.160405950895022392e+09
3.883546035178975202e+06 6.016113086134542711e+06 9.473076844648297876e+06 1.485013847624822147e+07 2.323385148778687790e+07 3.647922529100983590e+07 5.726234063748707622e+07 8.992723856403154135e+07 1.408186392359385192e+08 2.206577101858631670e+08 3.442880676488192081e+08 5.367747413541245461e+08 8.325588478736523390e+08 1.290277631978529215e+09 2.000646571300045490e+09 3.081808129479748726e+09 4.735955744001335144e+09 7.215530273332533836e+09 1.083525040520136833e+10 1.613299992430483818e+10
3.528773041525094770e+06 5.510183157432913780e+06 8.623831284855764359e+06 1.366480971960665658e+07 2.144392563008482382e+07 3.373178742526455969e+07 5.311674073205424845e+07 8.345263624667334557e+07 1.317014136744824350e+08 2.073947556103074551e+08 3.263460796351788640e+08 5.133469943036556244e+08 8.105703152037956715e+08 1.281497055963143349e+09 2.025755490052272320e+09 3.212406020738519192e+09 5.093519182387142181e+09 8.062305263824522972e+09 1.273946623341110802e+10 2.014059883839120865e+10
2.348347144677784294e+06 3.669444359082252253e+06 5.809429895241120830e+06 9.184163482542069629e+06 1.446759110765825771e+07 2.269462913869503513e+07 3.579271956997714937e+07 5.622760358835004270e+07 8.844876889474233985e+07 1.396743338601447642e+08 2.206920569751727581e+08 3.497525040996584296e+08 5.537871825049109459e+08 8.755729127709088326e+08 1.387201005451489210e+09 2.200606573447555065e+09 3.464607649612266541e+09 5.477827999596499443e+09 8.607597456873950958e+09 1.335488395475030708e+10
2.338017165190952830e+06 3.651135459201924037e+06 5.744364669237648137e+06 9.084053162978470325e+06 1.413081436745307408e+07 2.226100680217271298e+07 3.502359928756844997e+07 5.508071631942093372e+07 8.656341869280041754e+07 1.363302107247042060e+08 2.138984747701762021e+08 3.353461804502740502e+08 5.241870631417372823e+08 8.183350110854226351e+08 1.271538384756656170e+09 1.964670480185282946e+09 3.004926192755117416e+09 4.569925429332864761e+09 6.911817059486090660e+09 1.034217881602704048e+10
2.019222381031548837e+06 3.174477653872189112e+06 4.961027956480334513e+06 7.808272819661559537e+06 1.230339546417047270e+07 1.946080277565550432e+07 3.073164095799787715e+07 4.845165620733426511e+07 7.636327698712153733e+07 1.208918042389128059e+08 1.919142409787882864e+08 3.033519747739088535e+08 4.801115061476810575e+08 7.620317405633064508e+08 1.208982753618233919e+09 1.920882864930819511e+09 3.049294112755055428e+09 4.800376684636984825e+09 7.545576920059482574e+09 1.193626447044054794e+10
4.009197621339770500e+06 6.286577337272243574e+06 9.794187134714879096e+06 1.545246419879285805e+07 2.425488435057765990e+07 3.832585470311623812e+07 6.049570529055468738e+07 9.537282096961236000e+07 1.505165077680225968e+08 2.382196323183934093e+08 3.767213872534253597e+08 5.952165441406444311e+08 9.402971511638244390e+08 1.488046754257758379e+09 2.348200100092430592e+09 3.718698618734880924e+09 5.867706745625306129e+09 9.286858297562559128e+09 1.470478797829666138e+10 2.318251754992893982e+10
1.759802598822000902e+06 2.758928097306837328e+06 4.347764510951085016e+06 6.835756218192667700e+06 1.076799964026788808e+07 1.689428960956713557e+07 2.671446799633271992e+07 4.211355077653842419e+07 6.619397293508248776e+07 1.039168189214486182e+08 1.633953204894718230e+08 2.588918616737612784e+08 4.098674451813541651e+08 6.478942282486395836e+08 1.026769063023986340e+09 1.632780676180153608e+09 2.624652010332732677e+09 4.241665941777667046e+09 6.848873380728167534e+09 1.113823175232804680e+10
3.332874114569281694e+06 5.210639261948078871e+06 8.194450886446403340e+06 1.287636653861708939e+07 2.020885414062130824e+07 3.192808558901774138e+07 5.015267930517178029e+07 7.895589986382958293e+07 1.242128528010631800e+08 1.961319622373239696e+08 3.101579897748283744e+08 4.905979511734972000e+08 7.755189443811572790e+08 1.226059028061704636e+09 1.942059886316623211e+09 3.067309841466137886e+09 4.863670198012462616e+09 7.744326046593688011e+09 1.250189512500510788e+10 2.011315210269478989e+10
3.407914927535030060e+06 5.333053957812155597e+06 8.409014260127659887e+06 1.327846257589426637e+07 2.086056847775655612e+07 3.290129667088801786e+07 5.185272636031676084e+07 8.130059741652831435e+07 1.279766062248889804e+08 2.023469039095030129e+08 3.191705601509579420e+08 5.056039984464537501e+08 8.037340854195600748e+08 1.275313535998992443e+09 2.030974347690953493e+09 3.225804423208559513e+09 5.126420200009190559e+09 8.169321886617963791e+09 1.292339934379746819e+10 2.048610862209509277e+10
2.949365364983907435e+06 4.585504423115497455e+06 7.228197659870389849e+06 1.140520540843546391e+07 1.792305714720682055e+07 2.847789626825851202e+07 4.480423358793364465e+07 7.073249483484390378e+07 1.114005325573976636e+08 1.752952475162124336e+08 2.773597299017378688e+08 4.376782119022184610e+08 6.891596473363599777e+08 1.091249487555734873e+09 1.727126355829169989e+09 2.719180697491271973e+09 4.273637447652113914e+09 6.729072360011445045e+09 1.066714463149655151e+10 1.687010020837128639e+10
2.465704035235278308e+06 3.877860001179037616e+06 6.120632526641260833e+06 9.552210244465515018e+06 1.506447576915836148e+07 2.368647437958070263e+07 3.737804646641249210e+07 5.902134856776839495e+07 9.269011427328978479e+07 1.458269830301156938e+08 2.295161794152954519e+08 3.611935421027799845e+08 5.676464749504804611e+08 8.864474737841362953e+08 1.385043767948107958e+09 2.173047587605423927e+09 3.396595109655779839e+09 5.245460068197007179e+09 8.027740583627268791e+09 1.222471698032402992e+10
2.298466986885375343e+06 3.629366826773674693e+06 5.689114380054655485e+06 8.999716092572035268e+06 1.415963195851667039e+07 2.221219637555544451e+07 3.491911098183450103e+07 5.519831315169892460e+07 8.661113969772371650e+07 1.363282033821888864e+08 2.154890290223814249e+08 3.401320258110340834e+08 5.353203594350022674e+08 8.461781051503678560e+08 1.342870492552403927e+09 2.132494042946958065e+09 3.378321672735128880e+09 5.337849090198640823e+09 8.432298483335700035e+09 1.321716724262107277e+10
3.441688788258521818e+06 5.349827144047011621e+06 8.427765438071016222e+06 1.321924473345127515e+07 2.075967795946557075e+07 3.279706513519439101e+07 5.177005511318831891e+07 8.154275516315694153e+07 1.283477174961982369e+08 2.023543477587058544e+08 3.202922215420295000e+08 5.067390082743700743e+08 8.022925232324804068e+08 1.275537218831800222e+09 2.031902751738282442e+09 3.240278432915593624e+09 5.156939383540359497e+09 8.230284603318693161e+09 1.316972523026772690e+10 2.106734491642286301e+10
3.485131945210647769e+06 5.512430826733410358e+06 8.684711974385738373e+06 1.359513818585822731e+07 2.146711961784704775e+07 3.384554007264254242e+07 5.352455315952717513e+07 8.437247173728820682e+07 1.333534883595802039e+08 2.108508704595732093e+08 3.333629659314498305e+08 5.286598915102194548e+08 8.370544180994653702e+08 1.327067629952448368e+09 2.106777066682310104e+09 3.345635975040743351e+09 5.297042561623481750e+09 8.369807198334434509e+09 1.321222839517349243e+10 2.098832017962732315e+10
3.563545554106975440e+06 5.585428854245817289e+06 8.798029836636606604e+06 1.378011417217090540e+07 2.169518543227492273e+07 3.425366523259945214e+07 5.404779732058699429e+07 8.511701283147752285e+07 1.343956000879016519e+08 2.112844936664385796e+08 3.315756790932798982e+08 5.204658172266968489e+08 8.171245994135384560e+08 1.278554939095411062e+09 2.000605045289244652e+09 3.111899849934768200e+09 4.836093591797723770e+09 7.502842863701476097e+09 1.145870055716298103e+10 1.726329849428422928e+10
2.082373969934846973e+06 3.294436633031502366e+06 5.146349473378450610e+06 8.056491024384620599e+06 1.262520279360733926e+07 1.977298227504746616e+07 3.113665034923968092e+07 4.915552641498421878e+07 7.757319565402412415e+07 1.224739220954466164e+08 1.931834821010236442e+08 3.052349814455685019e+08 4.826624110334655046e+08 7.623637800457005501e+08 1.204226527822510958e+09 1.909123316375505686e+09 3.037797070258830547e+09 4.877138459778376579e+09 7.832634723529301643e+09 1.265507724499541855e+10
2.385227900024303701e+06 3.737225254402888473e+06 5.943774069225643761e+06 9.366262471243515611e+06 1.476291868226549216e+07 2.334724812866885588e+07 3.690117645000638813e+07 5.814559266464043409e+07 9.169859195725105703e+07 1.455241861891516447e+08 2.310604304217675924e+08 3.657812856306255460e+08 5.767887458286005259e+08 9.150796871230769157e+08 1.452227070142051935e+09 2.302765680241243362e+09 3.632275997384202480e+09 5.726575137283163071e+09 9.060018446089914322e+09 1.433469488109703064e+10
2.837636955589446239e+06 4.427703505003956147e+06 6.992044231375759467e+06 1.100693412550963648e+07 1.740955185588539392e+07 2.734965225145598501e+07 4.310718362291344255e+07 6.833424290054477751e+07 1.079410800748098493e+08 1.697878791534844935e+08 2.670456461351383626e+08 4.218981079970767498e+08 6.670752215667731762e+08 1.051814237577124238e+09 1.658111658561039448e+09 2.616604652145470142e+09 4.118880253146371841e+09 6.462333889896651268e+09 1.008278046761312485e+10 1.577294159165384293e+10
2.489759332347363234e+06 3.899316843103997875e+06 6.192224783390120603e+06 9.753061383411090821e+06 1.535308046588534489e+07 2.413880186243342608e+07 3.816683419770633429e+07 6.013265729248585552e+07 9.520819817708829045e+07 1.501754569741929471e+08 2.371788502833059430e+08 3.731420695463675857e+08 5.872454503997888565e+08 9.231717409944423437e+08 1.451317106686504126e+09 2.277928161758621216e+09 3.570735089514800549e+09 5.568479483935939789e+09 8.606533459977214813e+09 1.345228193244186401e+10
3.320493298458592966e+06 5.208592602247940376e+06 8.213723231298511848e+06 1.287621714703280665e+07 2.040598731586664170e+07 3.210188167251811177e+07 5.096314846848887950e+07 8.066236738094475865e+07 1.275475204023533016e+08 2.015221389147434831e+08 3.186487360096382499e+08 5.045645085231195688e+08 7.982322634255453348e+08 1.268055156140721083e+09 2.013649786838088274e+09 3.202849294197260857e+09 5.088806838000426292e+09 8.076906688395882607e+09 1.273736532483580208e+10 2.009498677201557541e+10
3.243840288830366917e+06 5.068418002928774804e+06 8.003393328261684626e+06 1.254716379912795126e+07 1.987884684515450895e+07 3.142716946006857604e+07 4.951913437590101361e+07 7.801193087062163651e+07 1.229743026766954660e+08 1.942279511384128034e+08 3.073004444139669538e+08 4.868938478343397975e+08 7.720000197247430086e+08 1.226247646015635967e+09 1.938176506913414240e+09 3.061862155064557552e+09 4.846327499948613167e+09 7.677096305664364815e+09 1.218453057643030357e+10 1.933087227052108765e+10
3.143350673589996528e+06 4.914895641677455045e+06 7.764031359989230521e+06 1.214502247404248454e+07 1.921478176046745479e+07 3.015677007655236125e+07 4.753475112468342483e+07 7.477896573715321720e+07 1.180246154432910383e+08 1.861673449410012364e+08 2.938678018422876596e+08 4.643635197805511355e+08 7.326914458722470999e+08 1.158158054348073244e+09 1.836327189961653948e+09 2.918012265387845039e+09 4.650034997994773865e+09 7.378859893527276993e+09 1.172534699768658257e+10 1.873178118109726334e+10
3.040145491264900658e+06 4.749046626769455150e+06 7.475752609174904414e+06 1.171795785119928233e+07 1.837027293215147033e+07 2.902409348537737504e+07 4.575043374303179979e+07 7.188501403592577577e+07 1.131156383522873223e+08 1.780019532285563052e+08 2.809761900227006078e+08 4.430768724586321115e+08 6.966400667876743078e+08 1.092577255830852747e+09 1.706465033474253416e+09 2.653386539621695042e+09 4.094132754368459702e+09 6.269640826759224892e+09 9.542646740830837250e+09 1.432369976991970253e+10
2.857351510545604862e+06 4.470249040863641538e+06 6.962330954988299869e+06 1.091501909374688752e+07 1.723090713621857762e+07 2.714275923288636282e+07 4.284534954288583994e+07 6.738580255832087994e+07 1.055343516883737445e+08 1.659045896097179949e+08 2.600055657266972065e+08 4.064050905555074811e+08 6.315993875385247469e+08 9.806765625731996298e+08 1.516026235328586340e+09 2.340523955503854752e+09 3.604868301359381199e+09 5.518398558697069168e+09 8.426462801006568909e+09 1.276350996252210426e+10
2.977736160683055408e+06 4.666872734861842357e+06 7.298509667983867228e+06 1.134798792120507732e+07 1.780937390506146103e+07 2.789182523286168277e+07 4.372867728069515526e+07 6.818153939286927879e+07 1.059113124447214454e+08 1.651414458199249506e+08 2.560759469889867902e+08 3.961902768780171871e+08 6.131336848462651968e+08 9.478178834315069914e+08 1.459850236095308781e+09 2.236451952580721855e+09 3.387184798537800312e+09 5.094339046356658936e+09 7.572042185704981804e+09 1.122876569320491028e+10
2.364732378036286216e+06 3.696899235204104334e+06 5.800583815500346012e+06 9.077727513963732868e+06 1.432376801410124637e+07 2.248230407276411727e+07 3.555735006970562041e+07 5.589070881319173425e+07 8.809383842941962183e+07 1.390091047182556093e+08 2.196103649824446440e+08 3.477117208063874841e+08 5.492484372445093393e+08 8.670924962251156569e+08 1.375036269527191877e+09 2.184627384164034843e+09 3.460683724957932949e+09 5.493037180626586914e+09 8.773857512067790985e+09 1.391618742890328979e+10
2.026869225812728750e+06 3.219963686424206011e+06 5.063087565135948360e+06 8.005569696562515572e+06 1.263482533634242974e+07 1.988659073978556320e+07 3.135377504381961748e+07 4.949225887418732792e+07 7.827532831424295902e+07 1.239534560880147368e+08 1.970566387601294518e+08 3.119277405198116899e+08 4.942078084687733650e+08 7.803253869993256330e+08 1.232129888105922699e+09 1.938613583900235891e+09 3.051839934240063190e+09 4.814176909887464523e+09 7.596224810739395142e+09 1.195841956990208626e+10
3.202390369048055727e+06 5.015155896471020766e+06 7.900725623537065461e+06 1.235840361935851909e+07 1.939338522461950779e+07 3.051744733126398921e+07 4.810290602908329666e+07 7.521387612555100024e+07 1.177239292231225520e+08 1.850333919563017488e+08 2.904418836648041010e+08 4.555071716061312556e+08 7.103618791302129030e+08 1.108306480536206722e+09 1.726558707517966270e+09 2.682907726093892574e+09 4.145935614480676651e+09 6.346365021125578880e+09 9.630378380487194061e+09 1.441051588622859955e+10
2.593391521582761314e+06 4.064408673737643752e+06 6.381552858574054204e+06 1.007113120337104239e+07 1.579723440275648795e+07 2.497604865162065625e+07 3.924451088741707057e+07 6.174775015415238589e+07 9.679315427025237679e+07 1.516974059116452634e+08 2.375213757277818322e+08 3.716223207531063557e+08 5.827706216209436655e+08 9.152901014933654070e+08 1.444048653893040419e+09 2.263423746349546909e+09 3.525872091772397041e+09 5.439357652717947960e+09 8.304416731783696175e+09 1.247805962654712486e+10
2.636583214927668683e+06 4.075841154552949592e+06 6.420828773057060316e+06 1.013294094466866180e+07 1.586307050448976085e+07 2.487675008226747438e+07 3.940333369900872558e+07 6.180766821327640861e+07 9.717895343834635615e+07 1.537021045905328095e+08 2.422093024746117592e+08 3.808870917197829485e+08 5.991213094309130907e+08 9.381408781344593763e+08 1.465090495393826485e+09 2.266035358189081669e+09 3.473277266182436943e+09 5.289288109915157318e+09 7.939917244931726456e+09 1.172379058406610107e+10
2.393411566746476106e+06 3.757410574215202127e+06 5.876418678922967985e+06 9.193609796435238793e+06 1.460946894669564813e+07 2.309967295593355224e+07 3.646403087724119425e+07 5.729538764796717465e+07 9.013867828085610271e+07 1.421988387767167687e+08 2.242548436172891855e+08 3.553149688409433365e+08 5.624472838886666298e+08 8.912116619975652695e+08 1.415681661250601053e+09 2.250489712695369244e+09 3.601853249497794628e+09 5.786910276066925049e+09 9.323679018983495712e+09 1.496115509781797791e+10
2.553284506152554881e+06 3.982332769196396228e+06 6.327432647029009648e+06 9.912621715152222663e+06 1.554545810883442871e+07 2.438371823967896774e+07 3.843809353474295139e+07 6.015456619719179720e+07 9.438160089776621759e+07 1.481143577059707046e+08 2.324768167072704732e+08 3.640896138361955881e+08 5.706396140088996887e+08 8.932682293640547991e+08 1.384789953374111176e+09 2.125915784163382053e+09 3.255937952130175591e+09 4.980397150984756470e+09 7.523692529415953636e+09 1.119799965931039047e+10
2.123082303110560402e+06 3.358398570405480918e+06 5.287069047628626227e+06 8.265347359781767242e+06 1.299034654500325583e+07 2.059359618606012315e+07 3.266006570290650427e+07 5.178192231058841944e+07 8.130583437670686841e+07 1.290030280453393310e+08 2.034021283035035729e+08 3.224444522887390852e+08 5.095161689107279778e+08 8.065771617288575172e+08 1.274037752484949112e+09 2.016523271741407394e+09 3.196512466657612324e+09 5.075520982746024132e+09 8.050073178734791756e+09 1.272574900290633202e+10
2.856666892914571334e+06 4.519316706238438375e+06 7.129844657893719152e+06 1.122605605356133915e+07 1.765697564640659839e+07 2.790492019055884704e+07 4.422753459511879832e+07 6.970837607183712721e+07 1.096568714543103129e+08 1.729786106206761301e+08 2.726513548769615293e+08 4.293832612730428576e+08 6.811989016295500994e+08 1.082276175411040068e+09 1.718124242085032225e+09 2.734675280414309978e+09 4.343498707567304611e+09 6.876817017288940430e+09 1.087756777606295204e+10 1.712303710653944778e+10
2.257917866600513458e+06 3.569672083488151897e+06 5.575132948398439214e+06 8.758065484700113535e+06 1.382955797763410769e+07 2.186253321029738709e+07 3.461861840276146680e+07 5.460247698200169951e+07 8.616330823870863020e+07 1.362050440483367145e+08 2.151223580317162573e+08 3.398971422203148007e+08 5.374372220715904236e+08 8.499156356103903055e+08 1.348290423462545633e+09 2.144707859077892780e+09 3.414966667763582706e+09 5.404107402402797699e+09 8.567191053033720970e+09 1.369748924209100914e+10
3.311605215320962016e+06 5.144196974802907556e+06 8.090072565080312081e+06 1.266998710956449434e+07 1.975882798472398147e+07 3.086236703946099430e+07 4.820658936293537915e+07 7.506942342864312232e+07 1.175776892857443243e+08 1.832092827494862676e+08 2.867874612079852819e+08 4.497860811362450123e+08 7.029584765815826654e+08 1.098397177164822817e+09 1.718319999471290112e+09 2.686831302935767651e+09 4.176380723056807995e+09 6.451230035576427460e+09 9.895618101095575333e+09 1.508704752484704208e+10
2.810752455010869075e+06 4.439250017376047559e+06 6.964381611347029917e+06 1.094824536615538970e+07 1.726822264762331545e+07 2.727592090777821466e+07 4.302210093037235737e+07 6.781932337025795877e+07 1.071234264095492810e+08 1.691230121179642975e+08 2.665644177282602787e+08 4.200006796022603512e+08 6.662327301651377678e+08 1.054178271687377214e+09 1.663425521376417875e+09 2.618284846645167351e+09 4.123079837614882469e+09 6.521169541200878143e+09 1.030511801537002754e+10 1.622792395038814163e+10
3.706139061120149214e+06 5.751728512648822740e+06 9.029168079488968477e+06 1.422981297012335062e+07 2.255038337740528956e+07 3.542765489066722989e+07 5.571531235897703469e+07 8.784038316395485401e+07 1.387697446529428959e+08 2.193272462245111763e+08 3.465617368480181694e+08 5.496353839339320660e+08 8.656909975952700377e+08 1.364206912454075336e+09 2.143632357696648359e+09 3.369666279542796612e+09 5.280916821530858994e+09 8.203900552642393112e+09 1.275107965637831497e+10 1.984394215012038803e+10
3.089154965938184410e+06 4.806428456321951933e+06 7.515641770514684729e+06 1.194578169914708287e+07 1.876848201515200362e+07 2.951796743746771663e+07 4.667472148816493899e+07 7.340275888743345439e+07 1.156928197067750841e+08 1.826014497112243176e+08 2.891069394904636145e+08 4.566773343115898967e+08 7.221718313006504774e+08 1.146308589367913485e+09 1.826056194466036797e+09 2.909673196810607433e+09 4.613874512841515541e+09 7.338522190532377243e+09 1.174111879026096153e+10 1.859555482534772491e+10
3.745251076139616780e+06 5.864555796127930284e+06 9.216028750617466867e+06 1.443218820736483857e+07 2.274061236359209940e+07 3.588935975639069080e+07 5.682460544692679495e+07 8.935505668751649559e+07 1.409672999081345797e+08 2.220673712267598808e+08 3.486044388709837198e+08 5.477039608899044991e+08 8.582050217607839108e+08 1.338936646547831059e+09 2.082630854497878790e+09 3.230817574231025696e+09 4.989673516403665543e+09 7.645427288860593796e+09 1.151637630293546104e+10 1.697422456112876511e+10
2.211830312412142288e+06 3.438646823424902279e+06 5.420869065177776851e+06 8.519144327168334275e+06 1.348353920785073936e+07 2.116971766769722477e+07 3.340363691282996163e+07 5.263899271822492033e+07 8.319916348656046391e+07 1.313175520347328782e+08 2.070708878620316982e+08 3.285792663259221911e+08 5.216850867424466014e+08 8.260355413062006235e+08 1.313811569204571486e+09 2.092849031309772730e+09 3.346378779584208965e+09 5.344437527954899788e+09 8.544978223335132599e+09 1.375324186385191917e+10
2.036653915471429937e+06 3.214353179292090237e+06 5.048539252720343880e+06 7.989680119057822973e+06 1.255622746852126718e+07 1.983731053119646758e+07 3.140125786169282719e+07 4.951400219137486070e+07 7.847252234950867295e+07 1.243858992587204874e+08 1.968157070767936110e+08 3.118378874295169711e+08 4.937390604242271781e+08 7.891121966975598335e+08 1.256887454332861900e+09 1.995662114041861773e+09 3.170871518172706127e+09 5.047237724645514488e+09 8.022707408301525116e+09 1.281651157676248932e+10
3.176551556439827662e+06 4.964515235442119651e+06 7.804075543194216676e+06 1.234785063518111408e+07 1.944887321112365276e+07 3.066351117436367646e+07 4.796670419180789590e+07 7.537820164672243595e+07 1.178961379630325884e+08 1.860803659050772786e+08 2.949459121944673061e+08 4.675827098639647365e+08 7.403079269132733345e+08 1.176006018618438721e+09 1.862026159088256598e+09 2.939372914883558750e+09 4.654264148124592781e+09 7.370953433309799194e+09 1.169153043946475792e+10 1.835262077571736145e+10
4.059138099297201261e+06 6.359458524510328658e+06 9.909895603552484885e+06 1.554926987368323840e+07 2.444027752068683133e+07 3.841100817745118588e+07 6.002080307588266581e+07 9.406527182644610107e+07 1.478870443982763588e+08 2.313134919927087426e+08 3.627071486400091648e+08 5.689100281726135015e+08 8.903774168594679832e+08 1.392804804411419868e+09 2.184581533869722366e+09 3.416014546244243622e+09 5.326011922420431137e+09 8.238510478131090164e+09 1.262589400245451546e+10 1.942587738731220245e+10
3.315136079560314305e+06 5.167854320130828768e+06 8.113283165894347243e+06 1.275968735827420093e+07 2.002919126969714835e+07 3.154252860386800021e+07 4.970316931467790902e+07 7.786654665525493026e+07 1.224040637837512642e+08 1.926306000135295689e+08 3.029645923134304881e+08 4.761058359632126689e+08 7.500178673532482386e+08 1.181173344971025705e+09 1.853858585685538292e+09 2.896802841005867958e+09 4.515823431959661484e+09 6.990143199529270172e+09 1.078305080398257446e+10 1.652739937176140785e+10
2.725592424338772427e+06 4.256767127521805465e+06 6.707000272949207574e+06 1.050733460061122663e+07 1.662347686508264393e+07 2.605992250167327747e+07 4.118801674772873521e+07 6.507718197572114319e+07 1.029011603576297164e+08 1.629077524914007485e+08 2.574754104212786257e+08 4.085037167888365388e+08 6.462230087117552757e+08 1.023888147439895988e+09 1.620712532971029997e+09 2.557105390939597130e+09 4.047613717588561535e+09 6.381042591222383499e+09 1.008496753031977654e+10 1.599432842659220695e+10
2.658617846206162591e+06 4.166164483382901177e+06 6.534418514810631983e+06 1.028971856360615604e+07 1.613507229721071571e+07 2.533904561368535459e+07 3.976594124733012170e+07 6.220776466769372672e+07 9.770854593408420682e+07 1.524489908877069950e+08 2.372126613524315655e+08 3.695660169671251774e+08 5.739305992085510492e+08 8.900033826670298576e+08 1.378064571193573713e+09 2.124224099463525772e+09 3.278198606451160908e+09 5.004138293383712769e+09 7.557363297354669571e+09 1.123029080946313095e+10
3.222390966042021289e+06 5.033114569834009744e+06 7.766032356406627223e+06 1.222323186238493398e+07 1.917358474610518664e+07 3.013253068234128505e+07 4.764703508910039812e+07 7.510580776210072637e+07 1.175875376922579557e+08 1.848662272279931009e+08 2.902507588076249361e+08 4.550852034806570411e+08 7.142207427562863827e+08 1.115128421008489609e+09 1.733228344849644899e+09 2.684920892005761623e+09 4.152940841530956268e+09 6.340017124145535469e+09 9.514587773143156052e+09 1.402960706286105347e+10
3.482503155518577434e+06 5.450009267647561617e+06 8.564451148505551741e+06 1.347889199027928524e+07 2.106371938742833585e+07 3.308002378936808929e+07 5.224841216011705250e+07 8.205934861272177100e+07 1.288952755308312327e+08 2.025847795332608819e+08 3.178836179482302070e+08 4.984285050388536453e+08 7.787012982745447159e+08 1.218398360501395464e+09 1.897779588206973553e+09 2.935577898678767681e+09 4.530327005236650467e+09 6.932332048569511414e+09 1.056987451440237236e+10 1.596532089328138924e+10
3.717000734153841622e+06 5.820447690709352493e+06 9.166192438814699650e+06 1.440064433058079891e+07 2.265239752432751283e+07 3.556361277555456758e+07 5.572798561412648112e+07 8.770278444334685802e+07 1.375746569039513171e+08 2.163093599201661348e+08 3.388122346104010940e+08 5.309276086306664348e+08 8.352635897253011465e+08 1.318622688435675383e+09 2.093504180075623989e+09 3.312228703090579510e+09 5.223445381858177185e+09 8.261286027825433731e+09 1.317366916054351807e+10 2.109770404315675735e+10
1.936006524665614357e+06 3.006698047973518260e+06 4.725615060401852243e+06 7.439301861954003572e+06 1.170789227208064310e+07 1.852152990645047650e+07 2.916600685075498372e+07 4.583290483496290445e+07 7.256020334117309749e+07 1.147484114874960482e+08 1.818204792629228532e+08 2.863893761210155487e+08 4.525270188094094992e+08 7.144568127469903231e+08 1.135164390578088045e+09 1.803269127568794012e+09 2.876751698735822678e+09 4.558363256982082367e+09 7.131339530235608101e+09 1.091482808920970726e+10
2.498461345367120579e+06 3.905084769397566561e+06 6.134354235130753368e+06 9.638704880115117878e+06 1.513145594493374042e+07 2.361922403476277739e+07 3.718548476230578125e+07 5.816230045149292052e+07 9.131825155410204828e+07 1.442501552401588559e+08 2.268333899495941997e+08 3.573214931370113492e+08 5.628034506595314741e+08 8.867708016705102921e+08 1.397969798155091763e+09 2.197214214721746922e+09 3.464126364922302246e+09 5.414581567572753906e+09 8.483468027599858284e+09 1.343714754982390213e+10
4.245555991956030950e+06 6.687201937980308197e+06 1.043808582242615707e+07 1.635967825185937434e+07 2.567331199921407178e+07 4.033714580573724210e+07 6.351320500112214684e+07 9.944242350968560576e+07 1.557108258559079170e+08 2.453203727408026159e+08 3.860073149225454330e+08 6.051715700473743677e+08 9.459460334203560352e+08 1.481234868833986521e+09 2.309858769636198044e+09 3.595005910992141247e+09 5.580481003556311607e+09 8.616785591178152084e+09 1.316070329274190903e+10 1.977660607697880173e+10
3.072830852539909072e+06 4.786763300193638541e+06 7.488474117042461410e+06 1.180433192320658080e+07 1.856504711145440489e+07 2.931613999632497877e+07 4.611976788018187881e+07 7.261714307308813930e+07 1.141492901114702076e+08 1.801012085487350225e+08 2.838211463686454296e+08 4.470771535949800611e+08 7.038899009212851524e+08 1.117261713127766371e+09 1.781822520791431904e+09 2.839529455916791439e+09 4.532117464148827553e+09 7.194274105922303200e+09 1.154106974727650833e+10 1.853266731750108719e+10
3.695715209911040496e+06 5.839149059951025993e+06 9.226903233577454463e+06 1.451134691526474617e+07 2.281978372443946451e+07 3.578610616487728804e+07 5.643222452316894382e+07 8.882213648845949769e+07 1.397625878622297347e+08 2.201632177815054953e+08 3.467499266346246004e+08 5.455693116073285341e+08 8.588365461125773191e+08 1.361908170586604834e+09 2.165257301596107006e+09 3.444802847965503693e+09 5.486765393333350182e+09 8.723843474362304688e+09 1.388996590348448181e+10 2.211342993983251572e+10
9.891753330158583121e+05 1.518039484001908684e+06 2.339206380194821861e+06 3.658912140640035272e+06 5.755764670619590208e+06 9.065565391075057909e+06 1.407243165606832877e+07 2.186427880315300822e+07 3.417719773686326295e+07 5.287253532055269182e+07 8.158203857605749369e+07 1.263895511480389088e+08 1.937676658400663137e+08 2.981203515286885500e+08 4.479586009768794179e+08 6.585464563987207413e+08 9.732519028896956444e+08 1.455410578606763363e+09 2.161503432977939606e+09 3.251034476759319305e+09
3.519371158117646817e+06 5.480757133885459974e+06 8.665815796511532739e+06 1.365490511916231550e+07 2.134249003359501436e+07 3.360205713378784806e+07 5.281903389483425021e+07 8.331864358463151753e+07 1.313421691496158391e+08 2.076679713654138446e+08 3.262165774993644357e+08 5.147523610602287054e+08 8.185946639894249439e+08 1.304126591597007036e+09 2.074044512022845268e+09 3.286711468173482418e+09 5.189732158054464340e+09 8.144971210252430916e+09 1.271915252976960564e+10 1.975848826448655319e+10
2.817864708222535439e+06 4.464249122030345723e+06 7.016781894357802346e+06 1.101424041778447665e+07 1.735844183021213859e+07 2.737239092412355170e+07 4.316647256963456422e+07 6.782185221395426989e+07 1.071931043193727732e+08 1.690842823738685846e+08 2.662455647439291179e+08 4.184657418164140582e+08 6.587419693326598406e+08 1.037226894977324963e+09 1.629990985080922365e+09 2.571464390036862850e+09 4.050759768166233540e+09 6.354509792336609840e+09 1.000950791411006165e+10 1.574099584721336365e+10
2.825353964015622158e+06 4.458809290830333717e+06 7.010075959399095736e+06 1.102784984062482789e+07 1.736402541323666275e+07 2.726940830705193430e+07 4.299812222990062088e+07 6.786502912113517523e+07 1.070947057439144999e+08 1.694461521905555427e+08 2.674842165004647970e+08 4.219537024714845419e+08 6.655420003718742132e+08 1.053785841164612055e+09 1.672030299619227409e+09 2.648468081401161194e+09 4.184528482720951557e+09 6.595021039605617523e+09 1.033550717562375069e+10 1.619007189451805878e+10
2.270810371215973981e+06 3.571944411273991223e+06 5.585558887725011446e+06 8.817722735795889050e+06 1.381032743857330643e+07 2.171437631377943605e+07 3.431288683310478181e+07 5.425206571282202750e+07 8.563272291505573690e+07 1.350039244548435509e+08 2.141868758921283185e+08 3.395587948537013531e+08 5.379586530855164528e+08 8.534293293396611214e+08 1.356926384820632219e+09 2.165904502276917458e+09 3.450782866204527378e+09 5.497550792345178604e+09 8.747200362596517563e+09 1.387175694345052528e+10
2.417980763212225400e+06 3.773845404275414068e+06 5.936648464199247770e+06 9.334284409693501890e+06 1.471275488125158474e+07 2.317317995655050874e+07 3.662335901832397282e+07 5.738780201626020670e+07 9.048512748310953379e+07 1.433916877285601795e+08 2.263109830726180971e+08 3.580668989518696070e+08 5.637220646072758436e+08 8.844413779850232601e+08 1.388929929925275326e+09 2.181144355778156281e+09 3.430378370367166042e+09 5.376435516857741356e+09 8.408243397635206223e+09 1.315766189383668137e+10
2.757218934416987002e+06 4.234594839460287243e+06 6.659743760343145579e+06 1.043745608936744556e+07 1.630913404362607561e+07 2.552122568493139744e+07 4.017931576906532049e+07 6.264872055743837357e+07 9.752845837910228968e+07 1.513774850829331875e+08 2.337117390502790511e+08 3.600352439751812816e+08 5.502848300605473518e+08 8.331382600251983404e+08 1.249480883523664236e+09 1.873373541994320393e+09 2.733198931810626030e+09 3.870170531702221394e+09 5.133333807896420479e+09 6.148603547795402527e+09
2.339036147959833965e+06 3.660967293976547197e+06 5.713879838863355108e+06 8.971720328701265156e+06 1.414687618851698190e+07 2.217198984621098265e+07 3.482264585808864981e+07 5.454579443700485677e+07 8.552675622775779665e+07 1.335290324466166198e+08 2.100543643348672092e+08 3.323492787273975611e+08 5.238341160198457837e+08 8.263831154444617033e+08 1.296686986060332775e+09 2.033459127525968313e+09 3.192057928172903061e+09 5.021569900149840355e+09 7.969698970606147766e+09 1.270492979671288490e+10
4.108311956006055232e+06 6.382057142818836495e+06 1.005322133591089956e+07 1.577033833870868571e+07 2.483975675121939555e+07 3.914247590898124874e+07 6.150764186855444312e+07 9.676239038421232998e+07 1.524055679118656218e+08 2.405911418642441034e+08 3.808073917887495756e+08 6.027641566309324503e+08 9.543600805214222670e+08 1.504291602603291988e+09 2.369123618811048508e+09 3.744258628987770081e+09 5.897398409029995918e+09 9.286100094327970505e+09 1.467805858947657394e+10 2.328533485616273499e+10
4.082557906387405470e+06 6.384855976992049254e+06 9.968061306015444919e+06 1.561250980424492620e+07 2.453372538689828664e+07 3.855548928208228946e+07 6.083045338277826458e+07 9.580244410078354180e+07 1.511209887636935711e+08 2.376801549754243493e+08 3.727664452506091595e+08 5.842319795337924957e+08 9.175863088180277348e+08 1.439541442048700333e+09 2.260076237969924927e+09 3.538236146311208725e+09 5.505699105067891121e+09 8.508508538990036964e+09 1.313237755212350464e+10 2.012023420662332535e+10
2.163714264155079145e+06 3.340855727970376611e+06 5.168771546230390668e+06 8.068985587548542768e+06 1.246539455954849720e+07 1.953914832079505920e+07 3.076204590543365479e+07 4.766516717765107751e+07 7.395614530318661034e+07 1.149941404516392350e+08 1.768187954115307331e+08 2.718527526934321523e+08 4.136774193525478244e+08 6.287820376260924339e+08 9.471349810650997162e+08 1.401286819524365425e+09 2.012105007307362556e+09 2.820459064844796181e+09 3.705274808485582829e+09 4.597881350038579941e+09
3.224637947425587103e+06 5.065213729806710966e+06 8.011530762331819162e+06 1.255237393358144537e+07 1.971996062695241347e+07 3.107058636583283916e+07 4.902717385427536070e+07 7.720205287437795103e+07 1.215224391267251372e+08 1.924628970279442966e+08 3.035274107092881203e+08 4.803362752417282462e+08 7.575986089630764723e+08 1.204419362029079676e+09 1.911734166831716537e+09 3.021094445760330677e+09 4.737370732476864815e+09 7.440711720154565811e+09 1.172522805110642242e+10 1.845522715994625092e+10
3.161347746344530955e+06 4.978256919258667156e+06 7.757072348934011534e+06 1.218146018669288978e+07 1.911483770121344551e+07 3.004125282930364832e+07 4.755872905792360753e+07 7.474655504370310903e+07 1.171669710940732360e+08 1.840032726232621074e+08 2.892104966176247001e+08 4.550729467777813077e+08 7.124981386855298281e+08 1.111943073449773788e+09 1.719574981152819633e+09 2.641391183656920433e+09 4.024626289148416519e+09 6.094065574049449921e+09 9.103365330389984131e+09 1.329881072346081161e+10
2.695584474131004419e+06 4.219077573416429572e+06 6.628745418032118119e+06 1.039786382632766105e+07 1.641872543948910572e+07 2.591003260564186051e+07 4.095602098599623144e+07 6.466279809950960428e+07 1.014552304885025471e+08 1.602567611374873221e+08 2.530721552157235444e+08 3.977549969033594131e+08 6.245549103194918633e+08 9.832802294973523617e+08 1.551543456170942307e+09 2.442593768318036556e+09 3.853483089827340603e+09 6.074231357962847710e+09 9.488630618346317291e+09 1.506921511269491005e+10
4.500350984084531665e+06 7.059708845226295292e+06 1.114451109042815305e+07 1.766081163779559731e+07 2.772934134402293712e+07 4.352016666710602492e+07 6.866973984541301429e+07 1.085914892819785029e+08 1.717667012972136140e+08 2.717144994054493904e+08 4.292364683546230793e+08 6.780548075363944769e+08 1.071661116964218020e+09 1.696558493135177612e+09 2.672400287115921021e+09 4.217807053190152168e+09 6.641805751000086784e+09 1.044939559179291725e+10 1.640867820077560043e+10 2.540000048883147430e+10
2.323089491358540952e+06 3.660182774327474646e+06 5.747469299625287764e+06 8.981581934533735737e+06 1.403471512009065039e+07 2.196027881688396633e+07 3.461554925654000789e+07 5.426716293106218427e+07 8.518247524176318944e+07 1.337969375572277009e+08 2.094688632272485495e+08 3.293490526182298660e+08 5.177053487776765823e+08 8.095924931583977938e+08 1.272064592063852549e+09 1.988885732227354288e+09 3.070428060772333622e+09 4.699286451325398445e+09 7.086630485835583687e+09 1.039109318487431335e+10
2.282092558660191018e+06 3.568240621467155870e+06 5.571532199317576364e+06 8.757277310735346749e+06 1.387259396093658730e+07 2.183380950301112980e+07 3.434810846553413570e+07 5.427135637590812147e+07 8.569101899752742052e+07 1.345410703066394627e+08 2.109562594451649487e+08 3.318358821383398175e+08 5.221839258724650741e+08 8.197549046369287968e+08 1.277787162064548492e+09 1.996081850749569893e+09 3.109520563296995163e+09 4.839425118668756485e+09 7.572628629095874786e+09 1.194320041121133804e+10
3.015578996864599641e+06 4.682812946281119250e+06 7.309831830268770456e+06 1.152889045899875090e+07 1.808036311690930650e+07 2.826994269487560168e+07 4.423406281429553032e+07 6.956022439650022984e+07 1.088671105625352412e+08 1.706707873609158099e+08 2.671436271650711596e+08 4.193260866722387671e+08 6.570205481888564825e+08 1.027257311013323188e+09 1.598002850624375820e+09 2.476235874172585487e+09 3.814919871892066956e+09 5.891492494759213448e+09 9.050343771709905624e+09 1.364547620942673492e+10
2.913584772464986891e+06 4.569951027430032380e+06 7.144386441849218681e+06 1.121945506042264402e+07 1.765530780910040066e+07 2.772123000357230380e+07 4.366064985044081509e+07 6.872730172194032371e+07 1.080068433537654877e+08 1.696135449209802747e+08 2.668421175629734099e+08 4.200756245516832471e+08 6.586962564819301367e+08 1.032799652713276863e+09 1.616152801088351250e+09 2.545166360060345173e+09 4.038974818076266289e+09 6.385075740167183876e+09 1.002521829608753967e+10 1.576333076340184021e+10
2.650204242898650467e+06 4.124338615310356487e+06 6.531073053427000530e+06 1.015942498082028516e+07 1.608800962867689878e+07 2.535249189124888554e+07 3.995733169854546338e+07 6.309720971318329126e+07 9.912983323704147339e+07 1.558319183040550649e+08 2.440531981299578547e+08 3.798681731152442694e+08 5.899208573483054638e+08 9.181373164070361853e+08 1.420525302385228634e+09 2.185695724481589794e+09 3.337639224477619648e+09 5.023364902868711472e+09 7.467449486879455566e+09 1.101477320274719238e+10
2.159281290528600570e+06 3.378053947891089600e+06 5.307892315627535805e+06 8.289116377399505116e+06 1.296401191799032129e+07 2.044504165425126627e+07 3.222023212342641130e+07 5.039059255841454118e+07 7.870567058229240775e+07 1.228373360474245399e+08 1.917269318170910478e+08 2.979086890382325053e+08 4.616840610685490966e+08 7.102626991844470501e+08 1.083741703076800585e+09 1.637226622460011959e+09 2.468514560968224049e+09 3.717935189053726196e+09 5.640626933221703529e+09 8.639386654711158752e+09
2.377256059293425642e+06 3.754301065551675856e+06 5.844023108810910024e+06 9.258091708523252979e+06 1.444548848791843280e+07 2.278881340586651117e+07 3.595945888932699710e+07 5.637933935580991954e+07 8.857422298838806152e+07 1.400691985895368159e+08 2.202069595046359599e+08 3.459545638755549788e+08 5.462495623074597120e+08 8.598606126740469933e+08 1.358817859098112345e+09 2.134060842167515993e+09 3.365137689154189587e+09 5.305040908098020554e+09 8.296352404766520500e+09 1.272118851368574142e+10
4.443822160513360985e+06 6.958171115234355442e+06 1.089024188641777076e+07 1.709037351330983266e+07 2.685645878365214914e+07 4.222294038870488852e+07 6.695188254325207323e+07 1.053845578066650033e+08 1.666301133687309623e+08 2.637557617916084230e+08 4.166540524080311060e+08 6.579079380588055849e+08 1.035693578196992517e+09 1.635093814152436495e+09 2.562106710738414288e+09 4.007490595437089443e+09 6.307705854751178741e+09 9.917311451940879822e+09 1.557818169555502129e+10 2.449156824562903214e+10
3.202298772115524393e+06 4.994310545737838373e+06 7.789072720044693910e+06 1.228439267071506567e+07 1.926553229484813288e+07 3.035843034103486687e+07 4.782043119119136781e+07 7.544499631664435565e+07 1.185714262974728942e+08 1.872517990020250380e+08 2.962461013428555131e+08 4.679874647911012769e+08 7.357593728422020674e+08 1.160760901723497868e+09 1.827667439867555857e+09 2.880235944434753895e+09 4.540907881630935669e+09 7.109185507047320366e+09 1.112553241701161194e+10 1.717604373084165764e+10
3.664653499879996292e+06 5.753040171717546880e+06 8.956787876806041226e+06 1.417298823332707211e+07 2.219833538914225623e+07 3.507230160201267153e+07 5.535952454662611336e+07 8.705992898591554165e+07 1.370460618529932797e+08 2.162195999134285748e+08 3.418413920268628597e+08 5.405351339261382818e+08 8.527808507560262680e+08 1.347954846207897186e+09 2.140081538888274193e+09 3.389231652942768574e+09 5.389594880145004272e+09 8.547298983970312119e+09 1.348689620530342865e+10 2.132424506752413177e+10
2.397848961569848936e+06 3.793229454713510815e+06 5.944425778215983883e+06 9.351679092726945877e+06 1.466488061232879572e+07 2.312489403155549243e+07 3.638572079628648609e+07 5.750244421415538341e+07 9.082002090189604461e+07 1.427968164944214821e+08 2.242554663394094706e+08 3.529994112817100286e+08 5.576110424596772194e+08 8.868960971854165792e+08 1.417093625340803385e+09 2.261347818555014610e+09 3.630111654498606682e+09 5.816101278491063118e+09 9.347676798773681641e+09 1.507141185109984779e+10
2.029364472810472362e+06 3.167050848170068581e+06 4.944953493538131937e+06 7.772652981390443631e+06 1.216735934116975777e+07 1.906401614963212982e+07 2.996400406212332100e+07 4.716701068701440096e+07 7.423798402387289703e+07 1.170333476939572543e+08 1.842384730579099357e+08 2.915205162984600067e+08 4.583900340691899657e+08 7.259057907895066738e+08 1.149678202006621361e+09 1.830578822325071812e+09 2.911541100612056255e+09 4.601864137508713722e+09 7.369006006783527374e+09 1.175838865224369621e+10
2.206118017825995106e+06 3.450184524134365842e+06 5.433926931017547846e+06 8.536023276335792616e+06 1.353068194635777362e+07 2.133567781404465809e+07 3.384256404602915049e+07 5.337801483755026013e+07 8.438978219553960860e+07 1.338355746053607166e+08 2.124172078066894114e+08 3.368896735906953216e+08 5.327210188443674445e+08 8.436468668910734653e+08 1.340580357109094381e+09 2.130304264295134306e+09 3.404893024934901714e+09 5.441591472322591782e+09 8.724030673376184464e+09 1.400947975446834564e+10
1.089353173253912013e+06 1.702101431453121128e+06 2.681280555801392067e+06 4.209123515212918632e+06 6.618798251802681014e+06 1.044236811921938136e+07 1.616362307152644545e+07 2.537655740264554322e+07 4.014981301366887987e+07 6.271999336086298525e+07 9.751698567060740292e+07 1.516271597204411328e+08 2.350108085690356195e+08 3.605024384568329453e+08 5.537496897392361164e+08 8.455058292726821899e+08 1.272858882489349127e+09 1.906721023719036102e+09 2.781027295890838146e+09 3.996399941960960865e+09
2.259895511357750278e+06 3.534795908590431791e+06 5.575379691062069498e+06 8.702494087097167969e+06 1.367743734599894099e+07 2.157361386200945824e+07 3.393876420539769530e+07 5.325900847712481022e+07 8.389824614200544357e+07 1.317539199145420790e+08 2.073632265091638863e+08 3.252179758345296383e+08 5.112807583860405087e+08 8.060347060909605026e+08 1.275440552005890369e+09 2.018033722374710083e+09 3.191350348476680279e+09 5.064670775471422195e+09 8.030158234489797592e+09 1.268098779727451324e+10
1.677995293178719003e+06 2.624932936010899488e+06 4.156425811107910238e+06 6.523799868356832303e+06 1.019213082449140772e+07 1.606648937684562802e+07 2.523560121899119392e+07 3.958064198106534779e+07 6.194854535934852809e+07 9.687040738996110857e+07 1.507270519508315921e+08 2.337824412495718002e+08 3.615059711640335321e+08 5.535628997646037340e+08 8.388068950408416986e+08 1.261544557804859877e+09 1.858837689353807211e+09 2.721825302691989422e+09 4.032457424476966858e+09 6.386680885783299446e+09
4.340788211191708222e+06 6.835888259215229191e+06 1.062719067505498789e+07 1.681032329282271862e+07 2.639060787964332104e+07 4.159894124094899744e+07 6.571209878658289462e+07 1.036863419218365997e+08 1.638563258434513509e+08 2.575733066832162142e+08 4.062675618078354001e+08 6.416465787140704393e+08 1.012571468511729598e+09 1.599746562904325008e+09 2.527386723304684162e+09 3.991816823042036057e+09 6.329400287967465401e+09 9.996967086876892090e+09 1.580569795730917549e+10 2.493722179412140274e+10
2.176045108752575703e+06 3.477679649063311517e+06 5.459531421309064142e+06 8.574101113503666595e+06 1.346623135691257939e+07 2.112967488562366366e+07 3.346759293811858445e+07 5.298993118243993819e+07 8.359953232451650500e+07 1.320234352776946425e+08 2.086521467948357463e+08 3.302300396795784831e+08 5.238751239362707734e+08 8.288642141958400011e+08 1.311509517893687487e+09 2.073174723965474844e+09 3.273819044091838360e+09 5.146954670777563095e+09 8.140146451583895683e+09 1.284609729059144592e+10
2.783996016632955521e+06 4.386516793550980277e+06 6.894537891009825282e+06 1.079351455072056316e+07 1.696011535916887969e+07 2.663198232535563409e+07 4.178315784241300076e+07 6.566239955859458447e+07 1.034594477972199917e+08 1.630258932034166157e+08 2.578836628812860847e+08 4.070850356915628314e+08 6.385679391834459305e+08 1.006838759312208176e+09 1.583405716878315687e+09 2.484228879199433804e+09 3.902705093887287617e+09 6.110292903780550957e+09 9.554109638972187042e+09 1.501279632882727051e+10
2.235046214659157209e+06 3.500631759465452284e+06 5.491800139536135830e+06 8.646267091708879918e+06 1.353983498163641617e+07 2.142582837118939683e+07 3.375831971312300116e+07 5.292180598779888451e+07 8.309957509883835912e+07 1.310091576306613684e+08 2.063523386976329982e+08 3.233639717133618593e+08 5.074507433551433086e+08 7.900447384349225760e+08 1.223522378314298868e+09 1.892951099826294184e+09 2.891995797459336281e+09 4.380186559603945732e+09 6.544475995325950623e+09 9.516863830273511887e+09
3.288089175275889225e+06 5.173177319652614184e+06 8.066620052411974408e+06 1.272044650300515443e+07 1.993371807488673180e+07 3.150782133695550263e+07 4.941458240685105324e+07 7.773296527775152028e+07 1.218306936016355157e+08 1.913164035033752024e+08 3.007744499533300996e+08 4.729271435545966029e+08 7.447166843558782339e+08 1.172919337227544308e+09 1.831529458312636137e+09 2.862367631370963573e+09 4.440519320580519676e+09 6.877938610986056328e+09 1.060670755109663010e+10 1.627458267335056686e+10
4.193443219432051759e+06 6.564083496889510192e+06 1.028855610392357409e+07 1.631121462820906378e+07 2.584799291878775880e+07 4.087044535231804848e+07 6.461202530332928896e+07 1.018529097977578938e+08 1.608322736000712216e+08 2.539858184848780632e+08 4.021440484077762961e+08 6.347761420759971142e+08 1.004239232623316288e+09 1.588197376730216980e+09 2.517559638629780769e+09 3.983413574473978996e+09 6.307191180825895309e+09 1.001078483411047363e+10 1.590246262948862839e+10 2.519250672205005646e+10
1.835352181902185315e+06 2.851254577067253646e+06 4.516575634557431564e+06 7.106837080564933829e+06 1.108367267900336534e+07 1.750862201782182232e+07 2.760422338424898684e+07 4.353383117683715373e+07 6.863539692539751530e+07 1.079419390555301160e+08 1.693744333335378766e+08 2.656298601246016622e+08 4.164899829055468440e+08 6.501827758515501022e+08 1.016278677655026078e+09 1.589104402085653543e+09 2.481574974260143280e+09 3.898416857703295231e+09 6.160556284605469704e+09 9.647479201561969757e+09
2.106908099016821943e+06 3.290533131228872109e+06 5.163348666169553064e+06 8.067911622603039257e+06 1.262411936553815566e+07 1.986961377544697002e+07 3.125632220144203305e+07 4.899094959820233285e+07 7.704056590854507685e+07 1.214102370573911816e+08 1.913945369588302076e+08 3.006374505874925256e+08 4.721765032103235126e+08 7.388622835200470686e+08 1.146133692185519934e+09 1.763234643176311970e+09 2.700309993309727669e+09 4.112973570182002068e+09 6.237486201896458626e+09 9.458612047235260010e+09
2.389390565468281507e+06 3.740214656195458956e+06 5.834225352281996049e+06 9.196184664686923847e+06 1.460114838469608128e+07 2.300190506211109459e+07 3.625442991090493649e+07 5.711080986541073769e+07 8.986398528156824410e+07 1.421519205413260460e+08 2.250204992974838912e+08 3.562598287331466675e+08 5.641245849685988426e+08 8.927181637287155390e+08 1.415913173992872477e+09 2.249005531338285923e+09 3.572358190013785362e+09 5.686649814265471458e+09 9.010487894059467316e+09 1.414729111438204956e+10
3.038674891232631635e+06 4.792075714646331035e+06 7.508445253748936579e+06 1.189460543369505741e+07 1.872755265385554731e+07 2.966170034340353683e+07 4.665330371913452446e+07 7.375877207964430749e+07 1.158931817243362367e+08 1.834385937831760943e+08 2.901608639063668847e+08 4.586641254751157165e+08 7.232063349269241095e+08 1.144861500023108721e+09 1.808528789217575073e+09 2.861512936265323639e+09 4.567949852569792747e+09 7.305399224597358704e+09 1.170440728643353271e+10 1.856765887392275620e+10
2.742445218365126289e+06 4.265635344210919924e+06 6.661390516931831837e+06 1.046798564709560573e+07 1.656154516293017939e+07 2.613419731895226985e+07 4.102939164503414929e+07 6.422389333104752004e+07 1.008450076136444211e+08 1.578087775005988777e+08 2.465466080731540024e+08 3.842324002021575570e+08 5.955778084088081121e+08 9.235420993361593485e+08 1.418233486093991756e+09 2.162202132506067753e+09 3.268881387536455631e+09 4.882847388351399422e+09 7.131853323932376862e+09 1.003909018456717682e+10
2.777539808689991478e+06 4.356577826887811534e+06 6.815062945769187994e+06 1.074088474321774207e+07 1.684912594093072414e+07 2.647618661507287249e+07 4.177656301137793809e+07 6.545926350091189891e+07 1.029687602504132837e+08 1.627635464093671739e+08 2.561635013822320104e+08 4.038903469514493346e+08 6.328566050702221394e+08 9.935350804440597296e+08 1.550042537447442770e+09 2.404850330978908539e+09 3.693646455399927139e+09 5.634304826204947472e+09 8.554781649205852509e+09 1.285883152705311966e+10
2.639331307463431265e+06 4.137157746552181430e+06 6.462853909098492935e+06 1.023289482190888561e+07 1.609820486646230146e+07 2.535964322101747245e+07 4.013412282033880800e+07 6.335909361342570186e+07 9.953775285758592188e+07 1.575266044354990721e+08 2.484194476102827191e+08 3.930507744945053458e+08 6.218152872099590302e+08 9.808064739863153696e+08 1.556674824543875217e+09 2.470479921949425220e+09 3.908927856658585548e+09 6.197122137824179649e+09 9.837020723208648682e+09 1.558237279627202415e+10
1.147782250121379271e+06 1.789841058480112581e+06 2.777575309326272923e+06 4.387046296744977124e+06 6.889047836235291325e+06 1.089490564673140459e+07 1.714660196005338058e+07 2.702929131755530462e+07 4.272846183334910870e+07 6.735921974059963226e+07 1.057823476629728079e+08 1.672824982858270407e+08 2.641761028761449456e+08 4.190418418023056984e+08 6.668859106139922142e+08 1.063392614931837201e+09 1.710720328539664745e+09 2.779801025732148647e+09 4.487285165802935600e+09 7.256751145028841972e+09
2.545034050051388796e+06 3.985199748605553061e+06 6.239184180112416856e+06 9.844493349718082696e+06 1.539137390883210488e+07 2.436909360021895543e+07 3.862529962647909671e+07 6.104170383765919507e+07 9.657938403164878488e+07 1.524581799767440856e+08 2.403055861236120462e+08 3.814336911434022784e+08 6.033454065017787218e+08 9.523552441213431358e+08 1.514323270385874510e+09 2.406090054163778305e+09 3.816176264777074814e+09 6.069906687123303413e+09 9.713282679246086121e+09 1.552346663564250946e+10
4.391061623623095453e+06 6.893523441936131567e+06 1.083919922974501923e+07 1.694838462775669992e+07 2.675478001403791830e+07 4.210031281861416250e+07 6.654629142535377294e+07 1.043776755043118298e+08 1.642702893361337185e+08 2.584589910954694748e+08 4.061849817017119527e+08 6.392255914719415903e+08 1.006074315472452402e+09 1.579010562871419668e+09 2.471739703965107918e+09 3.846417342992243767e+09 5.947961069962426186e+09 9.115532241866353989e+09 1.381110529690139961e+10 2.052357159376871109e+10
1.435346096918783616e+06 2.205298937300427817e+06 3.447137537334068678e+06 5.371175518351738341e+06 8.407906646472079679e+06 1.316489225269820355e+07 2.088174172816869244e+07 3.251172129844625294e+07 5.080076320560206473e+07 7.928883718640507758e+07 1.237362140627189428e+08 1.926397143639594913e+08 2.974008258286522627e+08 4.589801901946459413e+08 7.041443856446976662e+08 1.067540773745030761e+09 1.605829817515772820e+09 2.410139910401854038e+09 3.554216332370891571e+09 5.168036192559709549e+09
3.057888112678037956e+06 4.757157304602353834e+06 7.479579550853339024e+06 1.184019389490907826e+07 1.866838166514716670e+07 2.956264920009444654e+07 4.665295539699900895e+07 7.355893947119364142e+07 1.162170351763527840e+08 1.835676965222620666e+08 2.902059285641804934e+08 4.582281839918998480e+08 7.233547824127112627e+08 1.140593045480977297e+09 1.800480594384134531e+09 2.835604557853698254e+09 4.461963460917039871e+09 6.987175017581636429e+09 1.084996623081381607e+10 1.681172858364799118e+10
1.977785365048070438e+06 3.074395025918276515e+06 4.783215878578189760e+06 7.552034990147486329e+06 1.178201074260058254e+07 1.864468366189800203e+07 2.934006252514507622e+07 4.640582619828829169e+07 7.292734510470233858e+07 1.144170042717368305e+08 1.803202437237707973e+08 2.844037058829680085e+08 4.452093849737540483e+08 6.957834291066709757e+08 1.083450171787480593e+09 1.676226541428652287e+09 2.566024002873737335e+09 3.877827470342926979e+09 5.770680176195035934e+09 8.388686829750911713e+09
2.868277106867362745e+06 4.471849531370073557e+06 6.987273262924491428e+06 1.093428082764063589e+07 1.712482945683604106e+07 2.690320485456055030e+07 4.227391728649928421e+07 6.655959272525099665e+07 1.040869015284684151e+08 1.635427676832031012e+08 2.561224671139469743e+08 4.018766971458169222e+08 6.264242434211528301e+08 9.740331412524292469e+08 1.498009500932352781e+09 2.281356657205258846e+09 3.455318736870853424e+09 5.252742422087014198e+09 7.928591311689555168e+09 1.185237106415681267e+10
3.261786039779537357e+06 5.127224302882888354e+06 8.016263718913930468e+06 1.261389708319387399e+07 2.004250018342301250e+07 3.146473315476785228e+07 4.982442201743884385e+07 7.868560622001466155e+07 1.239709747141029239e+08 1.953958749223931432e+08 3.083561148943822384e+08 4.878885721639931202e+08 7.734272517079712152e+08 1.227315214779195786e+09 1.935456625828244209e+09 3.041646106196610928e+09 4.746490087736905098e+09 7.433981656799605370e+09 1.167822083397784805e+10 1.824413969618328476e+10
2.611551068642774131e+06 4.091886533716728911e+06 6.421811260624034330e+06 1.005207518697062135e+07 1.582005342782353237e+07 2.479257988402013853e+07 3.905065506129833311e+07 6.147170365819697827e+07 9.623080516692249477e+07 1.506833606468932331e+08 2.359722549353104234e+08 3.698155313751595616e+08 5.770216851903531551e+08 9.044913306613303423e+08 1.417179381537865639e+09 2.213102965713431835e+09 3.430116687663542747e+09 5.312717197666326523e+09 8.295003840072996140e+09 1.308402340907853317e+10
3.079745344989805017e+06 4.785820304450352676e+06 7.507775704259072430e+06 1.187297575121034496e+07 1.860977002443390712e+07 2.949342098220325261e+07 4.625651955366502702e+07 7.306471950160448253e+07 1.151963957107736170e+08 1.815102885645038784e+08 2.856754022559651136e+08 4.518648371602213383e+08 7.141378892239350080e+08 1.130648002934751511e+09 1.785851885269864798e+09 2.833163890507096767e+09 4.508054473340411186e+09 7.154827550881599426e+09 1.136601766720332336e+10 1.825583437352688217e+10
2.542113182985771913e+06 3.965580775500956457e+06 6.226035349948301911e+06 9.826324233908168972e+06 1.540502084765474685e+07 2.435508721387554705e+07 3.837576835010588914e+07 6.049455515493404865e+07 9.543739292019712925e+07 1.509432054632675350e+08 2.388924185482118130e+08 3.774776426304129362e+08 5.987132436313607693e+08 9.472843854323083162e+08 1.494348179331148863e+09 2.356974265281484604e+09 3.723603173721127987e+09 5.910621696132712364e+09 9.365951132181682587e+09 1.474191271172048569e+10
3.037747153825235087e+06 4.777706071736345068e+06 7.555231365029808134e+06 1.183442498240689375e+07 1.857075919435041025e+07 2.909297604603714123e+07 4.581265193578527123e+07 7.208641802175085247e+07 1.138026448880236298e+08 1.794659405195081830e+08 2.837809416638582349e+08 4.484289882747962475e+08 7.108717761737408638e+08 1.123163483274132013e+09 1.771398837403609037e+09 2.800315699917142391e+09 4.409243061431907654e+09 6.943390934899915695e+09 1.094419658438838196e+10 1.716509694938034439e+10
1.844087384109057253e+06 2.905145536523446906e+06 4.606160088577649556e+06 7.220776709359187633e+06 1.143935627988650650e+07 1.785073728166764602e+07 2.816961078955902904e+07 4.478572213792078942e+07 7.057149808829094470e+07 1.117019289317201078e+08 1.761023493709411919e+08 2.786785968194755316e+08 4.423703327887147069e+08 7.031774993342031240e+08 1.114885020971683025e+09 1.763318777418848515e+09 2.773962899167707443e+09 4.366361192654735565e+09 6.859367072462186813e+09 1.070146290159421921e+10
3.111264224178820383e+06 4.879940822725628503e+06 7.637833111518600024e+06 1.190821519317519106e+07 1.875088117470501736e+07 2.956401677977284417e+07 4.651285348626514524e+07 7.305096882706120610e+07 1.145733235114122778e+08 1.803404062920180559e+08 2.823070702470649481e+08 4.418209345480831265e+08 6.889600951305809021e+08 1.074408466479498863e+09 1.666509207202585459e+09 2.578623072892313480e+09 3.954638062402698517e+09 5.990810847560970306e+09 9.014040114862842560e+09 1.352625608431161118e+10
2.203102351482855156e+06 3.428935283886315767e+06 5.391849343147189356e+06 8.444628786299392581e+06 1.330769432911781780e+07 2.077516861729656160e+07 3.288283361043469608e+07 5.177155259863780439e+07 8.142307292814591527e+07 1.284293808431516886e+08 2.032596526215344667e+08 3.213551244567369223e+08 5.086439347192919850e+08 8.047859700110733509e+08 1.276595642217647076e+09 2.025005924558151722e+09 3.210288171852531433e+09 5.078460637609808922e+09 8.042665093426504135e+09 1.278870639012047195e+10
3.277553312960176263e+06 5.135864568561699241e+06 8.030994424046427943e+06 1.269509306654561311e+07 1.992077437257284671e+07 3.126415356708022580e+07 4.924411286419273168e+07 7.733260783203984797e+07 1.218285890350373983e+08 1.917705598375973701e+08 3.011648315457762480e+08 4.733465280003606677e+08 7.432912972259837389e+08 1.161065547672620296e+09 1.802611841759125233e+09 2.792132691230030537e+09 4.298514951491495132e+09 6.617962973218656540e+09 1.008157012843010330e+10 1.499326146415116119e+10
2.214704145355438348e+06 3.441081362846609205e+06 5.402685764698231593e+06 8.481537526712451130e+06 1.332794411779236048e+07 2.096248136095328629e+07 3.299599214270023257e+07 5.202330198736596853e+07 8.206677437853646278e+07 1.291079242043002099e+08 2.041944105110024512e+08 3.231993748080541492e+08 5.097181130751176476e+08 8.070413242219310999e+08 1.274233419120752096e+09 2.010279335928043604e+09 3.187070977519227028e+09 5.031437192551450729e+09 7.945501218471753120e+09 1.244138143641516304e+10
2.525847799044799991e+06 3.909259543959668372e+06 6.138037812635775656e+06 9.690451223932052031e+06 1.518048104165036231e+07 2.385140628093544021e+07 3.752768053098971397e+07 5.893406403843125701e+07 9.227469951853725314e+07 1.453313834709270000e+08 2.283037604568839669e+08 3.591604707802532911e+08 5.661760614583863020e+08 8.890676484925032854e+08 1.391542347941384077e+09 2.162099487338893890e+09 3.357309689962672234e+09 5.187159235329485893e+09 8.016962838765244484e+09 1.236319114108001328e+10
