# th, gx, err_gx
2.805046135754908576e+00 1.453689149489626440e-04 1.103488428073788402e-04
3.531343861556885511e+00 -8.136148617436148679e-06 9.489680043302893401e-05
4.445698525097307119e+00 -7.731741355059796000e-05 7.850096254848413894e-05
5.596802846420849242e+00 2.253016325427084279e-06 5.937401436345774076e-05
7.045957328161136068e+00 2.878774366342603321e-05 4.668956147726535010e-05
8.870334730839386950e+00 4.055919083400191680e-05 3.325170613020642834e-05
1.116708980377407912e+01 -2.060575528868825466e-05 3.049964587272695134e-05
1.405853312975872704e+01 3.185721500942499478e-05 2.336077932266058339e-05
1.769864460960344488e+01 -9.661009466917873435e-06 2.105128320956777541e-05
2.228127345334364406e+01 -1.970469983510565796e-05 1.681194468408715696e-05
2.805046135754909287e+01 -1.045411176365464635e-05 1.380384710310017791e-05
3.531343861556886310e+01 1.017568637599353922e-05 1.125296435411556976e-05
4.445698525097307652e+01 -3.140202782547928833e-06 1.020080876203343074e-05
5.596802846420851552e+01 6.384612280216737420e-06 8.377433538765293358e-06
7.045957328161136957e+01 7.211700047986002873e-06 7.604897333635559510e-06
8.870334730839388726e+01 3.101309005562350903e-06 7.059496002240245252e-06
1.116708980377408125e+02 3.413071766174659732e-06 5.401448320368839244e-06
1.405853312975872882e+02 -1.921945245792687192e-06 4.978706934786318718e-06
1.769864460960346548e+02 -4.431382739726372048e-07 4.373933013759925736e-06
2.228127345334363838e+02 1.917871471007600688e-06 3.712811347022681876e-06
