# gt (sum of gt from all patches except for one, different each time)
3.787395503435056921e-04 4.307702240546619466e-04 4.297447850650533007e-04 3.849865156127747290e-04 3.242789868318386314e-04 2.666892851236865093e-04 2.262081721887562410e-04 1.942203454871087504e-04 1.692945772113645163e-04 1.449389569945847879e-04 1.268715787853503206e-04 1.103916829144937475e-04 9.781183834195506281e-05 8.797583870993651376e-05 7.812114277531006796e-05 6.718831136151382302e-05 5.614972717731642974e-05 4.536512504009773211e-05 3.408802063300098021e-05 2.707924137662025938e-05
3.784093274802579872e-04 4.308920931159992800e-04 4.293981866279223693e-04 3.848881069988301031e-04 3.240797237404656819e-04 2.664643481882972070e-04 2.259750736752561126e-04 1.943845733798467499e-04 1.692999008315204960e-04 1.448823281437405461e-04 1.266161531919197838e-04 1.102213239076389923e-04 9.766757732246564316e-05 8.748597189819962204e-05 7.753134525919266862e-05 6.686793420817577899e-05 5.641872653879972471e-05 4.588079080289005106e-05 3.428242356367366543e-05 2.703260159070448938e-05
3.789595762612186494e-04 4.311788401711293345e-04 4.299447905035382544e-04 3.851941300635912976e-04 3.244252084283517652e-04 2.671474398057287506e-04 2.264170998384480802e-04 1.944669830971709084e-04 1.694671040458312181e-04 1.452927135934266626e-04 1.272022586869505018e-04 1.106246055468164830e-04 9.792023530920122604e-05 8.798467768048237180e-05 7.799054247282217306e-05 6.716753129358275288e-05 5.627960826695794849e-05 4.540507712008277718e-05 3.409599775905884357e-05 2.676644213172898505e-05
3.791340916362560842e-04 4.306637043264286346e-04 4.293964699145277203e-04 3.854298261687239945e-04 3.245426989132298460e-04 2.670629667495847217e-04 2.263699822760020742e-04 1.945463216594060373e-04 1.694837767438821079e-04 1.451893137501639197e-04 1.270204938540098649e-04 1.105964671789278907e-04 9.765287585682251332e-05 8.761111128395210400e-05 7.747713800487824015e-05 6.675448483414752514e-05 5.624488476335895719e-05 4.556377139822258553e-05 3.406447417767909379e-05 2.674076218635700544e-05
3.782275846192259365e-04 4.302187589345920441e-04 4.295329332152769664e-04 3.850175068601257872e-04 3.242986705986927233e-04 2.669267280901410871e-04 2.266728653427361345e-04 1.947566664182480629e-04 1.695894696260187562e-04 1.452807427908075317e-04 1.270982078346139345e-04 1.107015764641744465e-04 9.796020396148957452e-05 8.817004780023595550e-05 7.801356621191109740e-05 6.739507407085676253e-05 5.653250530702310565e-05 4.577662160428035414e-05 3.446959745010454433e-05 2.715493584322681715e-05
3.781509754378904026e-04 4.302590760044551184e-04 4.294224369062432764e-04 3.847304065093785246e-04 3.237542779075993217e-04 2.669074697162382740e-04 2.267644881861655235e-04 1.945537749653471898e-04 1.694949740755579933e-04 1.453108735794839004e-04 1.270926306231112484e-04 1.109187026829486092e-04 9.807986307350339281e-05 8.832521036341114441e-05 7.824947595717635660e-05 6.727936724637988998e-05 5.646428023564683537e-05 4.559033281887814510e-05 3.413449278531368285e-05 2.701626157694097521e-05
3.788155262910759976e-04 4.308524650865167851e-04 4.295676834229775003e-04 3.852582169984667521e-04 3.243445377291332581e-04 2.669324106034935869e-04 2.266380008487813122e-04 1.948666448821056432e-04 1.696268624819575218e-04 1.452739567641099310e-04 1.271239175574695479e-04 1.108105883114691119e-04 9.796642558848868919e-05 8.776764951628973968e-05 7.767826012129917215e-05 6.687804559064603740e-05 5.610586370174596631e-05 4.517815632497174593e-05 3.380902386557634563e-05 2.647321610679145387e-05
3.787939328571868864e-04 4.301704472161470998e-04 4.290647712171276459e-04 3.846195135720078357e-04 3.239217735940559109e-04 2.667089101523747400e-04 2.261404298523556143e-04 1.940911300576654520e-04 1.692577088192364558e-04 1.449664335937567725e-04 1.269316914548634944e-04 1.104415595145141424e-04 9.771297879140945666e-05 8.763729721017457703e-05 7.760088762206135773e-05 6.695845060146058184e-05 5.620906452305787310e-05 4.573147130713636402e-05 3.439792526812806921e-05 2.722408877330665365e-05
3.793726506117697534e-04 4.310362161503755772e-04 4.296104532071655640e-04 3.852883570784605650e-04 3.245224938337218476e-04 2.671503862377979451e-04 2.266603143601550420e-04 1.943581244977825512e-04 1.692752043061067900e-04 1.449379613403052787e-04 1.268639026888687845e-04 1.105930984527666943e-04 9.793830280510028568e-05 8.810853459867120296e-05 7.809286084880755880e-05 6.718979982217203112e-05 5.630674907923950007e-05 4.512881940900341716e-05 3.364524068779667945e-05 2.641909802736538520e-05
3.786396314374514301e-04 4.308960131610118879e-04 4.295069222868348659e-04 3.851060458016446176e-04 3.241234711891772483e-04 2.666258211990305861e-04 2.262358767442796661e-04 1.945150899501300304e-04 1.695770316151006397e-04 1.452080541030658007e-04 1.272501178645708624e-04 1.109551232952209947e-04 9.798680768392640681e-05 8.786201644050743666e-05 7.795014376872809393e-05 6.708901889477243241e-05 5.628031470918767496e-05 4.565908069065126128e-05 3.443411952524255714e-05 2.695341153264307085e-05
3.790208123213812622e-04 4.304877368788192073e-04 4.292820240472528101e-04 3.850305146339115135e-04 3.241617451821078620e-04 2.666265802973909822e-04 2.261421690882989494e-04 1.941336238861506198e-04 1.692288574639222670e-04 1.452892916069410656e-04 1.272199880631743316e-04 1.106096066432554840e-04 9.767091633177137121e-05 8.799888193808024439e-05 7.779421552147625649e-05 6.679428818115955681e-05 5.578827391678644449e-05 4.505427939617039692e-05 3.406908464917569852e-05 2.713682801803182106e-05
3.788079914660195209e-04 4.297177716830928389e-04 4.285823792068533069e-04 3.842738998097484926e-04 3.235421675713686328e-04 2.666069110154222952e-04 2.262217765362299865e-04 1.941390751941418939e-04 1.691218469232055259e-04 1.448425095698676994e-04 1.270156056162693081e-04 1.107576475353998224e-04 9.817118848954338309e-05 8.805794242734857693e-05 7.798387989583386258e-05 6.713274974914030179e-05 5.633994719279955337e-05 4.537209597407219398e-05 3.383033979459695964e-05 2.654733323343359583e-05
3.789466869727299634e-04 4.304914247648186101e-04 4.297737985640781924e-04 3.852224958073156196e-04 3.243495786036808986e-04 2.670751466819633693e-04 2.265926740353932432e-04 1.945521843331856954e-04 1.694801237663784226e-04 1.452481956872218546e-04 1.270350943886602239e-04 1.107162382013482285e-04 9.806434101789611999e-05 8.788420927547745500e-05 7.783841914840064870e-05 6.707458945423103321e-05 5.616663447019628816e-05 4.543008462864815504e-05 3.388740294103585293e-05 2.644514938264620489e-05
3.790457477654471104e-04 4.301807744115119722e-04 4.290786321599608807e-04 3.849269263339278116e-04 3.243386777495438486e-04 2.670091990374097272e-04 2.265873482988693102e-04 1.944790751670350101e-04 1.693730206957614086e-04 1.450622080401670988e-04 1.268013062716648841e-04 1.104248869876673544e-04 9.772770341931774250e-05 8.771945547465567739e-05 7.768040587507930199e-05 6.713840799989862981e-05 5.629513742355355706e-05 4.555955049800152867e-05 3.419118395804043582e-05 2.697952979915559316e-05
3.789617986482832820e-04 4.305641230704430303e-04 4.290756860311424918e-04 3.846790251276376222e-04 3.237484170852822775e-04 2.667591949159738083e-04 2.263770743722206668e-04 1.945812261713598923e-04 1.696188195815814901e-04 1.452075318410900827e-04 1.271106551436189825e-04 1.103024173368326424e-04 9.773019635059873155e-05 8.804061149537499695e-05 7.800487785002561589e-05 6.712168529212486894e-05 5.611323482501262127e-05 4.496071863689028069e-05 3.363917824897904771e-05 2.659985218189122956e-05
3.788254291796109641e-04 4.303229696730466827e-04 4.294569348918890451e-04 3.849976197918581226e-04 3.240466278108011561e-04 2.667018860593205806e-04 2.264379503389804299e-04 1.946753235882289952e-04 1.697428483530483080e-04 1.453346412090510804e-04 1.271162332049952256e-04 1.108544332185401626e-04 9.799978780836186224e-05 8.804677953916747362e-05 7.788781013287936824e-05 6.700584694823447248e-05 5.611884416944432221e-05 4.557016496636749679e-05 3.447829059454249269e-05 2.717088690974356281e-05
3.785339354522424850e-04 4.302575443225448528e-04 4.294374207193998720e-04 3.850128836916435213e-04 3.240718659319276654e-04 2.667597267537926017e-04 2.262274473111055694e-04 1.941716680437121268e-04 1.691596374485299396e-04 1.445947689790486827e-04 1.266405882164996720e-04 1.101657890658212005e-04 9.715554424295555339e-05 8.681143857820007624e-05 7.687362744361108606e-05 6.605202512069770118e-05 5.537768690436711507e-05 4.491735109360812218e-05 3.373469472051206724e-05 2.627544204136416018e-05
3.789138100079320211e-04 4.310019565317038085e-04 4.294743111145163123e-04 3.847871827347697942e-04 3.242892455623601171e-04 2.670070508927425892e-04 2.266139228392917394e-04 1.945699932929441660e-04 1.695866615335997354e-04 1.451724854820874995e-04 1.270682121873213265e-04 1.104238263176274916e-04 9.762438862314546338e-05 8.769305726074391879e-05 7.759262761914923628e-05 6.686864490569511437e-05 5.617180957785579816e-05 4.540350664445205118e-05 3.396483716431075625e-05 2.677392550778213994e-05
3.791876209745960848e-04 4.310910951904334807e-04 4.294701199158570764e-04 3.851056682073881370e-04 3.243322357498424832e-04 2.669722948846916209e-04 2.264004071356435588e-04 1.943407193959089860e-04 1.692783661417321145e-04 1.450560643481285119e-04 1.269460614698130591e-04 1.106016690764031752e-04 9.773629617697530698e-05 8.768178748546543008e-05 7.770932966544465267e-05 6.682769307329850233e-05 5.618406326457742428e-05 4.540808417121036244e-05 3.427727028887732309e-05 2.693432473747955536e-05
3.786028281186558072e-04 4.303590379506075586e-04 4.293894486127121011e-04 3.851470306289867776e-04 3.243544646603148418e-04 2.670492699449316396e-04 2.264550381636307836e-04 1.942925295765311354e-04 1.692224888814524244e-04 1.452446777961568136e-04 1.268305249584414124e-04 1.101421268058608050e-04 9.726305371665206455e-05 8.734806607447984940e-05 7.721146735248524682e-05 6.672869920162920090e-05 5.617660378624619194e-05 4.567899359253815275e-05 3.423165427624663665e-05 2.677402647064663628e-05
3.785611484222405044e-04 4.304720311203698389e-04 4.291922559147178635e-04 3.843906452321823241e-04 3.239484642155554908e-04 2.667073661291245019e-04 2.264541652418872956e-04 1.944549334440859886e-04 1.692533392839811596e-04 1.451140297782253839e-04 1.268503208747386924e-04 1.101792356934356242e-04 9.753848350880833578e-05 8.736475432771721836e-05 7.750248260698638784e-05 6.679629527792452291e-05 5.605889511523374949e-05 4.509297945020598642e-05 3.388603769961984105e-05 2.689640744903423698e-05
3.791611977849227008e-04 4.303260760758092530e-04 4.294049127917564431e-04 3.846221941410195495e-04 3.238641437867514276e-04 2.666994200202403380e-04 2.263005063579474592e-04 1.945029678085682468e-04 1.695445685569020133e-04 1.453351618422508539e-04 1.271923455256478185e-04 1.110938120170471103e-04 9.823146033012272271e-05 8.802402313264758125e-05 7.796024915572699393e-05 6.691793196645940550e-05 5.601761394571581540e-05 4.506286072298919617e-05 3.403599051743763155e-05 2.684057903796398047e-05
3.787744022353520300e-04 4.307289247672511250e-04 4.296090129352749887e-04 3.853706601155517438e-04 3.243846608481830234e-04 2.668714632107989956e-04 2.262832705204698505e-04 1.941670671157808687e-04 1.691845207392828152e-04 1.449494082733047962e-04 1.266609785985137301e-04 1.103527994028929922e-04 9.754715722972139577e-05 8.753449432454469593e-05 7.768481647722928827e-05 6.678793791148110166e-05 5.589385415101153881e-05 4.504602107986363253e-05 3.372086884737463030e-05 2.673035213866810543e-05
3.782129019813849848e-04 4.303254119387955857e-04 4.291464758148871524e-04 3.847689516669462154e-04 3.239541689092845581e-04 2.669533070478944379e-04 2.265677877013133569e-04 1.944313495282844987e-04 1.694691228547189109e-04 1.451514914602552975e-04 1.270520518141828297e-04 1.106801539889382363e-04 9.791861202037529025e-05 8.799905365567345990e-05 7.809489586539682788e-05 6.716906578528347759e-05 5.652802384029213822e-05 4.571503774222467477e-05 3.430361731648062790e-05 2.694077765096815577e-05
3.787198724075839626e-04 4.306597376783361246e-04 4.295025454828574059e-04 3.851875100587084282e-04 3.242525115178602124e-04 2.668870876300176572e-04 2.264228079701488430e-04 1.944704748301930139e-04 1.693170976624802269e-04 1.450728712505119716e-04 1.269633156877285189e-04 1.105780877542158650e-04 9.783138293174517032e-05 8.765387108911714797e-05 7.750179179911138665e-05 6.669081293255127202e-05 5.568302979078779927e-05 4.521177241823530089e-05 3.421287725861242953e-05 2.693046633058507653e-05
3.790489823903146521e-04 4.306676758721154105e-04 4.299676418563137164e-04 3.849988943971989919e-04 3.244854624403923022e-04 2.670564777546053530e-04 2.264612112157376751e-04 1.942603212119033487e-04 1.692468815222170780e-04 1.450568794463714820e-04 1.266349637807609083e-04 1.104029819588539692e-04 9.784539063416171866e-05 8.792524424128764519e-05 7.796709401154029999e-05 6.712608086422885403e-05 5.594485690170262880e-05 4.506204477321484945e-05 3.384162011687360546e-05 2.651380652877774238e-05
3.786864234192464820e-04 4.305976034706542098e-04 4.294484599792851016e-04 3.850334065776926944e-04 3.242115310774536371e-04 2.670385984960416668e-04 2.266164273633448944e-04 1.945509751130195040e-04 1.696990531977264865e-04 1.454701086943595582e-04 1.272373249210246172e-04 1.109189059674078892e-04 9.804079941933655797e-05 8.801406753330119105e-05 7.793361066860158366e-05 6.710778418867620039e-05 5.628342318127872533e-05 4.553851193411181827e-05 3.433888156330094417e-05 2.722146918153704184e-05
3.788961018337627619e-04 4.304424408298964137e-04 4.295247615911884187e-04 3.851986999771848919e-04 3.244351749733710038e-04 2.668979212662873674e-04 2.262628594503672888e-04 1.941925374336994452e-04 1.693276759122101674e-04 1.450949216812623074e-04 1.271675704357401449e-04 1.111109066866943911e-04 9.828265849301564064e-05 8.808120608286156320e-05 7.805634405640677720e-05 6.725370541050525121e-05 5.633223120516929689e-05 4.551983506099157624e-05 3.409787145631661657e-05 2.685840151560861592e-05
3.790327674427925418e-04 4.312648680596743766e-04 4.297214159671792545e-04 3.851821376446175186e-04 3.241814475066023501e-04 2.669091911586876902e-04 2.266125821361849105e-04 1.948320032543064998e-04 1.699306636594599825e-04 1.454889237462617070e-04 1.272690453075230911e-04 1.109403823831476389e-04 9.781473058572708371e-05 8.762598013991806868e-05 7.727015820368672030e-05 6.644377284005776555e-05 5.570387798326876849e-05 4.528857908584446622e-05 3.445674858514976338e-05 2.726021631277452629e-05
3.790182247732429418e-04 4.305824537747860218e-04 4.292289112418000928e-04 3.849690373394419021e-04 3.241497201366910861e-04 2.667862565030450716e-04 2.265397656612015080e-04 1.946785938303957403e-04 1.695944452190636996e-04 1.452430172625118190e-04 1.274239833883941968e-04 1.108979689061956103e-04 9.790509066129310769e-05 8.770688141275496084e-05 7.783128040186418372e-05 6.695289506130338642e-05 5.607067425483834664e-05 4.548548560058619973e-05 3.422078969845379951e-05 2.708940161390575098e-05
3.786789237512445190e-04 4.305360702377339496e-04 4.292370005457180494e-04 3.848839258368452667e-04 3.242558058734339209e-04 2.668740705433731786e-04 2.265446104095563339e-04 1.944628084858144115e-04 1.695579045673647003e-04 1.451300835691359198e-04 1.269304171353866767e-04 1.104813277759174257e-04 9.776144631191400916e-05 8.773765624338381605e-05 7.757644366183699528e-05 6.703466787657424465e-05 5.636609265492426924e-05 4.560856696320587006e-05 3.430694298091455140e-05 2.675660713956278260e-05
3.788412466478347385e-04 4.303377886464619206e-04 4.293805125010674486e-04 3.852388715059852577e-04 3.242329826125904513e-04 2.667817731275523812e-04 2.264284495158364811e-04 1.946257893933914750e-04 1.695625553982886937e-04 1.452354416214882268e-04 1.265772621609932225e-04 1.103198887671217595e-04 9.762236736039830792e-05 8.799569743211333654e-05 7.776997431017686993e-05 6.709517320376419099e-05 5.616451572304630586e-05 4.554113244171155883e-05 3.424910743647337018e-05 2.691329175627893435e-05
3.787104493769820075e-04 4.303633892546239350e-04 4.293070328435535888e-04 3.847537127069080242e-04 3.238630729740253405e-04 2.667464659976617877e-04 2.265525023135324118e-04 1.947126932669019359e-04 1.696621667640271238e-04 1.450996031228566849e-04 1.270155404600523249e-04 1.105473764787242235e-04 9.785794985052776221e-05 8.774979175769284515e-05 7.767588816715877403e-05 6.685490290821704542e-05 5.618156567439862883e-05 4.531860092229390841e-05 3.372896521017608706e-05 2.667489003328623353e-05
3.791426499520204906e-04 4.309954768871378955e-04 4.299610780036012170e-04 3.853612499192396262e-04 3.245835822612961230e-04 2.670304885292888231e-04 2.263692533832133104e-04 1.944276062890835542e-04 1.693077568066028704e-04 1.449946115292903830e-04 1.270590954852125146e-04 1.108675292431832621e-04 9.795701465081491468e-05 8.809883640430945541e-05 7.793098660924599594e-05 6.695470981484745281e-05 5.606992839838600208e-05 4.525689637605189082e-05 3.386835581856244135e-05 2.678907365388712123e-05
3.788434987424133807e-04 4.305612399076350853e-04 4.292725609831040648e-04 3.850892975495881845e-04 3.246553598439197181e-04 2.673785043001394358e-04 2.270016125749802741e-04 1.946939776992238414e-04 1.693909990515809680e-04 1.451229362250987189e-04 1.270967508668885675e-04 1.106260555423221734e-04 9.795799349023235334e-05 8.774678719893834163e-05 7.776554236883469738e-05 6.698961975316319590e-05 5.613029921344450072e-05 4.552667358907692887e-05 3.443672231301797158e-05 2.704265158414858821e-05
3.788526101152637549e-04 4.304981978009084892e-04 4.291039356239100683e-04 3.848025808747392116e-04 3.241314173021696168e-04 2.667910917506634912e-04 2.262843878031452725e-04 1.943994054567526654e-04 1.694901286950558381e-04 1.451426160865598475e-04 1.269325335221198044e-04 1.103625087430302180e-04 9.775395986518292603e-05 8.783897024424151161e-05 7.796962639060014055e-05 6.738898097768002734e-05 5.638018945385903959e-05 4.537395781610138973e-05 3.389175576901931196e-05 2.675284875550549470e-05
3.784582903746816301e-04 4.295667952815944717e-04 4.281916800705596205e-04 3.838428712187244032e-04 3.233471936456661045e-04 2.658797055202865136e-04 2.255229517642902643e-04 1.936559082742736243e-04 1.687218728917394257e-04 1.445551544595565961e-04 1.264446113727195917e-04 1.101276474368222916e-04 9.749522067038912123e-05 8.755907737720186102e-05 7.721850706701838371e-05 6.654018327765091911e-05 5.612102561293995113e-05 4.531514086046192140e-05 3.407135006555153114e-05 2.646136109540512955e-05
3.784332544869057377e-04 4.306396369826077410e-04 4.291327528000743225e-04 3.849094705392788296e-04 3.240246547442583898e-04 2.669226638290506516e-04 2.265997708604609027e-04 1.945944848191059776e-04 1.697292612011214424e-04 1.452879805110450441e-04 1.271878875447780561e-04 1.107649710172965973e-04 9.798096712646995297e-05 8.795872525136111018e-05 7.788440376736610105e-05 6.699758283449222583e-05 5.630579768778903605e-05 4.544251411977062374e-05 3.412350281552643696e-05 2.697433116025963823e-05
3.786685089818523525e-04 4.304810302475896170e-04 4.289698170773090431e-04 3.847603541089027320e-04 3.240066872881628519e-04 2.669427674840865847e-04 2.268884980284918869e-04 1.947399711287123650e-04 1.695583188410169754e-04 1.452023559566938723e-04 1.270813072319940487e-04 1.107419755665458433e-04 9.797111951259867104e-05 8.809770184406839758e-05 7.803489806024124927e-05 6.713541797082011838e-05 5.647432977736134487e-05 4.555801357226618134e-05 3.419775308791762674e-05 2.692746694149255679e-05
3.791014679093556447e-04 4.306111894671221818e-04 4.295755023804094280e-04 3.849215697716057471e-04 3.242452227805224063e-04 2.671127938884840995e-04 2.266775256666508584e-04 1.945068235820441129e-04 1.692733619920633358e-04 1.449322673517570396e-04 1.266784647329872505e-04 1.103731228821220619e-04 9.746949477203284461e-05 8.751992998608191794e-05 7.766022462995943426e-05 6.692326317400343273e-05 5.627235301038493385e-05 4.560203546819991175e-05 3.430540714267932306e-05 2.695181026822779131e-05
3.786422815424240291e-04 4.300699017608068057e-04 4.289993720061828063e-04 3.846052546071188571e-04 3.238673021066605239e-04 2.668186697688117474e-04 2.262981580796423063e-04 1.947109813068800311e-04 1.698140135248913144e-04 1.453278293317288061e-04 1.267855133054832150e-04 1.104819798762586396e-04 9.758438468571240866e-05 8.768507713524071137e-05 7.761117944081810660e-05 6.677457245138606603e-05 5.600399053567312984e-05 4.532939734551363491e-05 3.418372103062953821e-05 2.693519840132221183e-05
3.785745483239588943e-04 4.301650971606243664e-04 4.291528407076188913e-04 3.848856262582440058e-04 3.240040295860769390e-04 2.667288006076482497e-04 2.263563450155395610e-04 1.944266587771382396e-04 1.694605980130985069e-04 1.449302059967161414e-04 1.267484541560659310e-04 1.103943380582154141e-04 9.760515834819252074e-05 8.774677055487348535e-05 7.764460214283958137e-05 6.685558949404630570e-05 5.604708280596258109e-05 4.522559441495519286e-05 3.399533044994829768e-05 2.679205993729632721e-05
3.789953409104729462e-04 4.304366593831303149e-04 4.298037004722837784e-04 3.850600932241804940e-04 3.242713684353799148e-04 2.668382117770035219e-04 2.263054344162130401e-04 1.941111279772233134e-04 1.690444637701111845e-04 1.446354282066700193e-04 1.265173723959986223e-04 1.103666476879107167e-04 9.776366342987745991e-05 8.778370211692605089e-05 7.768941617874387307e-05 6.698722777218654289e-05 5.621127591842460416e-05 4.570695561314967270e-05 3.434906764984670873e-05 2.701079631168108191e-05
3.789136391003377377e-04 4.312496846433754982e-04 4.300150926363638122e-04 3.852502292612206437e-04 3.245945056404263827e-04 2.671007425104312194e-04 2.264399221112597905e-04 1.943538643198524252e-04 1.693530047815010309e-04 1.451587936931824068e-04 1.269140002205991448e-04 1.105733408118236681e-04 9.774174617468281748e-05 8.786267988917640488e-05 7.793947090110043521e-05 6.735419793184867861e-05 5.635071158179847029e-05 4.552203823946330841e-05 3.430041375793457136e-05 2.705016325377814822e-05
3.791462896029059110e-04 4.308293100693402983e-04 4.294720210999739517e-04 3.848492504637500422e-04 3.238301721947135607e-04 2.667651999332535718e-04 2.262614336779476191e-04 1.941942362487481216e-04 1.690660155633062832e-04 1.445462678558693832e-04 1.264116982586312198e-04 1.100241648856341336e-04 9.748281048530362588e-05 8.745816452150076772e-05 7.747825673787918539e-05 6.679296001072815975e-05 5.624266900773466232e-05 4.578494749049348084e-05 3.432885956249738594e-05 2.700077017510776358e-05
3.789064008256563375e-04 4.309834116796728448e-04 4.296612187885373818e-04 3.851641980369315400e-04 3.239825400503395202e-04 2.666051858440633910e-04 2.262920882336039434e-04 1.940705328683959912e-04 1.690045504052191470e-04 1.448078983538302067e-04 1.268820833147380118e-04 1.103454480553241402e-04 9.752977265366807760e-05 8.748952843180958321e-05 7.759191520586557016e-05 6.685281546561887549e-05 5.608223673584712167e-05 4.550762285743418454e-05 3.425304913707006270e-05 2.690525367240579507e-05
3.790003974065167080e-04 4.302971044022424973e-04 4.297748702384708119e-04 3.847641529415290204e-04 3.241592410848416765e-04 2.667770268644388391e-04 2.263636956607270362e-04 1.943804896012778607e-04 1.693143359771677437e-04 1.449192908594589403e-04 1.267530779307373952e-04 1.103622320172048716e-04 9.723694497095249631e-05 8.727122712536313886e-05 7.757053123726638012e-05 6.673795692483365191e-05 5.601904087041147291e-05 4.546597542411982503e-05 3.448365256227309988e-05 2.708233707127934828e-05
3.789442822278939779e-04 4.308970821277434264e-04 4.299574491004347007e-04 3.852399523574628589e-04 3.244437505835787942e-04 2.671032075223351795e-04 2.266309423193544270e-04 1.947074700520349383e-04 1.695556154480375567e-04 1.454450058279818019e-04 1.275357614044414945e-04 1.110845272712650294e-04 9.831687631272736428e-05 8.834985202496165567e-05 7.804505521012666109e-05 6.731873053835187970e-05 5.644531145012720278e-05 4.553665500237592486e-05 3.417821560726044946e-05 2.681464549326684720e-05
3.780709028648747590e-04 4.305160835122766663e-04 4.291443586838089011e-04 3.848006940020160947e-04 3.239062409767622520e-04 2.667608363887983896e-04 2.262575007996309032e-04 1.944004864038391444e-04 1.692492089601432478e-04 1.448577427981112672e-04 1.269039787377102772e-04 1.105052200923799764e-04 9.757799101839391193e-05 8.777673227264423585e-05 7.783342697211556669e-05 6.700658422536055531e-05 5.622485724927507437e-05 4.565224733799075563e-05 3.432455664852440599e-05 2.700873891681154014e-05
3.788309284110428989e-04 4.306790745718855058e-04 4.291462000789606564e-04 3.847234254679362826e-04 3.239401875232759791e-04 2.669989870960712839e-04 2.267112619225450864e-04 1.945127538795320262e-04 1.694877299104227783e-04 1.453025779736608601e-04 1.273062952556773737e-04 1.107572774436106985e-04 9.803629836432381538e-05 8.788966099006283964e-05 7.792161569780858864e-05 6.718057636898569138e-05 5.635525421290339806e-05 4.565271050030237336e-05 3.433509266899469981e-05 2.700329247554448739e-05
3.795641193365978275e-04 4.309762765187114268e-04 4.297327385409744141e-04 3.852410321879235844e-04 3.244388797067033971e-04 2.669995057126580795e-04 2.264472704016795178e-04 1.944111987413125705e-04 1.692563183269721295e-04 1.448372759533927685e-04 1.267562632418136866e-04 1.103249694227298173e-04 9.769143628519010101e-05 8.788401734561539626e-05 7.803806480324527648e-05 6.721617982343808338e-05 5.635306220017518013e-05 4.561681202125377057e-05 3.419046476112828762e-05 2.704842214175461979e-05
3.793122880750615026e-04 4.307468160897867573e-04 4.297838727963969926e-04 3.851771337899883674e-04 3.243600784333040593e-04 2.667817200822841166e-04 2.263126552795013935e-04 1.943942101883422587e-04 1.695253669106269766e-04 1.452381186996755304e-04 1.271704923329133603e-04 1.107096556162387072e-04 9.794483721014139222e-05 8.796472740248283844e-05 7.783427596380542378e-05 6.697330332351278859e-05 5.604258381185761839e-05 4.516053623802669448e-05 3.387227715836251446e-05 2.674457072535431910e-05
3.788591145485996087e-04 4.298744305756731091e-04 4.295763498330629443e-04 3.849914644901829709e-04 3.242842397401202127e-04 2.670378603094394356e-04 2.264075251492798588e-04 1.946353105522411180e-04 1.695065983921082028e-04 1.452855012015470779e-04 1.270805670478004619e-04 1.107649552092936329e-04 9.792316003250008680e-05 8.770799099739394716e-05 7.778087106624883879e-05 6.710961317643814289e-05 5.634017079218922851e-05 4.561835895600802049e-05 3.423281090264378000e-05 2.667867821760506032e-05
3.788841603390978065e-04 4.306700852827418822e-04 4.291680831828068965e-04 3.851182014695571777e-04 3.242520922091767887e-04 2.670258387302011215e-04 2.266085667192920688e-04 1.945815776040341137e-04 1.694658663087138023e-04 1.452138864786959715e-04 1.267536506167443017e-04 1.100674680778865246e-04 9.742589824944002173e-05 8.758964872819761667e-05 7.775419951940949943e-05 6.710401988841287017e-05 5.606604915067513574e-05 4.535638965633624723e-05 3.383975212762385974e-05 2.664873218378881455e-05
3.791249490357600778e-04 4.303765393706879250e-04 4.298753646447991917e-04 3.853567223479156421e-04 3.245641774183965480e-04 2.672223918707668580e-04 2.267633230002585084e-04 1.946908011367889284e-04 1.695594792013065729e-04 1.452746425434913195e-04 1.272327516636793693e-04 1.108059477101103603e-04 9.807813988896482411e-05 8.805225878972354069e-05 7.825248084891612708e-05 6.753423669657394250e-05 5.650879144611938400e-05 4.577595313331661781e-05 3.437975456531180144e-05 2.705086713635620601e-05
3.786084468617549603e-04 4.303537659649692582e-04 4.290687342634245905e-04 3.845849321887240420e-04 3.240282162239594408e-04 2.664076218191423185e-04 2.260312000544662024e-04 1.938133867082428839e-04 1.690222955499281002e-04 1.445828072040467472e-04 1.263616962324462262e-04 1.100515291098150646e-04 9.736585240385881523e-05 8.743622107325057472e-05 7.733414765829606035e-05 6.668814026380698041e-05 5.605796267231767741e-05 4.525487105915409087e-05 3.416122708806463453e-05 2.702554737473978244e-05
3.786217979587814001e-04 4.303571731817588909e-04 4.291170176820157008e-04 3.852985164746076116e-04 3.241618213559423547e-04 2.670221592231480185e-04 2.265839713661575488e-04 1.945378786958471473e-04 1.694389668516238002e-04 1.453502561440525923e-04 1.271753137707887986e-04 1.106266317898076118e-04 9.796032325186381114e-05 8.797867076698826232e-05 7.805779998993223751e-05 6.728770222962394553e-05 5.630938299990343159e-05 4.546788760489635823e-05 3.426194639337677526e-05 2.701885256595037814e-05
3.790139475602749661e-04 4.305295052606259516e-04 4.293026882641681015e-04 3.850467182116218477e-04 3.241842001034120693e-04 2.666149562939113872e-04 2.264816091559728448e-04 1.944293734965870702e-04 1.691271766743785863e-04 1.444234046083025331e-04 1.265295747571660223e-04 1.102930706230496134e-04 9.760727517362539766e-05 8.740080065147515589e-05 7.727557057363682134e-05 6.658106548424899630e-05 5.611780476087772039e-05 4.531265730730583659e-05 3.393291790263410911e-05 2.682146392808037940e-05
3.786059073813461242e-04 4.312151791575016976e-04 4.298247669492399393e-04 3.849817413477484951e-04 3.238587602608386062e-04 2.668811711094184178e-04 2.263967469501995471e-04 1.941757706794795064e-04 1.691640834198320181e-04 1.450606531217371099e-04 1.270490219693632143e-04 1.106954085663741291e-04 9.781817735750516498e-05 8.767183532132398699e-05 7.775462923492423069e-05 6.678337185527637588e-05 5.577678322395354394e-05 4.494253197406338998e-05 3.371289549590640301e-05 2.687619999453450494e-05
3.792946928859517570e-04 4.306390624116836446e-04 4.291219010897757394e-04 3.847412984780536555e-04 3.240043293682104094e-04 2.666760228443241219e-04 2.261155269098351665e-04 1.943402938691130575e-04 1.694085237555300911e-04 1.450819591997719402e-04 1.268136739902814530e-04 1.103899896533549286e-04 9.759493511173755612e-05 8.745782188746693798e-05 7.738429510249940618e-05 6.663192553910990445e-05 5.574832952359022695e-05 4.512227662087574086e-05 3.446226148519159578e-05 2.731006413225226458e-05
3.784094385838639575e-04 4.298574113019935634e-04 4.291436375632559272e-04 3.846891574352516462e-04 3.239130252217667870e-04 2.665133155646720099e-04 2.260573254614091192e-04 1.939618668716109879e-04 1.691906057167148747e-04 1.449839309999700464e-04 1.269255544742459315e-04 1.103782854409933169e-04 9.724810058303655705e-05 8.708828108104510750e-05 7.695398135960790907e-05 6.615531992521700747e-05 5.559317169694243826e-05 4.526265083087957432e-05 3.422412820594333507e-05 2.707340361212849048e-05
3.790705593056197366e-04 4.307829012352917407e-04 4.296291602094703672e-04 3.851544462975437541e-04 3.243255638167684830e-04 2.670296391252243232e-04 2.266434973871346310e-04 1.946100064206997824e-04 1.695853268341286461e-04 1.452918827179560779e-04 1.269107056590767612e-04 1.105113196311789323e-04 9.780709354461243892e-05 8.792850584644244045e-05 7.780902076678060191e-05 6.714320099510526143e-05 5.638205843064710384e-05 4.571595557587164368e-05 3.462036138336110620e-05 2.711426796771840349e-05
3.790463751257256374e-04 4.308240805154132458e-04 4.297175016963727923e-04 3.851760752288602369e-04 3.244198055674988278e-04 2.672369337516023661e-04 2.267210618560804925e-04 1.948404225715854687e-04 1.696073106932706486e-04 1.453024734610125956e-04 1.272396280703679233e-04 1.108025837756505962e-04 9.792410437928873376e-05 8.792067626886714395e-05 7.799487792911921310e-05 6.723443576735395073e-05 5.634441756605682662e-05 4.561093999281377593e-05 3.442783738978416966e-05 2.719761565713817882e-05
3.783608938456405188e-04 4.305819988719192357e-04 4.291399228882139690e-04 3.850413105071046494e-04 3.241430723109597271e-04 2.667932687827800822e-04 2.265223118194121935e-04 1.943909295237933993e-04 1.693638327302072024e-04 1.450173053344240288e-04 1.269018704358274030e-04 1.105707498235770149e-04 9.782164988116779844e-05 8.789782235347518111e-05 7.766170280025786442e-05 6.678053248753698179e-05 5.597869575425768558e-05 4.526679900048882164e-05 3.389087078359264842e-05 2.677661847440473213e-05
3.796073630777359125e-04 4.305966166945854757e-04 4.298327686056039134e-04 3.854189654222453499e-04 3.243649300844540068e-04 2.670945403898936955e-04 2.266036143221324421e-04 1.947479379148331986e-04 1.696091688129478415e-04 1.452485068900577080e-04 1.272175492694772034e-04 1.108367220692177933e-04 9.785044030191373718e-05 8.791807165343749062e-05 7.780750667429085700e-05 6.700382188992811316e-05 5.618718661306830318e-05 4.548359027701065184e-05 3.412100225200863894e-05 2.691310901784833216e-05
3.793793662643321781e-04 4.308216181875801874e-04 4.298807234778023495e-04 3.853733746600038657e-04 3.245549031413266002e-04 2.671191415591613267e-04 2.265303954131337827e-04 1.944592181217536940e-04 1.694871427374922753e-04 1.452500603285577759e-04 1.267725608439031508e-04 1.102471877421337866e-04 9.731348187193727170e-05 8.734966517847197564e-05 7.729237216006123654e-05 6.679481787720245773e-05 5.624306243472488079e-05 4.566082083022025433e-05 3.423539117069898175e-05 2.701053907608664710e-05
3.789529459084585482e-04 4.305281318142534230e-04 4.294992411666149600e-04 3.852795728995400183e-04 3.244668803684559039e-04 2.671173637168501331e-04 2.266104676101820484e-04 1.946624487176592622e-04 1.696687228824382240e-04 1.452430819529893218e-04 1.273149803376957411e-04 1.108059843755107040e-04 9.778304916470431261e-05 8.783287096397751625e-05 7.770738005926508540e-05 6.689984506911492981e-05 5.610384480744046241e-05 4.526985696132766122e-05 3.397082731414753604e-05 2.637557617765394906e-05
3.791200519224006667e-04 4.301032340902350283e-04 4.295309215438985529e-04 3.852272023560894890e-04 3.246227587425493631e-04 2.670607508819703249e-04 2.264187319477316588e-04 1.943430076949778532e-04 1.694169077802059914e-04 1.451065973578579923e-04 1.268560153478096183e-04 1.104532431142154803e-04 9.778972349899985484e-05 8.793174487641812356e-05 7.794480492107514358e-05 6.722869957760100907e-05 5.639396518944259144e-05 4.557095933439528790e-05 3.419587226804915209e-05 2.689733275165819104e-05
3.782392830073654216e-04 4.301244070960635012e-04 4.289775241453513445e-04 3.844507486654847434e-04 3.239846774929026874e-04 2.667304896656314634e-04 2.264867285899756775e-04 1.945699637798538437e-04 1.694811388759940912e-04 1.451479588737961037e-04 1.270969318689811405e-04 1.106920032410277973e-04 9.781492712760704979e-05 8.779448117233112567e-05 7.771328638508187439e-05 6.705519759471252497e-05 5.611619399558661963e-05 4.517816692732357390e-05 3.391688049597716656e-05 2.672294508753745782e-05
3.785442187977305570e-04 4.302656264579895291e-04 4.291401539187361018e-04 3.845257845688044912e-04 3.238601281366743729e-04 2.666026429660132285e-04 2.260738310454120674e-04 1.940288746548600744e-04 1.691561377700683618e-04 1.449266751274844904e-04 1.267999191152828281e-04 1.104683244022146451e-04 9.775175576590990328e-05 8.790067669860159515e-05 7.769113370565948495e-05 6.701030513651236797e-05 5.611069193981322293e-05 4.533747270389400919e-05 3.410907392917882715e-05 2.694098995626615856e-05
3.787722263793405508e-04 4.306032705843982548e-04 4.298153223975580356e-04 3.853334838303569283e-04 3.243074038286945749e-04 2.669439938243700302e-04 2.265938026589348726e-04 1.947490909228904478e-04 1.695698712943580081e-04 1.450404668888570915e-04 1.268024125078051189e-04 1.106094359448031898e-04 9.779886213119816558e-05 8.772843171240357564e-05 7.772209336725725674e-05 6.689886747172552376e-05 5.631206170837931105e-05 4.567147483210249427e-05 3.443144437370244980e-05 2.711774602668910565e-05
3.787240647043850126e-04 4.307558278967295838e-04 4.294124491207936163e-04 3.846711231289144032e-04 3.238665642592871547e-04 2.664991569044477789e-04 2.264029284247545887e-04 1.942949054339793320e-04 1.695409580994610484e-04 1.454774189136279379e-04 1.270074017122292350e-04 1.105707692604996809e-04 9.757896639830829439e-05 8.770432355490346350e-05 7.767470888573316983e-05 6.693205877682536868e-05 5.629618268961865255e-05 4.575986107539933785e-05 3.450131174973484647e-05 2.688758357844780875e-05
3.791839298680676411e-04 4.310777740816681015e-04 4.295779953107313996e-04 3.852563319687712646e-04 3.242928697975818375e-04 2.671840659499195251e-04 2.266240739816502913e-04 1.948247167258916526e-04 1.695428960359448612e-04 1.452822290170103755e-04 1.270801863809578505e-04 1.107073279670938538e-04 9.755479042440687038e-05 8.791683127793035112e-05 7.789295443040336847e-05 6.685105152571132428e-05 5.619381927069250828e-05 4.536375827595637435e-05 3.378848996724414779e-05 2.661497010876319756e-05
3.788670932235157834e-04 4.306061175023313684e-04 4.296699553400276086e-04 3.854241106189489389e-04 3.242248417745397936e-04 2.668669523227837174e-04 2.264731409440171300e-04 1.945010399149933484e-04 1.694586917493228243e-04 1.452668584601002485e-04 1.272460319243410676e-04 1.107611363723250998e-04 9.785436722848771945e-05 8.782418325082298164e-05 7.780320405083884804e-05 6.703969247446814068e-05 5.611160079922394785e-05 4.533194920385821749e-05 3.418393695570507373e-05 2.676336136231609881e-05
3.787923549345906444e-04 4.302082277644453368e-04 4.291057659810087565e-04 3.848865396689009582e-04 3.240510321113455969e-04 2.669363966525378621e-04 2.264024824265740629e-04 1.942935183325853810e-04 1.691073664719441730e-04 1.448277675749037440e-04 1.269778692644576296e-04 1.104581147572457984e-04 9.777660852287374006e-05 8.787465993917442653e-05 7.797124953294209580e-05 6.734123412417134847e-05 5.662655235973227666e-05 4.581529258023812776e-05 3.429868128414639632e-05 2.720742793284649239e-05
3.788170380493352638e-04 4.306721520002594378e-04 4.297685139817674889e-04 3.851310487909977002e-04 3.245406852793908024e-04 2.671836414437544962e-04 2.268880851407956319e-04 1.947760761635690429e-04 1.695205727468377126e-04 1.451238684242505197e-04 1.270057304769661006e-04 1.105082455735190866e-04 9.776826533058977781e-05 8.777666244550237802e-05 7.775517781711941724e-05 6.725147566091824300e-05 5.632316311216304088e-05 4.545724621365569387e-05 3.406323542671742992e-05 2.674549834151209474e-05
3.787767771529807425e-04 4.301858703286135692e-04 4.289775592673231901e-04 3.847092914234126427e-04 3.238310853658415219e-04 2.666874412092626908e-04 2.264877726470841863e-04 1.944755204348137584e-04 1.693957098362259043e-04 1.452941566773025559e-04 1.271559947444855115e-04 1.106432097946167962e-04 9.784474369348455556e-05 8.791913576670188648e-05 7.772725276100503431e-05 6.695459711134308680e-05 5.626687963233155978e-05 4.573862206141961564e-05 3.430640493784117265e-05 2.713573128728073442e-05
3.789803094072123689e-04 4.306270970449765966e-04 4.295734537564461965e-04 3.854839876051169311e-04 3.246122959966792087e-04 2.670040878337832631e-04 2.263954636356000489e-04 1.942635626420218334e-04 1.694243675677912771e-04 1.450892324240793787e-04 1.270597760995669954e-04 1.106200511290414385e-04 9.791142355770055526e-05 8.798319209474430073e-05 7.789574205560944957e-05 6.718689067634343295e-05 5.617957499588240841e-05 4.529579796520024981e-05 3.385952996746542252e-05 2.680655118838669478e-05
3.788852266637909557e-04 4.302314325308570454e-04 4.291810236306934268e-04 3.843639789133437021e-04 3.234513451174384695e-04 2.661546605473208882e-04 2.259287451452501590e-04 1.940627429556460333e-04 1.690120113717321021e-04 1.447924931226329836e-04 1.266124835536012539e-04 1.104069226543186557e-04 9.764400039661923604e-05 8.747952141816093402e-05 7.733317434645033529e-05 6.675612325872529792e-05 5.591628574282862059e-05 4.531686117041161071e-05 3.419087725749742843e-05 2.699838147772649780e-05
3.792842527733725688e-04 4.305630712744765187e-04 4.298094422895095052e-04 3.853885977794561067e-04 3.245783388811609342e-04 2.670506580845574554e-04 2.265697703927168293e-04 1.943731995899717106e-04 1.693339777442639702e-04 1.450845536098788278e-04 1.270397444943536863e-04 1.106993733377967178e-04 9.799978685028837083e-05 8.815944321767483572e-05 7.811041027111800502e-05 6.746524477978726531e-05 5.656109659507115760e-05 4.543068785304481749e-05 3.394706134316221089e-05 2.672260818715363305e-05
3.786650244691564990e-04 4.303064834771507668e-04 4.290847037282336050e-04 3.846432388491433140e-04 3.237070608025198210e-04 2.667067481223022981e-04 2.265083919824398273e-04 1.943172092080627962e-04 1.692486301714560498e-04 1.449274592540223338e-04 1.267122074938197495e-04 1.105161000367045165e-04 9.790907215299005843e-05 8.823420024403331899e-05 7.811777601191875688e-05 6.705974747388760489e-05 5.623409033204525368e-05 4.553223737373940215e-05 3.419218914500467911e-05 2.691235948644499535e-05
3.789123409678146585e-04 4.307426493642460942e-04 4.294737800723205808e-04 3.850369091717670647e-04 3.241200594373785287e-04 2.668595978563151686e-04 2.265574950254135975e-04 1.943447894537451547e-04 1.695034291616112436e-04 1.452037380939620332e-04 1.267859667823485130e-04 1.104592829285341919e-04 9.740617704415049428e-05 8.735521854031761703e-05 7.734547852093458654e-05 6.665413544976269593e-05 5.605418358738563898e-05 4.552586226501115078e-05 3.412232659415338320e-05 2.688908759819374003e-05
3.786882725558177762e-04 4.305213837443545508e-04 4.296212912403716481e-04 3.850939078389941186e-04 3.241859995870146152e-04 2.670466991647165778e-04 2.265903732733897205e-04 1.946904271925993502e-04 1.694298940865977203e-04 1.449767788563457668e-04 1.267880389217724548e-04 1.102931429046676687e-04 9.759590392549701086e-05 8.757080720058166181e-05 7.758352086618481094e-05 6.664094975417073465e-05 5.594219363811776840e-05 4.537648406289402378e-05 3.426892060116962121e-05 2.692050301015951210e-05
3.791417778061048909e-04 4.305080277872433371e-04 4.294723449277750059e-04 3.849578256037656447e-04 3.243125226402130573e-04 2.666721078290348423e-04 2.259711402927264330e-04 1.940218730776602219e-04 1.691659415403145563e-04 1.451251559956891213e-04 1.271632885303424290e-04 1.107217043000673627e-04 9.802335813635372312e-05 8.799096220036285970e-05 7.806431215260293654e-05 6.728413585921233660e-05 5.639138411570484264e-05 4.559774775637697001e-05 3.430343698776512623e-05 2.707147620545501159e-05
3.791679507444059702e-04 4.309255984209851538e-04 4.297266742166393986e-04 3.853577787805979155e-04 3.246353432932061293e-04 2.672096608180620772e-04 2.268045257996483877e-04 1.948183873437257015e-04 1.697913252328277580e-04 1.455732877516372934e-04 1.274110136136709717e-04 1.108802998003928264e-04 9.804879374653843391e-05 8.804392271290857261e-05 7.786747777596389789e-05 6.683395647745374660e-05 5.584313763166065997e-05 4.509070357053952626e-05 3.392797848618349903e-05 2.688130866601191470e-05
3.785533078890227139e-04 4.304504583361836497e-04 4.294837823601192154e-04 3.849762335237319087e-04 3.241364177964435882e-04 2.668633183867204130e-04 2.263553028993569606e-04 1.944924050848491760e-04 1.694845736304254329e-04 1.451133858892669835e-04 1.269490295265916281e-04 1.105606173942155030e-04 9.768943171453496296e-05 8.751055805821366111e-05 7.769299695464453135e-05 6.709660408556663972e-05 5.654989369318267316e-05 4.575309262066646737e-05 3.418149507515151858e-05 2.668058344447444736e-05
3.789895848942774741e-04 4.306567026120990539e-04 4.297315478987941335e-04 3.852566185767319364e-04 3.245370565523556395e-04 2.670528588137250411e-04 2.267807715991148091e-04 1.949471668870988961e-04 1.698284568130891878e-04 1.453014826703839910e-04 1.271776892875626206e-04 1.107006192110562707e-04 9.789813268843382526e-05 8.777206615175700436e-05 7.770155417597649113e-05 6.683912373919410432e-05 5.600913783184315964e-05 4.522351265972407024e-05 3.391323295083619799e-05 2.669244405471165628e-05
3.789804741573883813e-04 4.304366774454443834e-04 4.292422349617042621e-04 3.846461086543759051e-04 3.238812592297695249e-04 2.667123428889118749e-04 2.265000422860421027e-04 1.943700745936332425e-04 1.694551782652680490e-04 1.454293466251844807e-04 1.271902465595461159e-04 1.106835577267780611e-04 9.798723621206182808e-05 8.814099493147758404e-05 7.791463685600738282e-05 6.711999468976755665e-05 5.643102340109572686e-05 4.551351923294034464e-05 3.424437413320804947e-05 2.718470112921938590e-05
3.791147052682198042e-04 4.303574596915853341e-04 4.291637414821431384e-04 3.850523645391959069e-04 3.241504343663500088e-04 2.666154628637319290e-04 2.262979904518115279e-04 1.943058124393846247e-04 1.692692045004807262e-04 1.452456969612902311e-04 1.275908316455227009e-04 1.109026402028646556e-04 9.801337881986668188e-05 8.804526159125305508e-05 7.811328260767473185e-05 6.726816671293456144e-05 5.655314864337814961e-05 4.573837674194099694e-05 3.436170092217487987e-05 2.698594257035692983e-05
3.780911941145777603e-04 4.299209573452763265e-04 4.289814263808486967e-04 3.842762649547190991e-04 3.237404737308321101e-04 2.668277604995385860e-04 2.263718571575916818e-04 1.942774641474520234e-04 1.692641303687652870e-04 1.450321405303251323e-04 1.266422782020441634e-04 1.104479059967245912e-04 9.755367061750250778e-05 8.752765075431625543e-05 7.757356273746851875e-05 6.702977533337855262e-05 5.632945228927471992e-05 4.552573670329746868e-05 3.422494761117341806e-05 2.726690418417017625e-05
3.781925201329085998e-04 4.294120378592268224e-04 4.288852112220218043e-04 3.843944895543406214e-04 3.236463650341678483e-04 2.662352333734640283e-04 2.259494759348965292e-04 1.940242379118084699e-04 1.691323316947134230e-04 1.447069582047804206e-04 1.264672450905075481e-04 1.101414412394359407e-04 9.755690939591897363e-05 8.761260484724641274e-05 7.762690654052288445e-05 6.691137489566584533e-05 5.614435480826817087e-05 4.557379935323107342e-05 3.419074580245872022e-05 2.687945874530656796e-05
3.789680723973443935e-04 4.306028513894137578e-04 4.293272311534098535e-04 3.846168102094341622e-04 3.238822565067023262e-04 2.667871077976172872e-04 2.265168700353747293e-04 1.943521193129751749e-04 1.689718236586440210e-04 1.449137849603525092e-04 1.268659313641899396e-04 1.105014589286747303e-04 9.754124506284269258e-05 8.756273160415944219e-05 7.755959621630980998e-05 6.682879081277641974e-05 5.619956189181281081e-05 4.538411726867651091e-05 3.412653737536175663e-05 2.693533152519824654e-05
3.786801441765610975e-04 4.302543844017558462e-04 4.291965496091562160e-04 3.848062526932892686e-04 3.240627682633581111e-04 2.667856869961191327e-04 2.261430696506185176e-04 1.941618447165764042e-04 1.693973409959664128e-04 1.452385854448725471e-04 1.270633014461919688e-04 1.105160585778886711e-04 9.763413664803602008e-05 8.760975461788695717e-05 7.749861866969652297e-05 6.647258327783435341e-05 5.575997694634216890e-05 4.513313754769994468e-05 3.423727535045149623e-05 2.698141286234456707e-05
3.787509294674070294e-04 4.304279117626495289e-04 4.294168033513323527e-04 3.851596454203437873e-04 3.242251422118626542e-04 2.669856240940501673e-04 2.265175486765222390e-04 1.945840359312254217e-04 1.693545723259115489e-04 1.452364827462714004e-04 1.267533222827508718e-04 1.102083849031769842e-04 9.754531019958955483e-05 8.774914378860643139e-05 7.778453537393905531e-05 6.711892365442279312e-05 5.607848854169661347e-05 4.513321103539610441e-05 3.398887696765682571e-05 2.661707291663905511e-05
3.792136809451842889e-04 4.305473153976241787e-04 4.293184704302621126e-04 3.851243029638005662e-04 3.245493749289744627e-04 2.673856753210506290e-04 2.266188484881534806e-04 1.945534188742871495e-04 1.695578738600563408e-04 1.453637339171300015e-04 1.272990253889938201e-04 1.108197869670281754e-04 9.802728046919165575e-05 8.792894223174763763e-05 7.810048126316575408e-05 6.733682849248974857e-05 5.647050659719657866e-05 4.561771693181839647e-05 3.408669790492593334e-05 2.682960199132488190e-05
3.792787918704711961e-04 4.309257201541979109e-04 4.293365446797266661e-04 3.849379125960030162e-04 3.238769840502209348e-04 2.667034618717001987e-04 2.262767333832786936e-04 1.944828876000041285e-04 1.691714535692905215e-04 1.447579042237843593e-04 1.265278427528058309e-04 1.100151310968835891e-04 9.738545676783823735e-05 8.739730674273469115e-05 7.723307486651286166e-05 6.650177837286269785e-05 5.581426326611464906e-05 4.514039797138617014e-05 3.382467366933700307e-05 2.703166689419015241e-05
3.784853442531396859e-04 4.303478813086462104e-04 4.291436348873380090e-04 3.847914787671927704e-04 3.239517978001965138e-04 2.666641242261677167e-04 2.263274562425793778e-04 1.942242882263671194e-04 1.690255910893385559e-04 1.446268673247013380e-04 1.268743544300121053e-04 1.106354488562957599e-04 9.769432771030273196e-05 8.771699290319684786e-05 7.803858907466365558e-05 6.714569158141521781e-05 5.625739414625869489e-05 4.523254282637634044e-05 3.385727576442341990e-05 2.663677720467968335e-05
3.783631257652907555e-04 4.305030632397675297e-04 4.292205531641674261e-04 3.849676824530889972e-04 3.241823211955872789e-04 2.669834658625433541e-04 2.264158443160575187e-04 1.943805250364225880e-04 1.691122469776115288e-04 1.447390324439106065e-04 1.267418529286054140e-04 1.104278930461406505e-04 9.776987071167667412e-05 8.773148982189339065e-05 7.761629605253342378e-05 6.668273807331742535e-05 5.600026762069057462e-05 4.550572722949480949e-05 3.418479756039167534e-05 2.695254484198591523e-05
3.786097283804166027e-04 4.301738625294581784e-04 4.288071928182310161e-04 3.849973306131307177e-04 3.240801864536127768e-04 2.669292210023952632e-04 2.265298910797097201e-04 1.944494222671082915e-04 1.692029819195431221e-04 1.448625953850102516e-04 1.267995979601788798e-04 1.102852047701429589e-04 9.751158433102046852e-05 8.760851425341458344e-05 7.744983040571558201e-05 6.664597918484748622e-05 5.583587830391293966e-05 4.501751563199020965e-05 3.393219653025369997e-05 2.671979803342663305e-05
3.791110225689963776e-04 4.306229278796647295e-04 4.288301614563931217e-04 3.846075525539663126e-04 3.237526182621367041e-04 2.667774070009121907e-04 2.265146809172424920e-04 1.946238317804317730e-04 1.698337463613624825e-04 1.453516195245270818e-04 1.270992606414445816e-04 1.105698866274866033e-04 9.768960607300649854e-05 8.767680683351863511e-05 7.773749852543832884e-05 6.685634577424152633e-05 5.624246781394474226e-05 4.558563888018939809e-05 3.429869175647688473e-05 2.686661426736709790e-05
3.783204296286127657e-04 4.296127124913294505e-04 4.289486026524286255e-04 3.845009215779123662e-04 3.236312810139870422e-04 2.662506116337696668e-04 2.259884848543376333e-04 1.940799480588256416e-04 1.693539858162344065e-04 1.449587905747511617e-04 1.268608384922372738e-04 1.103631201346402189e-04 9.755357050685006034e-05 8.748620419560359086e-05 7.731923477256299939e-05 6.654458683065815530e-05 5.590491799508039530e-05 4.559726372840725364e-05 3.463753431899985988e-05 2.728858428412952243e-05
3.781667205047799002e-04 4.299764325712700816e-04 4.292212690878911049e-04 3.846317660696791795e-04 3.237744261622362853e-04 2.667933579535705169e-04 2.261607884330928912e-04 1.941781629741462598e-04 1.690546418384793355e-04 1.449393938784855889e-04 1.268150251149739141e-04 1.102691272254489099e-04 9.740107506435341273e-05 8.738949534571206616e-05 7.729503340681543829e-05 6.612518544299229612e-05 5.528565782794016796e-05 4.477247863135127263e-05 3.391413735720640683e-05 2.700751784124581659e-05
3.788570896203372691e-04 4.308979862439256837e-04 4.294928827205241311e-04 3.851595312256362777e-04 3.244366674910437154e-04 2.671198047057323486e-04 2.266410396716964299e-04 1.946159793915610485e-04 1.695267740332130971e-04 1.452250007401680108e-04 1.270226225858151685e-04 1.104249789388196267e-04 9.762664640113909360e-05 8.778756718356123094e-05 7.771632687927234706e-05 6.707215256851482615e-05 5.616389287307676842e-05 4.536778717199881587e-05 3.406990130128563482e-05 2.683142977611422737e-05
3.789771705563840798e-04 4.306790452762740504e-04 4.294363883078584692e-04 3.848425871713403979e-04 3.240491648188456109e-04 2.666500483446372161e-04 2.263793912385066479e-04 1.944087207874370599e-04 1.693927988970600853e-04 1.452246442388522923e-04 1.271097000133831209e-04 1.105768778023923310e-04 9.744982714490014802e-05 8.731827896717076788e-05 7.740939057002501527e-05 6.663471446760409721e-05 5.595726549700296299e-05 4.552972190189213681e-05 3.428000135818587256e-05 2.699264102924541021e-05
3.792355760701145270e-04 4.306959905911100978e-04 4.301043599960348816e-04 3.851813944940330457e-04 3.242463797041253318e-04 2.667973382708831338e-04 2.259940495487073459e-04 1.939639164879555810e-04 1.687419030656481158e-04 1.443924039628040128e-04 1.263280075700506390e-04 1.102227067126586383e-04 9.767674467975035032e-05 8.779989591562337723e-05 7.788796150590254742e-05 6.724781169201302967e-05 5.620431423523042597e-05 4.516487237184802823e-05 3.394209090875326416e-05 2.688891862124987288e-05
3.791300623720905488e-04 4.307270803076874727e-04 4.297600189724744215e-04 3.852793785014509208e-04 3.245354727049557268e-04 2.672093176840870674e-04 2.268063279309481264e-04 1.946455921137139802e-04 1.694693683749127133e-04 1.450397121766199688e-04 1.271330454853725797e-04 1.106851245150022059e-04 9.784163571448558359e-05 8.785894851180258694e-05 7.773877382562665737e-05 6.683228935974566394e-05 5.590935321541077349e-05 4.512931178358798245e-05 3.425586273153615038e-05 2.710824175139298799e-05
3.784774746538160906e-04 4.300717998484721461e-04 4.293783161626897322e-04 3.845310028391697309e-04 3.235250191038249843e-04 2.664277237632173430e-04 2.260625664255202485e-04 1.942180388353380110e-04 1.691807477559500170e-04 1.447102189634565399e-04 1.264870221676988530e-04 1.102232533288334743e-04 9.747309759087478701e-05 8.778339450589157369e-05 7.833559576701238497e-05 6.759799297366643662e-05 5.659904755496029992e-05 4.543094454455991383e-05 3.447785464195220813e-05 2.723382436767244084e-05
3.789761557426138991e-04 4.305144103143643047e-04 4.296337293960114830e-04 3.851154481221887179e-04 3.243714102290759169e-04 2.667292296101984221e-04 2.263687672728420617e-04 1.944886467867408227e-04 1.692864651325354252e-04 1.448856825498635317e-04 1.270190894206670224e-04 1.108091429019597449e-04 9.799603352568969942e-05 8.800071708985841086e-05 7.792162662142082313e-05 6.725844970420517463e-05 5.637642756097373757e-05 4.546771637777989507e-05 3.413944854083132805e-05 2.700581360362691721e-05
3.786010022730557155e-04 4.305430213761300608e-04 4.292202503466383988e-04 3.850621368245931396e-04 3.240748432128315770e-04 2.669637893390160773e-04 2.265031038809033872e-04 1.944712063755346513e-04 1.694447060251653731e-04 1.451964053810832450e-04 1.268463562214025933e-04 1.103864903342546139e-04 9.744583722236141140e-05 8.772955867515755445e-05 7.765910167491808780e-05 6.692122610077474542e-05 5.641025053754590655e-05 4.566844086372152321e-05 3.427763607208460147e-05 2.716418774005575668e-05
3.788920399250463728e-04 4.301355266612256448e-04 4.293082501983697162e-04 3.844852119146710892e-04 3.237431216407505121e-04 2.663729279754681865e-04 2.259624801033050011e-04 1.938869152717912663e-04 1.689507297667380739e-04 1.445166494121685415e-04 1.265131751065519795e-04 1.105083451215341136e-04 9.790737692080342999e-05 8.773744735339719550e-05 7.759002411348721556e-05 6.694952619271139088e-05 5.637536519687947961e-05 4.585279267098496281e-05 3.417907242194710064e-05 2.670573657170574082e-05
3.788895432985929469e-04 4.305999173124181790e-04 4.292211834330890061e-04 3.846438516504616838e-04 3.239964427953484082e-04 2.666265368622091530e-04 2.262313592052229896e-04 1.944064737801457800e-04 1.694020497240666088e-04 1.452517193047121161e-04 1.270060257828964985e-04 1.107421308368770901e-04 9.780597478068088621e-05 8.783410322439486528e-05 7.768001867894921747e-05 6.688114114006618593e-05 5.610830435303627536e-05 4.524720638784379538e-05 3.405164013186325045e-05 2.695989825728867722e-05
3.789822523818910864e-04 4.309846459896107406e-04 4.294601627779011280e-04 3.854627497134162297e-04 3.245198426295872003e-04 2.670289388748088360e-04 2.264226053777755729e-04 1.940513047209580638e-04 1.690089678813536014e-04 1.449605749886294847e-04 1.271901202335716952e-04 1.107098148476456841e-04 9.791559733135656485e-05 8.801136873695966200e-05 7.784306484286680045e-05 6.709675921605717862e-05 5.631527376992545656e-05 4.563035222204464363e-05 3.427070723779063860e-05 2.710692280347167565e-05
3.778340831939620966e-04 4.295121033541144414e-04 4.289482146162486688e-04 3.849043750834377112e-04 3.239491107966723719e-04 2.667199602026708522e-04 2.266968931772956057e-04 1.949225601195580095e-04 1.698501100035647781e-04 1.452086756810764612e-04 1.271054507662397340e-04 1.103264261301928594e-04 9.730743082082887665e-05 8.737070589843388860e-05 7.781811362576634050e-05 6.684151841784495400e-05 5.581979248068380658e-05 4.527485763312112394e-05 3.401688465318268009e-05 2.681112178666966836e-05
3.785465729125114353e-04 4.305818998111163808e-04 4.295263326158551675e-04 3.851834737352448140e-04 3.244675394936646353e-04 2.671499538488939667e-04 2.268106642244193684e-04 1.949019324587248541e-04 1.697134272558898673e-04 1.451821502045422111e-04 1.269733017212629699e-04 1.107119968246329193e-04 9.795027474545075098e-05 8.799873691239035514e-05 7.783624700930959054e-05 6.681474463058627755e-05 5.592617871553979625e-05 4.528788866139277930e-05 3.416214252532876085e-05 2.693805328272230840e-05
3.790233338665737980e-04 4.303938264872973806e-04 4.293864637569955590e-04 3.847695332782635367e-04 3.240922004155915659e-04 2.668047887253885918e-04 2.266498214846373856e-04 1.945554382220899192e-04 1.694330710965779815e-04 1.449808515774425794e-04 1.265192036330446842e-04 1.100352810987038969e-04 9.743514041921560727e-05 8.748443662892015809e-05 7.780097955926975142e-05 6.698154526621289274e-05 5.643680665160790230e-05 4.587158796445350026e-05 3.439909531495784477e-05 2.694938939147302386e-05
3.792522833815106472e-04 4.304758261330465081e-04 4.294125218645854550e-04 3.845191069234719710e-04 3.235434165005003507e-04 2.666015060136124040e-04 2.260207721922256430e-04 1.943499954398182129e-04 1.695422477012901270e-04 1.454653043311892951e-04 1.274218612258475936e-04 1.105854984148156849e-04 9.784442926859176289e-05 8.782670133466934461e-05 7.774318456946548259e-05 6.682898457742271546e-05 5.576949000260236430e-05 4.509224954215678278e-05 3.408121406219428171e-05 2.665734898412254063e-05
3.784634105895361101e-04 4.303145606296313692e-04 4.289615173649462959e-04 3.848301795719085176e-04 3.240980755396287915e-04 2.667769527613518370e-04 2.262596666480599461e-04 1.941804058529904981e-04 1.692404046378569930e-04 1.451089817709035816e-04 1.269141087866212296e-04 1.104721744760488791e-04 9.772951482226714551e-05 8.790318605227779333e-05 7.793064937608366156e-05 6.698089126047401852e-05 5.595868860280542756e-05 4.531683316055074798e-05 3.401111328914889205e-05 2.715016054773879890e-05
3.790428149829664283e-04 4.301704912031379074e-04 4.292357679093943088e-04 3.848106550750708720e-04 3.241893697826175673e-04 2.671676675671551585e-04 2.267419569083125197e-04 1.947721457015312823e-04 1.695778577962492263e-04 1.452420317503202172e-04 1.269149420661768563e-04 1.103268144478630606e-04 9.753190867552330608e-05 8.727676244125503796e-05 7.715463042056813856e-05 6.657695534160753376e-05 5.596474479275279583e-05 4.526944363813658565e-05 3.408468539966866902e-05 2.662130901708195421e-05
3.792484364474773325e-04 4.304751735901350381e-04 4.293698825051141536e-04 3.850419466388940921e-04 3.241713800265122090e-04 2.670497519829023226e-04 2.265384408784734368e-04 1.944815606262968884e-04 1.693799356914892345e-04 1.451926696806963559e-04 1.270764559841465469e-04 1.104203678244537057e-04 9.771125840569538749e-05 8.771381302831085915e-05 7.784266514364407918e-05 6.690713991360702827e-05 5.603101946155655187e-05 4.532781672124604774e-05 3.412473044071819234e-05 2.685894861336766956e-05
3.783768411924885331e-04 4.301615540546831315e-04 4.292127320108246190e-04 3.845354497340763996e-04 3.238862380266154081e-04 2.665884757444028056e-04 2.259333300939405373e-04 1.937416512267588935e-04 1.690928589582416108e-04 1.448396158862691355e-04 1.267591004078093156e-04 1.102190630497653154e-04 9.743116012685774647e-05 8.757294640604327716e-05 7.778689942585117036e-05 6.696170097592185079e-05 5.612888089193825245e-05 4.527509760340207498e-05 3.406338124785223976e-05 2.681649343487465419e-05
3.786878230758800772e-04 4.307189660832420690e-04 4.292678569283968348e-04 3.851185878112685671e-04 3.240328781389132870e-04 2.667615687910109435e-04 2.261515231302114960e-04 1.942037071726402135e-04 1.691136391373461076e-04 1.450939298184669875e-04 1.268330676885367385e-04 1.102687233031088087e-04 9.751570747633525062e-05 8.752818701504429895e-05 7.786210874984884195e-05 6.735319690746227660e-05 5.682217011857978534e-05 4.563894462399668503e-05 3.423345307393794800e-05 2.685622377260894457e-05
3.790337053101010961e-04 4.308682676147597207e-04 4.297365618174360047e-04 3.850807020149635143e-04 3.243977747822509748e-04 2.667513951948356993e-04 2.264233744928791277e-04 1.945298787992551617e-04 1.695051510440281667e-04 1.451388881454878505e-04 1.268166327658995464e-04 1.103851514576106348e-04 9.735579674220391549e-05 8.732697370103196393e-05 7.738978242964852428e-05 6.688085647219050190e-05 5.572772503078593439e-05 4.497312683599140104e-05 3.434118339950531485e-05 2.736011168095441387e-05
3.787827312838608655e-04 4.302657435871061020e-04 4.292427483905530148e-04 3.848620211667679123e-04 3.241092950871129986e-04 2.667847953417142536e-04 2.264240182050687451e-04 1.945756920470815058e-04 1.694124508503386673e-04 1.450244152842996778e-04 1.269760708972115214e-04 1.104892882810711529e-04 9.792346065544726334e-05 8.782339651897377235e-05 7.767890206582605899e-05 6.683617467639649755e-05 5.604197061978764919e-05 4.548182163108537994e-05 3.420986873102388909e-05 2.706153331481657486e-05
3.793648120182163208e-04 4.307306084592340515e-04 4.290300771972297323e-04 3.845324137642361275e-04 3.243078537324928191e-04 2.670074720668850804e-04 2.264691010962601369e-04 1.945347646466446720e-04 1.694984366814112687e-04 1.451999800418396372e-04 1.268673235474195049e-04 1.101140511105316562e-04 9.761672457618527428e-05 8.762154993627123802e-05 7.708774870216740461e-05 6.619640572171702039e-05 5.530839190158495490e-05 4.493721146073408225e-05 3.380875943623323857e-05 2.695936469139187947e-05
3.785158087964601479e-04 4.304365126881858203e-04 4.289794096870862988e-04 3.840831255130193185e-04 3.232196872635831439e-04 2.663836675349459128e-04 2.259937656023896070e-04 1.940491676332870377e-04 1.688412385442008634e-04 1.446302553179761822e-04 1.266334650860103045e-04 1.104759705628476085e-04 9.770269332176448232e-05 8.765073950056824622e-05 7.769228761253723508e-05 6.688215124428753501e-05 5.611217025633013963e-05 4.520381331724515660e-05 3.374936262282712948e-05 2.642768090720170536e-05
3.791485513279565915e-04 4.302138900888248930e-04 4.291176552512918291e-04 3.846264390909986410e-04 3.240338492200898579e-04 2.670032169037940030e-04 2.265101846432401216e-04 1.946261428838083174e-04 1.696550611669294870e-04 1.451511980940331948e-04 1.269236578284680804e-04 1.104966106212336104e-04 9.758069679672043168e-05 8.774614945614447826e-05 7.771790325357663112e-05 6.704218705056211834e-05 5.616242286276059711e-05 4.551059654682734036e-05 3.421981250563793067e-05 2.692160428714757503e-05
3.789753865027493842e-04 4.307401834461917624e-04 4.293306269661597728e-04 3.849328384403308831e-04 3.241109158220586094e-04 2.666476112627286493e-04 2.262281600164079234e-04 1.942848773514793074e-04 1.692903267683026295e-04 1.450257972063826286e-04 1.273097671239462449e-04 1.108760275653523176e-04 9.787176568798400332e-05 8.798375879284303994e-05 7.798748912202896864e-05 6.709004524631199669e-05 5.618792054376798531e-05 4.545506790877859398e-05 3.425846390874503307e-05 2.710493442849464717e-05
3.790148892025286122e-04 4.303975135974994425e-04 4.294013084504623196e-04 3.851077512372075165e-04 3.242624204481398117e-04 2.669594790361159943e-04 2.264383078630488589e-04 1.946496558613838379e-04 1.696454836152510692e-04 1.450838834873815673e-04 1.270918201193893852e-04 1.106074144871085012e-04 9.808240292840688084e-05 8.802649732130150460e-05 7.795077869254696409e-05 6.711449784978360986e-05 5.635254062299193550e-05 4.571288104242655426e-05 3.422103052968819640e-05 2.696918977687388160e-05
3.795999759004511031e-04 4.305324576568007118e-04 4.293989600640989645e-04 3.848352281221175341e-04 3.239986300526741334e-04 2.669090055175826629e-04 2.266095797314574044e-04 1.947051745749711377e-04 1.697271141259229282e-04 1.452501600423916454e-04 1.270693641571660638e-04 1.106722290594003402e-04 9.771036428172572680e-05 8.764505282302760070e-05 7.766016789670588186e-05 6.678434208734918692e-05 5.594734709614574835e-05 4.509050078665733123e-05 3.409035500435906701e-05 2.720527941925537726e-05
3.792348104051464133e-04 4.309984705826561038e-04 4.297668245886952223e-04 3.851979393711087228e-04 3.243347203821517330e-04 2.671288406099755022e-04 2.264933271350023567e-04 1.945268737802693991e-04 1.694305320207821746e-04 1.452391638837043466e-04 1.269381644212397222e-04 1.103099450670390211e-04 9.771821722131907256e-05 8.786838612090992361e-05 7.764984919184114188e-05 6.702489979473470706e-05 5.633606560977967787e-05 4.562502762040381878e-05 3.464214779476242902e-05 2.711059809780016098e-05
3.781609450314520711e-04 4.300246448375332387e-04 4.291303022475302328e-04 3.846065723504343099e-04 3.242918177040324582e-04 2.667899634993129636e-04 2.261334932782696017e-04 1.941891165847496061e-04 1.688612862490206296e-04 1.447900572942309927e-04 1.268630657642217947e-04 1.105003721769811715e-04 9.756368276402819053e-05 8.738389206460323011e-05 7.753945625073644147e-05 6.690807059373951669e-05 5.605612717250271922e-05 4.521146481087305710e-05 3.375342729509549266e-05 2.652290292603877168e-05
3.789588557988785261e-04 4.303529886871694629e-04 4.295105469741490514e-04 3.852517410154544840e-04 3.243084148052800082e-04 2.667740496697144719e-04 2.265269496585455467e-04 1.944800305998837869e-04 1.693696618640239799e-04 1.448964943525302823e-04 1.267057135476486076e-04 1.104120311427545258e-04 9.755803286110590255e-05 8.767261464294822900e-05 7.776913679854595461e-05 6.698528542183499412e-05 5.617732434596164296e-05 4.546890342296817483e-05 3.409913928039738249e-05 2.690154780528624244e-05
3.787639209387550030e-04 4.302567339346933021e-04 4.291450579083496363e-04 3.849167036710912431e-04 3.240937045653522570e-04 2.670272175164450446e-04 2.264531114914420773e-04 1.942208170417327124e-04 1.690921792093190153e-04 1.447879232139684977e-04 1.268856169473266159e-04 1.107831966783122808e-04 9.802627133408292777e-05 8.792378095526222836e-05 7.792571539234239436e-05 6.703268285214291765e-05 5.618984872059066741e-05 4.527389072291947917e-05 3.406722789232566773e-05 2.666577789514759856e-05
3.792411411612553159e-04 4.309717155529868625e-04 4.293561879475262899e-04 3.850623250926102012e-04 3.238882171469474364e-04 2.665637732433277546e-04 2.259651901942003234e-04 1.940315985249654559e-04 1.692889201098480092e-04 1.449033246954359484e-04 1.269422153148212621e-04 1.105309988042177329e-04 9.767728346809009940e-05 8.758622204318010514e-05 7.759957742389742019e-05 6.683987830691714700e-05 5.574909292210079772e-05 4.490456767618445706e-05 3.394690372665885224e-05 2.668688678093423852e-05
3.786129505297058484e-04 4.305868808561007883e-04 4.296191611605121893e-04 3.853853861261180287e-04 3.245393543952773295e-04 2.672815359918775816e-04 2.267967737501472617e-04 1.947023194118242134e-04 1.694386619177322677e-04 1.453248026581183626e-04 1.271561882847017271e-04 1.105679168830345709e-04 9.780645899806441517e-05 8.772459146283734124e-05 7.778679086427549348e-05 6.724448647056867074e-05 5.614839161524997203e-05 4.518482150056145775e-05 3.378196348053960060e-05 2.658605678350177884e-05
3.788909812221030802e-04 4.304433632621165935e-04 4.289612667000682815e-04 3.847054231897001852e-04 3.242724880414638109e-04 2.668119516257803914e-04 2.265112520529261519e-04 1.942851393601619067e-04 1.692552450143741780e-04 1.449219193520084794e-04 1.268235845169330940e-04 1.105445882073427007e-04 9.788723064289283900e-05 8.780519790528173876e-05 7.771006739056349330e-05 6.697126009388053509e-05 5.612549763251652217e-05 4.537911793723450269e-05 3.405785930089570750e-05 2.697604242072545479e-05
3.788899102592259969e-04 4.305970238799189951e-04 4.297168345946940447e-04 3.852568337364597529e-04 3.244625711151468989e-04 2.670563162490581901e-04 2.265189224713045995e-04 1.945218640872903705e-04 1.697411445168681447e-04 1.453317834733753775e-04 1.270100127037672292e-04 1.105979432856676328e-04 9.776816847578977294e-05 8.789005907236584160e-05 7.760514312325510926e-05 6.656675301959838996e-05 5.582990159990306345e-05 4.514295882544161974e-05 3.393259660398470696e-05 2.654917731344409517e-05
3.779348707400462725e-04 4.300254388195487356e-04 4.288057385731975941e-04 3.845579624782265648e-04 3.236527753544192433e-04 2.662357353537088346e-04 2.259372914002201450e-04 1.940896649296302548e-04 1.690540557986207402e-04 1.448145645620485587e-04 1.269930163815684331e-04 1.103821547312785860e-04 9.711474035277599848e-05 8.713404615486029824e-05 7.724667570233746509e-05 6.694183151927979075e-05 5.607016620298073010e-05 4.527028384863837900e-05 3.414173918903529604e-05 2.736993897692387517e-05
3.784999051357525591e-04 4.296765472348331154e-04 4.289094189286740818e-04 3.844226165167458987e-04 3.237025438593092979e-04 2.665677599401264494e-04 2.263306401415209371e-04 1.944805073107490681e-04 1.694434078872352693e-04 1.453844879906385961e-04 1.270230399939641748e-04 1.101713955096647184e-04 9.750889972717461534e-05 8.746316567862969611e-05 7.747643540720107220e-05 6.663281430526341855e-05 5.574907955689991106e-05 4.512536039715397301e-05 3.407289744251361553e-05 2.697037247191248904e-05
3.788955806945508995e-04 4.304718719075928705e-04 4.294167123905312869e-04 3.852529975692628623e-04 3.243805538368179134e-04 2.668320250905869390e-04 2.266513433807940093e-04 1.947794601830045089e-04 1.696129024162713493e-04 1.453981154356836689e-04 1.271232234210507395e-04 1.105657675719794560e-04 9.770040061252891178e-05 8.777399205339872729e-05 7.756954866465583839e-05 6.707130964012267369e-05 5.664978544817819017e-05 4.573070729255397703e-05 3.444263950072074974e-05 2.713422914940487660e-05
3.795599286378896378e-04 4.306780464640662495e-04 4.293796800456256297e-04 3.848364603622025145e-04 3.239598019204155627e-04 2.666300016162133075e-04 2.261458177072706531e-04 1.940861434996100335e-04 1.691071550496586783e-04 1.449963841398221030e-04 1.269390899245754210e-04 1.105119964431759905e-04 9.764055505367063518e-05 8.768234321814782309e-05 7.766176705796498409e-05 6.682304106639511045e-05 5.597866130459262758e-05 4.533569374286732347e-05 3.427414937839765610e-05 2.695644983859112450e-05
3.794022561646727908e-04 4.307113523471218196e-04 4.296866726093672155e-04 3.854251546779063919e-04 3.244053306562880439e-04 2.670460812703360056e-04 2.265742834931212877e-04 1.944968399205033224e-04 1.694053298074127932e-04 1.451818516884256273e-04 1.270236205176960436e-04 1.104355476184991402e-04 9.769582068534304008e-05 8.793541449629989045e-05 7.788985716944622057e-05 6.696800227985490715e-05 5.630630046342516271e-05 4.543916082608995006e-05 3.397544570378895897e-05 2.660502303642838982e-05
3.791730857455353023e-04 4.305259837062488525e-04 4.294131012906486286e-04 3.849729873873958307e-04 3.241627730851866511e-04 2.671497868467304581e-04 2.262625324441941454e-04 1.944518015789841500e-04 1.694814868047603469e-04 1.453440720274398084e-04 1.271345746256033590e-04 1.105200439868932351e-04 9.773960181604557287e-05 8.786421792877909204e-05 7.765113317078081864e-05 6.658884164535080498e-05 5.589847831350045311e-05 4.518891042140989352e-05 3.398061998655296497e-05 2.696376704769476912e-05
3.789706633202579995e-04 4.307802062217810446e-04 4.295687923682962655e-04 3.851704249526115655e-04 3.242149911018493225e-04 2.667660671995860516e-04 2.262974503616150580e-04 1.945038945959799812e-04 1.692180076725615116e-04 1.447447716754693555e-04 1.267277711225305297e-04 1.105290628479645425e-04 9.797164709678768087e-05 8.800499102061724670e-05 7.766012231645656304e-05 6.686286098540800734e-05 5.619340388248918866e-05 4.569349020383830069e-05 3.443003850014814539e-05 2.686262606573296905e-05
3.788161920448703218e-04 4.303431277157773217e-04 4.290943097896031313e-04 3.849145907883859126e-04 3.243182049594955907e-04 2.671017232430137668e-04 2.265917527910432596e-04 1.944277183350047607e-04 1.694420991286992896e-04 1.449213234480047931e-04 1.269827528964416550e-04 1.104603828176452962e-04 9.765761000603355012e-05 8.785876969679344117e-05 7.799674685485174304e-05 6.714199537704328071e-05 5.610583229742107243e-05 4.542225034025534772e-05 3.424883556363791422e-05 2.703835221018623569e-05
3.780451077020793274e-04 4.301924186723894315e-04 4.285429330166807519e-04 3.842178085600716640e-04 3.235999237502741794e-04 2.661768674485410786e-04 2.259564579537865490e-04 1.938542561620132908e-04 1.688146666185627999e-04 1.446263073449868028e-04 1.266524323521270746e-04 1.100985414617675686e-04 9.733360875965031233e-05 8.760864633887370371e-05 7.779765543543671995e-05 6.711516387752271425e-05 5.631657558596600246e-05 4.556040751511724999e-05 3.409499058712617015e-05 2.660516696115363964e-05
3.783848829007481181e-04 4.300816482580579287e-04 4.284756178876959168e-04 3.843691274350228941e-04 3.237824965049592146e-04 2.665438513492168174e-04 2.261267108774192905e-04 1.943117332761166017e-04 1.693249507905471177e-04 1.450956118738966892e-04 1.270729077665011747e-04 1.108304104487241564e-04 9.783510298518223198e-05 8.759592329267629944e-05 7.771660042901869182e-05 6.696825669746153177e-05 5.623806316121421377e-05 4.528848728562820673e-05 3.401493796745730163e-05 2.702177136852046416e-05
3.787597975338931984e-04 4.305275426549639260e-04 4.293394104440911396e-04 3.851266646512956559e-04 3.239859893394104670e-04 2.666014165166836558e-04 2.262112034857616943e-04 1.944006246946604843e-04 1.695978425912205193e-04 1.452178502106384939e-04 1.268466981566630000e-04 1.104102528589479270e-04 9.766129756764897350e-05 8.752405797660373998e-05 7.766324125828923033e-05 6.712025884425400853e-05 5.615802203306097007e-05 4.562845690887287617e-05 3.447506478879703283e-05 2.721223719186396516e-05
3.784900017145439153e-04 4.309568286156306174e-04 4.296582948525683307e-04 3.848968351238602251e-04 3.243267099212721028e-04 2.669692042107859068e-04 2.266380945951338983e-04 1.945686639416579437e-04 1.691383326555002248e-04 1.447616884545028842e-04 1.264961642302203551e-04 1.102532406611924206e-04 9.763578874236014443e-05 8.772350003322759270e-05 7.756326800050372271e-05 6.685819330122161667e-05 5.612714857631365297e-05 4.530724392706548186e-05 3.397976105671018682e-05 2.670804627444535453e-05
3.790367956138322703e-04 4.306973456794417903e-04 4.295780422616714972e-04 3.850783039268528300e-04 3.239222598401430338e-04 2.667256741354126861e-04 2.263101107296054096e-04 1.943769556538735375e-04 1.695906756304360456e-04 1.454296694335408609e-04 1.271466598275313364e-04 1.107506896189073571e-04 9.791118814929382515e-05 8.799673431447676728e-05 7.810430815639320774e-05 6.719394948396973809e-05 5.628136361655135717e-05 4.559193606154815644e-05 3.414348882409989254e-05 2.690002602031522913e-05
