# weights (sum of all JK regions)
1.787768012427729964e+08
2.804333783866389990e+08
4.410390033636665344e+08
6.941403680588808060e+08
1.093441824790201187e+09
1.725040059374988556e+09
2.722772639655498505e+09
4.288884875076632977e+09
6.764304912451266289e+09
1.066753515404482651e+10
1.681145889875990486e+10
2.648519296321040344e+10
4.168232631112097931e+10
6.558209299935214233e+10
1.030682059410484924e+11
1.616726835705010071e+11
2.531416252293390808e+11
3.953943626892358398e+11
6.154491283247037354e+11
9.542612210266835938e+11
