# weights (sum of all JK regions)
6.286513611630748510e+08
9.892940968230048418e+08
1.556867847863753557e+09
2.453106556592327595e+09
3.868220920176856518e+09
6.096973255958316803e+09
9.617688060943574905e+09
1.516195874242705345e+10
2.389729648641516495e+10
3.767290752161418152e+10
5.936383988316162109e+10
9.350825847213262939e+10
1.471797767281606445e+11
2.316611558391865845e+11
3.641932089541824341e+11
5.713628402055120850e+11
8.948896892099483643e+11
1.397740521915730225e+12
2.175384333089890625e+12
3.371769666878689453e+12
