# weights (sum of all JK regions)
3.158233929325459599e+08
4.969568284336411953e+08
7.831669502409261465e+08
1.234281551737680912e+09
1.945885932478990078e+09
3.072020405618926525e+09
4.849590973205072403e+09
7.644865079413594246e+09
1.205376990161401558e+10
1.901864017117186356e+10
2.997798577283739471e+10
4.724825681087306213e+10
7.440992461943449402e+10
1.171544072327109070e+11
1.842339086174788208e+11
2.890945792096671753e+11
4.529239452947125854e+11
7.076011337686501465e+11
1.101029738140165527e+12
1.705831350418641357e+12
