# th, gx, err_gx
2.805046135754908576e+00 9.345488280508935572e-05 9.530231738634619841e-05
3.531343861556885511e+00 5.690025892606883918e-05 7.419167559449028556e-05
4.445698525097307119e+00 -4.905090687161727013e-05 5.458075450927794809e-05
5.596802846420849242e+00 -1.633069566323695093e-05 4.684463585334535301e-05
7.045957328161136068e+00 2.040080114418839485e-05 4.489860639219776968e-05
8.870334730839386950e+00 -1.518458907981894040e-05 2.994334492905873234e-05
1.116708980377407912e+01 3.763291279207554682e-06 2.417287951214124576e-05
1.405853312975872704e+01 3.265635277540692978e-05 2.192749464468771639e-05
1.769864460960344488e+01 7.028666230351592194e-06 1.704712957347040338e-05
2.228127345334364406e+01 4.193436220728909168e-06 1.428050738233567386e-05
2.805046135754909287e+01 2.933466275981181482e-06 1.255337805696485690e-05
3.531343861556886310e+01 -3.530805972762825375e-06 1.086310539930399082e-05
4.445698525097307652e+01 1.575296330806477015e-05 1.111704048265033721e-05
5.596802846420851552e+01 -2.429425223715367287e-07 8.433227070966524034e-06
7.045957328161136957e+01 -1.894678102618277532e-06 7.913379379033971277e-06
8.870334730839388726e+01 9.789759509102136326e-07 5.934856542504407097e-06
1.116708980377408125e+02 -5.125515697238622703e-06 5.874759503615086754e-06
1.405853312975872882e+02 -1.365909061480978325e-05 5.718001817474221834e-06
1.769864460960346548e+02 -5.829982786284570147e-06 4.837824167188125779e-06
2.228127345334363838e+02 -1.525099146277423715e-06 3.940330624456407941e-06
